resnam,resnum,wcnSC,wcnCA
GLU,10,0.547013875668,0.732875383441
ASP,11,0.801543897331,0.98407683142
THR,12,0.844723231797,1.06490852474
ILE,13,1.06349862175,1.1638443012
CYS,14,1.04820962608,1.21420520448
ILE,15,1.12450284509,1.27384348641
GLY,16,1.15394530035,1.30333737296
TYR,17,1.15670368835,1.32421909079
HIS,18,1.06203501105,1.24725837814
ALA,19,1.13008342628,1.21864308875
ASN,19,1.03664037843,1.08973411244
ASN,20,0.703788745061,0.901865623597
SER,21,0.959933465884,0.97069650455
THR,22,0.663733590105,0.858817643097
ASP,23,0.988158371808,1.03736370585
THR,24,0.85589610461,1.0801848539
VAL,25,1.16178862372,1.14994568222
ASP,26,0.921250248914,1.10354806904
THR,27,0.990137686825,1.14603784224
VAL,28,0.799951102678,0.922816898168
LEU,31,0.791528274333,0.809868614571
GLU,32,0.820665077891,0.879537389073
LYS,33,0.538851986163,0.843321524614
ASN,34,0.698292166022,0.893981877595
VAL,35,0.999300602787,1.03867343202
THR,35,0.870766022541,1.09407581451
VAL,36,1.19911855949,1.27982761107
THR,37,1.19032581479,1.26898765186
HIS,38,1.03799350276,1.23133750413
SER,39,1.15042278984,1.23562063892
VAL,40,1.09618478778,1.13602215677
ASN,41,1.00973453053,1.14178089105
LEU,42,1.15854392357,1.21481584127
LEU,43,1.11057353579,1.24931444301
GLU,44,1.07540761205,1.21219109021
ASP,45,0.9381628406,1.07639876799
SER,46,0.81939751678,0.98546186918
HIS,47,1.01101595605,1.09805276768
ASN,48,1.07060768478,0.970236560789
GLY,49,1.00003646398,1.04355276344
LYS,50,0.892504275837,1.14671528998
LEU,51,1.2317110742,1.26872713404
CYS,52,1.17089951601,1.24419816567
LYS,53,0.930415752589,1.26239764259
LEU,54,1.19302507269,1.25018982003
LYS,54,0.838607612049,1.02547951904
GLY,55,0.848312726471,0.966106062808
ILE,56,1.00863494113,1.09614263396
ALA,57,1.047653357,1.18832901873
PRO,58,1.26350188821,1.35370372309
LEU,59,1.26172449803,1.30805598968
GLN,60,1.07246076427,1.22833000519
LEU,61,1.26562110628,1.26318723444
GLY,62,1.02298483422,1.12997956409
LYS,63,0.851629029318,1.09909964426
CYS,64,1.26783366808,1.34481438059
ASN,65,1.25555582618,1.33300753042
ILE,66,1.33991398181,1.33962453426
ALA,67,1.38285126272,1.37043754517
GLY,68,1.40751504568,1.46794041448
TRP,69,1.25837427898,1.37285458932
LEU,70,1.33600629867,1.35223260743
LEU,71,1.36881793149,1.40985908674
GLY,72,1.23521169529,1.39309516071
ASN,73,1.29422963175,1.35655527504
PRO,74,1.13046953357,1.16022392593
GLU,75,0.963149602381,1.05588236793
CYS,76,1.27061652158,1.22169327038
ASP,77,0.900559942672,1.04368444187
LEU,78,0.73121514917,0.911033156673
LEU,79,1.01056563768,0.990065064357
LEU,80,0.753120534379,0.924883027347
THR,81,1.01802095138,1.01969282051
ALA,82,0.876262252224,0.99109304301
SER,82,0.833057970604,1.05413830114
SER,83,0.997921670378,1.17599741622
TRP,84,1.25165567681,1.30587213839
SER,85,1.1936122097,1.33517476213
TYR,86,1.32349429005,1.43998759646
ILE,87,1.31580761707,1.42850890681
VAL,88,1.21624483943,1.36330507599
GLU,89,1.20924337733,1.2935561881
THR,90,1.01068269808,1.1704205857
SER,91,0.856260372013,0.952095721994
ASN,92,0.751450736337,0.967304519292
SER,93,1.11750615263,1.23735847369
GLU,94,0.777713999545,1.04556317481
ASN,95,1.06197393551,1.2001224047
GLY,96,1.31649979714,1.34074641559
THR,96,1.23987673497,1.2659627827
CYS,97,1.28849961631,1.19538366995
TYR,98,1.24333273477,1.2136392086
PRO,99,1.11207947631,1.14136074586
GLY,100,1.11950951232,1.18509629211
ASP,101,0.959942889588,1.12381003056
PHE,102,1.26256695118,1.22804942806
ILE,103,0.999539917483,1.12497612199
ASP,104,0.932205220166,1.0932565785
TYR,105,1.22288577738,1.21549427652
GLU,106,0.99552747215,1.16948222644
GLU,107,0.927493982492,1.14568552042
LEU,108,1.27093932712,1.26295630883
ARG,109,1.24657724407,1.31086589567
GLU,110,1.005299848,1.25731429364
GLN,111,1.00412266147,1.21764397908
LEU,112,1.26277666408,1.32299657183
SER,113,1.29464501321,1.41145436408
SER,114,1.19083816934,1.36885209895
VAL,115,1.21077437296,1.31120359163
SER,116,0.921706342283,1.12687865662
SER,117,0.91972714218,1.08100271961
PHE,118,1.17604649366,1.20141333145
GLU,119,0.821937856247,1.07692300779
LYS,120,1.03055811502,1.13040853333
PHE,121,1.04759811891,1.06286766825
GLU,122,0.880293431533,1.08191428298
ILE,123,1.18536639067,1.14599407587
PHE,124,1.11439672996,1.12168092953
PRO,125,0.861072038575,1.00219478946
LYS,125,0.877931862844,1.007492115
THR,125,0.633977594462,0.798160103507
SER,125,0.621716775763,0.799831815343
SER,126,0.987008186958,0.948549810572
TRP,127,1.1038865154,0.98337364184
PRO,128,0.655392935214,0.791598210505
ASN,129,0.654882834902,0.829166433973
HIS,130,0.984620817742,1.05900595701
GLU,131,0.81440843448,1.05483617619
THR,132,0.909924229804,1.05531784574
THR,133,0.69095629567,0.860811450319
LYS,133,0.747702114897,0.920391879776
GLY,134,0.995482625495,1.06967210959
VAL,135,0.899822772646,1.08457870531
THR,136,1.1249838356,1.07661356231
ALA,137,0.836156636157,0.980296503934
ALA,138,1.14649095222,1.09616416419
CYS,139,1.28513099878,1.19470862424
SER,140,0.870848385385,1.07430364945
TYR,141,0.784430811335,0.93847595894
ALA,142,0.670495799207,0.71776721319
GLY,143,0.629945077744,0.69886728398
ALA,144,0.676259505317,0.788161136579
SER,145,0.798179925695,0.974605074013
SER,146,0.990495055368,1.1043849321
PHE,147,1.19778248988,1.21543828267
TYR,148,1.33899116552,1.33243320734
ARG,149,0.968844561732,1.21601633167
ASN,150,1.19974821535,1.3419051079
LEU,151,1.27522590662,1.3938375017
LEU,152,1.1005705412,1.29465068283
TRP,153,1.16915140081,1.28254714533
LEU,154,1.15666857467,1.24114558614
THR,155,0.979069425933,1.17613007629
LYS,156,0.811213110441,1.10496137958
LYS,157,0.629903123002,0.923731312245
GLY,158,0.648338556476,0.746219701314
SER,159,0.575945612876,0.731419273948
SER,160,0.651970071383,0.85892368756
TYR,161,1.09646634093,1.03505926216
PRO,162,0.763447913615,0.861759201223
LYS,163,0.7338896794,0.926367681269
LEU,164,1.05734066376,1.00491978063
SER,165,0.804349826794,0.984213172373
LYS,166,0.900499832917,0.995612918685
SER,167,0.853827723566,1.04294948872
TYR,168,1.02876368764,1.03865393318
VAL,169,0.750676368201,0.959344700017
ASN,170,1.00318598922,1.02171678074
ASN,171,0.623740683841,0.817110632477
LYS,172,0.848666153537,0.895398585934
GLY,173,0.726080278327,0.819036889308
LYS,174,0.964614683431,0.99697454544
GLU,175,0.990221644962,1.15005104029
VAL,176,1.17771866922,1.28127468622
LEU,177,1.26628863235,1.327772207
VAL,178,1.25754343424,1.3412316232
LEU,179,1.29150328886,1.38611895167
TRP,180,1.24761648369,1.40179166302
GLY,181,1.30387553784,1.41281188168
VAL,182,1.20446371817,1.33751663106
HIS,183,1.20249298385,1.30958568143
HIS,184,1.05109396781,1.21704082626
PRO,185,1.12088379343,1.14926376389
PRO,186,0.981468913029,1.0297545862
THR,187,0.780851755872,0.888122047211
GLY,188,0.800232260387,0.858022848513
THR,189,0.662034412169,0.793956624687
ASP,190,0.897457743664,0.973233429428
GLN,191,1.02872903061,1.09586920679
GLN,192,0.639874327304,0.996534407011
SER,193,0.81135422405,0.899228368807
LEU,194,1.03550360007,1.07949456499
TYR,195,1.17370265592,1.17487790353
GLN,196,0.715570293735,1.00403604912
ASN,197,0.824909776559,0.947326770153
ALA,198,0.682291338923,0.845241921582
ASP,199,0.58365787918,0.779630699139
ALA,200,1.02958566057,1.00281756924
TYR,201,0.89011890904,1.08150504178
VAL,202,1.20300230298,1.20924111701
SER,203,0.962750656064,1.10894265412
VAL,204,1.17457353511,1.16100349006
GLY,205,0.950292882772,1.0655102554
SER,206,0.980579532053,1.0765669944
SER,207,0.697397324884,0.828657269833
LYS,208,0.649724950144,0.830913714846
TYR,209,1.001037236,0.951973184527
ASN,210,0.682069009297,0.894573612083
ARG,211,0.790041756636,0.923712925507
ARG,212,0.728969221397,0.942176424615
PHE,213,1.07631982739,1.03984559612
THR,214,0.782041359118,1.01053440654
PRO,215,1.01438540782,1.07815289863
GLU,216,0.782121719951,0.926305349121
ILE,217,0.861778274198,0.96135711759
ALA,218,0.733062370617,0.841964206658
ALA,219,0.598400612423,0.764041644858
ARG,220,0.929650545673,0.792401542494
PRO,221,0.589543114588,0.741026959111
LYS,222,0.636094662909,0.875937002425
VAL,223,0.835775604405,0.925360327657
ARG,224,0.882151624528,0.909455806036
ASP,225,0.649577022939,0.860226912654
GLN,226,1.01635406635,1.02182560094
ALA,227,0.87574882649,0.997943386
GLY,228,1.11137796268,1.13772813491
ARG,229,1.00651972522,1.19486901894
MET,230,1.2920391489,1.31233109129
ASN,231,1.08240109128,1.27986770325
TYR,232,1.30222697307,1.36222477999
TYR,233,1.13794921246,1.27349707534
TRP,234,1.17356397793,1.28111806523
THR,235,1.11640118765,1.18519921061
LEU,236,1.08169982961,1.17565579014
LEU,237,1.09420818716,1.17437529212
GLU,238,0.770858346762,1.01435501192
PRO,239,0.823390795089,0.95951267303
GLY,240,0.706465661034,0.805850111624
ASP,241,0.873378759476,0.925405395851
THR,242,0.810164648864,1.02950090301
ILE,243,1.16266627461,1.16089949076
THR,244,0.908156543859,1.12430641801
PHE,245,1.23039697141,1.19327616311
GLU,246,0.885368854943,1.12713319376
ALA,247,1.17385103964,1.18085790837
THR,248,0.947808556793,1.11553380854
GLY,249,1.21744564821,1.2331447018
ASN,250,1.2224451837,1.29257942471
LEU,251,1.27518113045,1.34771616057
ILE,252,1.29876185344,1.41188572105
ALA,253,1.26837995334,1.36371576751
PRO,254,1.27117297723,1.37776811011
TRP,255,1.01831589191,1.31622923682
TYR,256,0.989550371729,1.30872363194
ALA,257,1.24344424302,1.32876121373
PHE,258,1.2224431753,1.30555563705
ALA,259,1.0971647657,1.24148081037
LEU,260,1.17516923276,1.22511767302
ASN,261,0.868990433476,1.09561114901
ARG,262,0.997715964091,1.15098095904
GLY,263,1.02964888401,1.12707958698
SER,264,0.938408229633,0.961548051252
GLY,264,1.0574020403,1.10844028583
SER,265,1.29080177217,1.29498324735
GLY,266,1.31568288017,1.3388294035
ILE,267,1.27577689907,1.33660749509
ILE,268,1.24817742679,1.30009945372
THR,269,1.00228948701,1.20058882366
SER,270,1.13742510324,1.16989175441
ASP,271,0.873247408319,0.990254840801
ALA,272,1.05660572704,1.03180799379
PRO,273,0.835532394372,0.967294261322
VAL,274,1.07468683701,1.08169056371
HIS,275,0.756790215687,0.949561439118
ASP,276,0.650742735943,0.869762437494
CYS,277,0.962406059437,0.938059895835
ASN,278,0.773490789651,1.03422424659
THR,279,1.18243545007,1.17395425501
LYS,280,0.913894050835,1.16687596559
CYS,281,1.33221316523,1.36306708197
GLN,282,1.29270271168,1.3863796821
THR,283,1.24992583171,1.34253649498
PRO,284,1.18449098264,1.22793766686
HIS,285,0.925746685953,1.10365776372
GLY,286,1.21519783648,1.28587064017
ALA,287,1.27773876009,1.30578750916
ILE,288,1.22827957438,1.22920606263
ASN,289,0.900240834079,1.10230045124
SER,290,1.0948039236,1.18548881444
SER,291,0.893264693206,1.0324646513
LEU,292,1.04977900914,1.18440377655
PRO,293,1.12838587594,1.232727294
PHE,294,1.16265017103,1.32073396284
GLN,295,1.17723164187,1.33638774803
ASN,296,0.996782521408,1.19513164734
ILE,297,1.08853733333,1.12451663743
HIS,298,1.0735346652,1.13717024064
PRO,299,1.05023939697,1.15322647467
VAL,300,1.08561878544,1.18947664126
THR,301,1.21342510979,1.3269189162
ILE,302,1.27836816076,1.35914613858
GLY,303,1.19807308531,1.33206372385
GLU,304,0.89637022307,1.22863649847
CYS,305,1.30530008862,1.29953974202
PRO,306,1.18149375249,1.2989648248
LYS,307,1.00891379423,1.23713792714
TYR,308,1.05973971205,1.26398892667
VAL,309,1.11605893981,1.22222069776
ARG,310,0.786174134861,1.014431025
SER,311,1.05188433945,1.03131206129
THR,312,0.737399802681,0.918291121826
LYS,313,0.836876878997,1.01857811843
LEU,314,1.14682599114,1.17304757212
ARG,315,1.03673606248,1.22233205197
MET,316,1.16944585157,1.26867598262
ALA,317,1.28105623173,1.31395332329
THR,318,1.24656077194,1.30318907265
GLY,319,1.26992145395,1.38636562046
LEU,320,1.25292643289,1.30907655044
ARG,321,1.02169246837,1.22402241735
ASN,322,0.935449835659,1.08218857945
ILE,323,0.760203943342,0.927747593053
PRO,324,0.958113330594,1.01485118438
SER,325,1.01561549443,0.973915526822
ILE,326,0.655004930857,0.807751710121
GLN,327,0.772585783816,0.854862090787
SER,328,1.02212787685,1.02653571699
ARG,329,0.716599104502,0.88375301844
GLY,330,0.749068968493,0.860902727497
LEU,331,0.808089886314,1.00049582884
PHE,332,1.05529347091,1.18095763626
GLY,333,0.988204374639,1.09599593692
ALA,334,0.981353872052,1.11930253741
ILE,335,1.08325671465,1.15796714772
ALA,336,0.782209956847,0.92514166772
GLY,337,0.920246675862,0.959576011053
PHE,338,0.648102485509,0.768185267888
ILE,339,0.73554710959,0.863510983151
GLU,340,0.712938989023,0.837320341437
GLY,341,0.744973886489,0.789910133111
GLY,342,0.881276703534,0.918343376284
TRP,343,0.925694790319,0.960297966826
THR,344,0.808284230612,0.918669125721
GLY,345,0.942167186024,0.991424196636
MET,346,1.13662319362,1.14814424386
ILE,347,1.21586374535,1.29461663642
ASP,348,1.03274275923,1.22836720193
GLY,349,1.1820155965,1.26561433113
TRP,350,1.13118923515,1.26193204384
TYR,351,1.17806853315,1.31120008149
GLY,352,1.15367375354,1.30954661478
TYR,353,1.10341343648,1.24816317066
HIS,354,0.942825730208,1.15155422149
HIS,355,0.988170817681,1.10689205864
GLN,356,0.754837255836,0.975313750787
ASN,357,0.856840552705,0.925384248676
GLU,358,0.521884218953,0.688148029996
GLN,359,0.675143696616,0.664928762627
GLY,360,0.629885391707,0.734257585762
SER,361,0.802595937008,0.851378184488
GLY,362,0.882791739761,0.907687000434
TYR,363,0.900212757907,1.00553751368
ALA,364,0.932203456652,1.02218685593
ALA,365,1.06799530565,1.14672721481
ASP,366,1.02406448669,1.12644902217
GLN,367,0.790388709255,0.957486057953
LYS,368,0.687609622963,0.906325414758
SER,369,1.0003585466,1.07060853342
THR,370,1.10170965085,1.18706868335
GLN,371,0.821486198013,1.03218020502
ASN,372,0.760726109811,0.984573963185
ALA,373,1.12794872611,1.13950721855
ILE,374,1.03473436283,1.1369950496
ASP,375,0.780628916089,0.978707633452
GLY,376,0.928472652567,1.02873946054
ILE,377,1.16472851432,1.1702707971
THR,378,0.931379813284,1.08542203029
ASN,379,0.742229646955,0.981464116762
LYS,380,0.937023795228,1.07203948211
VAL,381,1.1091626125,1.14227912623
ASN,382,0.820045129525,1.03940338989
SER,383,0.838788836972,0.992107174513
VAL,384,1.04590586855,1.07888229361
ILE,385,1.00576697318,1.12477914296
GLU,386,0.718888017683,0.973735542445
LYS,387,0.688143078319,0.904526326243
MET,388,0.994355680428,1.02765804428
ASN,389,0.863222580817,0.996825379241
THR,390,0.741378120397,0.905926862473
GLN,391,1.00057483035,1.04188493039
PHE,392,0.780593696851,1.00091702864
THR,393,1.02305883384,1.13770087243
ALA,394,0.993450847606,1.13074136652
VAL,395,1.15225312326,1.2090867417
GLY,396,1.09822300835,1.1313034518
LYS,397,1.01843501151,1.07807855915
GLU,398,1.0858037534,1.05440437554
PHE,399,0.918949753297,1.00823585216
ASN,400,0.891597278085,0.939037032181
ASN,401,0.704550301616,0.79208876386
LEU,402,0.63934457333,0.764936853098
GLU,403,0.85259068444,0.886912123541
ARG,404,0.521943058424,0.833687958282
ARG,405,0.567149013009,0.779765339837
ILE,406,0.763571322921,0.887665923276
GLU,407,0.781891279369,0.982177674855
ASN,408,0.660084958086,0.88660523278
LEU,409,0.673123545155,0.872337761761
ASN,410,0.878340232766,0.98933613803
LYS,411,0.736698108271,0.981218317191
LYS,412,0.594634245774,0.887388027532
VAL,413,0.775847995561,0.950512020404
ASP,414,0.928875172373,1.05309130427
ASP,415,0.764950834815,0.988049368719
GLY,416,0.767483895602,0.924878161421
PHE,417,0.809654518384,1.02212924258
LEU,418,0.93154963335,1.11141106553
ASP,419,0.71232103563,0.961927849313
ILE,420,0.738701952462,0.958661620231
TRP,421,0.95335994121,1.11237604924
THR,422,0.94733753382,1.13634343676
TYR,423,0.671522700653,0.974617337478
ASN,424,0.76487763131,1.01344062065
ALA,425,1.11003846649,1.15225281617
GLU,426,0.92377296388,1.10841269197
LEU,427,0.759324756822,1.01177784514
LEU,428,0.961488046128,1.0776016719
VAL,429,1.10285648488,1.20978138607
LEU,430,0.887286338525,1.17574581782
LEU,431,0.808674806115,1.04159117504
GLU,432,0.914880407935,1.12303709692
ASN,433,1.16145419691,1.26284233585
GLU,434,0.842550090034,1.11694079534
ARG,435,0.791995191539,1.08233048415
THR,436,1.14264901155,1.21713215286
LEU,437,1.11701891996,1.21917580063
ASP,438,0.827145025174,1.08113734812
PHE,439,1.02889839424,1.11880549887
HIS,440,1.211008931,1.23687740912
ASP,441,1.06711587092,1.17175585014
SER,442,0.875147134165,1.07145151891
ASN,443,1.03063935767,1.14786032885
VAL,444,1.13625960872,1.25215341171
ARG,445,0.796982675427,1.12260315877
ASN,446,0.792102381828,1.03915515945
LEU,447,1.08279605001,1.14925673049
TYR,448,0.972997181155,1.15724905467
GLU,449,0.713526815506,0.985223131859
LYS,450,0.806470337338,0.998005611297
VAL,451,1.03204944072,1.09690532626
LYS,452,0.751561492207,1.01421908172
SER,453,0.721076642265,0.878957973901
GLN,454,0.779861904793,0.932463687297
LEU,455,0.998091987165,1.01045360341
LYS,456,0.668637994489,0.865263169796
ASN,457,0.598278028666,0.801561856286
ASN,458,0.878126703936,0.984615857852
ALA,459,0.922194953972,1.04662122926
LYS,460,0.668947891207,0.911231001283
GLU,461,0.746974703315,0.89656189234
ILE,462,0.78803925075,0.831209501535
GLY,463,0.775117961671,0.865278459124
ASN,464,0.755995754968,1.00987174799
GLY,465,1.01798643105,1.15288396401
CYS,466,1.00995508296,1.12938445392
PHE,467,1.00164697978,1.11031575989
GLU,468,0.751546738248,1.02568857707
PHE,469,1.02098656643,1.0575533578
TYR,470,0.722672090122,0.95588115904
HIS,471,0.898770477442,0.893213646609
LYS,472,0.617303185471,0.798048929585
CYS,473,1.07212169476,0.936671790911
ASP,474,0.737394816873,0.849755855033
ASP,475,0.772816160921,0.843097282056
ALA,476,0.670824508724,0.781041177429
CYS,477,0.984325759192,0.932371612937
MET,478,1.0302211717,1.04953874018
GLU,479,0.67841478098,0.957726469507
SER,480,0.828856620639,0.978353120181
VAL,481,1.01889960927,1.08888737417
ARG,482,0.929085841176,1.05834174396
ASN,483,0.770817070911,0.912923038699
GLY,484,0.775890181924,0.888752148767
THR,485,0.65314770081,0.812853194673
TYR,486,0.926443275669,0.930427841625
ASP,487,0.602963250764,0.77589642359
TYR,488,0.718158165211,0.831181783282
PRO,489,0.569532566695,0.686712247753
LYS,490,0.630680976209,0.682420191534
TYR,491,0.842005835339,0.830597654386
SER,492,0.639285104269,0.813516196317
GLU,493,0.53701071842,0.68180621569
GLU,494,0.5813902794,0.747294020639
SER,495,0.814685496203,0.936161516307
LYS,496,0.472018635274,0.767312985905
LEU,497,0.475735991858,0.678660885966
ASN,498,0.591461243905,0.760814876403
ARG,499,0.576771823193,0.796529151328
GLU,500,0.40007349695,0.614170128726
GLU,501,0.354183282446,0.562352529211
ILE,502,0.514564429684,0.611539470068
ASP,503,0.508338009587,0.554568287564
