resnam,resnum,wcnSC,wcnCA
THR,1,0.471096941028,0.586516544144
THR,2,0.591386087687,0.748538516753
GLY,3,0.728044935359,0.80444046168
VAL,4,0.894545180697,0.923122915717
TYR,5,0.746970833049,0.932933851219
ARG,6,0.718728054849,0.94764983715
ILE,7,0.960501587564,0.96402367226
MET,8,0.626808940408,0.80189732283
THR,9,0.564617219636,0.608475392709
SER,10,0.393529161025,0.451817827606
TYR,11,0.505190346671,0.627546302254
GLN,12,0.877236643679,0.85320911686
ALA,13,0.792477313785,0.893545069596
GLY,14,1.05056329151,1.11501282321
ALA,15,1.13303539877,1.18847095455
GLY,16,1.11559217035,1.19541137632
VAL,17,1.03770168576,1.10147563725
MET,18,0.801825837304,1.01374046447
VAL,19,0.827943268046,0.893464849425
GLU,20,0.565220478696,0.699121663206
GLY,21,0.662763342989,0.741668083576
VAL,22,0.875086940219,0.955707637179
PHE,23,0.952078751052,1.06392534819
HIS,24,0.993834522572,1.14108510192
THR,25,1.08433665007,1.18916216473
LEU,26,1.09958717139,1.1560368265
TRP,27,0.70385981604,1.05030149674
HIS,28,0.869155067427,0.879399562298
THR,29,1.03533680939,0.961177284949
THR,30,0.89490488845,0.875197687174
LYS,31,0.59441055208,0.774694192679
GLY,32,0.737489495298,0.794829536934
ALA,33,0.624286170306,0.711114351961
ALA,34,0.61239612968,0.739422459103
LEU,35,0.824986961236,0.797125289855
MET,36,0.472208612425,0.694808570544
SER,37,0.680866792767,0.699038632651
GLY,38,0.470772343032,0.54422477439
GLU,39,0.552898348477,0.551941933839
GLY,40,0.48016409969,0.576600308395
ARG,41,0.489628775881,0.668990691227
LEU,42,0.747094681452,0.793682114753
ASP,43,0.552385891286,0.758320203463
PRO,44,0.680135036912,0.860821364179
TYR,45,0.606774098223,0.790528973472
TRP,46,0.705752802958,0.785350619393
GLY,47,0.739822484299,0.865946523345
SER,48,0.668238218361,0.791735461738
VAL,49,0.571935021842,0.736219903463
LYS,50,0.43816604234,0.64983301811
GLU,51,0.707914783635,0.816607895932
ASP,52,0.895092058892,0.971298304816
ARG,53,0.901603492501,1.07696206817
LEU,54,0.886478172294,1.09109872468
CYS,55,0.8762073311,1.07589817635
TYR,56,0.890809015801,1.01174295901
GLY,57,0.718426738001,0.809249719973
GLY,58,0.770610425988,0.7522456109
PRO,59,0.624432817059,0.747359967747
TRP,60,0.935672239425,0.888609416432
LYS,61,0.698797471018,0.846392696029
LEU,62,0.980045473269,0.920889924089
GLN,63,0.554944942892,0.781375926723
HIS,64,0.648933377963,0.814723933821
LYS,65,0.660430404535,0.873690423492
TRP,66,0.837041268145,0.86830808605
ASN,67,0.613254767806,0.682599683283
GLY,68,0.662245411291,0.669545210046
HIS,69,0.435586665982,0.575313288877
ASP,70,0.559246032383,0.662578800525
GLU,71,0.531886085961,0.771738524538
VAL,72,0.872451880794,0.930555084702
GLN,73,0.675415703506,0.978656894637
MET,74,1.02376012999,1.06750080925
ILE,75,0.897869140734,1.01066359673
VAL,76,0.933016267315,0.991589617711
VAL,77,1.00246026939,1.0004381322
GLU,78,0.762436179648,0.87564130108
PRO,79,0.784778592938,0.774025903803
GLY,80,0.506035385208,0.583094924401
LYS,81,0.558594696703,0.623045409749
ASN,82,0.446930447764,0.607773358115
VAL,83,0.711334384712,0.774526209886
LYS,84,0.595116936176,0.721882895477
ASN,85,0.717010148621,0.809174415676
VAL,86,0.727419231459,0.776546265356
GLN,87,0.563023184079,0.780295235788
THR,88,0.741567437619,0.779380750886
LYS,89,0.561239937582,0.754934315012
PRO,90,0.876299947295,0.878229457002
GLY,91,0.696808309025,0.759141106499
VAL,92,0.681805545962,0.827855788938
PHE,93,0.824378048769,0.778468759946
LYS,94,0.447435295154,0.636620407849
THR,95,0.581517499391,0.603397599571
PRO,96,0.387917930907,0.476440692369
GLU,97,0.515201420724,0.524425126277
GLY,98,0.491265887348,0.597995416603
GLU,99,0.539093040446,0.729146754781
ILE,100,0.7692125502,0.868347794585
GLY,101,0.898248600819,0.969889904939
ALA,102,0.912157509488,1.04284240791
VAL,103,0.960396927293,0.984054708961
THR,104,0.64815657479,0.831843672227
LEU,105,0.84097809975,0.836873732732
ASP,106,0.583804951094,0.767046324858
TYR,107,0.815297035037,0.783094986554
PRO,108,0.727759299748,0.742156470138
THR,109,0.627766781296,0.800136492271
GLY,110,0.915651474827,0.971477341336
THR,111,0.984168964149,1.08622124453
SER,112,1.05097533094,1.14583952009
GLY,113,1.18924441665,1.26473878915
SER,114,1.1243050455,1.21160487617
PRO,115,1.07704158962,1.18285260218
ILE,116,1.03591576711,1.16552814288
VAL,117,0.856006859024,1.05353374478
ASP,118,0.742665797902,0.89645626514
LYS,119,0.503918269306,0.669122216825
ASN,120,0.50335971295,0.620301276267
GLY,121,0.669145130347,0.743705570813
ASP,122,0.695229870143,0.836717491086
VAL,123,0.976086228671,1.0277691542
ILE,124,0.890940556736,1.07874928835
GLY,125,1.05874552504,1.17139945357
LEU,126,1.11426494866,1.24111836805
TYR,127,1.04460105276,1.18429197984
GLY,128,1.08767801765,1.07220794563
ASN,129,0.841547194976,0.946540656762
GLY,130,0.854019628235,0.906587275306
VAL,131,0.645516198114,0.734777836609
ILE,132,0.534954384402,0.69053514059
MET,133,0.576384081932,0.619937984407
PRO,134,0.367176958089,0.459910167934
ASN,135,0.443830482789,0.460025195197
GLY,136,0.458975691132,0.548352547074
SER,137,0.58486873718,0.643064606619
TYR,138,0.798339562324,0.802208822665
ILE,139,0.763398038635,0.924319994315
SER,140,1.04708337523,1.06893605885
ALA,141,0.958890752126,1.07027794414
ILE,142,1.01257501726,1.12328622213
VAL,143,0.995886114989,1.09463309792
GLN,144,0.946791310731,1.00758395501
GLY,145,0.825858786326,0.831036469264
GLU,146,0.535224018112,0.718217262154
ARG,147,0.593301080397,0.720475161522
