resnam,resnum,wcnSC,wcnCA
GLY,168,0.674370487956,0.682188786802
SER,169,0.840299877356,0.825110299259
ALA,170,0.639477503496,0.763945888266
MET,171,0.630077162207,0.771499206069
GLY,172,0.884812490804,0.959507950819
GLU,173,0.72648783104,0.968047454474
PRO,174,0.999156774267,1.09769952526
ASP,175,0.848836483569,1.00546079196
TYR,176,0.558253956637,0.829429528851
GLU,177,0.606139444725,0.828581594602
VAL,178,0.985324081852,0.959339035703
ASP,179,0.794138453473,0.899417028607
GLU,180,0.626098451844,0.875329975017
ASP,181,0.710250436382,0.899914356036
ILE,182,1.10285696884,1.1226352781
PHE,183,1.07558757369,1.13331850931
ARG,184,0.66601245344,1.01609317841
LYS,185,0.809797271025,1.12321783535
LYS,186,0.762753630616,1.09226774165
ARG,187,0.870807670419,1.13609836275
LEU,188,1.2252561202,1.24699045973
THR,189,1.10890981387,1.2152974054
ILE,190,1.13747671519,1.24741036626
MET,191,1.21833116389,1.28009248539
ASP,192,1.07016293889,1.23494259303
LEU,193,1.11444066872,1.22401343252
HIS,194,1.0905719898,1.27785119284
PRO,195,1.40012375103,1.41425860165
GLY,196,1.32057081175,1.33299349609
ALA,197,1.19766375251,1.20794137194
GLY,198,1.23228306044,1.28907410651
LYS,199,1.38512347094,1.40637640572
THR,200,1.47195212116,1.46334417643
LYS,201,1.23448529969,1.34940694134
ARG,202,1.04003253867,1.28940108862
ILE,203,1.18683830239,1.3075812961
LEU,204,1.43391405926,1.41555140897
PRO,205,1.23330140146,1.3205686769
SER,206,1.07947215264,1.24501256689
ILE,207,1.26771479878,1.29740602241
VAL,208,1.28648298503,1.32233046844
ARG,209,0.899117747908,1.13479829537
GLU,210,0.903328771553,1.10829218835
ALA,211,1.18388187895,1.22812263813
LEU,212,0.99350318401,1.0958394168
LEU,213,0.716602917583,0.891970610143
ARG,214,0.854406888796,0.924654574352
ARG,215,0.678217473717,0.933620910405
LEU,216,0.979970220495,1.11782200463
ARG,217,0.879301241386,1.19784842848
THR,218,1.27532928941,1.4053712695
LEU,219,1.43297740721,1.48256042009
ILE,220,1.44551174623,1.55208542858
LEU,221,1.52979008321,1.63859618594
ALA,222,1.62420907337,1.66312706796
PRO,223,1.68707763252,1.61822999975
THR,224,1.54398025327,1.5540528764
ARG,225,1.27039560795,1.49042035111
VAL,226,1.55392568477,1.52780402656
VAL,227,1.65674925906,1.61327217035
ALA,228,1.51678443066,1.55956528853
ALA,229,1.33554698702,1.40977937411
GLU,230,1.391340445,1.42735747219
MET,231,1.52635514558,1.46677509559
GLU,232,1.10399289846,1.32255683962
GLU,233,1.07271722981,1.17200832835
ALA,234,1.21559737898,1.24389899654
LEU,235,1.30771486163,1.24638936642
ARG,236,0.863409897299,1.05389717791
GLY,237,0.779152428309,0.878445908076
LEU,238,1.04129744381,1.02376489408
PRO,239,0.884617251724,1.00743225531
ILE,240,1.21770718561,1.21750847111
ARG,241,1.00431535437,1.20751354559
TYR,242,1.24242466556,1.27470060395
GLN,243,1.01514745683,1.23078558171
THR,244,1.32603357697,1.27486652555
PRO,245,1.06898451749,1.09727241294
ALA,246,1.3341203024,1.24576533217
VAL,247,1.18829331883,1.17057188295
LYS,248,0.783402453854,0.954401938761
SER,249,0.849904415007,0.91431600286
ASP,250,0.577420014137,0.792023057997
HIS,251,0.76963244335,0.88407774181
THR,252,0.625621361101,0.755018516777
GLY,253,0.75925026485,0.804285346834
ARG,254,0.588614894262,0.799487802464
GLU,255,0.907217015635,1.02837446591
ILE,256,0.897542351376,1.09902058389
VAL,257,1.23294797788,1.31503925574
ASP,258,1.18190081186,1.36840436292
LEU,259,1.42241366811,1.47592976085
MET,260,1.33390152081,1.50189581365
CYS,261,1.45045427075,1.59199347017
HIS,262,1.64939305856,1.63813340157
ALA,263,1.43214200495,1.5380582249
THR,264,1.28112704809,1.43082445755
PHE,265,1.44455366799,1.48818147831
THR,266,1.53206127169,1.54532089824
THR,267,1.23907785861,1.40883742765
ARG,268,1.07697927411,1.31433848548
LEU,269,1.36099890177,1.36292433052
LEU,270,1.31605098945,1.33634951101
SER,271,1.03397349063,1.17248592401
SER,272,0.803449337199,0.939671636415
THR,273,0.790277127844,0.935827145405
ARG,274,0.742981604928,0.99347139511
VAL,275,1.17890905833,1.12171767785
PRO,276,1.0647799584,1.05388509345
ASN,277,0.895130365868,1.05635257352
TYR,278,1.27283175332,1.27645130769
ASN,279,0.919285911646,1.26287478375
LEU,280,1.27138083168,1.41781957304
ILE,281,1.40335849959,1.52112211272
VAL,282,1.43207101026,1.55681113167
MET,283,1.60208244591,1.62982413558
ASP,284,1.57242404103,1.62822915224
GLU,285,1.64279866917,1.62739824764
ALA,286,1.53342992652,1.59425886411
HIS,287,1.57165580385,1.52268959203
PHE,288,1.57188619423,1.55648145513
THR,289,1.44770307351,1.49402278181
ASP,290,1.51496477736,1.52186169573
PRO,291,1.48982769025,1.61584582689
CYS,292,1.55111902591,1.61898726766
SER,293,1.63354554187,1.66784867687
VAL,294,1.51714356495,1.61772961775
ALA,295,1.52971677215,1.64693778072
ALA,296,1.55513494908,1.62325709717
ARG,297,1.54690055632,1.581246886
GLY,298,1.38681736253,1.57133445434
TYR,299,1.321937102,1.49067164615
ILE,300,1.46545715428,1.48755482675
SER,301,1.30860785802,1.39763256163
THR,302,1.13626064779,1.2998751543
ARG,303,1.17625862051,1.32411386913
VAL,304,1.15908427633,1.35749845919
GLU,305,0.848263886778,1.09623136882
MET,306,0.995368549218,1.00025966218
GLY,307,0.900692012454,1.03641515385
GLU,308,0.888758795838,1.09456587074
ALA,309,1.185879329,1.34907529777
ALA,310,1.10849450032,1.39561390064
ALA,311,1.36484459296,1.47522408374
ILE,312,1.34146371026,1.46985357555
PHE,313,1.47175278997,1.52479643366
MET,314,1.42348373996,1.54616128653
THR,315,1.48884028914,1.54532206897
ALA,316,1.41952030655,1.44343212586
THR,317,1.5333739374,1.4249037572
PRO,318,1.26830054282,1.34674800027
PRO,319,1.28326462977,1.25775088936
GLY,320,1.03167412604,1.07226685113
SER,321,1.26057474304,1.19151232646
THR,322,0.904144421781,1.07916304991
ASP,323,0.952861930126,1.09795843723
PRO,324,1.15511832871,1.28742126525
PHE,325,1.08651061651,1.15153941349
PRO,326,1.24581991485,1.15063702007
GLN,327,0.882427903387,1.05838274842
SER,328,1.17754293793,1.20164440064
ASN,329,1.06735357879,1.12318306673
SER,330,0.975844617586,1.1202378157
PRO,331,0.797552784039,0.990427259222
ILE,332,1.18326978222,1.15381325448
GLU,333,0.764431120915,1.03167121235
ASP,334,1.04586094601,1.07785987399
ILE,335,0.908504030642,1.02358622013
GLU,336,0.837691209936,1.00105983013
ARG,337,0.806043619513,0.962836011514
GLU,338,0.752400040677,0.942530097018
ILE,339,1.19283474429,1.10676689076
PRO,340,1.07658381396,1.04841996346
GLU,341,0.89330949274,1.07962750775
ARG,342,0.70583882267,1.01455351906
SER,343,0.878823780372,0.971726356123
TRP,344,0.996776792282,0.869978123338
ASN,345,0.532708817295,0.706487782594
THR,346,0.582168684111,0.712031237151
GLY,347,0.685894102764,0.713561260342
PHE,348,0.912745944349,0.88984812127
ASP,349,0.623701774093,0.839852663768
TRP,350,0.985478986716,0.907027377912
ILE,351,1.0983623367,1.0582515763
THR,352,0.854389394654,0.974631482603
ASP,353,0.610792551927,0.840013915484
TYR,354,1.06025927588,0.941781406978
GLN,355,0.635274475402,0.84999613866
GLY,356,0.943302423416,1.01240328248
LYS,357,1.00775612924,1.23815399296
THR,358,1.27668664603,1.39251128087
VAL,359,1.42470509052,1.50473563308
TRP,360,1.30605982645,1.50097147584
PHE,361,1.48489961504,1.53112736124
VAL,362,1.37502399329,1.46128863221
PRO,363,1.25918716113,1.38779396298
SER,364,1.20112659139,1.32854231325
ILE,365,1.2162765544,1.28338386353
LYS,366,0.959837237476,1.14188589841
ALA,367,1.21375459472,1.23824519774
GLY,368,1.30769312728,1.37283664742
ASN,369,0.950365261168,1.16985956988
ASP,370,0.895287698566,1.09635451486
ILE,371,1.21516632354,1.24167643815
ALA,372,1.21924205997,1.2431537088
ASN,373,0.827932069593,1.03566827205
CYS,374,0.985923016526,1.04585399868
LEU,375,1.14274827498,1.12225262165
ARG,376,0.938795562566,1.03251990529
LYS,377,0.675637847501,0.824044514255
SER,378,0.792225192726,0.846362412805
GLY,379,0.654427054381,0.802155478058
LYS,380,0.921366262759,1.00916094082
ARG,381,0.77632093674,1.03513965677
VAL,382,1.12845507584,1.20781366647
ILE,383,1.12362112566,1.25342892552
GLN,384,1.14152582842,1.31901620392
LEU,385,1.3869525318,1.43933138367
SER,386,1.30943250871,1.4117605691
ARG,387,1.17590201876,1.27166937545
LYS,388,1.00893765309,1.12157875246
THR,389,1.1220369557,1.17844488693
PHE,390,1.30682809368,1.31185078302
ASP,391,0.913967332978,1.10285569914
THR,392,0.871528518627,0.989845644255
GLU,393,1.03248391776,1.19528070637
TYR,394,1.37501953896,1.2890938637
PRO,395,0.980252237311,1.09574605997
LYS,396,0.87358568275,1.10208245786
THR,397,1.26230614873,1.24096429283
LYS,398,1.00253941996,1.08711430166
LEU,399,0.793674425778,0.969871002017
THR,400,0.678837324257,0.864524547169
ASP,401,0.69119149686,0.878125152771
TRP,402,1.1425032988,1.09869016055
ASP,403,0.93215702448,1.1651345618
PHE,404,1.19926567899,1.3475853082
VAL,405,1.37081818839,1.44890761872
VAL,406,1.33239963359,1.48008587542
THR,407,1.50317751722,1.55528380025
THR,408,1.38999170981,1.53247004451
ASP,409,1.38959216947,1.52611353265
ILE,410,1.4382877071,1.5257715004
SER,411,1.58485846355,1.57380671733
GLU,412,1.54144770813,1.601159124
MET,413,1.63780365364,1.59134540775
GLY,414,1.56733704669,1.545941718
ALA,415,1.54387275961,1.49478698514
ASN,416,1.29357598633,1.33871263419
PHE,417,1.45402971046,1.33101325647
ARG,418,0.925872179182,1.18897896257
ALA,419,1.24357495187,1.30585260342
GLY,420,1.15231363257,1.26606574063
ARG,421,1.20869787166,1.39183427525
VAL,422,1.37779309053,1.49947317513
ILE,423,1.29973746218,1.43356855041
ASP,424,1.42184090947,1.4693188151
PRO,425,1.27944293594,1.34768013444
ARG,426,1.30442283444,1.4043514158
ARG,427,1.00308101213,1.36882326796
CYS,428,1.29655761071,1.38685999824
LEU,429,1.17277985818,1.33379003915
LYS,430,1.23872386172,1.3500253568
PRO,431,1.36698339359,1.39031223001
VAL,432,1.15917720485,1.32003395576
ILE,433,1.22242264129,1.24994469381
LEU,434,0.955786473456,1.06534620675
THR,435,0.79682787969,0.916121864953
ASP,436,0.605204055496,0.758545823872
GLY,437,0.704953656012,0.746336311547
PRO,438,0.735901709789,0.855422944799
GLU,439,0.994044042408,1.03896766115
ARG,440,0.904706368425,1.19916995916
VAL,441,1.34476606836,1.34102332129
ILE,442,1.05725224645,1.23845102332
LEU,443,1.23572619107,1.26016590166
ALA,444,1.11765694292,1.1572111063
GLY,445,1.08958633441,1.1873520503
PRO,446,1.06394593949,1.23500070744
ILE,447,1.16383545002,1.20296517615
PRO,448,1.05970606977,1.28066416445
VAL,449,1.39495436333,1.41970795308
THR,450,1.37755647044,1.41463455788
PRO,451,1.22627069619,1.39603092543
ALA,452,1.46890532765,1.47830749814
SER,453,1.5138979055,1.53317562733
ALA,454,1.41751853407,1.511650727
ALA,455,1.41485043497,1.52428842003
GLN,456,1.57231341152,1.59210821605
ARG,457,1.51794816879,1.59172990199
ARG,458,1.27631243214,1.50668438499
GLY,459,1.43762714649,1.52919894746
ARG,460,1.50105776586,1.51854320502
ILE,461,1.31651164905,1.44488278796
GLY,462,1.23216516114,1.34927064351
ARG,463,1.3522154494,1.31002530598
ASN,464,0.948427183881,1.11654914871
PRO,465,0.869192925235,0.967560978637
ALA,466,0.721609661566,0.812776654343
GLN,467,0.808375719621,0.954246256432
GLU,468,0.671377579761,0.93939052687
ASP,469,0.689268238518,0.938019010152
ASP,470,1.15195503187,1.22061507257
GLN,471,0.965624151131,1.26364063719
TYR,472,1.30872014959,1.36988502874
VAL,473,1.13205857535,1.30256079783
PHE,474,1.11232950737,1.31857276055
SER,475,1.0939718133,1.17360649537
GLY,476,0.966953495197,1.01123298479
ASP,477,0.852244335621,1.00481270606
PRO,478,1.18404000374,1.23193911846
LEU,479,1.03944323739,1.16047151645
LYS,480,0.947286944255,1.14563727167
ASN,481,0.836130194908,1.04381229626
ASP,482,1.22936608257,1.20870566149
GLU,483,0.855854173183,1.14184025639
ASP,484,0.935239156351,1.1466122768
HIS,485,1.39861325051,1.35963568344
ALA,486,1.39583626784,1.42509098325
HIS,487,1.45989341691,1.50632138631
TRP,488,1.30560199217,1.43668605701
THR,489,1.22732892995,1.38102225651
GLU,490,1.45366842453,1.53272020994
ALA,491,1.46638439137,1.62141455961
LYS,492,1.17257056618,1.46737120903
MET,493,1.33242860459,1.45685931945
LEU,494,1.47093392858,1.51644989282
LEU,495,1.37453177073,1.51439252571
ASP,496,1.18114958593,1.35773092639
ASN,497,1.18052274878,1.32405194729
ILE,498,1.33532859415,1.35711748291
TYR,499,0.938576216828,1.20646133797
THR,500,1.10850103262,1.16359047059
PRO,501,0.968413742477,0.950389849492
GLU,502,0.760016294381,0.844049667269
GLY,503,0.795570343646,0.900948394344
ILE,504,0.897085908268,1.0108971873
ILE,505,1.01366610543,1.16164578957
PRO,506,1.24685429526,1.28862190561
THR,507,1.01629216709,1.22455803577
LEU,508,1.26292542572,1.38445960537
PHE,509,1.34187977637,1.3559160818
GLY,510,1.0947375408,1.09538033242
PRO,511,1.15237005439,1.10999632336
GLU,512,1.39117795717,1.26941060247
ARG,513,1.00353129998,1.14812967055
GLU,514,0.783740270819,1.02945096935
LYS,515,1.04751150946,1.13805214692
THR,516,1.02922878697,1.09617432932
GLN,517,0.731265918182,0.919405346012
ALA,518,0.925572296201,1.04677397105
ILE,519,0.747446376504,0.926969758739
ASP,520,0.803981038813,0.969672779219
GLY,521,1.00480372152,1.02522851044
GLU,522,0.832390562,1.01057998989
PHE,523,1.18461522616,1.19451743029
ARG,524,0.838935724258,1.1306442031
LEU,525,1.13644894318,1.11706626623
ARG,526,0.659330195831,0.932210182062
GLY,527,0.758192626284,0.861314070986
GLU,528,0.663087568141,0.940936675113
GLN,529,0.906113975983,1.17761596964
ARG,530,1.02820864487,1.24886543062
LYS,531,0.81162451644,1.15966289473
THR,532,1.02844187056,1.26848502601
PHE,533,1.32944780707,1.41797240467
VAL,534,1.1680323392,1.35885826902
GLU,535,0.92758890285,1.26592520688
LEU,536,1.23762513269,1.39518333981
MET,537,1.3445161148,1.42704737576
ARG,538,1.04924969061,1.24104375548
ARG,539,0.87749867918,1.13171521947
GLY,540,1.17931838021,1.27055647194
ASP,541,1.05914227788,1.27631292693
LEU,542,1.30599237256,1.38738959393
PRO,543,1.37272275013,1.41185725418
VAL,544,1.45733486158,1.46977859061
TRP,545,1.27113772306,1.41467888793
LEU,546,1.31614225979,1.40805773487
SER,547,1.36957831923,1.46517360891
TYR,548,1.20969679918,1.39439333681
LYS,549,1.12437692578,1.25714470449
VAL,550,1.21906645974,1.27000740392
ALA,551,1.19595263358,1.32029504364
SER,552,1.02345822154,1.13055183725
ALA,553,0.941305869965,0.990754380905
GLY,554,0.852902422648,0.946993279789
ILE,555,0.985128095225,1.02837467978
SER,556,0.770342436384,1.01051759564
TYR,557,1.04554763932,1.11085990656
LYS,558,0.75910004869,0.957730050971
ASP,559,0.791949156707,0.968570622641
ARG,560,1.05349183442,1.08698350692
GLU,561,0.697454516003,0.973509929232
TRP,562,1.17262617973,1.11799222754
CYS,563,1.16199434001,1.24119573482
PHE,564,0.945874867309,1.10275091295
THR,565,0.77163301778,0.945728707465
GLY,566,0.880155713416,1.08887537368
GLU,567,0.61050620971,0.849908030252
ARG,568,0.545089224055,0.774615624478
ASN,569,0.650976212052,0.819944516096
ASN,570,0.965544806114,1.05886743596
GLN,571,0.856841880499,1.04194096739
ILE,572,1.07988123169,1.08449743724
LEU,573,0.739418491841,0.987532828827
GLU,574,0.869820695357,0.925634918876
GLU,575,0.602719845606,0.740697469226
ASN,576,0.516317487097,0.72251881038
MET,577,0.64415613121,0.77235724635
GLU,578,0.653413592026,0.871616203615
VAL,579,0.971226527359,0.990766903989
GLU,580,0.657137077776,0.938745125608
ILE,581,0.986585594959,1.01087898106
TRP,582,0.58728786372,0.890055621928
THR,583,0.791543461195,0.955098476542
ARG,584,0.643670913663,0.78642594072
GLU,585,0.508691367454,0.661722596435
GLY,586,0.56279902587,0.687171264601
GLU,587,0.637313346038,0.735417084197
LYS,588,0.5669507574,0.786896411565
LYS,589,0.723532336804,0.892517009969
LYS,590,0.700183172006,0.985159775697
LEU,591,1.12931322364,1.15855955535
ARG,592,0.772424670712,1.20151580515
PRO,593,1.1171554486,1.2831214655
LYS,594,0.877638255545,1.15581568822
TRP,595,1.06692801491,1.18787849059
LEU,596,1.05926630363,1.23799140991
ASP,597,1.40668805863,1.35709497203
ALA,598,1.19300583246,1.30828132024
ARG,599,1.41046888102,1.33306047417
VAL,600,1.28414353609,1.3408768134
TYR,601,1.11774876376,1.2729354363
ALA,602,1.09158086845,1.15919843589
ASP,603,1.07854493722,1.14147653656
PRO,604,0.92359619762,1.04567655419
MET,605,0.896477376471,1.06468625315
ALA,606,1.1234266694,1.24624979662
LEU,607,1.05720116022,1.26767671522
LYS,608,0.865910618007,1.09562355077
ASP,609,0.973086919775,1.1676311785
PHE,610,1.23297553018,1.29059716658
LYS,611,0.949106691452,1.18331725171
GLU,612,0.826181723321,1.1156250421
PHE,613,1.20730232115,1.23357892993
ALA,614,1.14421564931,1.20380525561
SER,615,0.901999761946,1.10323301831
GLY,616,0.908309412718,1.01567114079
ARG,617,0.770631506459,0.921632030682
LYS,618,0.999547941488,0.97474364354
