resnam,resnum,wcnSC,wcnCA
PRO,181,0.70724741037,0.81568337909
ASN,182,0.618630960296,0.799532397113
MET,183,1.01977951775,0.990380225225
LEU,184,1.07800026552,1.10185343248
ARG,185,0.645423201537,0.960927860955
LYS,186,0.812038301283,1.06995599119
ARG,187,0.643514100846,1.07698304989
GLN,188,0.852353584586,1.08109154931
MET,189,1.19665807378,1.19247751739
THR,190,1.03355517196,1.15666865703
VAL,191,1.15131807662,1.22156686957
LEU,192,1.10142247915,1.19820254554
ASP,193,0.988492781002,1.18755429749
LEU,194,1.15273770588,1.20166262749
HIS,195,1.0339015342,1.23205233255
PRO,196,1.33358929298,1.31611852619
GLY,197,1.16438316709,1.19071171374
SER,198,1.06140899862,1.0919785698
GLY,199,1.02898452395,1.11693515906
LYS,200,1.32062601459,1.24242463421
THR,201,1.28156160842,1.27221443806
ARG,202,0.95411980585,1.10805827671
LYS,203,0.761336535581,1.01938838826
ILE,204,1.01985011228,1.1153188517
LEU,205,1.31188466644,1.26499129204
PRO,206,1.00877716383,1.14594505167
GLN,207,0.769059759121,1.03281446445
ILE,208,1.1791726495,1.17501211338
ILE,209,1.22172393404,1.22170564766
LYS,210,0.734161030762,1.02914703866
ASP,211,0.863392554741,1.02048941508
ALA,212,1.14645728371,1.16838348079
ILE,213,0.905860725646,1.03762972269
GLN,214,0.615690574548,0.845857093596
GLN,215,0.818157428178,0.868643642813
ARG,216,0.572999150082,0.885182966491
LEU,217,0.972530986383,1.0800581738
ARG,218,0.831856175933,1.14776607673
THR,219,1.2489876146,1.34661996194
ALA,220,1.36732262882,1.40454442604
VAL,221,1.36966275687,1.46630669474
LEU,222,1.46234188304,1.54665645605
ALA,223,1.45478484423,1.52055682165
PRO,224,1.50355828328,1.477127927
THR,225,1.30898454696,1.33552922571
ARG,226,0.956942168464,1.18513367135
VAL,227,1.16958830898,1.18604253107
VAL,228,1.40302808724,1.33945091276
ALA,229,1.24713755918,1.33620522087
ALA,230,1.00144433027,1.14547924143
GLU,231,1.1228839166,1.18052729476
MET,232,1.37677116158,1.29465896842
ALA,233,0.992154857753,1.13522126588
GLU,234,0.825897622148,0.996229134384
ALA,235,1.09350081979,1.10225020387
LEU,236,1.18057500584,1.10999064774
ARG,237,0.665692589617,0.894837946901
GLY,238,0.650626842975,0.74962337296
LEU,239,0.93306967129,0.922791004324
PRO,240,0.792153748108,0.899360411011
VAL,241,1.0900397889,1.08530568643
ARG,242,0.865442543217,1.04692387641
TYR,243,1.04138960092,1.08322331489
GLN,244,0.87218807387,1.05381058654
THR,245,1.02690646465,1.05287186922
GLY,254,0.590369730152,0.607441056994
ASN,255,0.568021755201,0.68779142643
GLU,256,0.785467768128,0.915734916287
ILE,257,0.844766745738,1.02765219229
VAL,258,1.17135231852,1.234646178
ASP,259,1.08136608818,1.26796377865
VAL,260,1.26238105869,1.35644441951
MET,261,1.31106256106,1.38170873994
CYS,262,1.29072887016,1.45595226375
HIS,263,1.54911219707,1.54824499648
ALA,264,1.37536230746,1.45852314468
THR,265,1.2560519361,1.33160680487
LEU,266,1.3963643085,1.40299641928
THR,267,1.49688934738,1.48917874365
HIS,268,1.24970161136,1.35050836944
ARG,269,1.03839110568,1.24235645227
LEU,270,1.28909429607,1.29791864618
MET,271,1.28603926536,1.31123632889
SER,272,0.993116174463,1.12361184155
PRO,273,0.823289505771,0.896723978805
ASN,274,0.746367414506,0.830920496908
VAL,276,1.08594403962,0.983353690396
PRO,277,0.98877584247,0.970250564719
ASN,278,0.746276111826,0.976783856232
TYR,279,1.22346574842,1.20624599035
ASN,280,0.884524891714,1.20188766507
LEU,281,1.24747572007,1.37375113416
PHE,282,1.34573192363,1.46294284929
VAL,283,1.3671933065,1.48110041623
MET,284,1.54414858011,1.55750949663
ASP,285,1.45084694733,1.50708669074
GLU,286,1.43494365984,1.49810834962
ALA,287,1.50067687398,1.54809941327
HIS,288,1.50145935359,1.49694763578
PHE,289,1.44504432851,1.48092518092
THR,290,1.39582532993,1.45899686082
ASP,291,1.45777917565,1.46621286987
PRO,292,1.49711599834,1.57596578204
ALA,293,1.54347567653,1.57195478657
SER,294,1.55118861449,1.6130182247
ILE,295,1.50022699215,1.59237799118
ALA,296,1.52648085169,1.62273002522
ALA,297,1.52066772408,1.58453720305
ARG,298,1.50595853132,1.54610025168
GLY,299,1.38053017759,1.55952271232
TYR,300,1.2997759206,1.45161562771
ILE,301,1.42385764064,1.44662595509
ALA,302,1.26202556174,1.37215763262
THR,303,1.17689031421,1.2759462449
LYS,304,1.11856205554,1.26704020926
VAL,305,1.13981860764,1.31370391506
GLU,306,0.872190921014,1.05487129155
LEU,307,0.90191483933,0.964012898022
GLY,308,0.832716667363,0.999774791249
GLU,309,0.826231542811,1.04096727409
ALA,310,1.13461028907,1.28552681857
ALA,311,1.08668809074,1.35480134914
ALA,312,1.33174683112,1.42039118252
ILE,313,1.26258665829,1.39419864418
PHE,314,1.42656616378,1.47107808262
MET,315,1.34930114785,1.4556212889
THR,316,1.44085469038,1.47349154273
ALA,317,1.35710333061,1.40443017742
THR,318,1.49124319123,1.40445219171
PRO,319,1.2603511375,1.37343343496
PRO,320,1.38480295618,1.32346742374
GLY,321,1.08986123803,1.13613515397
THR,322,1.28039191184,1.20958520837
THR,323,0.89092731707,1.0738955448
ASP,324,0.927479258038,1.08402780592
PRO,325,1.15702672636,1.27410394498
PHE,326,1.0545745379,1.12126080345
PRO,327,1.20167402696,1.12249735718
ASP,328,0.826190507942,1.027720296
SER,329,1.1500830639,1.14523910067
ASN,330,0.956471664866,1.04225649937
ALA,331,0.943569804803,1.05031330399
PRO,332,0.767059407725,0.959376381243
ILE,333,1.15246495064,1.12092829898
HIS,334,0.759901884706,0.999094980378
ASP,335,1.02350178152,1.04769611288
LEU,336,0.897310165206,0.999343548256
GLN,337,0.794085517134,0.97643074466
ASP,338,0.896830926084,0.98464450144
GLU,339,0.717356517433,0.932736545494
ILE,340,1.15535229846,1.10690231962
PRO,341,1.07574381002,1.04052757938
ASP,342,0.921899870325,1.07945019962
ARG,343,0.708867910873,1.01531425327
ALA,344,0.847040676934,0.963681797597
TRP,345,0.9785800534,0.84558995651
SER,346,0.562989646033,0.681101577082
SER,347,0.546616092053,0.673951494917
GLY,348,0.686791581137,0.714215317177
TYR,349,0.892632285903,0.87096250257
GLU,350,0.610728171089,0.820955528057
TRP,351,0.960584672976,0.889599774462
ILE,352,1.08162569225,1.03763549086
THR,353,0.843454075225,0.956615479876
GLU,354,0.573660816116,0.820660506206
TYR,355,1.00518941744,0.914404774631
ALA,356,0.663072941137,0.815356046885
GLY,357,0.919899483634,0.97079931864
LYS,358,0.993347103672,1.19465039419
THR,359,1.23665894761,1.35467493697
VAL,360,1.3378486307,1.43546307459
TRP,361,1.28917268687,1.4602252339
PHE,362,1.40599596994,1.49008485028
VAL,363,1.31969497493,1.42687383635
ALA,364,1.24982330253,1.36574343292
SER,365,1.15532189448,1.28715469585
VAL,366,1.10796523409,1.23337298289
LYS,367,0.85437531143,1.08770810002
MET,368,1.1143364589,1.20286653573
GLY,369,1.25082496072,1.3368685735
ASN,370,0.942183499811,1.15466716346
GLU,371,0.868803516635,1.08741103504
ILE,372,1.1955707177,1.22425638096
ALA,373,1.17584400142,1.21017505558
MET,374,0.883763549947,1.01223105999
CYS,375,0.958525388934,1.03676846373
LEU,376,1.11851052769,1.11034671895
GLN,377,0.826398828648,1.00665063013
ARG,378,0.622791651654,0.814082459148
ALA,379,0.800215526618,0.844646588176
GLY,380,0.670043693508,0.79224720769
LYS,381,0.900057229061,0.993530308677
LYS,382,0.728987945248,1.00764452099
VAL,383,1.10552076455,1.1775158469
ILE,384,1.13314922847,1.20518394916
GLN,385,1.12697792803,1.25883610357
LEU,386,1.22172004922,1.31641965626
ASN,387,1.14413666894,1.26737511584
ARG,388,1.03527881467,1.12026733713
LYS,389,0.994368898494,1.07538459682
SER,390,1.06597776249,1.19803063867
TYR,391,0.826027834957,1.01952739151
ASP,392,0.738409707631,0.930159999905
THR,393,0.789938255472,0.891841843266
GLU,394,1.043611869,1.12635548721
TYR,395,1.08341135478,1.14622483646
PRO,396,0.840136463675,0.992494087792
LYS,397,0.896540487845,1.01839297507
CYS,398,1.16438664423,1.11915539045
LYS,399,0.732288846754,0.953906633596
ASN,400,0.747651035783,0.828450725549
GLY,401,0.846538287351,0.935711255293
ASP,402,0.645025096229,0.853231074927
TRP,403,1.11535990244,1.06778924833
ASP,404,0.858898372737,1.13760182263
PHE,405,1.16214194604,1.31361957556
VAL,406,1.28335516188,1.37953132077
ILE,407,1.28602284698,1.42440438761
THR,408,1.30431028714,1.44349645149
THR,409,1.26784729194,1.42248835324
ASP,410,1.27760154938,1.36226025366
ILE,411,1.29334702977,1.32489895932
SER,412,1.38816962466,1.35624685147
ALA,416,1.10949119896,1.11560252976
ASN,417,1.02167802219,1.15973954485
PHE,418,1.20497425266,1.14939922878
GLY,419,1.01301853487,1.07123205929
ALA,420,1.21810288007,1.27234511379
SER,421,1.03032097449,1.2065337252
ARG,422,1.17830482811,1.3317355631
VAL,423,1.31415215016,1.44197243351
ILE,424,1.26403051369,1.40277380209
ASP,425,1.377071149,1.45468402556
CYS,426,1.23565068715,1.36636625446
ARG,427,1.2875242772,1.38942575379
LYS,428,1.05178829272,1.38604077443
SER,429,1.30966344028,1.39907614356
VAL,430,1.17668581412,1.32624393982
LYS,431,1.29635198733,1.33827992128
PRO,432,1.36805660693,1.39253264173
THR,433,1.13464065418,1.35499205202
ILE,434,1.19545290908,1.27338379592
LEU,435,0.985991526287,1.07046692402
GLU,436,0.825283468578,0.955035989408
GLU,437,0.70373988036,0.831059962516
GLY,438,0.742945744562,0.844101002971
GLU,439,0.79154279009,0.907650805574
GLY,440,0.962262010463,1.09959863019
ARG,441,0.977307611656,1.21746671114
VAL,442,1.35932577482,1.35676155528
ILE,443,1.07784731923,1.25413460186
LEU,444,1.22900514814,1.26243286585
GLY,445,1.06639522839,1.15099272573
ASN,446,0.847921974528,1.02538681963
PRO,447,1.10650421356,1.21099195657
SER,448,1.05375330367,1.18483056756
PRO,449,1.06311454695,1.26421981741
ILE,450,1.40059735689,1.39629539755
THR,451,1.37836395853,1.3875062201
SER,452,1.2760017951,1.38932377014
ALA,453,1.46595761177,1.45813898955
SER,454,1.46445944837,1.48138058176
ALA,455,1.4099038877,1.47792559562
ALA,456,1.39482922048,1.48175645209
GLN,457,1.45061067959,1.49551541778
ARG,458,1.44787203322,1.49171461614
ARG,459,1.23520959133,1.4401431231
GLY,460,1.33209858719,1.42655333861
ARG,461,1.32570072836,1.37217605545
VAL,462,1.2440120052,1.345435063
GLY,463,1.19017122098,1.26627683837
ARG,464,1.18147593691,1.18889636304
ASN,465,0.800575986695,1.00052777735
PRO,466,0.754072384339,0.889727969921
ASN,467,0.582197031867,0.742144460443
GLN,468,0.87278330409,0.877648187036
VAL,469,0.673252432282,0.862761564742
GLY,470,0.8046680942,0.891644594636
ASP,471,1.09874441574,1.15892347655
GLU,472,0.958664100629,1.21331584161
TYR,473,1.26627414555,1.32987085536
HIS,474,1.0898779459,1.27492205878
TYR,475,1.06289046978,1.29938004235
GLY,476,1.09175085372,1.19882598628
GLY,477,1.03210413064,1.06894444302
ALA,478,0.887086875816,1.01895958783
THR,479,1.21042865925,1.2116976208
SER,480,1.01112480717,1.13412806573
GLU,481,1.14645928135,1.12246594245
ASP,482,0.824305532729,1.01081183262
ASP,483,1.1918135027,1.17523860206
SER,484,0.971644999832,1.16109159087
ASN,485,0.938660707933,1.17908931231
LEU,486,1.34860986821,1.37086535366
ALA,487,1.42689584999,1.43437455355
HIS,488,1.45311003413,1.49764346417
TRP,489,1.33343467483,1.4429377532
THR,490,1.20860586512,1.38626785886
GLU,491,1.45977519617,1.52139124725
ALA,492,1.46902621031,1.60003501747
LYS,493,1.21877474153,1.45221814157
ILE,494,1.31704664532,1.43914133134
MET,495,1.469905296,1.49745849017
LEU,496,1.37620115292,1.48333608985
ASP,497,1.21199395331,1.36472724399
ASN,498,1.18552395204,1.33327201316
ILE,499,1.25576670092,1.3125081729
HIS,500,0.76408534285,1.07263028838
MET,501,1.0943762563,1.03602035082
PRO,502,0.818341484392,0.828777283456
ASN,503,0.853461730163,0.785471795434
GLY,504,0.708843007183,0.792233521236
LEU,505,0.777784524766,0.917893900794
VAL,506,1.04221606426,1.10775019377
ALA,507,1.26872146086,1.25400809842
GLN,508,0.98369637789,1.25305891223
LEU,509,1.27449643116,1.41014630175
TYR,510,1.31560079142,1.36645650019
GLY,511,1.10551904619,1.10809720669
PRO,512,1.15136992457,1.12643855261
GLU,513,1.37588185275,1.28319179989
ARG,514,1.02260338315,1.18491244396
GLU,515,0.737392846548,1.0229893813
LYS,516,1.17638332247,1.18172327877
ALA,517,1.05670229088,1.11856675602
PHE,518,0.746744746584,0.953205972989
THR,519,1.01846585551,0.953835658294
MET,520,0.725375391051,0.866138681843
ASP,521,0.989132356988,1.01965829052
GLY,522,1.02489079346,1.06855285382
GLU,523,0.892627786994,0.995381854227
TYR,524,1.14322407982,1.17150878054
ARG,525,0.915024754321,1.16667425307
LEU,526,1.10575260049,1.11096311909
ARG,527,0.738027891452,0.945546315353
GLY,528,0.743064719284,0.840548523862
GLU,529,0.648630165148,0.901190584641
GLU,530,0.832898656557,1.12466425588
LYS,531,1.04750609809,1.20969862432
LYS,532,0.782502810056,1.08811151972
ASN,533,0.94373524006,1.21642609547
PHE,534,1.30003611239,1.36617979557
LEU,535,1.1255153677,1.27963280569
GLU,536,0.884427533148,1.18947806268
LEU,537,1.22262902392,1.3323135815
LEU,538,1.30726384258,1.37060391989
ARG,539,0.988957050952,1.17490833251
THR,540,0.881550749023,1.05664263877
ALA,541,1.16000936105,1.18158274654
ASP,542,1.06063268485,1.24165758058
LEU,543,1.30123258012,1.3476950099
PRO,544,1.36663531655,1.38625335039
VAL,545,1.43154038012,1.44792577121
TRP,546,1.2624246645,1.41120724858
LEU,547,1.31036110135,1.39683617866
ALA,548,1.34071010191,1.43535119787
TYR,549,1.19990569904,1.37308804423
LYS,550,1.11306952422,1.24975478621
VAL,551,1.2087381441,1.25247733241
ALA,552,1.15442792554,1.2942861326
SER,553,1.01059871421,1.11856520485
ASN,554,0.89736735968,0.978422859172
GLY,555,0.83822931662,0.940954707605
ILE,556,0.978483260363,1.01760776514
GLN,557,0.764026187896,0.98071600846
TYR,558,1.02437631177,1.07339017088
THR,559,0.731846084341,0.906187071148
ASP,560,0.810988165977,0.931732041588
ARG,561,1.01521301324,1.04990695737
LYS,562,0.722661682153,0.955852789908
TRP,563,1.16939883339,1.10405575284
CYS,564,1.16441952056,1.22291487586
PHE,565,0.965965867567,1.10425648673
ASP,566,0.80398322263,0.938214756766
GLY,567,0.920335493631,1.05759797335
PRO,568,0.837664019465,0.846739563722
ARG,569,0.634819511807,0.806949604086
THR,570,0.677579242272,0.809440930646
ASN,571,0.994982868173,1.0481814055
ALA,572,0.882767022219,1.06132862974
ILE,573,1.09125191294,1.08327290922
LEU,574,0.729508282001,0.98919279326
GLU,575,0.819721294058,0.930063745325
ASP,576,0.632708644398,0.752527168494
ASN,577,0.541464941345,0.724471495111
ILE,578,0.586041134097,0.771956078161
GLU,579,0.764360129887,0.898407833189
VAL,580,0.964479003162,1.00257103334
GLU,581,0.645580508307,0.943796549889
ILE,582,0.949696075528,0.958876977742
VAL,583,0.644020444166,0.867134117795
THR,584,0.817408811203,0.936428286255
ARG,585,0.615420502384,0.751362305395
MET,586,0.633989045081,0.663735402331
GLY,587,0.550701416899,0.654902578912
GLU,588,0.630803386153,0.723454225201
ARG,589,0.556835042616,0.784495162034
LYS,590,0.741683232148,0.889735979759
ILE,591,0.788049122291,0.982097318306
LEU,592,1.12152384606,1.1556936534
LYS,593,0.853807296699,1.20355088271
PRO,594,1.13290295252,1.26668886248
ARG,595,0.893907107808,1.1391314361
TRP,596,1.08033462205,1.19267141492
LEU,597,1.08886636192,1.23913876393
ASP,598,1.41670396424,1.35669999607
ALA,599,1.20543008554,1.31303015596
ARG,600,1.42239191758,1.33273380927
VAL,601,1.27544219295,1.32572634736
TYR,602,1.12917841638,1.26731451529
ALA,603,1.15773424201,1.21474659145
ASP,604,1.06449187524,1.12485586839
HIS,605,0.797791097272,1.01599840138
GLN,606,0.862772597546,1.04975435084
ALA,607,1.13104957424,1.23203448982
LEU,608,1.02981839023,1.24230335913
LYS,609,0.802998855685,1.08007788269
TRP,610,0.942541150002,1.12965290739
PHE,611,1.22283047763,1.25288670773
LYS,612,0.929679044642,1.16045718784
ASP,613,0.881101932196,1.07005688967
PHE,614,1.17286083893,1.15763659741
ALA,615,1.14099877395,1.16913284476
ALA,616,0.939358841697,1.0688108488
GLY,617,0.888781855748,0.957213087227
LYS,618,0.820264366819,0.828217415123
