resnam,resnum,wcnSC,wcnCA
SER,1,0.997996580088,0.965744854613
MET,2,0.951225322265,1.1773155809
SER,3,1.36095202961,1.41169992933
TYR,4,1.42023863572,1.34461713789
THR,5,0.906877737697,1.12847756545
TRP,6,1.18701021387,1.12469176699
THR,7,0.958491078203,0.970951839963
GLY,8,0.815661764178,0.892301925277
ALA,9,1.04150521486,1.00895476295
LEU,10,0.963622811543,1.06184766967
ILE,11,1.34703807731,1.27384532388
THR,12,1.14425037009,1.18113338929
PRO,13,1.11099599383,1.16275502005
CYS,14,1.05555755364,1.01629076765
ALA,15,0.924842605016,0.957389606481
ALA,16,0.806942697142,0.918278955443
GLU,17,1.19939481282,1.08400396932
GLU,18,0.91749622937,1.08765908625
SER,19,1.0580288516,1.19335867844
LYS,20,0.815405359665,1.113980077
LEU,21,1.27512135831,1.22534168319
PRO,22,1.11800079553,1.06414745204
ILE,23,0.805970716937,0.9683986621
ASN,24,1.07332386924,1.04126296921
PRO,25,0.829059960138,0.951969417502
LEU,26,1.04946105876,1.13858056409
SER,27,1.34738542794,1.35810887383
ASN,28,0.88387336857,1.20477533008
SER,29,1.02081988316,1.14478649862
LEU,30,1.44298386498,1.36269427979
LEU,31,1.37482548373,1.3798059119
ARG,32,0.889714371163,1.15687599382
HIS,33,0.931666217151,1.12966110516
HIS,34,0.917780809401,1.19016816826
ASN,35,0.806133338892,1.04421300968
MET,36,1.05021182114,1.19581829921
VAL,37,1.35078574845,1.38972998166
TYR,38,1.23081968675,1.36020654804
ALA,39,1.30769662569,1.44340236218
THR,40,1.38125477845,1.42181755562
THR,41,1.21823153322,1.34668417908
SER,42,1.29651225096,1.30147687376
ARG,43,0.919577419313,1.07966758445
SER,44,1.18095506065,1.21972124
ALA,45,1.31405416274,1.3601035238
SER,46,0.962979649045,1.15876543712
LEU,47,1.01031543959,1.14698416825
ARG,48,1.29852102809,1.34418656482
GLN,49,1.19350074378,1.30771706393
LYS,50,0.811876103289,1.11782824255
LYS,51,1.04346987066,1.19290571198
VAL,52,1.37017906917,1.36079911469
THR,53,1.12653499879,1.27963148466
PHE,54,1.18280274138,1.15434698898
ASP,55,0.826567647348,1.10051520946
ARG,56,1.26947867888,1.19405138372
LEU,57,0.822244634331,1.05375493092
GLN,58,1.26306685517,1.17450397538
VAL,59,0.825844871712,1.03124804637
LEU,60,1.10450204683,1.07816483881
ASP,61,1.01697734086,1.00410944148
ASP,62,0.692063437005,0.948204258512
HIS,63,0.963160580328,1.14850889501
TYR,64,1.33514438367,1.30843503128
ARG,65,0.865478291551,1.1253655323
ASP,66,0.801409528619,1.09469584738
VAL,67,1.2791236883,1.28114303113
LEU,68,1.22871092854,1.31579678713
LYS,69,0.853796303183,1.1270831033
GLU,70,0.941846980524,1.13834198931
MET,71,1.39875464034,1.35369019608
LYS,72,1.11771349019,1.29404449294
ALA,73,0.866709635043,1.10041999896
LYS,74,1.03766808577,1.19526756869
ALA,75,1.28904807107,1.3618487693
SER,76,0.908534540803,1.15164127134
THR,77,0.871825327222,1.02886114107
VAL,78,1.18144882119,1.17282618181
LYS,79,0.783114991151,1.10541206824
ALA,80,1.23936728053,1.25847450926
LYS,81,0.874739603491,1.15707576337
LEU,82,1.09596548713,1.21429608992
LEU,83,1.25169116549,1.25993905207
SER,84,0.987687049409,1.10997010408
ILE,85,1.11696941645,1.20879733656
GLU,86,0.891565351265,1.11887512786
GLU,87,1.02668506716,1.23103076225
ALA,88,1.38583980846,1.47040135683
CYS,89,1.26794727479,1.42573315917
LYS,90,0.971516916728,1.30172893772
LEU,91,1.3540335143,1.4670954606
THR,92,1.48421452541,1.5280406145
PRO,93,1.51260361358,1.47813578927
PRO,94,1.2556706508,1.29578861538
HIS,95,1.31554739827,1.27803643579
SER,96,1.52530022481,1.40836689803
ALA,97,1.30581185411,1.31727733056
LYS,98,0.980604744032,1.28076757685
SER,99,1.30192926656,1.28707113204
LYS,100,0.90349013716,1.06708801717
PHE,101,1.03881018078,0.994070110743
GLY,102,0.876635188571,0.928444187305
TYR,103,1.28508308678,1.09696163663
GLY,104,1.18932044005,1.25466318825
ALA,105,1.3180078421,1.36381753618
LYS,106,0.969087161328,1.15955335813
ASP,107,0.981713676761,1.17376262707
VAL,108,1.36553275955,1.34713153623
ARG,109,1.17026698081,1.25557304598
ASN,110,0.804431566662,1.02166194115
LEU,111,0.957539348282,1.07474601893
SER,112,0.929708615634,0.973191489308
SER,113,0.679278055002,0.868841107283
ARG,114,0.823899765703,0.957118195487
ALA,115,1.20715776145,1.21547436997
VAL,116,1.00063253026,1.16212265043
ASN,117,0.765483269607,1.01469390045
HIS,118,1.14875261123,1.14475826637
ILE,119,1.29626838667,1.32429412967
ARG,120,0.816784089194,1.13155744102
SER,121,0.913739631198,1.07038977351
VAL,122,1.24897822212,1.25794637933
TRP,123,1.17243157725,1.28098242746
GLU,124,0.749226035876,1.06573809328
ASP,125,0.962509001981,1.1156848382
LEU,126,1.30073584874,1.28619938303
LEU,127,0.973655878081,1.12421261801
GLU,128,0.679686272648,0.937889240094
ASP,129,0.909860689523,0.9971914233
THR,130,0.855782044077,1.04462157629
GLU,131,0.727963574059,0.999254234991
THR,132,0.917090450974,1.00820686931
PRO,133,1.00181241209,1.21122071642
ILE,134,1.3012450101,1.3202377269
ASP,135,1.13826586001,1.30997782324
THR,136,1.45941635834,1.50796133837
THR,137,1.31622264356,1.47867946546
ILE,138,1.42580835112,1.51476525181
MET,139,1.31396972786,1.46002397561
ALA,140,1.41686165393,1.49992459754
LYS,141,1.4503179118,1.48318916337
SER,142,1.29410543296,1.43335750081
GLU,143,1.45575205149,1.45184751195
VAL,144,1.43795587946,1.50118310613
PHE,145,1.37242847279,1.43943779735
CYS,146,1.31328179092,1.36591769178
VAL,147,1.02626364503,1.17564480201
GLN,148,1.01367384295,1.02531293671
PRO,149,0.804391576746,0.794023499162
GLY,153,0.822274262576,0.883647550167
ARG,154,1.01303205633,1.08243795822
LYS,155,1.19703646329,1.19329487619
PRO,156,1.19975358588,1.29280050933
ALA,157,1.4235870956,1.46894846807
ARG,158,1.4165799592,1.46196029659
LEU,159,1.41015558451,1.53312902021
ILE,160,1.51265620099,1.57647484014
VAL,161,1.56010607973,1.63267489748
PHE,162,1.46500986029,1.62053521765
PRO,163,1.54559677191,1.54035247759
ASP,164,1.32669804386,1.43543185752
LEU,165,1.46078275837,1.49288045942
GLY,166,1.43803006728,1.44024115127
VAL,167,1.44064398279,1.51193017609
ARG,168,1.5503342595,1.62170444461
VAL,169,1.47961120743,1.57000936638
CYS,170,1.38304608962,1.53182494886
GLU,171,1.59998129333,1.62351248292
LYS,172,1.53082762814,1.62952682122
MET,173,1.3016427209,1.5053162821
ALA,174,1.42567307376,1.50327278078
LEU,175,1.54872722136,1.591485079
TYR,176,1.45188123316,1.56474730426
ASP,177,1.15862250424,1.42702624712
VAL,178,1.46715816684,1.54134077892
VAL,179,1.6490257709,1.64179468135
SER,180,1.45591849214,1.53571308469
THR,181,1.21072348883,1.42458209929
LEU,182,1.47898783492,1.51283046462
PRO,183,1.60592783802,1.5971760136
GLN,184,1.20581143484,1.47359576657
ALA,185,1.21042417244,1.32759912816
VAL,186,1.39968864122,1.42530534807
MET,187,1.53884418868,1.44527514045
GLY,188,1.20181103717,1.29713090411
SER,189,1.10352310076,1.27995253803
SER,190,1.38646879856,1.51419270676
TYR,191,1.59608870562,1.62281995473
GLY,192,1.6328785848,1.6608205437
PHE,193,1.72815403078,1.66288860578
GLN,194,1.33977712982,1.51330557083
TYR,195,1.35306291902,1.50857590224
SER,196,1.41781152002,1.5070782369
PRO,197,1.52115888628,1.56408053619
LYS,198,1.19209326692,1.45723486113
GLN,199,1.23418869766,1.4034150879
ARG,200,1.55600696667,1.53944615147
VAL,201,1.35151863905,1.50187473875
GLU,202,1.04067745355,1.31115173366
PHE,203,1.32941151646,1.35983594078
LEU,204,1.43384414636,1.44393763419
VAL,205,1.15709588786,1.30830586242
ASN,206,0.927645043655,1.1759071909
THR,207,1.26121561118,1.26674693857
TRP,208,1.16955953912,1.2893989585
LYS,209,0.866611212995,1.05746233993
SER,210,0.898551280555,0.990719068822
LYS,211,1.11348097886,1.09216150546
LYS,212,0.714813112634,0.860207352303
CYS,213,0.778645788276,0.972942403516
PRO,214,1.00909960426,1.21926241748
MET,215,1.26151579352,1.3159934055
GLY,216,1.34058137596,1.4579455318
PHE,217,1.41491557295,1.4752514945
SER,218,1.45251415405,1.55003040019
TYR,219,1.45637103376,1.51858403183
ASP,220,1.30201103801,1.48055329746
THR,221,1.48688066581,1.54444193485
ARG,222,1.08042579545,1.3918071114
CYS,223,1.42721149824,1.47224765511
PHE,224,1.64749391841,1.60440782178
ASP,225,1.59355306358,1.63263596643
SER,226,1.52264428746,1.5647019609
THR,227,1.46574668449,1.53885346886
VAL,228,1.61285984757,1.60731793471
THR,229,1.36335441151,1.45907961918
GLU,230,1.15241033532,1.39613798893
SER,231,1.09733860338,1.26934822588
ASP,232,1.49589242503,1.49459951733
ILE,233,1.46441383095,1.57007757766
ARG,234,1.05582478144,1.38179252326
VAL,235,1.29281269367,1.38570117877
GLU,236,1.61523469,1.55895727503
GLU,237,1.27935097956,1.47139278358
SER,238,1.1763277125,1.29814133355
ILE,239,1.40899969753,1.43512930957
TYR,240,1.53386843368,1.45668444394
GLN,241,1.13575651069,1.2733636811
CYS,242,1.11133586171,1.22588031092
CYS,243,1.26400600118,1.2818036862
ASP,244,0.775467898216,1.06776505663
LEU,245,1.23527734319,1.18234290922
ALA,246,0.984817491309,1.03532408814
PRO,247,0.811628650492,0.983058872118
GLU,248,0.898544561697,1.10524016457
ALA,249,1.26641521405,1.35606485974
ARG,250,0.972648040652,1.27045471421
GLN,251,0.948314752339,1.21964010467
ALA,252,1.33972182887,1.42717908461
ILE,253,1.39004984201,1.47079366904
ARG,254,0.935250050394,1.31918995634
SER,255,1.17627210022,1.38367319204
LEU,256,1.46579218753,1.51998256533
THR,257,1.35161927656,1.5079025095
GLU,258,0.977467610882,1.32161130316
ARG,259,1.17505787203,1.41425498313
LEU,260,1.516386213,1.54118856942
TYR,261,1.58785308189,1.59810649484
ILE,262,1.2207705655,1.482272635
GLY,263,1.38432465382,1.49447326161
GLY,264,1.35732129989,1.39349248607
PRO,265,1.16157183641,1.30716265546
LEU,266,1.39047369973,1.4293709756
THR,267,1.13756948323,1.35121131775
ASN,268,1.17516845742,1.33959293199
SER,269,1.13905963627,1.19946655146
LYS,270,0.888510715555,0.98345109206
GLY,271,0.919717293711,1.00196231397
GLN,272,0.891000021712,1.01066653338
ASN,273,0.916368021869,1.06924067655
CYS,274,1.2643880351,1.26818785264
GLY,275,1.16208814521,1.28555482777
TYR,276,1.10371767503,1.31535957813
ARG,277,1.5276079201,1.46933839449
ARG,278,1.05852373464,1.44076834511
CYS,279,1.4886671751,1.60391099605
ARG,280,1.69328968921,1.66392666282
ALA,281,1.65254686499,1.66467067939
SER,282,1.60267996392,1.67478985897
GLY,283,1.68718794211,1.7313123478
VAL,284,1.70679231094,1.7400745716
LEU,285,1.63583564723,1.75544637636
THR,286,1.68029420655,1.72743965896
THR,287,1.7170058255,1.78109893672
SER,288,1.73994252992,1.80300380936
CYS,289,1.72860271939,1.77248049609
GLY,290,1.74586458669,1.74964813367
ASN,291,1.73318482154,1.79417424611
THR,292,1.73335265203,1.82505018379
LEU,293,1.61080615715,1.69842050505
THR,294,1.61435595915,1.66646383927
CYS,295,1.63731710852,1.70824094798
TYR,296,1.47202098914,1.64209071731
LEU,297,1.44689994309,1.5653284564
LYS,298,1.52651408208,1.56571660293
ALA,299,1.56382405804,1.57204494775
THR,300,1.37895853424,1.45665517238
ALA,301,1.33415278143,1.4312085965
ALA,302,1.47359330085,1.4732996742
CYS,303,1.37363102267,1.39842592209
ARG,304,1.03665753221,1.20481173678
ALA,305,1.15170394454,1.16385067381
ALA,306,1.21659012408,1.22705469102
LYS,307,0.782455653743,1.04891913291
LEU,308,1.26912406738,1.18262249303
GLN,309,0.868014476055,1.05523945623
ASP,310,0.90446107556,1.07392861994
CYS,311,1.2930423537,1.30513169636
THR,312,1.23396424902,1.3492279721
MET,313,1.48484804766,1.53017440704
LEU,314,1.54772503068,1.61712214939
VAL,315,1.63454524601,1.72371686415
ASN,316,1.69703639584,1.72813511005
GLY,317,1.71762466795,1.7895082799
ASP,318,1.53991565863,1.66996580865
ASP,319,1.58773510497,1.65123298828
LEU,320,1.57146988073,1.67144681964
VAL,321,1.54033389834,1.63108035315
VAL,322,1.48129453583,1.55717489069
ILE,323,1.35248254784,1.47598693356
CYS,324,1.24923811865,1.35307450578
GLU,325,0.92810441095,1.16280660761
SER,326,1.027314408,1.10797794149
ALA,327,0.885706133521,0.908440595581
GLY,328,0.855253088356,0.864551365248
THR,329,0.765578915769,0.893335850697
GLN,330,0.655594977304,0.83394672563
GLU,331,0.753476854163,0.954691706751
ASP,332,1.13608855331,1.15741840031
ALA,333,0.923972695736,1.08469389917
ALA,334,0.837306692455,1.02333469844
ALA,335,1.09490025886,1.19022793938
LEU,336,1.26649634441,1.29614798629
ARG,337,0.899222755643,1.13881296319
ALA,338,1.01716823554,1.17745019076
PHE,339,1.46207382426,1.40830846403
THR,340,1.21416643776,1.36116979314
GLU,341,0.860026595891,1.19925338131
ALA,342,1.28192974292,1.32154646837
MET,343,1.52386100652,1.49806063149
THR,344,1.10079198204,1.37289479348
ARG,345,0.880600111318,1.24112494837
TYR,346,1.31052149528,1.4125953472
SER,347,1.33411663452,1.44141210088
ALA,348,1.52938184254,1.5331833318
PRO,349,1.28286795783,1.39479534631
PRO,350,1.25091791504,1.40036827831
GLY,351,1.16400740902,1.27423436001
ASP,352,0.979851249026,1.13279937812
PRO,353,0.972844485386,1.14209632205
PRO,354,1.27252256022,1.30013137314
GLN,355,0.98431133388,1.18476542541
PRO,356,1.11805440788,1.2257832301
GLU,357,1.11198402793,1.23129661466
TYR,358,0.985623643837,1.10449376436
ASP,359,0.962146668053,1.12838338081
LEU,360,1.2879359616,1.31273311207
GLU,361,1.16573877722,1.30661826023
LEU,362,1.00302578464,1.23949909266
ILE,363,1.33494473662,1.417714243
THR,364,1.27020857996,1.45924363818
SER,365,1.569907498,1.5620629107
CYS,366,1.61602820803,1.54084575004
SER,367,1.42937996225,1.47408907846
SER,368,1.54237460669,1.58474764335
ASN,369,1.3713766657,1.54194352566
VAL,370,1.37073156469,1.50353658388
SER,371,1.38179877888,1.39123183709
VAL,372,1.11897828568,1.28808973625
ALA,373,1.26231145025,1.31348017349
HIS,374,0.932302726924,1.22809650722
ASP,375,1.061964162,1.2224842393
ALA,376,0.919413048064,1.01239823208
SER,377,0.837241678855,0.845080075217
GLY,378,0.828136254445,0.914159785539
LYS,379,0.892556665094,0.934058853233
ARG,380,0.853006495758,1.05400612223
VAL,381,1.15275572977,1.2217637377
TYR,382,1.097283151,1.34238207069
TYR,383,1.44237855372,1.49215385844
LEU,384,1.51769408251,1.58943625071
THR,385,1.53350419406,1.5735368511
ARG,386,1.5373357089,1.52611612544
ASP,387,1.34669023728,1.40967241774
PRO,388,1.52709646503,1.51356131938
THR,389,1.41103585353,1.44964136278
THR,390,1.4460139698,1.50388150914
PRO,391,1.58380547323,1.59452584436
LEU,392,1.51947710498,1.58673781785
ALA,393,1.48319556368,1.56538336011
ARG,394,1.49038678191,1.60030482356
ALA,395,1.53096407073,1.60887168842
ALA,396,1.47520226716,1.5355751112
TRP,397,1.32216470137,1.48854763168
GLU,398,1.46197902147,1.47554789812
THR,399,1.35760087281,1.38676518437
ALA,400,1.24114198019,1.24682574175
ARG,401,1.10640972169,1.19593619054
HIS,402,0.895848032289,1.14232594746
THR,403,1.26762451375,1.27400480588
PRO,404,1.2279945972,1.29266353403
ILE,405,1.45172567743,1.48742845476
ASN,406,1.39575027806,1.56186258546
SER,407,1.5287874725,1.6177732469
TRP,408,1.52046287491,1.649542726
LEU,409,1.53975979087,1.63206741126
GLY,410,1.58878095555,1.68057441787
ASN,411,1.59104771509,1.69328569507
ILE,412,1.55974245717,1.69425914061
ILE,413,1.54609446081,1.63045836557
MET,414,1.5678738431,1.62907125813
TYR,415,1.58910915691,1.66884896896
ALA,416,1.58942289893,1.64572478672
PRO,417,1.51507066958,1.57007401295
THR,418,1.58479768696,1.58001470912
LEU,419,1.31737595661,1.46497148123
TRP,420,1.59815180806,1.54205838521
ALA,421,1.57652683659,1.66699537988
ARG,422,1.32082656488,1.57775150171
MET,423,1.25258108576,1.48670163465
ILE,424,1.43434720655,1.53420507895
LEU,425,1.55212153074,1.61584315451
MET,426,1.47589309954,1.57170840915
THR,427,1.31285147583,1.50634867144
HIS,428,1.39805514618,1.4622441339
PHE,429,1.48136731321,1.47161359136
PHE,430,1.37264929503,1.43061503547
SER,431,1.15430355981,1.3148865922
ILE,432,1.21610937292,1.26965182807
LEU,433,1.22702831665,1.3021645945
LEU,434,1.04984848791,1.1964543102
ALA,435,0.913163307016,1.01755175432
GLN,436,0.910250010494,0.973005272682
GLU,437,0.661527887007,0.975596427355
GLN,438,0.895910147827,1.09474820488
LEU,439,1.17829205201,1.22016080468
GLU,440,0.872806294517,1.06711080437
LYS,441,0.967868185322,1.09740956322
ALA,442,1.12918527172,1.22748811706
LEU,443,1.30220497273,1.34767026665
ASP,444,1.33187127899,1.47599105464
CYS,445,1.53923963721,1.62378470095
GLN,446,1.52881687379,1.6522989536
ILE,447,1.54736414392,1.61436144307
TYR,448,1.56590042351,1.65309322145
GLY,449,1.61709257962,1.71886546021
ALA,450,1.59326035243,1.676218874
CYS,451,1.49011795293,1.62559610989
TYR,452,1.46702390012,1.5157797454
SER,453,1.24012806401,1.39416160262
ILE,454,1.38993810736,1.37390637546
GLU,455,1.08573040638,1.32937398891
PRO,456,1.30561753086,1.41161922692
LEU,457,1.16869748566,1.32416309904
ASP,458,1.13158917665,1.31880019764
LEU,459,1.47202721359,1.47718920575
PRO,460,1.36176402702,1.42130965268
GLN,461,1.21477697785,1.34370863896
ILE,462,1.3487982344,1.41792536825
ILE,463,1.49445200114,1.52160251179
GLU,464,1.15435319621,1.40678766968
ARG,465,0.994483395721,1.27148860829
LEU,466,1.38349820322,1.39294664463
HIS,467,1.50209997616,1.42738281529
GLY,468,1.17931722655,1.30101942634
LEU,469,1.08329663325,1.26179989402
SER,470,1.2072405607,1.29367139411
ALA,471,1.44172471784,1.48160157651
PHE,472,1.31258163109,1.40339249987
THR,473,1.10226050124,1.29700807928
LEU,474,1.31671209669,1.37286112262
HIS,475,0.939185196424,1.21564699058
SER,476,0.899031111004,1.06412018207
TYR,477,1.29646720167,1.23574208822
SER,478,1.1523253858,1.13624672878
PRO,479,0.854654224983,1.01515867683
GLY,480,1.04474191529,1.10377532642
GLU,481,1.42020343295,1.31371371446
ILE,482,1.04021772344,1.2379039248
ASN,483,0.856685907473,1.12705268698
ARG,484,1.29823022882,1.25419578225
VAL,485,1.35872402452,1.38069181852
ALA,486,1.03455722144,1.21900125732
SER,487,0.992198160884,1.12609295838
CYS,488,1.39236072037,1.31784190491
LEU,489,1.28780544274,1.34078859807
ARG,490,0.862612548216,1.1151024495
LYS,491,1.13737192755,1.11106008019
LEU,492,1.37424945937,1.29335047424
GLY,493,1.09886323581,1.19608880416
VAL,494,1.36277164989,1.33655233431
PRO,495,1.12017733923,1.1384369806
PRO,496,0.9525597484,1.1143520653
LEU,497,1.18180202032,1.20402803617
ARG,498,0.720887534606,1.01151886609
THR,499,0.937140143637,1.08146701698
TRP,500,1.28035624741,1.31700378233
ARG,501,0.874366721614,1.22886396878
HIS,502,0.719782881517,1.05627814802
ARG,503,1.05320569451,1.19173348085
ALA,504,1.23798587573,1.36776855835
ARG,505,0.765541766446,1.16805485685
SER,506,0.868518455494,1.08983293835
VAL,507,1.20987052733,1.27881829155
ARG,508,1.05132105053,1.30874461032
ALA,509,0.839418260281,1.0536852527
LYS,510,0.86091409077,1.05355336724
LEU,511,1.23521794665,1.24074495304
LEU,512,0.954652961307,1.1243977037
SER,513,0.735503610668,0.878651227063
GLN,514,0.85031561793,0.934901384535
GLY,515,0.865252202817,0.921411495964
GLY,516,0.864253549783,0.904070698238
ARG,517,0.890738057841,1.09414797183
ALA,518,1.11487381179,1.23681733444
ALA,519,1.015287752,1.24126767975
THR,520,1.10162187643,1.2332276571
CYS,521,1.35258243477,1.40190457387
GLY,522,1.23797236038,1.38314679887
ARG,523,0.888793094465,1.23680312004
TYR,524,1.17187740726,1.35034374355
LEU,525,1.42237817017,1.45372473687
PHE,526,1.32855084272,1.40443518218
ASN,527,1.04152804111,1.26847107565
TRP,528,1.24483889585,1.2374982478
ALA,529,1.12834129192,1.19935580139
VAL,530,0.908121866673,1.01321749553
ARG,531,0.517039621531,0.824255751984
THR,532,0.576896124438,0.763159278187
LYS,533,0.883267804345,0.939119444494
LEU,534,0.866577258525,0.918428549205
LYS,535,0.604355375976,0.855833545796
LEU,536,1.07223169224,1.00282048359
THR,537,0.742913143319,0.888457919789
PRO,538,0.84738730628,0.963055700747
ILE,539,1.14455598652,1.0244573708
PRO,540,0.758648616871,0.85464484619
ALA,541,0.900364357302,0.917393218561
ALA,542,1.09773995447,1.09356502965
SER,543,0.72957281725,0.857418567836
LEU,547,0.918987267425,1.02674142762
SER,548,0.912996634055,1.06458248574
GLY,549,1.19400504789,1.2476769042
TRP,550,1.36000199145,1.38908328365
PHE,551,1.43691927777,1.49833832146
VAL,552,1.2960304964,1.46568679194
ALA,553,1.60400967625,1.62998867468
GLY,554,1.73370766732,1.72503159421
TYR,555,1.6416114641,1.75970442614
SER,556,1.62176746284,1.74153315059
GLY,557,1.68759986783,1.71962298562
GLY,558,1.67788886706,1.77141142668
ASP,559,1.61672849612,1.6270914877
ILE,560,1.58829873034,1.6288245522
TYR,561,1.33645436556,1.54538793879
HIS,562,1.38211261044,1.35210458168
SER,563,1.00027819971,1.13066000078
