resnam,resnum,wcnSC,wcnCA
SER,1,1.03031018054,1.01326959804
MET,2,0.942308784927,1.19347054969
SER,3,1.36737467545,1.43332396278
TYR,4,1.42439231262,1.35691319577
THR,5,0.912232036759,1.13661425009
TRP,6,1.19442312675,1.13078015958
THR,7,0.92034206938,0.958188365411
GLY,8,0.829694640232,0.906267097123
ALA,9,1.00275347106,0.994188372783
LEU,10,0.874867680021,1.06958013601
ILE,11,1.34991853523,1.28274977393
THR,12,1.14663548006,1.18955386049
PRO,13,1.12055569112,1.17759175565
CYS,14,1.07290930738,1.06890615579
GLY,15,0.914995519317,0.941701587737
PRO,16,0.807979371458,0.919370717328
GLU,17,1.22306581448,1.084319318
GLU,18,0.927169294847,1.06800285864
GLU,19,0.932062461009,1.1473381905
LYS,20,0.845189606099,1.13711600876
LEU,21,1.23651270267,1.21594334821
PRO,22,1.0114862302,1.01836243321
ILE,23,0.776211373236,0.941365829832
ASN,24,0.953491034894,0.984219072602
PRO,25,0.773802511709,0.951123036376
LEU,26,1.05772655274,1.10179928387
SER,27,1.21599692229,1.31120000029
ASN,28,0.884359855386,1.20118590791
SER,29,1.05804681881,1.14874622077
LEU,30,1.41808702943,1.35283552303
MET,31,1.32267741358,1.37519553121
ARG,32,0.896459171939,1.14566684751
PHE,33,0.894080431735,1.11696737147
HIS,34,0.893898635331,1.17804384494
ASN,35,0.775608562109,1.01649182325
LYS,36,0.968266916167,1.15665111072
VAL,37,1.29070755363,1.35264109703
TYR,38,1.18728664429,1.33161124655
SER,39,1.27318352991,1.41225215315
THR,40,1.39218164833,1.41268944856
THR,41,1.22599171031,1.33977258168
SER,42,1.23948997491,1.31678855092
ARG,43,0.952978530197,1.08403359268
SER,44,1.18225661767,1.22042468012
ALA,45,1.32390659278,1.37104989131
SER,46,0.969322280536,1.17073528384
LEU,47,1.00750672055,1.14946222293
ARG,48,1.31723838527,1.35206500031
ALA,49,1.22398932072,1.32452001639
LYS,50,0.82472052608,1.14150618061
LYS,51,1.05142014436,1.19713216761
VAL,52,1.38796286105,1.37356678118
THR,53,1.13431072193,1.28210925038
PHE,54,1.21298130666,1.1519192529
ASP,55,0.811860253849,1.10894773599
ARG,56,1.27238459881,1.2057615332
VAL,57,0.803932343189,1.04933735157
GLN,58,1.25444571733,1.18285148266
VAL,59,0.81147726884,1.03710693918
LEU,60,1.12047017998,1.0876207329
ASP,61,1.00183718156,0.999509002818
ALA,62,0.775339919631,0.952629488228
HIS,63,0.994597721756,1.15453567496
TYR,64,1.32185032942,1.3139585076
ASP,65,0.866749791747,1.13190188997
SER,66,0.870029471382,1.08680653239
VAL,67,1.27309368471,1.29515259041
LEU,68,1.21626518638,1.31390543399
GLN,69,0.821818967131,1.1189948887
ASP,70,0.925962326725,1.15197364947
VAL,71,1.35356097535,1.36504321639
LYS,72,1.10291855026,1.28195365222
ARG,73,0.726886566938,1.09163000776
ALA,74,1.12177343261,1.21649882208
ALA,75,1.32168372156,1.37026522775
SER,76,0.86196244932,1.13708102068
LYS,77,0.978255803944,1.0226281525
VAL,78,1.23946972563,1.19641214239
SER,79,0.901389545902,1.1154566715
ALA,80,1.27069858671,1.21205394202
ARG,81,0.996887035573,1.13711550566
LEU,82,1.16134010438,1.23130000077
LEU,83,1.27764638025,1.25659537247
THR,84,0.987313941498,1.10361203165
VAL,85,1.14648861605,1.20506322683
GLU,86,0.902245024337,1.12833010729
GLU,87,1.0600825196,1.22663162209
ALA,88,1.40039891596,1.46423486607
CYS,89,1.26459710841,1.41949402424
ALA,90,1.09260425123,1.30430962433
LEU,91,1.3994505565,1.48880471259
THR,92,1.46988307349,1.5328916434
PRO,93,1.52671875631,1.51267363953
PRO,94,1.2725664632,1.30438418134
HIS,95,1.13250803886,1.29610159064
SER,96,1.51453195395,1.43520072233
ALA,97,1.29686068105,1.32880593787
LYS,98,0.978311353576,1.28896049578
SER,99,1.25806775536,1.28760186194
ARG,100,1.04251376982,1.05559618474
TYR,101,0.990540513812,0.990872691097
GLY,102,0.86569764152,0.9289957716
PHE,103,1.23014540431,1.10050445569
GLY,104,1.21183154569,1.27392695575
ALA,105,1.30879914754,1.37290702231
LYS,106,0.860104804125,1.15393050884
GLU,107,1.00188123416,1.17529943412
VAL,108,1.36478809466,1.35328553664
ARG,109,1.17201263271,1.25927543
SER,110,0.849158445228,1.01712833434
LEU,111,0.946331906712,1.07728724148
SER,112,0.858936985515,1.00354044925
ARG,113,0.579357973685,0.896151954876
ARG,114,0.745545067759,0.957721756042
ALA,115,1.17086478582,1.21736342524
VAL,116,0.993662221301,1.16919830454
ASN,117,0.720353263477,1.01908410855
HIS,118,0.932129195113,1.14457971019
ILE,119,1.30625077223,1.32065512264
ARG,120,0.861942213522,1.13192935192
SER,121,0.847267460652,1.07121821912
VAL,122,1.23471889825,1.25810197562
TRP,123,1.21762560157,1.27200966801
GLU,124,0.767425680695,1.06751980442
ASP,125,0.940692341744,1.10705615774
LEU,126,1.3183118199,1.28616447561
LEU,127,0.96700132411,1.11914014065
GLU,128,0.666275921799,0.934499101502
ASP,129,0.900882645116,1.00228471958
GLN,130,0.946943085399,1.13071664487
HIS,131,0.806981889249,1.05092426751
THR,132,0.888583310717,1.01915233871
PRO,133,1.01513764537,1.22812651916
ILE,134,1.29489913045,1.30658688649
ASP,135,1.15492625785,1.29954870628
THR,136,1.44468533166,1.51216009473
THR,137,1.2944937885,1.4827365292
ILE,138,1.43807273733,1.52555924025
MET,139,1.30636736322,1.47124946327
ALA,140,1.41732978007,1.50820696344
LYS,141,1.43614365997,1.47861451106
ASN,142,1.27719524862,1.41989930116
GLU,143,1.44498727303,1.44397643804
VAL,144,1.38577888456,1.47583686619
PHE,145,1.36396594292,1.42444625932
CYS,146,1.26666859144,1.34400413167
ILE,147,0.972054354551,1.13082814988
ASP,148,0.930996682805,0.957335418154
LYS,154,0.953746009675,1.03767064168
LYS,155,1.23017015781,1.17166803483
PRO,156,1.20552391575,1.29361567986
ALA,157,1.4321627925,1.47001888649
ARG,158,1.41182277822,1.47208429363
LEU,159,1.42309866734,1.54013289773
ILE,160,1.55480139434,1.59571043667
VAL,161,1.56481614209,1.64320876375
TYR,162,1.44910201462,1.63026268221
PRO,163,1.53832158403,1.54080707536
ASP,164,1.30789654652,1.42376992001
LEU,165,1.44617176119,1.49203084279
GLY,166,1.40965945813,1.43647119747
VAL,167,1.44176935118,1.51291280815
ARG,168,1.53575304556,1.61982791487
VAL,169,1.48150925712,1.57205890261
CYS,170,1.40209300158,1.53522621617
GLU,171,1.59881781017,1.62030294146
LYS,172,1.56015760973,1.62383519194
MET,173,1.33497878692,1.50984197577
ALA,174,1.44140911379,1.50178096636
LEU,175,1.56364172653,1.57630137796
TYR,176,1.41998184448,1.54984291931
ASP,177,1.22066902638,1.40364529778
ILE,178,1.45797860283,1.50775773912
ALA,179,1.57759263939,1.59650721054
GLN,180,1.24732313976,1.42439731034
LYS,181,1.1267324533,1.37087125172
LEU,182,1.48668332137,1.5090109989
PRO,183,1.55949417773,1.58128488599
LYS,184,1.19388812931,1.44662203225
ALA,185,1.22005785064,1.32735421442
ILE,186,1.45951137134,1.42691586935
MET,187,1.53369433479,1.45283767213
GLY,188,1.22783900945,1.30038160036
PRO,189,1.16311148937,1.29396825042
SER,190,1.41943146628,1.5301843204
TYR,191,1.53730242433,1.63073788219
GLY,192,1.61086339475,1.66648264462
PHE,193,1.66704764199,1.66455226728
GLN,194,1.3565381299,1.49678476145
TYR,195,1.37862907453,1.51777712328
SER,196,1.45086507074,1.52456381329
PRO,197,1.56759037709,1.58821665703
ALA,198,1.32696833564,1.48999289515
GLU,199,1.24790591135,1.42959668298
ARG,200,1.55647935845,1.56852656515
VAL,201,1.3729897521,1.53103331225
ASP,202,1.07874466374,1.33774797117
PHE,203,1.33093819702,1.38449421574
LEU,204,1.4425167926,1.46298848355
LEU,205,1.16160647344,1.3106337305
LYS,206,0.956841209032,1.19089833488
ALA,207,1.2786128139,1.2987572912
TRP,208,1.1879937644,1.29756692442
GLY,209,0.930597625594,1.07576153654
SER,210,0.985109174319,1.01220695708
LYS,211,1.11435448538,1.0713848101
LYS,212,0.708969198074,0.846228968801
ASP,213,0.744944552205,0.965900324147
PRO,214,1.02226703438,1.22581551684
MET,215,1.27456169299,1.33196844239
GLY,216,1.34949549787,1.47672787344
PHE,217,1.41269899634,1.48603178621
SER,218,1.40868899645,1.54152633842
TYR,219,1.45140367291,1.52132610996
ASP,220,1.26745464259,1.47779877499
THR,221,1.51140908663,1.552642819
ARG,222,1.13923022785,1.42151290291
CYS,223,1.34948229482,1.4633816769
PHE,224,1.63001826598,1.60659119472
ASP,225,1.58743899785,1.64317698653
SER,226,1.49712064262,1.57651587569
THR,227,1.47491274147,1.55053746619
VAL,228,1.60346314804,1.60497318694
THR,229,1.33774823377,1.47233276716
GLU,230,1.15482906692,1.38126738498
ARG,231,1.00999156164,1.27131245561
ASP,232,1.48746733432,1.48414463912
ILE,233,1.48023673782,1.56968697001
ARG,234,1.09712742883,1.38348532058
THR,235,1.28407422222,1.39426894431
GLU,236,1.59809776669,1.55524406864
GLU,237,1.27219554999,1.47380355918
SER,238,1.16658598165,1.30397529787
ILE,239,1.42809341989,1.44233722521
TYR,240,1.52912604242,1.45842951965
GLN,241,1.13171257093,1.27425962337
ALA,242,1.13177266411,1.22466952054
CYS,243,1.30921032928,1.30136800848
SER,244,0.854520402546,1.08126563824
LEU,245,1.23511981936,1.14549491843
PRO,246,1.02402044905,1.00746955288
GLN,247,0.685727814357,0.96122542905
GLU,248,0.940669222909,1.05811087251
ALA,249,1.25654224161,1.29898666137
ARG,250,0.977265203492,1.24643708359
THR,251,0.948897109497,1.19818018802
VAL,252,1.32400629786,1.39239284152
ILE,253,1.39428963743,1.46801510573
HIS,254,1.05308074621,1.34153372223
SER,255,1.25315642904,1.41461912661
LEU,256,1.48575333787,1.52868853332
THR,257,1.38720549815,1.52744493687
GLU,258,1.10587064048,1.34704551986
ARG,259,1.16956255573,1.43182836399
LEU,260,1.53095511727,1.55402224585
TYR,261,1.60870737196,1.61425176095
VAL,262,1.31060046538,1.5116891165
GLY,263,1.41675631338,1.50754573734
GLY,264,1.35769263367,1.39134218019
PRO,265,1.1511865584,1.31531331606
MET,266,1.40632487198,1.44589268002
THR,267,1.13593663393,1.35660286684
ASN,268,1.180184566,1.3352798139
SER,269,1.13144715799,1.19141986531
LYS,270,0.885585933432,0.971801562579
GLY,271,0.925636235448,1.003053124
GLN,272,0.889290498058,1.0095224477
SER,273,0.89157878002,1.09460931793
CYS,274,1.2552117171,1.26760212079
GLY,275,1.17328657633,1.29927754919
TYR,276,1.11212315925,1.31659953692
ARG,277,1.54677709456,1.47787153501
ARG,278,1.04456327132,1.44513474166
CYS,279,1.48829060856,1.60951365632
ARG,280,1.70036169781,1.67571253836
ALA,281,1.67071943496,1.68079730612
SER,282,1.61949138176,1.69722068273
GLY,283,1.7076862941,1.74993950805
VAL,284,1.71538291066,1.74179750965
PHE,285,1.63815089238,1.74237045057
THR,286,1.68336868072,1.73680386973
THR,287,1.74694376543,1.80292737512
SER,288,1.72173903977,1.80826127349
MET,289,1.67739740631,1.75939513006
GLY,290,1.71835394805,1.7476393538
ASN,291,1.72014764331,1.79196321745
THR,292,1.70295517965,1.82562471215
MET,293,1.61074122896,1.69378351467
THR,294,1.6048264276,1.66990589916
CYS,295,1.63019562256,1.71401698627
TYR,296,1.46434038371,1.6608720811
ILE,297,1.44945291368,1.56555111837
LYS,298,1.50501120318,1.57372168725
ALA,299,1.5703835746,1.59334766638
LEU,300,1.31064183878,1.47220263894
ALA,301,1.33264995289,1.44727438904
ALA,302,1.47875582169,1.48853873668
CYS,303,1.394134987,1.4184036574
LYS,304,1.03273314014,1.21361445539
ALA,305,1.16013975102,1.17280108166
ALA,306,1.23807707029,1.24386708877
GLY,307,0.983572953435,1.0662580869
ILE,308,1.30557576817,1.24023683204
VAL,309,0.93438949795,1.09105224871
ASP,310,0.890739390895,1.07505290497
PRO,311,1.2157404231,1.32505375845
VAL,312,1.24994226071,1.36356733751
MET,313,1.49010421199,1.54650583258
LEU,314,1.55535339709,1.64300461978
VAL,315,1.62799377904,1.74256116802
CYS,316,1.68803167683,1.74261249017
GLY,317,1.70551542595,1.79509801626
ASP,318,1.53334678616,1.67996388761
ASP,319,1.54361674114,1.66476290013
LEU,320,1.57448998085,1.68661345955
VAL,321,1.53821105544,1.6452841068
VAL,322,1.47393150176,1.56821084053
ILE,323,1.3646156684,1.49073425994
SER,324,1.2579741419,1.36021350382
GLU,325,0.961150145415,1.16210426008
SER,326,1.02871041619,1.12052213375
GLN,327,0.904078959238,0.943857167531
GLY,328,0.846477090904,0.873698995717
ASN,329,0.71298421207,0.877663968629
GLU,330,0.629468049761,0.841880423425
GLU,331,0.729512903709,0.954262220356
ASP,332,1.13449547091,1.16602939879
GLU,333,0.788303013657,1.08257387887
ARG,334,0.776753830003,1.02271143528
ASN,335,1.03979227023,1.20795524258
LEU,336,1.24504383122,1.31689623021
ARG,337,0.946534767245,1.16068380716
ALA,338,1.03419212291,1.20176047856
PHE,339,1.46420599599,1.42694220246
THR,340,1.22278392393,1.36247503738
GLU,341,0.854392644547,1.19224411034
ALA,342,1.28104336039,1.33525106333
MET,343,1.52235097233,1.50808535582
THR,344,1.08697609346,1.37664102391
ARG,345,0.888527216588,1.24054603994
TYR,346,1.31044992299,1.41090462049
SER,347,1.317414349,1.4402069256
ALA,348,1.52835875533,1.53443925326
PRO,349,1.25816926039,1.38129994307
PRO,350,1.21462474541,1.37231818821
GLY,351,1.16943228926,1.2672611179
ASP,352,1.02606739442,1.1579284296
LEU,353,1.01465522374,1.1559362566
PRO,354,1.26586092325,1.29881636608
ARG,355,0.926742190765,1.1750261922
PRO,356,1.09812250899,1.23027572107
GLU,357,1.09236457451,1.23292967722
TYR,358,0.985763282527,1.12161940019
ASP,359,0.998078275704,1.13117899993
LEU,360,1.27836194907,1.30867392247
GLU,361,1.24367283865,1.32949183881
LEU,362,1.07597104903,1.26986549572
ILE,363,1.35510069584,1.4396984605
THR,364,1.32470769923,1.50843864329
SER,365,1.56608178297,1.59977960525
CYS,366,1.6096547508,1.5612817956
SER,367,1.4721264494,1.48469837075
SER,368,1.5853868754,1.60549361149
ASN,369,1.39788446056,1.573163479
VAL,370,1.39024194526,1.52901501003
SER,371,1.39636450862,1.41781169421
VAL,372,1.12837521109,1.31371139829
ALA,373,1.23766234525,1.3002440739
LEU,374,0.923014923106,1.21318250981
ASP,375,1.04453152408,1.23660777536
SER,376,0.894229518226,1.01957260052
ARG,377,0.754754894231,0.854682535416
GLY,378,0.784542665605,0.895388407463
ARG,379,0.855664654435,0.944630860256
ARG,380,0.861795166955,1.05784578281
ARG,381,1.11661069408,1.23505881637
TYR,382,1.11517500956,1.36348840148
PHE,383,1.43079390213,1.52141366277
LEU,384,1.56017862451,1.61710815597
THR,385,1.54003032036,1.59040416322
ARG,386,1.5387752029,1.53586861892
ASP,387,1.3373201901,1.41828462018
PRO,388,1.51896569949,1.51683297071
THR,389,1.40467724961,1.45904997576
THR,390,1.43531597673,1.50688967704
PRO,391,1.56683995765,1.5934998392
ILE,392,1.49053891146,1.57684965231
THR,393,1.43545980026,1.55190730129
ARG,394,1.45618309829,1.58144472745
ALA,395,1.50385367095,1.5891372058
ALA,396,1.40980400557,1.50519203951
TRP,397,1.26270625082,1.44790346026
GLU,398,1.40999551648,1.46258507072
THR,399,1.30503518141,1.35064960617
VAL,400,1.14679888245,1.19056748362
ARG,401,0.979211935357,1.18620877613
HIS,402,1.11713736541,1.21433822901
SER,403,1.31622633576,1.29826709429
PRO,404,1.22839748754,1.2630490902
VAL,405,1.45778597115,1.48045010843
ASN,406,1.40434593022,1.5377556536
SER,407,1.50021969294,1.60035289158
TRP,408,1.50103813953,1.63059735677
LEU,409,1.52860545654,1.61797069276
GLY,410,1.5935314613,1.67942779966
ASN,411,1.58850424754,1.6869707448
ILE,412,1.55761791524,1.68232721149
ILE,413,1.57233050887,1.63294892803
GLN,414,1.62084680797,1.63522454282
TYR,415,1.62996336239,1.67130521047
ALA,416,1.59574318511,1.65153930013
PRO,417,1.52576564105,1.57977932137
THR,418,1.56788873666,1.57687368989
ILE,419,1.31506044427,1.47082892042
TRP,420,1.58381351461,1.54381837953
VAL,421,1.57381481209,1.65813262379
ARG,422,1.31793109584,1.56866183808
MET,423,1.25027985379,1.4868487495
VAL,424,1.42537987518,1.52417757439
ILE,425,1.53143929498,1.59980513556
MET,426,1.47970084227,1.57130925981
THR,427,1.3131296984,1.49775383391
HIS,428,1.38513427973,1.4390843399
PHE,429,1.47653758076,1.46698474768
PHE,430,1.38676103572,1.43006845114
SER,431,1.15223690849,1.30064489146
ILE,432,1.22423989097,1.26400161503
LEU,433,1.26970306028,1.30577093407
LEU,434,1.10932586305,1.17714509914
ALA,435,0.884320110381,1.00371856744
GLN,436,1.0072255893,0.992251061697
ASP,437,0.722825857321,0.979118481762
THR,438,0.99682236595,1.09030177622
LEU,439,1.19016625593,1.22038243288
ASN,440,0.908986417757,1.08516799363
GLN,441,0.920817936322,1.1008846755
ASN,442,1.1065893636,1.22493305246
LEU,443,1.29499756619,1.34429854544
ASN,444,1.31620603869,1.48249883863
PHE,445,1.54493418533,1.63283239994
GLU,446,1.51402819235,1.6581442975
MET,447,1.58168398003,1.64506987155
TYR,448,1.57346730032,1.6638426152
GLY,449,1.68270100156,1.76704733788
ALA,450,1.63943936814,1.74051213126
VAL,451,1.5149485866,1.65802221041
TYR,452,1.48804611104,1.52494794401
SER,453,1.23962793784,1.39454996182
VAL,454,1.40252438172,1.37224014724
ASN,455,1.16567958571,1.32339035888
PRO,456,1.34008001949,1.39788690806
LEU,457,1.20528990769,1.30628980118
ASP,458,1.13312566459,1.31067310288
LEU,459,1.47737426422,1.47898305763
PRO,460,1.36816125748,1.44077174039
ALA,461,1.2610836124,1.39742432585
ILE,462,1.40539437326,1.46463453223
ILE,463,1.51270394632,1.55675603352
GLU,464,1.2245081931,1.46421037874
ARG,465,1.07716522548,1.36623924579
LEU,466,1.4457112784,1.43906408973
HIS,467,1.52369814168,1.46725113549
GLY,468,1.22080845803,1.33545235216
LEU,469,1.10572935987,1.28001913405
GLU,470,1.19573970205,1.3266471777
ALA,471,1.43082024992,1.50145807971
PHE,472,1.33025887016,1.41364660597
SER,473,1.09675652646,1.30924965901
LEU,474,1.29535843729,1.36747049284
HIS,475,0.928240375823,1.18603241085
THR,476,0.876451666223,1.0502991121
TYR,477,1.30113289079,1.2326982192
SER,478,1.16968627193,1.15430772863
PRO,479,0.84568848518,1.03117978292
HIS,480,0.99695556985,1.13370322107
GLU,481,1.41856545797,1.33575590226
LEU,482,1.07199483719,1.24199802262
SER,483,0.904506463188,1.1342651466
ARG,484,1.31295945433,1.28327067101
VAL,485,1.34462902827,1.38315253763
ALA,486,0.999321662254,1.20636139198
ALA,487,1.01217138308,1.16329718174
THR,488,1.40104027952,1.35327496641
LEU,489,1.25361852073,1.34019497198
ARG,490,0.748766479399,1.11597075865
LYS,491,1.13741052116,1.13591396414
LEU,492,1.35859930583,1.30437860268
GLY,493,1.06469534493,1.18649388449
ALA,494,1.29114588105,1.31742585079
PRO,495,1.14817675708,1.13069852462
PRO,496,0.945869461352,1.09661002707
LEU,497,1.17351011581,1.19147415344
ARG,498,0.734563775693,1.02429733468
ALA,499,0.982919698955,1.08165663375
TRP,500,1.30832909501,1.30683484138
LYS,501,0.917644197618,1.22575280826
SER,502,0.836936763156,1.04148889811
ARG,503,1.04725503901,1.16682978768
ALA,504,1.24370719698,1.35015413481
ARG,505,0.749763114237,1.15710462892
ALA,506,0.877718404064,1.07257440091
VAL,507,1.20440054996,1.27763991724
ARG,508,0.988781644892,1.31774531844
ALA,509,0.86515217481,1.0731150694
SER,510,0.953513251301,1.08609057403
LEU,511,1.27109173432,1.27767699251
ILE,512,0.95677028804,1.15205571237
ALA,513,0.73769738428,0.907313983998
GLN,514,0.870277207069,0.950095745207
GLY,515,0.861128313262,0.944513586164
ALA,516,0.796703926078,0.904880473606
ARG,517,1.00822714221,1.09793270735
ALA,518,1.12506082137,1.25094512393
ALA,519,1.00346585656,1.25563963782
ILE,520,1.06321006432,1.2269217834
CYS,521,1.34864559308,1.40935314127
GLY,522,1.23462069301,1.40491416888
ARG,523,0.890821052943,1.25016638994
TYR,524,1.17953318476,1.35205219946
LEU,525,1.43514914319,1.4593996338
PHE,526,1.33265828144,1.41365612044
ASN,527,1.06150345498,1.27959741359
TRP,528,1.25736789992,1.23815283857
ALA,529,1.14195745845,1.20705139579
VAL,530,0.921476856906,1.01629672923
LYS,531,0.529887749419,0.802025974106
THR,532,0.593965528854,0.770296840805
LYS,533,0.848763054622,0.939224817356
LEU,534,0.872284811522,0.917145281611
LYS,535,0.632715302415,0.85900859054
LEU,536,1.10098086932,1.00887073694
THR,537,0.787005518627,0.9069062535
PRO,538,0.872321958156,0.984003226864
LEU,539,1.171395934,1.06255200582
PRO,540,0.801268762461,0.916869538577
GLU,541,0.989010329659,1.03310879026
ALA,542,1.19787876594,1.25290090877
SER,543,0.830922122681,1.0095997286
ARG,544,0.6843927324,0.941889267866
LEU,545,1.12483833907,1.10149902437
ASP,546,0.931434992364,1.06885716256
LEU,547,1.30833927878,1.27567974182
SER,548,1.09003211992,1.2716238556
GLY,549,1.24993264857,1.31549702307
TRP,550,1.42288639381,1.48593618981
PHE,551,1.48792783006,1.57268168965
THR,552,1.47077414037,1.59135889655
VAL,553,1.65834665207,1.69731485361
GLY,554,1.7451254075,1.78818371007
ALA,555,1.75362592103,1.80888889313
GLY,556,1.78704546477,1.82125286424
GLY,557,1.67350067519,1.65400886461
GLY,558,1.69244181173,1.73425550134
ASP,559,1.61921290096,1.66603927911
ILE,560,1.62941796026,1.66934247888
TYR,561,1.34805806099,1.58342124979
HIS,562,1.40544385651,1.38277917157
SER,563,1.08989382246,1.11685240437
