resnam,resnum,wcnSC,wcnCA
SER,1,1.03590515408,1.01232553516
MET,2,0.92787297629,1.19827367192
SER,3,1.38645012476,1.43483101382
TYR,4,1.43652689309,1.36369879975
SER,5,0.96533616227,1.14285142261
TRP,6,1.2048337226,1.13697028803
THR,7,0.945777757592,0.974492310986
GLY,8,0.82387486465,0.908612553918
ALA,9,1.00721337284,1.00960866861
LEU,10,0.967220912891,1.06499812031
ILE,11,1.35634833337,1.2841553232
THR,12,1.16207082507,1.19079360273
PRO,13,1.13910889099,1.18750777948
CYS,14,1.07963096989,1.06870197012
SER,15,0.942195835225,0.991564927465
PRO,16,0.820509947516,0.944177605147
GLU,17,1.23110746251,1.09856335522
GLU,18,0.944017350964,1.10260777655
GLU,19,0.972459151951,1.21332215129
LYS,20,0.862864259303,1.14830088747
LEU,21,1.27913592048,1.25991433402
PRO,22,1.06611743717,1.06613116409
ILE,23,0.822791824929,1.00772650871
ASN,24,0.966341622619,1.01612260504
PRO,25,0.80599478848,0.970924404379
LEU,26,1.04157224579,1.14681056572
SER,27,1.31795248085,1.36008527205
ASN,28,0.952359622906,1.23623370423
SER,29,1.10484290921,1.18007785897
LEU,30,1.46515897138,1.38444481762
LEU,31,1.36261014049,1.39428582796
ARG,32,0.819617053811,1.15781467383
TYR,33,0.897903326033,1.15119187927
HIS,34,0.947953782547,1.21886678227
ASN,35,0.815083135372,1.06306778251
LYS,36,1.01116112673,1.21922308605
VAL,37,1.35814334724,1.41999578383
TYR,38,1.24897948386,1.38775709714
CYS,39,1.31020318181,1.46102903067
THR,40,1.3983613061,1.45662770761
THR,41,1.24122289371,1.37439847422
SER,42,1.28174922705,1.33319809765
LYS,43,0.987635141324,1.11044684942
SER,44,1.21230904332,1.2596173853
ALA,45,1.3497373268,1.39874035395
SER,46,0.982169892284,1.19388198702
GLN,47,0.976200019766,1.16652814588
ARG,48,1.35596587787,1.37669029206
ALA,49,1.22882040304,1.33975612687
LYS,50,0.866106744034,1.14958416776
LYS,51,1.1177952377,1.21429680399
VAL,52,1.40368623787,1.38557439258
THR,53,1.13689225704,1.29399574717
PHE,54,1.24158476838,1.173113218
ASP,55,0.842343135381,1.11729004049
ARG,56,1.29615431581,1.21718628604
THR,57,0.817729178283,1.06414121889
GLN,58,1.26622674795,1.17812383899
VAL,59,0.811040552106,1.03610363151
LEU,60,1.13805033747,1.10431314642
ASP,61,1.01860021918,1.0095204578
ALA,62,0.760373518889,0.94918325104
HIS,63,0.977799766488,1.15334426161
TYR,64,1.32958067646,1.31518639739
ASP,65,0.872318663979,1.13262688078
SER,66,0.946948564094,1.08909377272
VAL,67,1.28593810759,1.290601966
LEU,68,1.23641920228,1.32330163861
LYS,69,0.807057037984,1.12399549323
ASP,70,0.922973123403,1.15410779951
ILE,71,1.3731539685,1.37625857331
LYS,72,1.1322987954,1.2979458803
LEU,73,0.851654035253,1.10087645899
ALA,74,1.13638880724,1.22570976887
ALA,75,1.33941851078,1.3964065115
SER,76,0.888883164566,1.17760384426
LYS,77,0.975328059288,1.04270601565
VAL,78,1.26455131504,1.22457436121
SER,79,0.882267116392,1.12175682154
ALA,80,1.29470250083,1.24896489455
ARG,81,0.985432591357,1.1691201953
LEU,82,1.14935330372,1.25426765082
LEU,83,1.30742956638,1.30168544213
THR,84,0.989080511009,1.13691628433
LEU,85,1.16919446434,1.22240642886
GLU,86,0.922338651667,1.15411940278
GLU,87,1.08128813966,1.25822344458
ALA,88,1.41005759769,1.49559371604
CYS,89,1.31384044354,1.44422460233
GLN,90,1.0648532455,1.33518695016
LEU,91,1.43450339634,1.51788606265
THR,92,1.50714089743,1.55879411098
PRO,93,1.55359770456,1.53899075579
PRO,94,1.32689100334,1.32998443406
HIS,95,1.16423764606,1.31891020701
SER,96,1.53629176559,1.45665251243
ALA,97,1.31199838392,1.34476390001
ARG,98,0.961964114669,1.31081977153
SER,99,1.30681582327,1.30173170385
LYS,100,1.03964470373,1.0645485249
TYR,101,1.02432654081,1.00933896107
GLY,102,0.890628084587,0.936220826299
PHE,103,1.25931793014,1.121305589
GLY,104,1.2046373462,1.28763134127
ALA,105,1.32017246344,1.39076663858
LYS,106,0.901509672062,1.16962874738
GLU,107,0.998353944424,1.18717108057
VAL,108,1.40051238078,1.36695993294
ARG,109,1.21003108852,1.27783451062
SER,110,0.902977656418,1.0410810452
LEU,111,1.01799618802,1.08417079627
SER,112,0.984973310698,1.01301173109
GLY,113,0.806116983371,0.881520498186
ARG,114,0.746487289994,0.961703457083
ALA,115,1.2144516488,1.21925528678
VAL,116,1.01393168606,1.15899543675
ASN,117,0.73738812222,1.01406270142
HIS,118,1.1412089489,1.13962948485
ILE,119,1.33443970184,1.32008017704
LYS,120,0.90810126056,1.13270299948
SER,121,0.907166313198,1.07170752679
VAL,122,1.25005947634,1.25412419999
TRP,123,1.24266283626,1.28781122537
LYS,124,0.77118121017,1.07486505318
ASP,125,0.944248175485,1.10436454424
LEU,126,1.32569955805,1.29569011629
LEU,127,1.0084900472,1.12467814087
GLU,128,0.642974069784,0.928128178825
ASP,129,0.935320502841,1.01750883027
PRO,130,0.941229418371,1.13675153857
GLN,131,0.789861819424,1.0228389075
THR,132,0.89936897264,1.01943578948
PRO,133,1.03160343103,1.23666030459
ILE,134,1.32394256744,1.32031141585
PRO,135,1.11479369482,1.31034122016
THR,136,1.4518249498,1.51907607203
THR,137,1.29329112481,1.49274393916
ILE,138,1.44780072671,1.54077571293
MET,139,1.32275025332,1.48693751214
ALA,140,1.43770853766,1.52454821595
LYS,141,1.45189501244,1.50425654514
ASN,142,1.30352073882,1.4526290119
GLU,143,1.458942237,1.48440313078
VAL,144,1.43687466486,1.52925805231
PHE,145,1.41147468723,1.48318372998
CYS,146,1.32400174794,1.41450702547
VAL,147,1.08929629406,1.25222356722
ASP,148,1.11662568639,1.15772307796
PRO,149,0.894089992912,0.985808440363
ALA,150,0.859868634965,0.898748696738
LYS,151,1.0608938004,1.01413196696
GLY,152,0.889122706326,0.970951549785
GLY,153,1.01003029114,1.09198445296
LYS,154,1.02424155238,1.17797439203
LYS,155,1.25767222123,1.25580641871
PRO,156,1.2471146575,1.3383982188
ALA,157,1.44835657038,1.50642537896
ARG,158,1.44362645076,1.49625126824
LEU,159,1.43831179284,1.55338037096
ILE,160,1.5309779109,1.60339799236
VAL,161,1.5583379062,1.6529913494
TYR,162,1.44649954517,1.62917772191
PRO,163,1.54885804805,1.54255732011
ASP,164,1.33478060768,1.43008902759
LEU,165,1.47413850922,1.50324502815
GLY,166,1.44494702256,1.4426091746
VAL,167,1.46214322893,1.51523493009
ARG,168,1.55440273057,1.623089777
VAL,169,1.49934695388,1.57828478591
CYS,170,1.40873580705,1.54674718882
GLU,171,1.61665110306,1.63570470361
LYS,172,1.56307916975,1.64609498594
MET,173,1.30259757075,1.52541833616
ALA,174,1.46936463266,1.52776972904
LEU,175,1.58117764997,1.601213447
TYR,176,1.51825816132,1.60204418781
ASP,177,1.24967284838,1.45237605735
ILE,178,1.4898286402,1.55800659759
THR,179,1.65804231983,1.64474099442
GLN,180,1.45011699729,1.48841842921
LYS,181,1.16974875889,1.40555613814
LEU,182,1.51954858058,1.53750714749
PRO,183,1.59197547358,1.60607095864
GLN,184,1.24570179444,1.46738762561
ALA,185,1.27658427819,1.35798019743
VAL,186,1.47009647385,1.45072647036
MET,187,1.56425999992,1.45726179702
GLY,188,1.22952059019,1.34341689079
ALA,189,1.21140782962,1.32833374832
SER,190,1.43064079264,1.55788932937
TYR,191,1.61908068438,1.65604866163
GLY,192,1.66137333409,1.69642654628
PHE,193,1.74757734765,1.71151392824
GLN,194,1.41776883083,1.59226528816
TYR,195,1.4261028855,1.57461030107
SER,196,1.47805906489,1.56700001349
PRO,197,1.61930238324,1.62101474644
ALA,198,1.35515996823,1.50648210283
GLN,199,1.28531744262,1.46316303325
ARG,200,1.62870317133,1.59672945461
VAL,201,1.382199364,1.54493592431
GLU,202,1.07168488595,1.34365113594
TYR,203,1.37485694479,1.40401577966
LEU,204,1.45386033031,1.48407602712
LEU,205,1.14238544382,1.31769715222
LYS,206,0.980769745786,1.20457613529
ALA,207,1.32900843098,1.32975700809
TRP,208,1.18798038717,1.30112930496
ALA,209,0.876407893706,1.07576102935
GLU,210,1.0133907698,1.01396543869
LYS,211,1.13515483521,1.09648314251
LYS,212,0.689102423998,0.867106094729
ASP,213,0.76872808282,0.98179389065
PRO,214,1.03114992776,1.2421995468
MET,215,1.28183444423,1.34543232737
GLY,216,1.36402661801,1.49325602458
PHE,217,1.43150840988,1.50149573299
SER,218,1.39159883582,1.5510677639
TYR,219,1.46576021188,1.54796403809
ASP,220,1.30208794689,1.50057853919
THR,221,1.5242658463,1.56829168917
ARG,222,1.13243212502,1.43036721369
CYS,223,1.37584258722,1.47602735045
PHE,224,1.65804505496,1.62150422863
ASP,225,1.62558681461,1.65743523883
SER,226,1.51518169767,1.58469690238
THR,227,1.49206994009,1.55824142786
VAL,228,1.62507659322,1.61875403978
THR,229,1.3536360244,1.47650020494
GLU,230,1.15607531755,1.39278895099
ARG,231,1.02784776791,1.27860561063
ASP,232,1.50073973035,1.49914547204
ILE,233,1.48486008101,1.58284450193
ARG,234,1.08875498954,1.39368441307
THR,235,1.30370961661,1.39546789299
GLU,236,1.61477880814,1.56718825679
GLU,237,1.26602831241,1.48368157561
SER,238,1.16615958603,1.31102051507
ILE,239,1.43509827161,1.46025846607
TYR,240,1.54259651339,1.48220690573
GLN,241,1.14684521899,1.29856012507
ALA,242,1.15053762855,1.248962418
CYS,243,1.32614633286,1.32550456351
SER,244,0.851716524995,1.09671617394
LEU,245,1.2472736714,1.17109061061
PRO,246,1.00780104818,1.01147855952
GLU,247,0.673814194768,0.963070777954
GLU,248,0.950614170972,1.07637211797
ALA,249,1.27029618711,1.32464209306
ARG,250,0.987934543656,1.25664503303
THR,251,0.961407100416,1.20769805583
ALA,252,1.34201686936,1.40967000007
ILE,253,1.41438366446,1.48869737032
HIS,254,1.04168461943,1.35139666515
SER,255,1.20642171303,1.41839416089
LEU,256,1.49468654459,1.54151208694
THR,257,1.38827641195,1.53708609862
GLU,258,1.10648392602,1.35127658259
ARG,259,1.18901774619,1.43671463948
LEU,260,1.54715044834,1.55932711478
TYR,261,1.62135433437,1.61899369104
VAL,262,1.29698056689,1.51387954671
GLY,263,1.40092195672,1.50802471016
GLY,264,1.3605961243,1.39865520604
PRO,265,1.19385587566,1.32100821811
MET,266,1.4165475083,1.45849024326
PHE,267,1.06848055645,1.37649420329
ASN,268,1.16214976079,1.34558102789
SER,269,1.14644732853,1.20463236741
LYS,270,0.895592157468,0.990704294104
GLY,271,0.936229036062,1.04364166438
GLN,272,0.86716585714,1.02162309045
THR,273,0.909500227215,1.10310468902
CYS,274,1.25625476722,1.28771679881
GLY,275,1.17658014645,1.30745794858
TYR,276,1.10390270635,1.33198123407
ARG,277,1.55439878925,1.48791883717
ARG,278,1.05948889746,1.44299579285
CYS,279,1.50107148819,1.61535669157
ARG,280,1.71758787799,1.68785666476
ALA,281,1.67501816975,1.68658543093
SER,282,1.61257126553,1.6782857387
GLY,283,1.65171155787,1.69695963687
VAL,284,1.71747531281,1.71004998046
LEU,285,1.65161582745,1.71820098381
THR,286,1.70024563895,1.73795424105
THR,287,1.7206609159,1.78263012653
SER,288,1.79455193453,1.82345594379
MET,289,1.68708473645,1.78507770079
GLY,290,1.73743283027,1.76224665143
ASN,291,1.7463753393,1.81479052214
THR,292,1.73344823046,1.84497805158
ILE,293,1.61970412328,1.70872559958
THR,294,1.61968638616,1.68366966864
CYS,295,1.65377560813,1.72520345029
TYR,296,1.48677971773,1.66901649825
VAL,297,1.45636869814,1.56709136838
LYS,298,1.51826722744,1.5795370012
ALA,299,1.58877112407,1.60055074809
LEU,300,1.33024608955,1.47820024831
ALA,301,1.35292350675,1.44841727389
ALA,302,1.49175630079,1.49727049481
CYS,303,1.41761773497,1.43129117839
LYS,304,1.06179464516,1.21905714016
ALA,305,1.16847050952,1.1745298083
ALA,306,1.25785035294,1.25551757589
GLY,307,1.00361203954,1.08255770527
ILE,308,1.33231671524,1.26061118275
VAL,309,0.929350061226,1.10919917775
ALA,310,1.00820693912,1.10841142839
PRO,311,1.24667589647,1.35162116961
THR,312,1.27648983546,1.3914008603
MET,313,1.50634462319,1.57308243433
LEU,314,1.60093858497,1.6664929855
VAL,315,1.65548246096,1.76200268171
CYS,316,1.73669330197,1.77146797001
GLY,317,1.73459149212,1.82286072115
ASP,318,1.57525930263,1.70367282787
ASP,319,1.58845283284,1.68451714337
LEU,320,1.60270932573,1.70425684084
VAL,321,1.52654225048,1.66629566003
VAL,322,1.49781977565,1.58752043145
ILE,323,1.39262663953,1.51784654912
SER,324,1.26783763494,1.39090675822
GLU,325,0.955397757442,1.18990291598
SER,326,1.03713074414,1.13681679425
GLN,327,0.863201361337,0.962078699593
GLY,328,0.862928432585,0.887805831884
THR,329,0.774699123864,0.887555511365
GLU,330,0.648419829959,0.846880680453
GLU,331,0.747590969008,0.97198104213
ASP,332,1.14392195728,1.17713024344
GLU,333,0.816403499012,1.08043388838
ARG,334,0.851148319107,1.02673901155
ASN,335,1.05410857985,1.22159147304
LEU,336,1.25357849814,1.32579294392
ARG,337,0.818712279971,1.16966323902
ALA,338,1.06287958437,1.20914167909
PHE,339,1.48327959083,1.44017873225
THR,340,1.2109086752,1.38261210903
GLU,341,0.857625571534,1.21171410988
ALA,342,1.30280014409,1.34523420323
MET,343,1.53581194954,1.52009335618
THR,344,1.07982880465,1.39217877434
ARG,345,0.989170560961,1.24849061504
TYR,346,1.3289110333,1.41845379633
SER,347,1.3140558408,1.44489420045
ALA,348,1.53742073161,1.54194595421
PRO,349,1.25065339865,1.39450628354
PRO,350,1.22165283575,1.40159546814
GLY,351,1.16927874454,1.30117890809
ASP,352,1.02128275043,1.17661237127
PRO,353,1.00892882602,1.19182213414
PRO,354,1.27871242687,1.32948402852
ARG,355,0.948503616158,1.19181509128
PRO,356,1.11001095203,1.23760752209
GLU,357,1.17010685504,1.24766053599
TYR,358,1.00174290817,1.12632129419
ASP,359,0.915399069115,1.13279210347
LEU,360,1.24670845368,1.29895209437
GLU,361,1.11143020863,1.32863477754
LEU,362,1.09048082449,1.30159672874
ILE,363,1.37894732384,1.48005680903
THR,364,1.35974040277,1.55890732359
SER,365,1.65449575254,1.63443989763
CYS,366,1.64778363718,1.58264176263
SER,367,1.43681260044,1.50878165889
SER,368,1.61007680574,1.630297601
ASN,369,1.39860665756,1.58260313395
VAL,370,1.37689363925,1.52233904762
SER,371,1.4054725284,1.40768880679
VAL,372,1.12203888315,1.31494763143
ALA,373,1.25986951631,1.31406076264
LEU,374,0.933474276098,1.21285230546
GLY,375,1.14236181118,1.21908286318
PRO,376,1.07304658858,1.01419006627
ARG,377,0.670278268441,0.833744993441
GLY,378,0.774434853188,0.875585816125
ARG,379,0.882162810868,0.950679247562
ARG,380,0.863116493658,1.06828455684
ARG,381,1.2248443899,1.24830552448
TYR,382,1.10910326319,1.3698179595
TYR,383,1.46034495457,1.52856155695
LEU,384,1.59765918947,1.63268232181
THR,385,1.56550270734,1.60592703237
ARG,386,1.54799805497,1.55022898135
ASP,387,1.37925453572,1.44000212104
PRO,388,1.55203818584,1.5488009779
THR,389,1.43620826883,1.49596072391
THR,390,1.48358920825,1.5511080318
PRO,391,1.60627297442,1.63120948388
LEU,392,1.52567960476,1.61256344413
ALA,393,1.49299103668,1.59538488713
ARG,394,1.51731657133,1.62392340541
ALA,395,1.54356580812,1.62762207807
ALA,396,1.47479247332,1.54425381674
TRP,397,1.29988161958,1.49132855888
GLU,398,1.4689029731,1.50106861374
THR,399,1.35491565278,1.39949659067
VAL,400,1.14067314908,1.23132164291
ARG,401,1.02275692437,1.20748508657
HIS,402,1.06189086743,1.21148055726
SER,403,1.31991235545,1.34145363235
PRO,404,1.19873242647,1.28072299081
ILE,405,1.43291059139,1.5146093039
ASN,406,1.50430054887,1.58585946886
SER,407,1.54035931482,1.64849644978
TRP,408,1.54328814515,1.66191778724
LEU,409,1.58818283173,1.64971046956
GLY,410,1.64848297976,1.72727996687
ASN,411,1.62161664661,1.72213857508
ILE,412,1.59548713263,1.71755850288
ILE,413,1.61565486332,1.67516387797
GLN,414,1.67776267935,1.67523394402
TYR,415,1.65966377669,1.69963048941
ALA,416,1.63484740865,1.67090333541
PRO,417,1.55832320783,1.58789573313
THR,418,1.59227463685,1.59312783162
ILE,419,1.32955887646,1.48477826172
TRP,420,1.61333074792,1.56490531587
VAL,421,1.6050369637,1.68777987223
ARG,422,1.34091063068,1.59191272956
MET,423,1.2689249142,1.50318505553
VAL,424,1.45101715491,1.54952980097
LEU,425,1.57777572149,1.63629257944
MET,426,1.50959107816,1.60038900342
THR,427,1.35015145877,1.52630802776
HIS,428,1.43078394768,1.48025065238
PHE,429,1.5140213631,1.50907179839
PHE,430,1.41348001398,1.45073293122
SER,431,1.20420207288,1.32863428207
ILE,432,1.27757454089,1.31563984074
LEU,433,1.29137515733,1.33649063729
MET,434,1.08889103153,1.18003724704
VAL,435,0.912720997948,1.0315011828
GLN,436,1.03644613671,1.0228290251
ASP,437,0.728697236663,1.00163430304
THR,438,1.00393909081,1.10695867803
LEU,439,1.18150384965,1.23671821758
ASP,440,0.947062421345,1.10587637259
GLN,441,0.92608585936,1.14511603959
ASN,442,1.16715861352,1.28675627329
LEU,443,1.31795563625,1.39823046594
ASN,444,1.3763283347,1.53723926946
PHE,445,1.60309935477,1.6919031442
GLU,446,1.50748287414,1.70335281708
MET,447,1.64641576091,1.69847400552
TYR,448,1.63423411258,1.68252733887
GLY,449,1.64172655911,1.70854118019
SER,450,1.76983838518,1.78146755375
VAL,451,1.54850358291,1.70728992117
TYR,452,1.58559749614,1.63429305989
SER,453,1.32891267082,1.51124122412
VAL,454,1.48841499599,1.46143773864
ASN,455,1.21289687034,1.39346381099
PRO,456,1.39341105532,1.44611284156
LEU,457,1.2338858746,1.34815060163
ASP,458,1.20536728079,1.36924967306
LEU,459,1.52381436266,1.52104323824
PRO,460,1.38724048321,1.45956389789
ALA,461,1.29554127904,1.42348024332
ILE,462,1.47317355445,1.50536307621
ILE,463,1.54747875499,1.57946129932
GLU,464,1.22515977629,1.47821636994
ARG,465,1.09492373562,1.38601426446
LEU,466,1.46571571661,1.46076088238
HIS,467,1.56104307167,1.47444230605
GLY,468,1.2040149424,1.3317222469
LEU,469,1.11601721685,1.28455373756
ASP,470,1.15913917102,1.32543454685
ALA,471,1.4688473502,1.50881488274
PHE,472,1.35180248671,1.42052627084
SER,473,1.17893879521,1.29805775167
MET,474,1.35457120567,1.36610665058
HIS,475,0.956100323734,1.1936358709
THR,476,0.885002385832,1.05560488203
TYR,477,1.31977355304,1.24229341475
SER,478,1.10164284985,1.15360172054
HIS,479,0.735526689531,1.02788285519
HIS,480,0.914790490453,1.11389648373
GLU,481,1.41839080714,1.32899934495
LEU,482,1.05768502362,1.25308865799
THR,483,0.892013114082,1.13371334614
ARG,484,1.33212620198,1.28100486267
VAL,485,1.36980763454,1.40766748294
ALA,486,1.02836045567,1.23886488716
SER,487,1.05876907299,1.18009236472
ALA,488,1.39858685338,1.36885194114
LEU,489,1.30423457507,1.372015404
ARG,490,0.780552009621,1.13870385931
LYS,491,1.18822514357,1.15394046739
LEU,492,1.38161031638,1.32703258805
GLY,493,1.06678038543,1.19508341686
ALA,494,1.30539027945,1.33505507592
PRO,495,1.13235556174,1.15327325275
PRO,496,0.937045773584,1.12073305577
LEU,497,1.18182930479,1.21057747734
ARG,498,0.720158589212,1.03015420108
VAL,499,0.943040997242,1.08976099281
TRP,500,1.32415279931,1.33095020921
LYS,501,0.946002883276,1.24314284814
SER,502,0.846789770311,1.06698876434
ARG,503,1.08163895627,1.19382620546
ALA,504,1.28247995791,1.37918525427
ARG,505,0.822539066246,1.18595507132
ALA,506,0.874166173229,1.08362252075
VAL,507,1.22152001408,1.28778308377
ARG,508,1.01193744652,1.33141246905
ALA,509,0.858853677376,1.07457007441
SER,510,0.92267404204,1.07288022029
LEU,511,1.2699458939,1.27188482804
ILE,512,0.976615491069,1.16003513466
SER,513,0.792812551025,0.898555640683
ARG,514,0.821573386164,0.94668508379
GLY,515,0.880090132499,0.932966191448
GLY,516,0.902578191913,0.930555576045
LYS,517,0.965458779145,1.13330126397
ALA,518,1.1348410464,1.2650304662
ALA,519,1.04882261332,1.27173266718
VAL,520,1.10598066725,1.25135467743
CYS,521,1.38318805978,1.42976233282
GLY,522,1.24633847177,1.41356882551
ARG,523,0.89958639127,1.25685042894
TYR,524,1.18271825305,1.36554281955
LEU,525,1.46546498087,1.47697537816
PHE,526,1.35443755944,1.42638238298
ASN,527,1.05718396865,1.28390783336
TRP,528,1.28385690659,1.24337041958
ALA,529,1.18018289926,1.21410411823
VAL,530,0.948792012635,1.03083505152
LYS,531,0.555959001428,0.809731315379
THR,532,0.60309044314,0.771614241134
LYS,533,0.858358230001,0.934828439311
LEU,534,0.88732975055,0.917775450748
LYS,535,0.657048005872,0.864445190584
LEU,536,1.10340922872,1.0272172894
THR,537,0.798297601121,0.919184899041
PRO,538,0.877582929072,0.997696399474
LEU,539,1.1847948635,1.08151738662
PRO,540,0.844325212527,0.931089092954
GLU,541,1.03018676008,1.07907149785
ALA,542,1.18807292886,1.26864615618
ARG,543,0.716994344033,1.02264578241
LEU,544,0.822651460056,1.00462290599
LEU,545,1.23959999925,1.22469723372
ASP,546,0.980596349331,1.1676497264
LEU,547,1.37289574087,1.3522675636
SER,548,1.06609582359,1.22807105948
SER,549,1.20140428049,1.35392803564
TRP,550,1.49257912931,1.5007355189
PHE,551,1.55511201234,1.64118997891
THR,552,1.40997062363,1.62648526952
VAL,553,1.4197094562,1.53941118048
GLY,554,1.70548370033,1.71938204597
ALA,555,1.75952204264,1.75081732748
GLY,556,1.82488958852,1.79790598457
GLY,557,1.85621529451,1.80507020115
GLY,558,1.69343272169,1.72723174272
ASP,559,1.62363048636,1.65376501809
ILE,560,1.67305998146,1.69450348683
PHE,561,1.40140561222,1.62219908907
HIS,562,1.43675945364,1.47817195311
SER,563,1.15300671231,1.3557794063
VAL,564,1.3137067435,1.30853737754
SER,565,1.14173968349,1.18389822057
VAL,566,0.92692319829,1.03603950981
