resnam,resnum,wcnSC,wcnCA
MET,1,0.61878596955,0.584524971402
ASP,2,0.771245330231,0.766152845882
ASN,3,0.780607317089,0.843263514678
TYR,4,1.0664431766,1.04699690438
GLN,5,0.784489979497,1.00372189428
GLU,6,0.649544271635,0.89512948614
LEU,7,0.972626128548,1.05189009891
ALA,8,1.05713222393,1.12019320553
ILE,9,0.692222657732,0.926670545188
GLN,10,0.851558459865,0.94441490041
PHE,11,1.07119547893,1.09433366882
ALA,12,0.785683632423,0.988004280166
ALA,13,0.776947456871,0.928069640192
GLN,14,0.540918183578,0.712696760893
ALA,15,0.511276866267,0.663645321467
VAL,16,0.578343513816,0.666999644118
ARG,18,0.466363616219,0.588437874267
ASN,19,0.566780560501,0.727597212739
GLU,20,0.815263670372,0.898938814198
ILE,21,0.761409759836,0.935958096417
GLU,22,0.680367848305,0.916201990546
GLN,23,1.0220503083,1.11906510772
TRP,24,1.07928634511,1.16675773462
VAL,25,0.848029768574,1.04915585435
ARG,26,0.74651920097,1.0217086915
GLU,27,1.15603142315,1.14930513924
PHE,28,1.09248746396,1.08505164041
ALA,29,0.808348740129,0.948085005186
TYR,30,0.643420022767,0.880753405903
GLN,31,1.04021991762,0.967027162421
GLY,32,0.758236609177,0.848231572959
PHE,33,1.02905551295,0.949591143043
ASP,34,0.743391778487,0.932995519643
ALA,35,1.09584887397,1.08846883484
ARG,36,0.710348059248,0.911352817787
ARG,37,0.652645100058,0.935987504399
VAL,38,1.09194981033,1.12278594123
ILE,39,0.924347115348,1.03032980819
GLU,40,0.614664844668,0.881143268173
LEU,41,0.810902474399,0.965151398456
LEU,42,1.06363011502,1.06563995515
LYS,43,0.690333994369,0.904583392229
GLN,44,0.52775406611,0.777292292772
TYR,45,0.733895216338,0.84387829839
GLY,46,0.825855958757,0.918388865184
GLY,47,0.649362888829,0.734958056402
ALA,48,0.527082607349,0.661949705751
ASP,49,0.642838172148,0.8018919225
TRP,50,0.872299504743,1.01077587534
GLU,51,0.75706055788,0.946316284008
LYS,52,0.661188937962,0.915189864466
ASP,53,0.913069152333,1.05875031402
ALA,54,1.10236519763,1.18751565648
LYS,55,0.941535336147,1.1538188111
LYS,56,0.96213896929,1.17519278082
MET,57,1.16132137303,1.29661894033
ILE,58,1.22967265299,1.35950411475
VAL,59,1.15015878782,1.30366826018
LEU,60,1.16277372755,1.31815679006
ALA,61,1.2834109443,1.38199108131
LEU,62,1.27179409072,1.31909671081
THR,63,1.10453560303,1.23988024543
ARG,64,1.00004247135,1.19452415062
GLY,65,1.15863910176,1.26572604963
ASN,66,1.13188719115,1.23087494793
LYS,67,0.866823619549,1.10476440716
PRO,68,1.03229426382,1.10894808563
ARG,69,0.64741384223,0.913742416835
ARG,70,0.69357704102,0.913340589868
MET,71,1.0839828053,1.06021566144
MET,72,0.832934361781,1.00533215514
MET,73,0.646609302019,0.803210296061
LYS,74,0.608826627755,0.834572584499
MET,75,0.949330367132,0.962259435786
SER,76,0.719035535281,0.802682183484
LYS,77,0.504825227076,0.704586282223
GLU,78,0.559577133862,0.76290790331
GLY,79,0.920780315692,1.00519271156
LYS,80,0.666867483589,0.966307100393
ALA,81,0.66092803987,0.83161516661
THR,82,0.87701297092,0.929291369633
VAL,83,1.02496552947,1.07046049728
GLU,84,0.636041769611,0.91921902987
ALA,85,0.705812379885,0.870440734715
LEU,86,1.02098966296,1.04747107882
ILE,87,0.867515793766,1.0344356188
ASN,88,0.588968135163,0.830459914592
LYS,89,0.739262310673,0.861988478681
TYR,90,0.982142259425,1.00931730687
LYS,91,0.653857470483,0.909043809559
LEU,92,1.02909166333,1.07780950039
LYS,93,0.765990680449,0.977194935981
GLU,94,0.766630344085,0.991626071807
GLY,95,0.862668633812,0.936280251142
ASN,96,0.868311348327,0.919928859368
PRO,97,0.8884282023,0.848139721082
SER,98,0.590344996062,0.754068107374
ARG,99,0.564272585972,0.83975895045
ASP,100,0.656624526631,0.802569310699
GLU,101,0.761697633982,0.942785722375
LEU,102,1.0129312758,1.11970886846
THR,103,1.10756617571,1.22430086725
LEU,104,1.20139571539,1.31839936703
SER,105,1.22106860864,1.31100473454
ARG,106,1.07075139478,1.27299001139
VAL,107,1.21499996306,1.31328893512
ALA,108,1.3523647123,1.38620194694
ALA,109,1.21068054316,1.33893637106
ALA,110,1.1866116169,1.23458518589
LEU,111,1.12620830931,1.20963599095
ALA,112,1.27577991192,1.3263745927
GLY,113,1.12349053879,1.1591578986
ARG,114,0.973589463974,1.1466909241
THR,115,1.34503287589,1.33482780978
CYS,116,1.26561280306,1.33822163585
GLN,117,0.892245283977,1.14391343241
ALA,118,1.17366069137,1.19274626157
LEU,119,1.21808139876,1.28837117065
VAL,120,0.893263681291,1.0725513489
VAL,121,0.888297236343,1.00274907822
LEU,122,1.11783372519,1.15723028365
SER,123,1.01629488653,1.15450865524
GLU,124,0.772849024136,0.971949636979
TRP,125,0.93356286599,1.06089977367
LEU,126,1.13462420174,1.19149027609
PRO,127,1.06342391539,1.08383824135
VAL,128,1.05283897958,1.11341103718
THR,129,0.925700929055,1.11515955526
GLY,130,1.06745469105,1.10089423863
THR,131,0.713991555365,0.893543692622
THR,132,0.860652785342,0.942724336139
MET,133,1.13419764331,1.10919658115
ASP,134,0.809197446853,1.00142728696
GLY,135,0.67646665065,0.809455111785
LEU,136,0.891063085607,0.911315419243
SER,137,0.983389324772,0.984524171916
PRO,138,0.713156393069,0.856653214126
ALA,139,0.75904757519,0.888317401372
TYR,140,1.20193465752,1.1224204763
PRO,141,1.16578001842,1.14817027935
ARG,142,0.984525908659,1.20566663099
HIS,143,1.06010911689,1.27071134497
MET,144,1.27273981205,1.32969093411
MET,145,1.20919353154,1.32402910525
HIS,146,1.34354224788,1.33607201679
PRO,147,1.26184645809,1.29881028266
SER,148,1.36038466059,1.36143762138
PHE,149,1.26251638317,1.37253307359
ALA,150,1.24836767824,1.32765274244
GLY,151,1.23748137318,1.29128602188
MET,152,1.21329269286,1.26906221742
VAL,153,1.17607208449,1.2230596105
ASP,154,0.965927602336,1.10028428479
PRO,155,0.895090859095,0.946932024745
SER,156,0.764345825735,0.794537908664
LEU,157,0.984377447522,0.913470237565
PRO,158,0.712334232137,0.763359314031
GLY,159,0.663332268032,0.768206772626
ASP,160,0.650547448929,0.785997508946
TYR,161,0.812735237498,0.98263052185
LEU,162,0.907629163718,1.06883076394
ARG,163,0.792858797987,0.987195589642
ALA,164,0.992921370104,1.10683348324
ILE,165,1.14348589882,1.21752116819
LEU,166,1.0877937392,1.19860582821
ASP,167,0.958590506002,1.18357533294
ALA,168,1.23747878129,1.32272817396
HIS,169,1.2599168318,1.32515775135
SER,170,1.12838584883,1.25962166147
LEU,171,1.08696722976,1.23391086189
TYR,172,1.22536923876,1.28470609059
LEU,173,1.22522945151,1.2906101915
LEU,174,1.02762753395,1.18227700606
GLN,175,1.00441421933,1.13439795926
PHE,176,1.18857310981,1.2337141326
SER,177,1.06661617224,1.19271407358
ARG,178,0.847451647644,1.0918677291
VAL,179,0.885742562136,1.03257603122
ILE,180,1.04003761548,1.11516549742
ASN,181,0.88389377645,1.02127451661
PRO,182,0.743721471823,0.840726246458
ASN,183,0.639035819117,0.74613593492
LEU,184,0.904243243792,0.914538019066
ARG,185,0.672407134597,0.850070663448
GLY,186,0.530511836313,0.660504134387
ARG,187,0.64639416587,0.761127510141
THR,188,0.630274699214,0.766885346733
LYS,189,0.84072315966,0.907311990572
GLU,190,0.60302473684,0.805645478941
GLU,191,0.608650141969,0.823601209288
VAL,192,0.972469765067,1.02297826119
ALA,193,0.909697104703,1.03396133772
ALA,194,0.684628782233,0.871871557398
THR,195,0.882118091173,0.962780559634
PHE,196,1.11617697026,1.12323377401
THR,197,0.876438543666,1.03971070749
GLN,198,0.675373136846,0.942433344539
PRO,199,0.954505556134,1.08758858318
MET,200,1.13682146876,1.20287864743
ASN,201,0.864484898513,1.0439681885
ALA,202,0.848897137421,1.01226481987
ALA,203,1.15345430243,1.18866701176
VAL,204,1.07678310615,1.1630172895
ASN,205,0.7634748688,0.929045992365
SER,206,0.897807214047,0.940424280891
ASN,207,0.627080329784,0.801068440816
PHE,208,1.01326849567,0.936718583478
ILE,209,0.987069892567,0.937048741389
SER,210,0.716259713146,0.857407131234
HIS,211,0.748580285987,0.910328841935
GLU,212,0.605713321656,0.815158475496
LYS,213,0.787092183347,0.914860165859
ARG,214,1.03259400967,1.14287836106
ARG,215,0.829175058541,1.06943011147
GLU,216,0.631495372093,0.943739037795
PHE,217,0.960255703884,1.08631592452
LEU,218,1.07512185348,1.17595552402
LYS,219,0.647387636725,1.02248267402
ALA,220,0.750517376379,0.899420637724
PHE,221,1.08325200596,1.03829076843
GLY,222,0.802995074012,0.943943092641
LEU,223,1.1224559516,1.11669169439
VAL,224,0.979154313748,1.08255178378
ASP,225,0.693089788184,0.840405714619
SER,226,0.535820078995,0.685922086634
ASN,227,0.552650600773,0.688316856743
GLY,228,0.871703985086,0.910940536097
LYS,229,0.634573395925,0.867940740254
PRO,230,0.983340878687,1.03211678107
SER,231,0.92370702087,0.952549908259
ALA,232,0.653438398989,0.829436139333
ALA,233,0.941592397796,0.996095674185
VAL,234,1.1567403043,1.1722700186
MET,235,0.827555648294,1.01148395547
ALA,236,0.84870916698,0.959753640988
ALA,237,1.18233688709,1.18631460436
ALA,238,1.01243591968,1.17989965271
GLN,239,0.667910304473,0.90665341365
ALA,240,0.899771431177,0.962197458235
TYR,241,1.02328658824,1.07132594848
LYS,242,0.675542622801,0.836858378387
THR,243,0.547209746715,0.721891388195
ALA,244,0.876936725044,0.841612133196
ALA,245,0.676667622149,0.686505893187
