resnam,resnum,wcnSC,wcnCA
GLU,2,0.750228851067,0.906526237647
ASN,3,1.2539199587,1.15936138615
LYS,4,0.822977004095,1.06183632825
ILE,5,1.25593840866,1.1938827909
GLU,6,0.83230883177,1.05232620137
VAL,7,1.13273520163,1.17227569978
ASN,8,0.863496404217,1.03454430654
ASN,9,0.790447433021,1.0095251796
LYS,10,0.891981203131,1.03042188844
ASP,11,0.666613504971,0.903372663769
GLU,12,0.781200655742,1.00057197918
MET,13,1.19989828628,1.20608398152
ASN,14,0.859935237803,1.0515906757
ARG,15,0.595707600308,0.942742811286
TRP,16,1.11115538715,1.09202595259
PHE,17,1.09180514113,1.1879732259
GLU,18,0.753475540697,0.997161930613
GLU,19,0.685114149201,0.944040364034
PHE,20,1.15055726146,1.1137922492
LYS,21,0.874951640385,1.10557803928
LYS,22,0.62138971,0.884129705794
GLY,23,0.763455419862,0.878731163457
ASN,24,1.01746787346,0.993810856984
GLY,25,0.828184178342,0.94322993628
LEU,26,1.15587622904,1.14482210428
VAL,27,0.945493669059,1.09497090715
ASP,28,0.953356795033,1.17347647027
THR,29,0.916435974,1.03796654453
PHE,30,1.0621616158,1.25677665977
THR,31,1.35112597704,1.45065536278
ASN,32,1.20031051075,1.32492674444
SER,33,1.36078238727,1.36437262782
TYR,34,1.02261540217,1.32631460106
SER,35,1.35921231805,1.44803818115
PHE,36,1.18888594819,1.29884318067
CYS,37,1.24238882711,1.3035853455
GLU,38,0.768397154335,1.01380672044
SER,39,0.845067833888,0.996076484309
VAL,40,1.09020626673,1.15132103627
PRO,41,1.2664862096,1.21373249004
ASN,42,0.875592459554,1.07989533818
LEU,43,1.249489174,1.20079288853
ASP,44,0.822938956191,1.02738393143
ARG,45,0.647569021974,0.956114789954
PHE,46,1.09839904632,1.18187156533
VAL,47,1.01829392662,1.17951588128
PHE,48,0.725491953196,0.950672930697
GLN,49,0.81835496834,1.00877538486
MET,50,1.12890330419,1.15195232446
ALA,51,0.759892591824,0.936026830468
SER,52,0.625101678897,0.797395385912
ALA,53,0.897302568259,0.91761886657
THR,54,0.554419652745,0.741367654021
ASP,55,0.693174821134,0.791362177686
ASP,56,0.75434250901,0.896264932322
ALA,57,0.76632757968,0.926066773978
GLN,58,0.738988342853,0.984790691248
LYS,59,0.946954365975,1.14578244701
ASP,60,1.01134162525,1.17529644318
SER,61,0.938058878591,1.16540645406
ILE,62,1.05696126482,1.2264405136
TYR,63,1.30310225449,1.35227295432
ALA,64,1.21434100225,1.37326994745
SER,65,1.08224348569,1.29575922467
ALA,66,1.30371177803,1.38906037294
LEU,67,1.43547795548,1.50013037514
VAL,68,1.29649918643,1.50523647702
GLU,69,1.08318657294,1.3725679511
ALA,70,1.4608642305,1.50814745054
THR,71,1.53020285264,1.67508008378
LYS,72,1.17127661638,1.56171891445
PHE,73,1.10246517581,1.45944458511
CYS,74,1.44505184567,1.58434712996
ALA,75,1.57496715553,1.63455192178
PRO,76,1.5984452823,1.58868656061
ILE,77,1.3754937815,1.50250948064
TYR,78,1.16444815279,1.3826064187
GLU,79,1.43124655237,1.50854029243
CYS,80,1.61756171717,1.62730433341
ALA,81,1.36355331229,1.50955815293
TRP,82,1.29564427958,1.46939712023
VAL,83,1.56092903673,1.55146529874
SER,84,1.5030456801,1.53922864731
SER,85,1.33246652169,1.44625167284
THR,86,1.12242001763,1.27898910755
GLY,87,1.15373403546,1.22759676571
ILE,88,1.37320644594,1.39155621512
VAL,89,1.33411948151,1.40822027345
LYS,90,0.956192022451,1.1944413083
LYS,91,0.935409543485,1.22308061813
GLY,92,1.30813929235,1.40278138441
LEU,93,1.24371131412,1.32678677042
GLU,94,0.83551013703,1.12912329866
TRP,95,1.18217407389,1.20101615043
PHE,96,1.25734516711,1.22754206366
GLU,97,0.81562362893,1.00631552328
LYS,98,0.732142459771,0.925115684978
ASN,99,1.00231400395,1.04997152908
ALA,100,0.827583420894,1.01161592473
GLY,101,0.821071825224,0.909527245063
THR,102,1.01153814648,1.06064724084
ILE,103,1.16036922437,1.23133671503
LYS,104,0.80073950461,1.08488440362
SER,105,0.951123313349,1.09373209743
TRP,106,1.30615960243,1.28281327235
ASP,107,1.08009318519,1.23117086779
GLU,108,0.772158337878,1.01698497163
SER,109,1.01888555575,1.09377134305
TYR,110,1.23339213737,1.23785554572
THR,111,0.836476017283,1.05492835284
GLU,112,0.797199496141,1.05356165147
LEU,113,1.21669360224,1.30148450252
LYS,114,1.05353206662,1.27872865163
VAL,115,0.872197640178,1.16405044436
ASP,116,0.869772844809,1.11913936553
VAL,117,1.10075936807,1.20909420686
PRO,118,1.27419408655,1.27190505343
LYS,119,0.908289193661,1.14243987301
ILE,120,1.15758755586,1.24894033902
GLU,121,0.904635526471,1.15564655139
GLN,122,1.14803455774,1.31413220196
LEU,123,1.36355263149,1.45322148569
THR,124,1.15076433148,1.33146489998
GLY,125,1.14859653209,1.29345340885
TYR,126,1.52218743405,1.45372477851
GLN,127,1.41534070348,1.44699879314
GLN,128,0.993282818101,1.27597750366
ALA,129,1.27599830272,1.35403894424
ALA,130,1.47180153616,1.47269677411
LEU,131,1.21354537737,1.32421383623
LYS,132,0.997646677933,1.19754895838
TRP,133,1.40410643775,1.34529021055
ARG,134,1.4013532552,1.37544188646
LYS,135,0.890268488592,1.13706088014
ASP,136,0.910834253391,1.05878393295
ILE,137,1.22649749228,1.23042177765
GLY,138,0.979731028098,1.13226543598
PHE,139,1.42468572772,1.33012327992
ARG,140,0.958928887493,1.24855244367
VAL,141,1.17026363435,1.13894222979
ASN,142,0.991677352612,1.12707150942
ALA,143,1.08627125078,1.17015612153
ASN,144,1.35245908551,1.42132227893
THR,145,1.32028577997,1.46318600388
ALA,146,1.14188383911,1.35578470656
ALA,147,1.23322975808,1.34007512864
LEU,148,1.28246686415,1.31033912899
SER,149,0.982033295509,1.17744310023
ASN,150,0.869430904883,1.10726101618
LYS,151,0.90511446017,1.07467196949
VAL,152,1.16895339297,1.24153224257
LEU,153,1.04313643944,1.13846972848
ALA,154,0.780412043221,0.927168396705
GLU,155,0.808109207033,0.950631399835
TYR,156,0.96223652141,1.00348295868
LYS,157,0.819043406418,1.00163590362
VAL,158,1.10313926061,1.08202362594
PRO,159,1.06736251495,0.996041897342
GLY,160,0.77611767669,0.846554321208
GLU,161,0.730820964153,0.846257321633
ILE,162,1.13998779194,1.05273576087
VAL,163,0.888171911551,1.02158496213
MET,164,0.710220485749,0.934810387958
SER,165,1.05390480749,1.128733105
VAL,166,1.18136066579,1.23422208997
LYS,167,0.843283453179,1.0927603663
GLU,168,0.822293972687,1.08595743479
MET,169,1.30903378228,1.28267994979
LEU,170,1.0941757873,1.24094741868
SER,171,0.945004367885,1.10431116633
ASP,172,1.08672789718,1.199147234
MET,173,1.25075119333,1.31138886775
ILE,174,0.96086673216,1.19795739903
ARG,175,0.880646211974,1.14654688174
ARG,176,1.16130865439,1.26186095367
ARG,177,1.16566068089,1.29240137966
ASN,178,0.972997024418,1.20310163223
LEU,179,0.941715204725,1.18897792885
ILE,180,1.22676136007,1.31664573863
LEU,181,1.21586340263,1.28866976194
ASN,182,0.957851384802,1.20614408752
ARG,183,0.942672509737,1.13728309424
GLY,184,0.872312593319,0.935325629867
GLY,185,0.807958883967,0.860834712926
ASP,186,0.747292698261,0.942763186371
GLU,187,0.898596729481,1.06953068106
ASN,188,1.13974921758,1.12249690433
PRO,189,0.943407053034,0.977620470824
ARG,190,0.814939164538,0.895175894972
GLY,191,0.714618345875,0.794969352041
PRO,192,0.601709900809,0.756503337615
VAL,193,0.629993541561,0.814332212591
SER,194,0.834632377325,0.943899214009
HIS,195,0.965525577344,1.07008263361
GLU,196,0.777816357395,1.05410078585
HIS,197,1.11512382146,1.19453616935
VAL,198,1.15827706242,1.26751412269
ASP,199,0.834189604246,1.08270162295
TRP,200,1.01791337204,1.10703528561
CYS,201,1.18693707577,1.25990976851
ARG,202,0.889888635493,1.13842146661
GLU,203,0.781424160463,1.02137223204
PHE,204,1.07116758118,1.16944994069
VAL,205,1.09977793558,1.19571460172
LYS,206,0.762344468896,0.974649839793
GLY,207,0.853564805522,0.983114301576
LYS,208,0.717851537866,0.938863111401
TYR,209,0.810345167002,1.02833703992
ILE,210,0.663875118062,0.867411896568
MET,211,0.822218196494,0.96292082752
ALA,212,0.987630631175,1.02955178724
PHE,213,0.770353480128,0.859032541531
ASN,214,0.585792987824,0.836377776513
PRO,215,0.89743294491,0.962055855141
PRO,216,0.842844494451,0.835502033827
TRP,217,0.969599524684,0.839771061863
GLY,218,0.686855813189,0.789789326081
ASP,219,0.690368748744,0.842884173881
ILE,220,0.978808902463,0.983567877651
ASN,221,0.859383140649,0.955990842654
LYS,222,0.673144230801,0.916120262729
SER,223,0.738402509453,0.968171914448
GLY,224,0.879299536599,0.956529044916
ARG,225,0.677039780008,0.789101718461
SER,226,0.878136704729,0.86906521515
GLY,227,0.758703616191,0.834934265892
ILE,228,0.95961477263,1.00250186
ALA,229,1.0452656027,1.14340695241
LEU,230,1.00545345347,1.19286116711
VAL,231,1.14147094538,1.25613245628
ALA,232,1.17693791812,1.33425344571
THR,233,1.15010692997,1.2914764962
GLY,234,1.2641932374,1.37552884141
LEU,235,1.25889893544,1.3957332871
ALA,236,1.2809781644,1.43296857588
LYS,237,1.24920456163,1.3532504666
LEU,238,1.1945550812,1.34556688551
ALA,239,1.31324937052,1.4116656135
GLU,240,1.33272942038,1.38290691085
THR,241,1.15135830575,1.25221716934
GLU,242,0.992545642608,1.19598348862
GLY,243,1.17482712769,1.28065428645
LYS,244,1.0900813411,1.23122569808
GLY,245,1.04482669705,1.12090896813
ILE,246,1.210803812,1.25213945659
PHE,247,1.20440490403,1.21552095633
ASP,248,0.860955560737,1.05793261342
GLU,249,0.932134037143,1.12223705427
ALA,250,1.13181717011,1.24000294234
LYS,251,0.882835098415,1.08843378972
LYS,252,0.739192186896,1.00120656906
THR,253,1.00721144336,1.13178469218
VAL,254,1.0007243853,1.11065796233
GLU,255,0.690393070089,0.954439871665
ALA,256,0.779161910199,0.93465263944
LEU,257,0.962089076731,1.02031326218
ASN,258,0.741372543794,0.937668519622
GLY,259,0.705067625335,0.819657111228
TYR,260,0.726241558477,0.844143742785
LEU,261,0.853788319346,0.88275158291
ASP,262,0.569403410787,0.764243138188
LYS,263,0.541001532958,0.663639687917
HIS,264,0.583237308386,0.702181608385
LYS,265,0.555724993791,0.706035567216
ASP,266,0.354876139279,0.552567403774
GLU,267,0.499876967142,0.580441747239
VAL,268,0.665199244193,0.694089447123
ASP,269,0.550772824328,0.656877534066
ARG,270,0.453320253333,0.699740531898
ALA,271,0.519277746147,0.65808951201
SER,272,0.667979641263,0.761994178214
ALA,273,0.80327821065,0.888232152281
ASP,274,0.627344454134,0.83733259034
SER,275,0.666765234019,0.84546814038
MET,276,0.904081351205,0.973113495081
ILE,277,0.886349816396,1.00174863477
THR,278,0.712451933988,0.926985518107
ASN,279,0.841471933045,0.997242393197
LEU,280,1.05475517743,1.12859877473
LEU,281,0.862196014814,1.07468842437
LYS,282,0.725694167365,1.01780407236
HIS,283,1.04960410263,1.2008029709
ILE,284,1.07477905156,1.24281274862
ALA,285,0.856022449774,1.09335246091
LYS,286,0.931685611171,1.14957640146
ALA,287,1.24139610206,1.36659602452
GLN,288,1.04071275711,1.23167549423
GLU,289,0.843719107325,1.12451007843
LEU,290,1.1076157767,1.23073323136
TYR,291,1.28196851285,1.36241151155
LYS,292,1.03481543844,1.23378728465
ASN,293,0.946214746822,1.19050690905
SER,294,1.29909644073,1.31576158907
SER,295,1.21153016254,1.32139795859
ALA,296,1.33381216852,1.40914279251
LEU,297,1.28878842022,1.42645577361
ARG,298,1.1151646257,1.45064151544
ALA,299,1.33773572808,1.47180794544
GLN,300,1.29041050925,1.44215512664
SER,301,1.35525709526,1.46494730679
ALA,302,1.39795190483,1.54132178289
GLN,303,1.37487139853,1.50521707607
ILE,304,1.5593023649,1.57617606522
ASP,305,1.54967559099,1.60027628643
THR,306,1.62447239419,1.6561867233
ALA,307,1.57635762024,1.62202031466
PHE,308,1.46500750056,1.588542604
SER,309,1.57407426518,1.62726877325
SER,310,1.61558991807,1.64619852258
TYR,311,1.48629262985,1.56692266294
TYR,312,1.35060703331,1.50689248054
TRP,313,1.50096267551,1.51700268714
LEU,314,1.44685125617,1.4874648032
TYR,315,1.05892585082,1.3505878619
LYS,316,1.11320433458,1.27618676626
ALA,317,1.28277223392,1.34686078936
GLY,318,1.04884306989,1.15156734799
VAL,319,1.32455846506,1.27703876557
THR,320,1.0140617511,1.16262366105
PRO,321,1.08201342151,1.17309445948
GLU,322,0.827765851108,0.998530182094
THR,323,1.06487319402,1.13935164314
PHE,324,1.42876372702,1.35818782453
PRO,325,1.15535742718,1.34339708977
THR,326,1.07158490276,1.22160324891
VAL,327,1.37214406513,1.41130589936
SER,328,1.40656687422,1.56114858616
GLN,329,1.01963766576,1.3749614585
PHE,330,1.25805321306,1.33866960684
LEU,331,1.50779645838,1.56772374617
PHE,332,1.3112304509,1.56628147649
GLU,333,1.01821926691,1.29666185945
LEU,334,1.27449776659,1.39572242647
GLY,335,1.44318900722,1.5755771205
LYS,336,1.08761668286,1.34492967295
GLN,337,0.908977284685,1.21255751642
PRO,338,1.13581043861,1.22486284522
ARG,339,1.01280548532,1.10964700609
GLY,340,1.00700952601,1.12439269954
THR,341,1.10018401127,1.14901953958
LYS,342,0.714658994036,0.983191895054
LYS,343,0.823016867224,1.02759698646
MET,344,1.24557362711,1.21558519099
LYS,345,0.980072065883,1.14745495807
LYS,346,0.728160688231,1.00782322366
ALA,347,1.0139219007,1.07552878743
LEU,348,1.17964026962,1.19036771726
LEU,349,0.844496312716,0.97586916638
SER,350,0.774335488468,0.865391309238
THR,351,0.985070739202,0.953842963184
PRO,352,0.679204014189,0.78185122376
MET,353,0.975974852893,0.95966811734
LYS,354,0.697036344286,0.935833680573
TRP,355,1.24173866351,1.18774241207
GLY,356,1.12218216309,1.23343618015
LYS,357,0.762679767981,1.11962673852
LYS,358,0.918107546455,1.14953652322
LEU,359,1.33097161419,1.34307950554
TYR,360,0.978887104198,1.23725083638
GLU,361,0.805770450081,1.09872661573
LEU,362,1.22807638395,1.27246343656
PHE,363,1.23597972179,1.30460582858
ALA,364,1.22185246841,1.29557597356
ASP,365,1.12772793545,1.17240645701
ASP,366,0.740372977873,0.966909058574
SER,367,0.956532291278,1.05524437208
PHE,368,1.14596757491,1.19746347152
GLN,369,0.732951109107,1.0067974859
GLN,370,0.916814888856,1.06123817469
ASN,371,1.14179849686,1.18532114762
ARG,372,1.17934958569,1.33509430867
ILE,373,1.31005203952,1.39186631427
TYR,374,1.20992850494,1.41018852052
MET,375,1.33258963071,1.44467358222
HIS,376,1.44071396407,1.49321550011
PRO,377,1.52250935918,1.55986819113
ALA,378,1.48841158394,1.50827602862
VAL,379,1.36620756584,1.46691793203
LEU,380,1.43465345359,1.47000163767
THR,381,1.37199255718,1.43090410389
ALA,382,1.29345848891,1.34728970221
GLY,383,1.35172139424,1.38711383189
ARG,384,1.45397211168,1.54643574912
ILE,385,1.41966668373,1.54844644374
SER,386,1.52501999145,1.64536311007
GLU,387,1.58846905375,1.68228472412
MET,388,1.53077684839,1.68406819848
GLY,389,1.64920683894,1.74447810538
VAL,390,1.6734569239,1.74083900919
CYS,391,1.68482343859,1.69010980408
PHE,392,1.59708167881,1.66172337368
GLY,393,1.58382868211,1.7336454439
THR,394,1.65070481884,1.64567567207
ILE,395,1.43921512982,1.53280689154
PRO,396,1.2864979208,1.4529234298
VAL,397,1.37557307227,1.40556964182
ALA,398,1.01835916246,1.16824252012
ASN,399,0.875898940049,1.09231317297
PRO,400,1.11168281199,1.24896550767
ASP,401,0.873056905656,1.06265492485
ASP,402,0.959526253726,1.10953156542
ALA,403,1.32023960748,1.34570775009
ALA,404,0.998672539246,1.14836398886
GLN,405,0.940672074174,1.09013787103
GLY,406,1.26543206616,1.362055873
SER,407,1.50229710668,1.5891401483
GLY,408,1.54140147521,1.69511828531
HIS,409,1.65159855671,1.68887866466
THR,410,1.54731783268,1.62764966533
LYS,411,1.58510276617,1.66817779055
SER,412,1.59765348595,1.72450364732
ILE,413,1.54101445718,1.64606769568
LEU,414,1.50766705475,1.65102955074
ASN,415,1.499724163,1.63116664332
LEU,416,1.45105656955,1.57400925824
ARG,417,1.05200397373,1.40476699148
THR,418,1.20457234874,1.32377059082
ASN,419,0.943845735006,1.10300968382
THR,420,0.831789177332,0.98656161428
GLU,421,0.744806869395,0.823211389443
THR,422,0.986789177442,0.995895170897
ASN,423,0.852346545622,1.05705517016
ASN,424,1.22898025832,1.31835869084
PRO,425,1.19476117157,1.3322604242
CYS,426,1.41027614864,1.52027411247
ALA,427,1.33391454714,1.42824460611
LYS,428,1.06222265119,1.33292062382
THR,429,1.38672949245,1.44809398861
ILE,430,1.43484867928,1.52503640992
VAL,431,1.26353093026,1.41030074337
LYS,432,1.07848644043,1.35156858411
LEU,433,1.4108130751,1.47105632319
PHE,434,1.26096676847,1.43707217118
GLU,435,1.09261242846,1.28946782007
VAL,436,1.22476085272,1.35321920245
GLN,437,1.32678760139,1.32973097472
LYS,438,0.977088620237,1.20221956829
THR,439,0.989963135465,1.09665746465
GLY,440,1.03971308588,1.1001881118
PHE,441,1.06667882241,1.06437466822
ASN,442,0.80896950903,0.987121650812
ILE,443,1.17509684146,1.15649288763
GLN,444,0.886447769612,1.02898107688
ASP,445,0.752832910596,0.973148694249
MET,446,1.11384480515,1.15278135773
ASP,447,1.15528507771,1.21393786659
ILE,448,1.30232906773,1.32198254733
VAL,449,1.36831552344,1.36934585402
ALA,450,1.41598011681,1.46043497602
SER,451,1.42499134961,1.52905625331
GLU,452,1.34725003981,1.48006830115
HIS,453,1.36667740306,1.51933018077
LEU,454,1.51781377352,1.5880292029
LEU,455,1.35926614522,1.52419413217
HIS,456,1.30024950165,1.47059077459
GLN,457,1.48600859864,1.54771677787
SER,458,1.3586531613,1.51910795406
LEU,459,1.23027814856,1.38268348163
VAL,460,1.36399965674,1.42292437506
GLY,461,1.25842767148,1.36640441254
LYS,462,1.49769919989,1.49736680958
GLN,463,1.20396343825,1.46892550606
SER,464,1.52660751208,1.59934091375
PRO,465,1.63680591358,1.64410050968
PHE,466,1.61914245165,1.60858542641
GLN,467,1.39419664655,1.5655156609
ASN,468,1.43324791237,1.52360698512
ALA,469,1.41353743414,1.4682987402
TYR,470,1.29253674703,1.372635405
ASN,471,1.06565977314,1.25347175166
VAL,472,1.26096492966,1.3382514594
LYS,473,0.941072280933,1.18226788518
GLY,474,1.08406474751,1.14710382213
ASN,475,1.18871048695,1.14333211633
