resnam,resnum,wcnSC,wcnCA
LEU,208,0.607138933568,0.550371675192
SER,209,0.55679464715,0.652677570152
ALA,210,0.747992001791,0.837801178173
LYS,211,0.531963545918,0.717514706491
ASP,212,0.520782907563,0.698761290402
LEU,213,0.873257686371,0.87208570098
ALA,214,0.853193621317,0.94443477185
LEU,215,0.5836809264,0.767606604057
LEU,216,0.588314864182,0.752549621147
LEU,217,0.899397424401,0.88526091534
PHE,218,0.760509514483,0.832901437684
THR,219,0.510060292645,0.656515204694
HIS,220,0.636691065127,0.718180655495
LEU,221,0.833842595967,0.767023453757
PRO,222,0.573867112008,0.597430944211
GLY,223,0.519550062104,0.571576064236
ASN,224,0.522457996328,0.636747000231
ASN,225,0.642927801584,0.752435774585
THR,226,0.760901449108,0.854216434957
PRO,227,0.817185207037,0.928669516236
PHE,228,0.795594308831,0.956400123775
HIS,229,0.792993354539,0.964496952758
ILE,230,0.879391942055,0.978040908073
LEU,231,0.965706649063,1.06603695785
ALA,232,0.941285743685,1.04925092501
GLN,233,0.751010923394,0.978152171069
VAL,234,0.900500516055,0.993936110747
LEU,235,0.975746142117,1.03361023754
SER,236,0.922044415924,1.02811281111
LYS,237,0.631953226349,0.904033919363
ILE,238,0.790260488387,0.88726742187
ALA,239,0.860747956316,0.955786220745
TYR,240,0.539825599272,0.859605894552
LYS,241,0.562711655682,0.673858099915
SER,242,0.653769489705,0.685854867673
GLY,243,0.517968339052,0.634145292143
LYS,244,0.57520917327,0.767330109178
SER,245,0.700090950732,0.842394611194
GLY,246,0.598745609687,0.684667566479
ALA,247,0.576569257845,0.712087196502
PHE,248,0.907955970511,0.882764779722
LEU,249,0.692005977034,0.83273263055
ASP,250,0.48341381431,0.718930951152
ALA,251,0.681267901019,0.782313000897
PHE,252,0.852071068778,0.884366009861
HIS,253,0.587073588869,0.749197822214
GLN,254,0.488489164578,0.683502378267
ILE,255,0.726150503319,0.767323341804
LEU,256,0.658339422391,0.760209032558
SER,257,0.404765255419,0.578001065443
GLU,258,0.481071095592,0.549905799234
GLY,259,0.394430053116,0.527829484331
GLU,260,0.558052275495,0.664311919358
ASN,261,0.589370211978,0.698805823021
ALA,262,0.792492299456,0.840078899934
GLN,263,0.723272068446,0.83080007839
ALA,264,0.670589008171,0.781511264971
ALA,265,0.850305066444,0.919251159432
LEU,266,0.939064499929,0.986640499667
THR,267,0.72150509515,0.905840178219
ARG,268,0.536028499928,0.83718635601
LEU,269,0.8386658448,0.944338330914
SER,270,0.841212231295,0.996345134835
ARG,271,0.55458908878,0.848042936592
THR,272,0.580303236882,0.727208832654
PHE,273,0.763826521033,0.814058001259
ASP,274,0.454896405187,0.681094857619
ALA,275,0.749484628762,0.762634391775
PHE,276,0.900406334747,0.902274309375
LEU,277,0.581765525045,0.773950941704
GLY,278,0.606547805483,0.677803080078
VAL,279,0.7024830768,0.789177249367
VAL,280,0.592532592516,0.803514094346
PRO,281,0.822382597735,0.939347836172
PRO,282,0.771693281527,0.809486043424
VAL,283,0.605894264284,0.775047021457
ILE,284,0.704617880652,0.765866171306
ARG,285,0.464079051679,0.685899397807
VAL,286,0.639353234682,0.705389217993
LYS,287,0.406892551032,0.587103879324
ASN,288,0.52156744076,0.670020539938
PHE,289,0.678285136386,0.716898026389
GLN,290,0.398735554557,0.600143458518
THR,291,0.529272985658,0.649090476018
VAL,292,0.786650385497,0.770151127165
PRO,293,0.731716033349,0.730018085343
ARG,294,0.417654109633,0.650426442093
PRO,295,0.61484791039,0.701746139549
CYS,296,0.858282891399,0.860189700944
GLN,297,0.530719556474,0.763163538312
LYS,298,0.401557588581,0.624027540129
SER,299,0.655265300133,0.768880725176
LEU,300,0.711505334178,0.831132483619
ARG,301,0.4816126305,0.724531153508
ALA,302,0.487373185698,0.652496664937
VAL,303,0.706635027787,0.723078227619
PRO,304,0.643227383191,0.604293343834
PRO,305,0.386518887118,0.497813504098
ASN,306,0.421662837857,0.574917021837
PRO,307,0.705552035513,0.773497645366
THR,308,0.722049070302,0.894258937435
ILE,309,0.874987944993,1.01037052228
ASP,310,0.685110973803,0.904444737094
LYS,311,0.603674653105,0.768869419105
GLY,312,0.748909839148,0.881292416868
TRP,313,0.75920785813,0.996585640989
VAL,314,0.955672302945,1.03950924657
CYS,315,0.912038547326,1.01654372858
VAL,316,0.780349304743,0.962937620471
TYR,317,0.856193626506,0.914444866938
SER,318,0.608570446127,0.812175513348
SER,319,0.653063495798,0.761878463371
GLU,320,0.347748142673,0.555971414651
GLN,321,0.436204018628,0.49359420969
GLY,322,0.435483527905,0.538551252792
GLU,323,0.50649930353,0.610515278924
THR,324,0.614739248914,0.752251362493
ARG,325,0.596950913056,0.864892599685
ALA,326,0.810551262558,0.973589133266
LEU,327,0.91240261316,0.989226099804
LYS,328,0.603196914966,0.885806240029
ILE,329,0.756230270029,0.757437597042
