resnam,resnum,wcnSC,wcnCA
ASN,21,0.54294977158,0.609954961107
ALA,22,0.705343350123,0.789490020286
THR,23,0.652960141553,0.820274944035
GLU,24,0.632245170703,0.867779812498
ILE,25,0.808781084527,0.997135372551
ARG,26,0.966169201515,1.15027191083
ALA,27,0.854596390775,1.14078681961
SER,28,0.900479448202,1.08890626019
VAL,29,1.17282037739,1.28011442976
GLY,30,1.16392738202,1.38990843904
LYS,31,0.881643754,1.26620819453
MET,32,1.35495088172,1.37935149421
ILE,33,1.39965733318,1.44951179539
ASP,34,1.08860477203,1.37226004218
GLY,35,1.23946678713,1.39213861772
ILE,36,1.4553377144,1.50488343499
GLY,37,1.36898921668,1.55019570059
ARG,38,0.919729013731,1.33344616956
PHE,39,1.29267065722,1.40879466808
TYR,40,1.39025108186,1.4685658667
ILE,41,1.063749088,1.2927746176
GLN,42,0.901460411109,1.16831119268
MET,43,1.20433712706,1.26488967888
CYS,44,1.16261642263,1.27703669245
THR,45,0.805912387509,1.0539214983
GLU,46,0.879605213359,0.971865276481
LEU,47,1.11893771818,1.06581339824
LYS,48,0.674220190386,0.985173841808
LEU,49,1.12047235567,1.09769734588
SER,50,0.813377272342,0.998194924275
ASP,51,0.868831023279,1.027092303
TYR,52,0.986341567436,1.09163518237
GLU,53,0.984383339704,1.25286890519
GLY,54,1.1975271818,1.33311871093
ARG,55,1.12109431883,1.37702981056
LEU,56,1.28758646764,1.43943915776
ILE,57,1.48742705672,1.49703998327
GLN,58,1.35508549914,1.43119543351
ASN,59,1.2743449037,1.45540387954
SER,60,1.50867591084,1.55248137892
LEU,61,1.43295584028,1.51040951579
THR,62,1.28556664067,1.43560738584
ILE,63,1.3221762417,1.4406834886
GLU,64,1.52018273508,1.52453879028
ARG,65,1.19597702226,1.44204922847
MET,66,1.24659943021,1.39311429427
VAL,67,1.32894211383,1.40493207924
LEU,68,1.34469788997,1.42864052467
SER,69,1.10439121492,1.3033660899
ALA,70,1.10355462724,1.22779158984
PHE,71,1.05129033132,1.16681059879
ASP,72,1.03314739892,1.19162943629
GLU,73,0.742039361747,0.965163330958
ARG,74,0.689835034212,0.899752989413
ARG,75,0.856012241757,0.946489275791
ASN,76,0.988846932237,1.15276249199
LYS,77,1.05633915107,1.2700860056
TYR,78,1.22300952082,1.37438830046
LEU,79,1.23949111673,1.32864638231
GLU,80,1.06441654245,1.1159877055
LYS,90,0.554667200967,0.639119907546
LYS,91,0.670969088131,0.917402115058
THR,92,1.10971868634,1.12437674826
GLY,93,1.08630003183,1.17110944625
GLY,94,1.18247885533,1.18327515086
PRO,95,1.11460570866,1.20585305633
ILE,96,1.17020958235,1.23123910446
TYR,97,1.1369822121,1.21140992723
ARG,98,0.887987240839,1.07877399335
ARG,99,0.821054376753,0.993688096547
VAL,100,0.632763804983,0.833793564868
ASP,101,0.503743283196,0.722134110905
GLY,102,0.622905646257,0.719242301373
LYS,103,0.612974313305,0.845373309389
TRP,104,1.00319437129,1.02843975864
ARG,105,0.680666675038,0.968545906838
ARG,106,0.793756916104,1.01807424704
GLU,107,0.872186218993,1.00160407781
LEU,108,0.867640248027,0.993157800537
ILE,109,1.0117437166,1.00386046999
LEU,110,0.799696542966,1.01822041132
TYR,111,0.942307810665,1.01884610829
ASP,112,0.743333711427,0.948369330972
LYS,113,0.807927700294,1.06997670107
GLU,114,0.692852465424,0.952085240969
GLU,115,0.772750602374,0.972918725127
ILE,116,1.13380096749,1.20628464379
ARG,117,0.908378977987,1.20560589501
ARG,118,0.631985597456,1.03379773057
ILE,119,1.01934155866,1.13970283723
TRP,120,1.28887961798,1.29248806175
ARG,121,0.745430612383,1.14988711255
GLN,122,0.725912318511,1.0302655181
ALA,123,1.11195857437,1.20071786353
ASN,124,1.18105974249,1.17779688448
ASN,125,0.665441808934,0.895430442803
GLY,126,0.773425059028,0.90694256968
ASP,127,0.778199269508,0.942200727455
ASP,128,0.949740122109,1.0123532988
ALA,129,1.28145538386,1.23834195885
THR,130,1.00185895694,1.16754901558
ALA,131,1.16807526078,1.27296828717
GLY,132,1.41121738565,1.44010888189
LEU,133,1.31251768619,1.44439604627
THR,134,1.33792158432,1.46667973314
HIS,135,1.491733878,1.53143088072
MET,136,1.46154985766,1.58520533034
MET,137,1.41333583078,1.58054672114
ILE,138,1.53120181465,1.62423398871
TRP,139,1.55625423213,1.67862363647
HIS,140,1.42360077425,1.58663304917
SER,141,1.55394089922,1.64060073592
ASN,142,1.5787396548,1.70050111137
LEU,143,1.52642410245,1.6401687027
ASN,144,1.38032498287,1.53081932509
ASP,145,1.51395377688,1.59404757893
ALA,146,1.52968522523,1.56289563106
THR,147,1.43487833044,1.45861935643
TYR,148,1.25417641367,1.39614027508
GLN,149,1.16161113153,1.33246375075
ARG,150,1.32233409755,1.31004134283
THR,151,1.09823903542,1.22359754629
ARG,152,0.844476841806,1.05770821008
ALA,153,1.12570939255,1.15310904075
LEU,154,1.2385221045,1.27516583289
VAL,155,0.820542135652,1.06282699745
ARG,156,0.753369893696,0.948173899462
THR,157,1.12610489521,1.08964748535
GLY,158,0.901722201436,0.999132920262
MET,159,1.2673345914,1.17325544781
ASP,160,1.00377046115,1.11679735609
PRO,161,0.921408944278,1.14369138443
ARG,162,0.879969955514,1.10829391826
MET,163,1.27057361167,1.32516574941
CYS,164,1.25044336074,1.37517645574
SER,165,1.20231883539,1.38664781486
LEU,166,1.34759826099,1.5006171017
MET,167,1.40930638216,1.56415574048
GLN,168,1.4864922067,1.59864893674
GLY,169,1.55976994951,1.61738214558
SER,170,1.47392036831,1.50997395186
THR,171,1.43049764572,1.43261562986
LEU,172,1.51282263559,1.46030839807
PRO,173,1.28553460035,1.35054861537
ARG,174,0.878193696149,1.15251967735
ARG,175,0.809437264516,1.17508370615
SER,176,1.31168596753,1.32137113482
GLY,177,1.14235920499,1.17727614139
ALA,178,0.997444145149,1.14509951935
ALA,179,1.25956883152,1.27404311855
GLY,180,1.46632658504,1.46957697062
ALA,181,1.29831284683,1.41159214691
ALA,182,1.26147324178,1.37257584028
VAL,183,1.52627086424,1.53619750987
LYS,184,1.4320221432,1.57155891572
GLY,185,1.48069134473,1.58471879819
VAL,186,1.40998612628,1.50092366261
GLY,187,1.44239626519,1.53265161237
THR,188,1.47143019273,1.54563924941
MET,189,1.32893350352,1.47312705504
VAL,190,1.36219545319,1.44345758477
MET,191,1.29034941263,1.381484637
GLU,192,1.22115753169,1.30113680662
LEU,193,1.22004733852,1.2825471079
ILE,194,1.1240997705,1.23732693223
ARG,195,1.05064895028,1.12720223016
MET,196,0.903352027186,1.06107113337
ILE,197,0.946966331868,1.01525447313
LYS,198,0.812700292934,0.937554528416
ARG,199,0.716654571824,0.854458656711
GLY,200,0.585477788159,0.705484822547
ILE,201,0.572852829005,0.652443457115
ARG,213,0.403334598982,0.58850024861
ARG,214,0.519233592765,0.756796182587
THR,215,0.672120173992,0.872645558731
ARG,216,0.633149610971,0.906651080267
ILE,217,0.664923966096,0.90762300368
ALA,218,0.836497004074,1.02732863339
TYR,219,1.01713320627,1.12911355704
GLU,220,0.768899791723,1.10097641623
ARG,221,0.759635474093,1.1121715183
MET,222,1.10534292154,1.26563737711
CYS,223,1.10089017505,1.28943757993
ASN,224,0.878801330658,1.16686392972
ILE,225,1.17338801245,1.27600403428
LEU,226,1.29946401862,1.39517185478
LYS,227,0.962047513762,1.2772106005
GLY,228,1.0188390618,1.15663287233
LYS,229,1.29839161524,1.33848316596
PHE,230,1.25612138083,1.26767794577
GLN,231,0.904303090723,1.04427697226
THR,232,0.97038669516,0.978133850452
ALA,233,0.717670101656,0.881874873079
ALA,234,0.945626619845,1.0057226143
GLN,235,1.18511842939,1.18334136114
ARG,236,0.871215956206,1.15072969599
THR,237,0.890621321825,1.02936631514
MET,238,1.07753419263,1.12228343536
VAL,239,1.14191812628,1.23721479606
ASP,240,0.841728901069,1.05358879672
GLN,241,0.746967345739,0.993190652742
VAL,242,1.08762632421,1.13980582396
ARG,243,0.874566362056,1.08769810965
GLU,244,0.672043323957,0.906219879452
SER,245,0.81085238806,0.870498694024
ARG,246,0.448721479334,0.695614090249
ASN,247,0.56091230752,0.737828815956
PRO,248,0.824151330023,0.892601470167
GLY,249,0.79788034568,0.861828080758
ASN,250,0.652548784684,0.856345753278
ALA,251,0.782796064272,0.90190979183
GLU,252,0.996313661347,1.14142230411
PHE,253,0.908097076268,1.11643731899
GLU,254,0.748617842164,1.04601099529
ASP,255,0.97731432284,1.15641125269
LEU,256,1.20327569553,1.30567131643
ILE,257,1.0574583555,1.23317263969
PHE,258,0.995420907187,1.14834393119
LEU,259,1.21743152262,1.29060797313
ALA,260,1.3339042871,1.37166585469
ARG,261,0.935333323086,1.2059008666
SER,262,1.18784604714,1.21327691981
ALA,263,1.30467299205,1.33282765137
LEU,264,1.10542485987,1.19177436771
ILE,265,0.874787045688,1.04627870932
LEU,266,1.03352485957,1.11539346679
ARG,267,0.896551672097,1.17714985492
GLY,268,1.14273353879,1.26482755001
SER,269,1.05060193142,1.24044939764
VAL,270,1.38604378834,1.38138946806
ALA,271,1.23969196088,1.34797370904
HIS,272,1.27804860898,1.41990007823
LYS,273,1.315659205,1.45125668413
SER,274,1.45370152629,1.54532202568
CYS,275,1.53071626664,1.58375510316
LEU,276,1.53556945097,1.5686172159
PRO,277,1.57310009707,1.57056939533
ALA,278,1.51186374849,1.57703294576
CYS,279,1.41530490824,1.53559197054
VAL,280,1.50186488544,1.49525733839
TYR,281,1.48485257593,1.51796690035
GLY,282,1.37053703674,1.53139578022
SER,283,1.20705867193,1.31842620034
ALA,284,1.25596430278,1.28757272209
VAL,285,1.15668291882,1.25513278468
ALA,286,0.973112232101,1.07523867529
SER,287,0.920320239404,0.971543214846
GLY,288,0.78880778398,0.90491977954
TYR,289,0.974466634335,1.01818159764
ASP,290,0.79347331987,1.01985094891
PHE,291,1.24158556073,1.23862364877
GLU,292,0.824677853126,1.14660614783
ARG,293,0.602949186571,0.905521691285
GLU,294,0.774169452357,0.953116019295
GLY,295,0.974715845566,1.1554102698
TYR,296,1.33341236443,1.26875483091
SER,297,1.16719628119,1.25312339466
LEU,298,1.3541757016,1.35344448444
VAL,299,1.09826373881,1.23346687563
GLY,300,1.17027902899,1.24481928018
ILE,301,1.06294851288,1.24784097674
ASP,302,1.16966391786,1.2925121223
PRO,303,1.35723895129,1.42867219362
PHE,304,1.28690154854,1.39624705239
ARG,305,0.887896517501,1.242348852
LEU,306,1.3112867868,1.31777794538
LEU,307,1.421427566,1.41450806702
GLN,308,1.11504458621,1.24203322422
ASN,309,0.860436068485,1.07470502986
SER,310,1.30773846763,1.26852466214
GLN,311,0.915422907679,1.17627834104
VAL,312,1.38738564753,1.35993783018
TYR,313,1.06575304406,1.34501614053
SER,314,1.37339082531,1.38555371331
LEU,315,1.21971708714,1.28128107138
ILE,316,1.07819108042,1.21250193687
ARG,317,1.11353872653,1.07693970042
PRO,318,0.796764173089,0.897040458559
ASN,319,0.621046932354,0.815553246442
GLU,320,1.10122931314,1.06508183044
ASN,321,0.962755019058,1.07119205591
PRO,322,0.97106947213,1.16839354524
ALA,323,1.00807656914,1.16792475901
HIS,324,1.08040419688,1.31779843033
LYS,325,1.31555535514,1.41605455387
SER,326,1.20552592314,1.46107103789
GLN,327,1.31961081465,1.45394670783
LEU,328,1.41305337233,1.5291289021
VAL,329,1.48212132111,1.56664718459
TRP,330,1.36705766058,1.55190662374
MET,331,1.45832973709,1.60504606213
ALA,332,1.54736989365,1.69897944022
CYS,333,1.53804606682,1.64205470791
HIS,334,1.42116918004,1.56512933907
SER,335,1.50284600676,1.6189547968
ALA,336,1.37525105616,1.52877918768
ALA,337,1.489170011,1.52944326107
PHE,338,1.41857557526,1.43119339031
GLU,339,1.21428956757,1.36319996839
ASP,340,1.08752083189,1.26325531171
LEU,341,1.22948699187,1.34321855865
ARG,342,0.979706574757,1.19761060522
VAL,343,1.12024631862,1.22764627661
SER,344,1.30668172304,1.37555376665
SER,345,1.09803043402,1.314922266
PHE,346,0.958655337136,1.1769835847
ILE,347,1.19694764868,1.291745965
ARG,348,1.21047220397,1.3267911434
GLY,349,0.986279783533,1.09499426562
THR,350,0.906654427412,1.04901102345
LYS,351,0.849207186285,1.08720664611
VAL,352,1.32960776494,1.27555354197
VAL,353,1.06827995545,1.18121539519
PRO,354,1.10577813308,1.28079769372
ARG,355,1.36849055923,1.3244153183
GLY,356,1.00536889898,1.14793313757
LYS,357,0.877965087148,1.02876200124
LEU,358,1.24034789503,1.20121306509
SER,359,0.873278227165,1.08318498662
THR,360,1.25627592008,1.21970091196
ARG,361,0.921576643789,1.14887781389
GLY,362,1.28655240758,1.28863319646
VAL,363,1.44509382442,1.3471802598
GLN,364,1.20405499081,1.24907542995
ILE,365,1.12691167391,1.11381201129
ALA,366,0.90296692183,0.970091381131
SER,367,0.724690772583,0.843928157474
ASN,368,0.704830533196,0.772896304923
GLU,369,0.990265152354,0.880396796737
ASN,370,0.638614807322,0.818891229661
MET,371,0.880763575477,0.938457801395
GLU,372,0.563230658982,0.793998234748
THR,373,0.736985884709,0.833158336922
MET,374,1.00573007047,1.02771251962
GLU,375,0.751734597503,1.00318983179
SER,376,1.06962625125,1.11962143727
SER,377,0.943252865373,1.07030129897
THR,378,0.941093544909,1.14370280307
LEU,379,1.37685105926,1.33507370714
GLU,380,0.981649230149,1.21638893581
LEU,381,1.37003451452,1.36668000518
ARG,382,0.880434348154,1.25086170416
SER,383,1.22363322884,1.26987462218
ARG,384,0.843555700686,1.1041179291
TYR,385,0.952608840339,1.20932590661
TRP,386,1.09086957769,1.2820307089
ALA,387,1.18680278623,1.26379839236
ILE,388,0.993098754934,1.18647008701
ARG,389,1.24210771847,1.22963736
THR,390,0.997676422707,1.07825558111
ARG,391,0.896156119129,1.04462641701
SER,392,0.930142556387,0.949269418653
SER,438,0.602054925085,0.599771247984
ASP,439,0.581320683416,0.708305610111
MET,440,0.876855130214,0.912049680156
ARG,441,0.833787380117,0.914888398685
THR,442,0.618651933751,0.803502224522
GLU,443,0.681551422181,0.864284650365
ILE,444,1.03551242954,1.03944428933
ILE,445,0.7438287092,0.922207866739
ARG,446,0.50999518598,0.808070939177
LEU,447,0.821597817577,0.877786363192
MET,448,0.923786339072,0.943816123673
GLU,449,0.537626677689,0.742188168033
SER,450,0.565737003831,0.65316692238
GLY,460,0.764888309636,0.798031840482
ARG,461,1.09984560585,1.03998658714
GLY,462,1.0073680695,1.0708365876
VAL,463,1.09103759182,1.17502025479
PHE,464,0.998777675626,1.10790916361
GLU,465,0.720692559543,1.00167040903
LEU,466,0.976686719105,1.04143588753
SER,467,0.654857972454,0.837325613068
ASP,468,0.795284781914,0.904275422074
GLU,469,0.751276632328,0.912651430444
LYS,470,0.589877037045,0.806931629553
ALA,471,0.817587510422,0.895828921522
THR,472,0.635322753099,0.741746515051
SER,473,0.644698325034,0.782911753912
PRO,474,0.72444266589,0.888495549969
ILE,475,0.826410117844,0.888890135779
VAL,476,0.645694014052,0.820837460081
PRO,477,0.957695600876,0.930295069117
SER,478,0.617601001455,0.78900087952
PHE,479,0.929517071605,0.872408621646
ASP,480,0.66433575784,0.79159047687
MET,481,0.715732017839,0.790907463381
SER,482,0.603306582421,0.712866365512
ASN,483,0.795631398924,0.882348725572
GLU,484,0.896427729908,0.984929269518
GLY,485,1.08438199602,1.13985471067
SER,486,1.11114855793,1.20454288283
TYR,487,1.37845969439,1.36265743794
PHE,488,1.30822712794,1.2750690129
PHE,489,0.929087611952,1.04406118853
GLY,490,0.85080631831,0.957003734475
ASP,491,1.24946375127,1.17443209959
ASN,492,0.778208804283,1.01683896188
ALA,493,1.2189595865,1.18852870774
GLU,494,0.94067321752,1.09054463444
GLU,495,1.0561177202,1.12378885752
TYR,496,1.19569917148,1.17932031848
ASP,497,0.831622649043,1.00087798248
ASN,498,0.965440703352,1.00479990361
