res_num	entropy
1	1.05467584421
2	2.59978426405
3	1.25638295311
4	1.29728269002
5	0.0771387449863
6	0.603502990227
7	2.16679857085
8	1.30097886102
9	1.82608292535
10	2.38741549181
11	2.40016001513
12	2.08084076468
13	2.40794014413
14	0.192583717337
15	2.04523786825
16	1.97358762342
17	0.731897308603
18	2.19043676523
19	1.24373505163
20	0.0
21	1.68200886153
22	1.55391673908
23	1.48829783905
24	0.147127831817
25	2.18173360837
26	1.65359458763
27	1.23026525278
28	0.0144272148622
29	1.92918534027
30	1.41367348686
31	2.21357366576
32	1.87353280446
33	0.321173373161
34	0.900125185968
35	1.09967822151
36	1.73879499554
37	2.07488334491
38	1.9117967092
39	1.90931115857
40	1.96759876148
41	2.11732719536
42	2.24789553992
43	2.23718360163
44	1.60340080505
45	1.30287749248
46	0.0
47	0.5838471387
48	2.43311794817
49	1.66501183186
50	1.20601975941
51	0.0
52	1.45568811339
53	2.35848471945
54	1.18456402677
55	0.874133965651
56	1.88792171248
57	0.639724621269
58	1.70016090852
59	2.15495799084
60	1.64506106223
61	0.0144272148622
62	1.64917418671
63	0.917944661747
64	0.546687009583
65	1.90091921599
66	1.48595880275
67	0.806001144787
68	0.411363993739
69	1.32049929588
70	2.13950943594
71	0.299758261352
72	1.92263537119
73	0.0
74	0.971635013807
75	1.49715018855
76	1.11427949009
77	0.0144272148622
78	1.04311359955
79	1.98510804699
80	0.840427724088
81	1.34721285212
82	2.19481250477
83	1.64723284023
84	1.30609532906
85	2.41851713138
86	1.873526818
87	2.43117430143
88	1.85556144961
89	2.44459172522
90	2.05619798578
91	0.0
92	1.68254424252
93	2.45666211413
94	1.8894334082
95	2.43018620529
96	2.04932480601
97	2.36449733336
98	0.0
99	1.66009284268
100	0.0771387449863
101	1.71201800246
102	1.80973179515
103	1.91515869511
104	1.96056513979
105	1.58451035325
106	2.02372559413
107	1.48180994911
108	1.99456669514
109	1.8447144605
110	1.57089024528
111	0.0144272148622
112	0.589606140874
113	1.67207085976
114	0.301503603605
115	2.03935038151
116	1.46791867707
117	1.77482015054
118	1.63187032471
119	1.45622726769
120	1.92727668078
121	0.180454370213
122	0.0799113337085
123	1.72473062439
124	1.1191042617
