res_num	entropy
1	1.41521206462
2	2.13203899607
3	1.97716380672
4	1.88221632734
5	1.8779933576
6	1.00757328243
7	1.93953836532
8	1.71321340245
9	1.63439691753
10	2.09672096875
11	2.00553552969
12	2.03796555179
13	1.55399176048
14	0.891892879256
15	2.23500281492
16	2.23525260503
17	2.23299744497
18	1.21021549452
19	2.12794259632
20	2.11504347923
21	0.852553045093
22	0.59872358649
23	1.9404283112
24	2.14892038632
25	1.63055842401
26	2.21790136564
27	2.14275352259
28	1.74866143157
29	1.68551092892
30	1.78074811668
31	1.19922701853
32	1.45702040633
33	1.76852549098
34	1.36175677797
35	0.775380284921
36	1.52051260567
37	1.95578559923
38	2.34071636475
39	1.71268991714
40	0.89371980781
41	1.74881022745
42	1.97972399837
43	0.0144272148622
44	1.66168943752
45	1.27626603981
46	1.17577212858
47	1.19406751606
48	0.765767915209
49	1.78393040356
50	1.82074550331
51	0.340381389279
52	1.85922981508
53	2.024402136
54	2.1999688469
55	1.86346601639
56	1.87660043845
57	2.00177995439
58	2.2928623456
59	2.40973996121
60	2.18409402077
61	1.56301723874
62	0.674266444749
63	1.6235610283
64	2.02836725772
65	1.78435202175
66	1.86892097546
67	1.79881413272
68	1.38953650672
69	2.02992239103
70	1.69272662925
71	1.7687917561
72	0.222192221604
73	1.77209373627
74	1.95222800772
75	2.04728013915
76	0.632195160039
77	1.35728583267
78	1.49203209133
79	0.155016589193
80	2.49024942779
81	2.57220545657
82	1.59902452738
83	1.16412261549
84	1.1958936184
85	1.56666336765
86	0.965925415079
87	1.5871382403
88	1.13709557645
89	0.228054746451
90	1.92482279607
91	2.17980898922
92	2.12363484258
93	1.59895983819
94	1.95167325279
95	2.43442071697
96	0.694716542412
97	1.18133354069
98	1.88951079832
99	2.09224692004
100	0.0
101	1.03839815749
102	0.355484851157
103	2.22757287999
104	1.26699077394
105	1.80290991721
106	1.53395867463
107	2.00465307447
108	1.83288585343
109	1.58274532229
110	0.249713155543
111	2.13703679621
112	1.41416224153
113	1.98054439235
114	1.47764494457
115	1.92515266243
116	1.40379566923
117	1.54608917169
118	1.46380089169
119	1.89462375376
120	1.95369962574
121	2.14095532757
122	1.63797979158
123	1.81314086992
124	1.80332852508
125	0.107013912072
126	1.43522935349
127	1.76419580913
128	1.92321984684
129	1.08536206744
130	0.99673947146
131	1.90612780914
132	1.93852450777
133	0.637630209651
134	1.26200534506
