res_num	entropy
1	1.53076612598
2	2.01458021515
3	1.40950717284
4	0.962643371052
5	1.25011297691
6	0.897885660564
7	0.287858676887
8	1.98819325896
9	1.65518275655
10	0.449741497814
11	1.76811622879
12	1.53654587224
13	1.78954303428
14	1.74075136619
15	0.0
16	0.63746297863
17	2.13629184897
18	1.68280086666
19	0.328562885276
20	0.794426428557
21	0.324942551495
22	1.07887142594
23	1.08522458407
24	1.60067938548
25	0.26097730498
26	1.69098378931
27	0.878657140039
28	0.753102341918
29	1.2226568015
30	0.0
31	1.41308661118
32	0.290755457115
33	0.0
34	1.59237903995
35	1.52998679029
36	0.0837304187183
37	0.408324049846
38	2.28897499862
39	0.771963632357
40	0.501995209258
41	1.80738556419
42	2.22482862311
43	0.362822438157
44	1.19128339991
45	2.02415055071
46	2.39290884918
47	0.76836480503
48	0.0
49	1.59995229966
50	0.994809043504
51	0.300933703957
52	1.33784057756
53	0.529803689423
54	0.85549248749
55	0.172329402641
56	0.0144272148622
57	1.46585448613
58	0.167239818495
59	0.0432696124821
60	2.08623778448
61	1.67017891643
62	2.02609224468
63	1.65926416037
64	1.97723808944
65	1.58863949038
66	1.61003121418
67	2.04932358056
68	2.22485883859
69	1.94401560666
70	1.43415535059
71	0.947160067789
72	1.93219079889
73	0.251751485464
74	0.926537260415
75	1.61346519156
76	2.08710413532
77	1.64247297783
78	1.32190025861
79	1.7202880456
80	1.62939590974
81	1.37632438444
82	1.82369463954
83	1.79735950253
84	2.20930178556
85	1.65327241796
86	1.46549479701
87	2.10339408209
88	2.29780545701
89	0.259260173338
90	2.10812239882
91	2.00284678492
92	2.17658024782
93	0.0
94	0.758721336434
95	0.569678540521
96	0.279867001871
97	1.93627833235
98	0.408915352491
99	1.84434250759
100	1.55433327067
101	0.898818972608
102	0.0
103	1.20384342797
104	0.727003946
105	2.17388226963
106	0.0
107	0.0404970237599
108	1.08903085307
109	1.49379781196
110	1.23245256705
111	0.955163847712
112	1.88365569503
113	0.957326982257
114	1.63656452055
115	1.47750142465
116	2.29009753258
117	0.743789803897
118	1.83530797628
119	1.93439384678
120	1.81825040311
121	1.27128145998
122	1.38944883885
123	1.88672497489
124	1.99298877203
125	0.620503007816
126	0.980361227739
127	0.579075269967
128	1.64207242889
129	0.945002789187
130	0.346742386462
131	0.755355325765
132	1.06666129159
133	0.82928032353
134	2.46966398666
135	2.04684698184
136	1.25274345033
137	1.76495696466
138	2.07102358544
139	2.04561344981
140	0.772519268438
141	0.209268711235
142	1.93895113729
143	0.429978361787
144	0.600011990654
145	0.966729853926
146	0.640996575109
147	1.40663163344
148	2.06116808805
149	1.41033077188
150	0.918778608016
151	1.73008683921
152	1.40028675024
153	1.10951755584
154	0.410724828978
155	0.136838027147
156	2.0548388634
157	1.68614705581
158	0.0
159	0.240313082958
160	1.82421579798
161	1.91676155353
162	0.163879380298
163	1.89646073193
164	0.0260778329834
165	1.9444377156
166	2.21111982429
167	1.98140329946
168	2.21520454141
169	1.67736193862
170	0.739790962509
171	1.93567925528
172	1.33741967534
173	2.1327540379
174	1.7335733311
175	0.238725433461
176	1.85931917705
177	0.708624894486
178	1.97917755295
179	0.417046792421
180	1.88671507222
181	1.36156322498
182	1.74237103941
183	0.974545778274
184	0.978162424912
185	1.71356331439
186	0.685080155115
187	0.710371022752
188	2.02985926775
189	2.13766601063
190	1.79578120388
191	2.32994372717
192	2.39033302892
193	1.91023594377
194	1.83507447844
195	2.45951888538
196	0.0
197	2.05782069162
