res_num	entropy
1	1.08898888398
2	2.26865893066
3	1.55042660766
4	2.13836717741
5	2.07643038656
6	2.30735170053
7	2.46600719589
8	2.15790281248
9	1.66838985311
10	1.76267641072
11	0.0144272148622
12	2.07207820979
13	1.71508678356
14	1.16125394964
15	1.586248165
16	1.96772789752
17	1.31358826788
18	1.52141102816
19	2.15730258624
20	2.00680235657
21	1.62024119969
22	1.79493057375
23	2.35082024013
24	0.478208688979
25	0.521756327997
26	0.0
27	0.0144272148622
28	1.11062376161
29	0.0
30	0.0
31	1.86733566244
32	0.0
33	0.0655042397472
34	1.58309762734
35	0.0
36	1.25616991528
37	0.277563570785
38	1.64059282262
39	0.784135822522
40	1.1736341997
41	1.76606848732
42	0.239321941339
43	1.0671192079
44	0.0144272148622
45	0.0
46	1.56321048241
47	1.81665412655
48	2.17862727097
49	2.29173810397
50	1.62845523596
51	0.0
52	2.28437616329
53	1.42511917932
54	1.56825516475
55	1.54176291766
56	1.78818990415
57	1.54214155956
58	2.24852601828
59	1.92994199979
60	2.21176588256
61	0.10212169393
62	1.63473594432
63	1.62144957676
64	2.03570512534
65	0.811466799624
66	2.32475679025
67	1.89634682481
68	0.829914324184
69	1.97908839718
70	1.99275214407
71	1.90535734464
72	1.40678994487
73	1.23337404967
74	1.87775050258
75	2.12088244209
76	1.92994242008
77	0.0144272148622
78	1.93633263145
79	0.525451421046
80	0.895484500291
81	2.34729550634
82	1.06349302938
83	1.70505812985
84	0.0549121903888
85	0.700756792011
86	1.20715226047
87	1.21255637675
88	0.631196130915
89	1.38082540437
90	2.03760185425
91	0.101442097783
92	1.76931957433
93	1.90843382698
94	2.3702870885
95	2.15569264585
96	0.0510931053791
97	2.00729124961
98	0.0
99	1.61846282044
100	0.932019464438
101	1.91990399452
102	1.56092446051
103	0.444936547507
104	1.61072752712
105	0.0144272148622
106	1.86018847196
107	0.840874511287
108	1.8596341372
109	1.72350404996
110	0.736234998686
111	1.26806956972
112	0.76959825148
113	1.56528030341
114	1.3355283845
115	1.89044009526
116	2.15902703408
117	0.627971179278
118	2.15294378814
119	1.74619745514
120	1.78989184216
121	1.84266533395
122	1.56881716611
123	0.0144272148622
