res_num	entropy
1	1.72739814805
2	1.65898411196
3	0.913263704489
4	1.29865813263
5	1.19512064813
6	0.977132133783
7	1.57547426296
8	2.30729076267
9	1.33619712372
10	1.78581414812
11	1.57730194674
12	2.0537800193
13	0.412645809918
14	0.903466906278
15	2.07823420106
16	1.73664881684
17	0.403370550576
18	0.934601783502
19	0.650886364301
20	0.201571340794
21	1.91021885744
22	2.23461490089
23	0.734723727041
24	1.29958197052
25	1.47672893556
26	2.01302256317
27	1.08284477097
28	1.15407055563
29	1.54171107064
30	1.37920490022
31	1.12949836191
32	1.43078478
33	0.764804633775
34	0.813258729515
35	2.16727948601
36	0.231686653573
37	0.319773182532
38	0.602702786518
39	2.4424340481
40	1.72431334837
41	2.25620572612
42	0.963091452208
43	1.27122348012
44	1.94710825153
45	2.18607988711
46	0.944175643519
47	1.02830616518
48	0.0260778329834
49	1.3659694942
50	1.67574291338
51	1.25534250396
52	1.10848806889
53	1.17596414283
54	1.6993084064
55	1.20255442246
56	1.57071697497
57	0.379645707402
58	1.33382284331
59	0.481193474079
60	1.54415665769
61	0.768237969912
62	1.80860648098
63	0.79105555624
64	1.55335658729
65	1.29209360623
66	1.6477189848
67	1.20030999996
68	2.01473313427
69	2.37980694219
70	2.31323458929
71	0.605650638765
72	1.52285876541
73	0.708816508657
74	0.0144272148622
75	0.352792697299
76	1.77803141431
77	1.80771643963
78	1.38642178047
79	1.81997344258
80	1.69683336212
81	1.70975089343
82	0.0
83	2.03872243027
84	0.266634708901
85	1.10272212756
86	1.81920794629
87	1.8945517628
88	2.32696578034
89	1.23973657014
90	1.61222955772
91	1.78189503198
92	1.08086222332
93	2.40807964998
94	2.06627954331
95	0.96006107058
96	2.0824409779
97	1.66712056468
98	2.09007832527
99	2.38196293796
100	0.973715195575
101	1.8991663558
102	1.66741857551
103	1.37789962027
104	0.896628835648
105	2.23825907693
106	1.33446527438
107	2.04911367296
108	1.2675528516
109	1.88466822072
110	1.44564291021
111	1.0660288545
112	0.148055700288
113	1.68101178256
114	1.80619594015
115	0.0288504217056
116	2.16801467661
117	0.578541828801
118	1.733578574
119	2.12735738907
120	2.39208499229
121	2.03364085367
122	1.75679764939
123	1.68697993693
124	0.161535103372
125	2.23058975277
126	2.0789816862
127	0.220498737316
128	1.26796028153
129	2.31765903803
130	1.65999173164
131	0.883261149667
132	2.15533480747
133	1.53876482682
134	2.04115269874
135	2.06449642141
136	2.38857941169
137	0.581163464815
138	1.91537232993
139	0.0
140	1.81302273119
141	2.18512405051
142	2.40675605939
143	1.8051747684
144	0.544831045598
145	2.0265186635
146	1.60686332513
147	1.77803028407
148	0.843259326705
149	1.29350799742
150	1.71609840523
151	1.70359816858
152	1.49167920362
153	1.66045395265
154	1.92306360169
155	2.23093599578
156	1.95146730106
157	2.48364395057
158	1.45740888975
159	2.07611199523
160	2.10730936302
161	2.12795102433
162	1.19255667004
163	1.9639168505
164	1.94458163337
165	2.43731912906
166	1.4665424372
167	1.61432477189
168	0.939676243877
