res_num	entropy
1	1.87965415392
2	1.85534028555
3	1.37825608783
4	1.16422274081
5	0.767452986132
6	1.89395849139
7	1.57117416819
8	1.91123005282
9	1.32623733187
10	1.63470775916
11	1.63218429863
12	0.0260778329834
13	2.01473620143
14	0.0
15	1.10210369408
16	0.999979585256
17	2.07600928999
18	1.80414809598
19	2.05578516301
20	2.38042978561
21	0.37557524815
22	1.5435868807
23	0.0610055585902
24	0.213874455437
25	1.38435651199
26	0.479299352846
27	1.68663968482
28	1.57391333132
29	2.02146107206
30	0.422411646719
31	1.66399098518
32	0.284671813536
33	1.58085099105
34	0.157419962742
35	1.79776731922
36	1.47565182449
37	2.37985547138
38	1.52896827484
39	0.0
40	1.7926950692
41	0.0
42	1.55575395292
43	1.71112461701
44	1.08911056563
45	0.167574544644
46	1.74160360369
47	0.501398833737
48	1.78423556298
49	1.54194846892
50	1.26118043327
51	2.03745042355
52	2.26508752411
53	0.998851981521
54	2.1009358304
55	0.888723295508
56	2.20875126461
57	2.15499802773
58	0.666992933099
59	1.9375598629
60	0.62785940981
61	1.99955493286
62	0.0144272148622
63	2.33020531312
64	0.872244799835
65	1.61459987912
66	0.731803233308
67	1.55642220294
68	1.744769294
69	1.62791761207
70	0.427210440259
71	1.18963216953
72	1.17999071021
73	1.950300504
74	0.202305732102
75	0.994835487499
76	0.904635983105
77	1.68543150031
78	1.8507011771
79	1.48648707932
80	2.02746665151
81	1.84093996401
82	0.558621245375
83	1.70393757688
84	0.547433466304
85	0.164120475394
86	0.0
87	1.53316198912
88	1.93902675885
89	1.34968815921
90	1.50558426746
91	1.0487715214
92	0.0
93	1.54520828543
94	1.36745978382
95	1.94143534739
96	0.0610055585902
97	1.49015104741
98	1.36687004004
99	2.04774129412
100	1.27863275918
101	0.852771508787
102	0.404963485064
103	2.13205902739
104	1.88972033083
105	1.30948840157
106	1.9822899772
107	0.704202588734
108	1.07048349165
109	2.06872407498
110	1.36518744326
111	2.23732238677
112	2.17751332444
113	1.62822433909
114	0.171794436193
115	2.05375822816
116	1.47114485053
117	1.14380372137
118	2.32405544122
119	1.69485590667
120	0.0
121	0.0
122	1.63840346816
123	0.430580596244
124	1.44619695305
125	0.674146254017
126	2.43719751374
127	1.89216290473
128	1.64695775817
129	1.54437584168
130	1.41141361942
131	0.21223418562
132	1.13374233115
133	2.16412946226
134	1.60273349145
135	1.54002361451
136	1.91801033136
137	0.571934937752
138	1.0615394961
139	0.0794049391854
140	1.95932181586
141	2.2601813948
142	2.23262170224
143	1.94202606567
144	1.823622427
145	1.33061397409
146	1.87526981836
147	2.04312565447
148	1.52185039139
149	1.86105785073
150	2.27566461581
151	2.19160517016
152	1.06695823288
153	1.07351359912
154	2.33975702312
155	1.66713889773
156	1.59176500503
157	0.198515243346
158	0.904827512684
159	1.83360309034
160	1.73279029316
161	0.0
162	1.5672272002
163	1.80335144004
164	0.640391426418
165	0.538995826158
166	1.54511515251
167	2.06318017598
168	1.2913454598
169	1.69592986251
170	0.863016050028
171	1.29733746722
172	2.20604896481
173	1.22227540844
174	2.23977730255
175	1.06526092832
176	0.554381500857
177	1.53817208405
178	0.0
179	2.2158265031
180	0.949234501891
181	1.51200048656
182	1.21616291079
183	1.65612854913
184	0.466569260992
185	0.985776664135
