res_num	entropy
1	1.16741064181
2	1.02805022887
3	2.46376881576
4	1.82163177019
5	0.637269517562
6	2.34504834148
7	1.33235486732
8	2.05895874989
9	1.69998427014
10	1.50499083222
11	2.32777308197
12	1.8523411486
13	1.14618815301
14	0.76659320801
15	1.5513456104
16	0.56312376953
17	1.88083617815
18	1.94022231075
19	2.15290030853
20	2.43207783962
21	1.97989276684
22	2.02703020286
23	1.64459520116
24	0.855629851029
25	1.60322378172
26	1.96195093431
27	1.03775469536
28	2.04932878178
29	1.86889466882
30	1.54057992894
31	0.838345281263
32	1.76733839189
33	2.30514828363
34	1.86203424381
35	1.78091291458
36	0.82863603537
37	1.75792101198
38	2.50606257026
39	1.66984455419
40	1.9211519535
41	1.60051558069
42	1.82378774576
43	0.591425202824
44	1.64089953761
45	1.86669881723
46	2.24429939195
47	1.55965815368
48	1.64109142769
49	1.2223867477
50	0.196531506428
51	1.57197386991
52	2.18882446825
53	1.91088879175
54	1.57721310046
55	0.455854749383
56	1.81343743385
57	1.41663289939
58	1.2252987262
59	2.31714568795
60	0.955481208607
61	0.314849022745
62	2.23491840211
63	1.58741600035
64	1.35413198452
65	0.0521396016666
66	0.177159195503
67	1.5604177992
68	1.57071242706
69	0.136976470085
70	2.19065191152
71	1.87918283518
72	0.795393855566
73	1.48001003455
74	1.42350822725
75	2.13796160731
76	0.0
77	1.0611343038
78	1.43994595378
79	1.87785001017
80	1.49861595291
81	2.12773191426
82	1.44809837332
83	2.46080379659
84	1.18019369548
85	1.23993564474
86	1.14774185711
87	2.1725274582
88	1.60033483679
89	1.56825132558
90	1.31623346751
91	0.458374975263
92	1.99648924556
93	0.099684634119
94	2.29259472534
95	2.28531003239
96	1.90290683204
97	1.85015436536
98	1.69932398113
99	2.22830641889
100	1.74741777269
101	1.53131489202
102	0.854468625086
103	2.20756716627
104	1.90479246849
105	1.82192848477
106	1.48070445931
107	1.73237549874
108	1.60842991124
109	1.97173412373
110	0.510203866936
111	0.800346033189
112	0.905971168643
113	1.97729887263
114	2.03095729623
115	2.09743655674
116	1.38474402355
117	0.946525306511
118	0.73477212309
119	2.1061251467
120	1.82216665838
121	1.66116223091
122	2.07221576064
123	1.90015893545
124	1.2565427593
125	2.23925721098
126	2.01706318654
127	1.83905050487
128	1.72100543054
129	2.12560422846
130	0.0
131	1.20082718834
132	1.42928009449
133	2.00827759228
134	1.90778278407
135	1.6478853518
136	2.12949414035
137	2.14273271745
138	1.66060442759
139	1.9583241517
140	1.57268958798
141	2.01223829353
142	1.45335876004
143	2.22759536483
144	0.0
145	1.46471957848
146	1.5258139065
147	2.25043217335
148	1.71098426754
149	1.97750894452
150	1.76423204363
151	1.64784073863
152	1.95129559595
153	1.69108357738
154	1.98067179931
155	0.954348287943
156	2.01893396553
157	2.13350579019
158	2.20833750044
159	1.08446902065
160	0.564989731401
161	0.138494986822
162	1.76997183214
