res_num	entropy
1	0.975378274725
2	1.55263413086
3	1.87844632377
4	1.630481505
5	1.96627427051
6	1.00504619615
7	1.70127497147
8	2.02737112345
9	2.03077377839
10	1.72676247617
11	1.40056759726
12	2.09349961169
13	2.0680260696
14	1.25705225307
15	2.32920722164
16	1.37803955326
17	1.75505076503
18	1.64920645485
19	0.222026549164
20	1.29424405455
21	1.90831425763
22	0.0
23	2.05670691395
24	0.570876968494
25	0.369492907921
26	0.688500767826
27	2.15321698755
28	1.46615748437
29	1.99672669478
30	1.17370520242
31	1.35931177827
32	1.09144108759
33	1.48462428149
34	2.25701288293
35	2.17256850726
36	1.05921337101
37	0.668714926967
38	1.68762417413
39	1.98326838897
40	0.699353265177
41	1.67691969248
42	2.18510265057
43	0.141994886225
44	1.54359753014
45	2.07996694355
46	1.92799784488
47	1.72422281943
48	2.13666864343
49	0.956941950983
50	0.0510931053791
51	1.80233575677
52	2.00868962575
53	1.89761265663
54	1.93890795338
55	1.55538453422
56	1.8566371324
57	1.94036491042
58	2.33653357503
59	1.91592079959
60	2.22919550013
61	2.24359931518
62	2.04688220599
63	0.515680349908
64	1.34979057982
65	1.41620116825
66	0.258781870387
67	2.20030866766
68	1.30778769303
69	2.4549338609
70	1.21207013867
71	2.24005593525
72	1.77227586601
73	2.06753694558
74	1.78442675514
75	0.992758469696
76	1.29032361691
77	0.694955913559
78	1.71133269556
79	1.64315859534
80	2.00686132445
81	2.21352847956
82	0.237419134199
83	2.69004933911
84	0.762456402021
85	2.21338885447
86	2.0901830269
87	2.30261048531
88	1.70383982693
89	1.52329940433
90	2.42904999419
91	1.62791077457
92	2.01253824071
93	2.08233068267
94	0.63945981516
95	1.47149929841
96	1.22501883786
97	1.61811470391
98	1.89010455744
99	1.92355309413
100	1.70470397385
101	1.6316600422
102	0.496697865448
103	0.497963082467
104	1.22504187969
105	0.0926189885374
106	1.68724194386
107	0.964359926977
108	2.29340983928
109	0.574048236473
110	1.965674708
111	1.96083674746
112	1.90923352087
113	0.0
114	1.42602201899
115	1.50243801452
116	1.87390963749
117	2.4898953592
118	2.4468220404
119	0.0144272148622
120	2.24548756461
121	1.85147424988
122	2.30409095824
123	2.26834590622
124	0.69099610884
125	0.0901499225359
126	2.30951979586
127	2.28227030105
128	2.5182069758
129	2.04582879868
130	1.60264540912
131	1.86548011633
132	1.09479992804
133	1.9690255563
134	1.46001348988
135	1.32389891983
136	1.05382817173
137	0.499839381932
138	1.38472712752
139	1.21893716198
140	1.97375321344
141	0.0
142	1.70488400637
143	1.83950028897
144	0.0
145	0.575849044202
146	1.5868635356
147	1.03277129426
148	1.7312455836
149	1.65244570011
150	1.63116157312
151	1.02497780862
152	2.13892832923
153	1.79279764588
154	1.4083454948
155	0.0144272148622
156	1.43878387821
157	0.850770253094
158	1.98661708479
159	1.24209176211
160	1.0726134686
161	0.832565654854
162	0.0
163	1.61803574153
164	1.211224895
165	0.900675266667
166	1.66275823545
167	1.2275857007
168	2.2395272497
169	1.75126657718
170	2.01660142366
171	1.87730626573
172	1.92273020625
173	2.05129832515
174	1.93431056142
175	1.70901454045
