res_num	entropy
1	1.62213721313
2	1.31199886214
3	1.61868306323
4	2.00158903011
5	1.52307396643
6	1.76302824141
7	1.48208607792
8	0.944720579693
9	1.39409192901
10	0.57740942684
11	0.841952469936
12	1.07705070058
13	1.78856870999
14	2.29758805529
15	1.08919006802
16	0.974903280357
17	2.08297336705
18	1.77140160812
19	0.398634150771
20	1.45302132057
21	0.738378471861
22	0.752586847416
23	2.19678358711
24	0.691145991901
25	0.821200196443
26	0.365922663556
27	1.94064352919
28	1.62854472133
29	2.40583487612
30	0.966835379605
31	2.12507808804
32	2.29445606495
33	2.23926698936
34	0.69631875314
35	1.23295036283
36	2.20729370167
37	1.99368337696
38	1.87952170931
39	0.452903122015
40	1.37984756567
41	1.69183069104
42	0.833109150118
43	2.06948341884
44	0.874393621666
45	1.67480644812
46	0.101607177565
47	1.70920468776
48	2.10022120143
49	1.58387173287
50	2.31232829073
51	1.76662307864
52	1.64424250134
53	0.0144272148622
54	1.87998433515
55	1.49871874243
56	0.596412546591
57	0.93257847274
58	1.63591826667
59	2.13335472228
60	0.981365576282
61	1.77059101128
62	1.84112428381
63	1.81045939913
64	0.710753965973
65	1.58760541584
66	2.2270251651
67	1.62274967348
68	0.374819669187
69	1.17339925897
70	2.03757272044
71	1.7633583659
72	1.41887957311
73	1.64195992316
74	1.70750446024
75	0.157426149504
76	2.20272787695
77	1.73097610786
78	2.27430095098
79	1.51325712625
80	2.09341881429
81	1.50062640133
82	1.36377365949
83	0.950506056061
84	2.08369822314
85	1.58369076088
86	0.741858645335
87	1.08015219856
88	1.15169286463
89	1.53149194413
90	1.91463500749
91	0.845962742123
92	2.0218628983
93	1.72008882661
94	1.87346997184
95	1.76617641307
96	1.8996726725
97	2.32257551965
98	1.60820201506
99	2.29956299995
100	0.553726811111
101	2.09309457051
102	1.9063426483
103	1.9336993886
104	2.30606600555
105	1.59129819856
106	1.40181751024
107	0.142090068984
108	1.13807067918
109	2.14740009713
110	0.75123127515
111	1.69001434045
112	1.12964368549
113	2.02339479776
114	1.89931419086
115	1.53122802527
116	0.105426262575
117	0.610849508067
118	1.98164253027
119	1.31885983848
120	2.14673002886
121	1.08350413744
122	1.87282844419
123	0.0144272148622
124	2.26630696483
125	1.76219030614
126	2.23441652219
127	2.10976061496
128	2.12718519294
129	1.61790649885
130	2.40987219327
131	1.01710857428
132	1.47980553778
133	1.58941671809
134	0.966270410661
135	0.123636197796
136	1.56703100878
137	2.04773799595
138	1.97318580491
139	2.00003737227
140	2.10530167201
141	2.03240279542
142	1.91997231777
143	1.27487771564
144	1.78793227094
145	1.46644936896
146	1.81902481763
147	1.67830485317
148	2.44039751894
149	1.91556218517
150	1.45005954671
151	1.09917519941
152	1.91852313071
153	2.38594138851
154	1.07739817016
155	0.978750577688
156	1.78755743384
157	2.13416644636
158	2.02362415494
159	0.697656182862
