res_num	entropy
1	1.36609659998
2	1.58620983139
3	1.70469676196
4	1.01990455895
5	2.16189205209
6	1.25764702619
7	0.748339551223
8	1.11645085139
9	1.47486121651
10	0.333033739233
11	1.49488349243
12	0.947423324039
13	2.21535163865
14	0.818432581894
15	2.52890457341
16	2.24966373592
17	1.518937844
18	1.96905898886
19	1.6276116334
20	2.11031226128
21	1.8397700762
22	2.12073394177
23	0.999521958881
24	1.87927250253
25	1.35456203092
26	0.95544514222
27	1.96431830003
28	1.66790449318
29	1.34380545484
30	1.97064256332
31	0.909966167124
32	0.726330296042
33	1.90397295186
34	1.41678524918
35	2.22467252941
36	1.76596314813
37	0.382784374304
38	0.488798199201
39	1.95937453044
40	1.56602256122
41	0.0288504217056
42	1.09723768738
43	2.37541308212
44	0.582035328202
45	2.17846890038
46	0.627294933458
47	1.75663225558
48	1.77952892478
49	0.933968150274
50	1.87502523152
51	1.57808090001
52	1.88375841003
53	2.33179109787
54	2.27683044764
55	1.84067293182
56	0.609576465469
57	0.890966604035
58	1.25862145916
59	0.836658196975
60	0.527085763054
61	1.94067004438
62	1.05390449802
63	1.76601172299
64	2.20157742024
65	0.0260778329834
66	2.17186777778
67	0.303758776051
68	0.224876379874
69	2.29364277112
70	0.088062299307
71	0.948432076941
72	1.57616296404
73	2.32241748268
74	1.92535953607
75	1.59368978315
76	0.267939663621
77	1.13980294159
78	1.91577123623
79	1.62334826989
80	2.41453842293
81	1.57582873927
82	1.7785437479
83	1.86565801181
84	2.2650597115
85	1.18172351057
86	0.271361643457
87	1.74638112673
88	2.10641650321
89	1.47910708386
90	0.764805502105
91	1.50373988923
92	0.0
93	1.70489510754
94	1.66032519683
95	1.41080959005
96	1.91081835973
97	1.84716338547
98	0.820388312268
99	1.09757350442
100	1.97678483339
101	2.0283935215
102	2.19285722115
103	2.15394860776
104	2.14191278136
105	1.09434571106
106	1.37967631981
107	1.69111357064
108	0.0404970237599
109	1.94386638573
110	2.23815313469
111	2.36664023803
112	2.32274364273
113	1.62233252256
114	2.07788910262
115	1.87573478979
116	0.795062611878
117	1.659501128
118	0.781120124231
119	1.07633441861
120	1.59020914154
121	1.78413323906
122	2.18872953906
123	2.10518505151
124	0.85463805125
125	1.83954889127
126	1.67857786273
127	0.643224936151
128	2.40031264462
129	0.927770756985
130	1.472690155
131	1.54230624828
132	1.64655379005
133	2.12888168237
134	1.88470226006
135	0.934617840627
136	2.12500785791
137	1.50975427631
138	1.18478210101
139	2.21271735711
140	2.13998052604
141	1.77572579645
142	2.07763989429
143	2.48525218926
144	2.29661572884
145	1.72164371013
146	2.50080380537
147	2.11133198181
148	2.31421923083
149	1.8611405044
150	1.68810546223
151	0.671633497091
152	1.37882621711
153	1.90330088317
154	2.02418738435
155	1.38983087578
156	1.97012337267
157	2.04878640738
158	1.62564452257
159	1.73971766219
160	2.48274802403
161	2.28998569376
162	1.75774188975
163	1.57550402975
164	1.28972953082
165	0.873391824096
166	2.17467949866
167	1.97814266278
168	1.5388262913
169	0.968111036099
170	2.20713231402
171	1.91844544499
172	0.977362527047
173	1.04533945299
174	1.85827409653
175	0.550210855595
