res_num	entropy
1	0.14026879379
2	2.01094341305
3	1.91068840165
4	2.09353516067
5	1.70760790207
6	1.89772194151
7	0.683296763881
8	1.82799910146
9	1.42472565011
10	1.97586363444
11	1.5371669673
12	1.07709842336
13	1.90503270433
14	1.59699053304
15	1.70644728733
16	0.679657264715
17	1.58178669114
18	1.58929127797
19	0.0837304187183
20	1.93208305996
21	0.842973541996
22	1.58108784944
23	0.821458825142
24	2.09838294069
25	1.76148903366
26	0.818558315293
27	0.532726723748
28	0.672795898669
29	1.85004373475
30	2.16075955183
31	1.22017883095
32	2.02428184149
33	1.22634225872
34	1.78657313903
35	1.12083327866
36	1.87420784813
37	0.708797790846
38	2.52675425906
39	2.17746436615
40	2.3106547974
41	2.45142481238
42	0.0
43	1.31114305678
44	1.5380107848
45	0.171794436193
46	1.89992132743
47	0.25796148287
48	1.34663249535
49	1.30196286183
50	1.88899016186
51	1.38902487414
52	1.8206454185
53	1.16866567799
54	2.36369412755
55	0.320666168976
56	0.72954079322
57	0.740994320637
58	2.00746023192
59	0.878418406202
60	0.987670613945
61	2.30936994598
62	1.6139825201
63	1.71362678359
64	2.18776393157
65	1.70990160456
66	2.50338729727
67	2.15529017583
68	1.93735365823
69	1.74918478589
70	1.99566517794
71	2.20197515078
72	1.65536146221
73	1.80851882
74	0.485939471245
75	1.50594466472
76	1.65154681188
77	0.9430455569
78	1.16467586107
79	1.88502927194
80	0.812300876972
81	1.65938455722
82	2.11264556031
83	2.12328504172
84	0.946114132773
85	2.1727262763
86	1.90581185644
87	1.82510136422
88	2.1795368453
89	1.09467511686
90	1.38223912882
91	1.31750571223
92	1.11559944749
93	0.531924207704
94	1.76387231648
95	0.747820912092
96	1.77137957777
97	2.4539410614
98	1.9768973065
99	1.75463679824
100	2.45279324453
101	2.04972792749
102	1.30019401245
103	1.68808064991
104	1.90968435666
105	1.19254731778
106	2.10071924398
107	0.0366779387501
108	1.68241285282
109	1.62722001694
110	1.55326980696
111	1.32936215086
112	1.83140952271
113	2.17210614225
114	1.64649951271
115	1.61105133045
116	1.02515190115
117	1.21411113082
118	1.40401678463
119	2.08658170382
120	0.507547766311
121	1.39475878368
122	1.59944588154
123	2.11559288279
124	0.661750124586
125	1.97450544536
126	1.80893614749
127	2.39756336917
128	1.33572163672
129	1.51719647596
130	1.63725918313
