res_num	entropy
1	0.878092015728
2	1.31434301931
3	1.3268992283
4	1.9786422654
5	1.97530956621
6	1.32028939143
7	0.403199976675
8	1.69726386756
9	0.831522042647
10	1.4310371655
11	0.361211134001
12	0.450567388303
13	1.42160358197
14	2.48500521112
15	1.25367657209
16	1.12684515557
17	1.81643270102
18	1.84246272002
19	1.58286993364
20	1.6377723566
21	2.01961183812
22	1.34647437333
23	2.25786055167
24	1.49853050979
25	0.795302756745
26	0.0
27	0.307140834124
28	0.848020848968
29	1.92618374828
30	1.85501404574
31	1.57374690156
32	1.98137543114
33	1.3438895217
34	0.0794049391854
35	1.79092687018
36	1.63352565628
37	1.0045407589
38	2.29877250228
39	0.115998027777
40	2.13525370973
41	1.67718070263
42	1.2632846259
43	1.94733761544
44	0.080957829996
45	0.209124433246
46	2.25749097692
47	2.0506093868
48	2.02790222979
49	2.31635604677
50	0.0366779387501
51	1.8967175462
52	0.90024525838
53	1.09979632453
54	2.33704703364
55	0.664587153402
56	2.35268962618
57	0.913314182881
58	2.50938167199
59	2.08706922147
60	2.10426288776
61	1.35054121335
62	1.95951560315
63	1.55661759051
64	1.93901485738
65	2.30624643593
66	0.0260778329834
67	1.71499682823
68	2.39684347263
69	1.88055271637
70	1.40222586675
71	0.969032093492
72	2.39889973028
73	0.302519103813
74	2.21412646099
75	1.50007678524
76	0.25212947398
77	1.66452440356
78	2.13265824802
79	0.873239795057
80	1.60562283411
81	0.142090068984
82	1.0466536498
83	1.44061352838
84	0.592621001804
85	1.52739492646
86	1.66705823994
87	2.05473899667
88	0.447678790667
89	1.48981006905
90	1.78296633354
91	0.714547473509
92	0.311532854451
93	2.05848459502
94	1.18762817574
95	0.417411426424
