res_num	entropy
1	0.30477600964
2	1.98694565395
3	1.7794507747
4	1.79605500649
5	2.4569564881
6	1.83806480463
7	1.39563775871
8	0.591078021584
9	2.18578999289
10	2.16509803202
11	1.92263586961
12	0.323534968286
13	2.05255338061
14	0.290983049614
15	1.96777932038
16	1.68025209144
17	2.28935711755
18	1.47248974674
19	2.19074970718
20	0.859318105652
21	2.15452111619
22	1.91662192819
23	1.91038893627
24	2.005173279
25	1.14446436651
26	0.0
27	1.28439263011
28	2.26440808866
29	2.28653329484
30	1.47128813885
31	1.93581424062
32	1.96840541044
33	0.967010977518
34	0.875895105614
35	1.02468067577
36	1.46549708984
37	1.4939230211
38	1.39176113856
39	1.804035853
40	0.0
41	1.95255236352
42	2.0731385738
43	2.24956214266
44	1.95260405138
45	1.25896616764
46	0.612017467832
47	0.899898400864
48	0.153462434794
49	1.96269688587
50	1.95285801936
51	2.3362120163
52	1.6858176182
53	1.80534610503
54	1.69652779522
55	2.31214947674
56	1.73636590695
57	2.10228697205
58	0.0260778329834
59	1.35385184682
60	1.856827728
61	1.69366432159
62	1.86972587352
63	0.990372213594
64	2.15490763423
65	0.0
66	2.03246848619
67	1.88551067668
68	0.0465944242221
69	2.18716814628
70	2.23974423915
71	1.82113399379
72	0.0
73	0.757472767185
74	1.87018375675
75	0.573747722179
76	2.17952216997
77	1.8072573305
78	1.35229854637
79	1.91314585824
80	2.60317768101
81	1.03740699437
82	0.649663555721
83	1.92055442165
84	0.0
85	2.24171379594
86	1.93073449112
87	2.21364172534
88	1.65035738881
89	1.75055010494
90	0.805446452078
91	1.66632490129
92	1.82079118355
93	1.44116222991
94	1.188456659
95	0.0
96	1.68252124272
97	1.72366488394
98	2.23032695827
99	1.25694164237
100	2.24657375548
101	2.31238493222
102	2.18128112226
103	2.13917639437
104	1.96436190194
105	2.09572431385
106	1.13799782342
107	1.18964233085
108	1.31183868033
109	1.75576089102
110	0.0260778329834
111	2.04365559756
112	0.0
113	1.68021493959
114	0.940159610364
115	2.34277487344
116	2.22345090579
117	0.539540283228
118	1.38770697338
119	2.04060770902
120	0.903142148608
121	2.00130359892
122	1.99710351139
123	1.95566612364
124	1.69811275728
