res_num	entropy
1	2.36003528584
2	1.30453273099
3	1.51859769772
4	2.04938312173
5	1.95962939404
6	1.93594349681
7	0.709635227853
8	2.22272298493
9	2.3249550258
10	1.52627017854
11	2.18184532779
12	0.0
13	1.72841393976
14	1.35176252984
15	1.0216372302
16	1.81361875885
17	1.52579645745
18	1.0471704483
19	1.66999548478
20	0.210746040322
21	1.93667324862
22	2.20345246715
23	0.0465944242221
24	1.44720154622
25	1.29812103725
26	1.84297652326
27	0.780018704222
28	0.0
29	1.80364897844
30	0.0794049391854
31	1.65965909785
32	1.26095445671
33	0.844779292104
34	0.435019414424
35	1.57550507746
36	2.2147252254
37	1.06586323565
38	1.92283190799
39	2.04187527615
40	1.75569836465
41	2.04338522487
42	0.361995690958
43	1.56433810974
44	1.81076395365
45	2.36417346065
46	0.599647649567
47	1.1507635726
48	1.85931750249
49	2.47824860604
50	2.06337317141
51	0.0
52	1.69991083391
53	1.4609221374
54	0.653454415025
55	0.689934372759
56	0.166052807737
57	1.56561863533
58	0.674348438877
59	1.42002266948
60	2.12967990302
61	1.20971129684
62	1.751908694
63	0.631826594641
64	1.94424849754
65	1.96194809023
66	1.3539463612
67	0.632462479456
68	1.86420653815
69	1.86723510104
70	2.38963514969
71	1.61133642235
72	1.76796039192
73	2.11794843276
74	1.32735276671
75	1.89406654227
76	1.76107273339
77	2.18765871378
78	1.00699624152
79	1.48873460995
80	1.70821739053
81	1.50513855229
82	1.31976120811
83	2.10603600993
84	0.492516353041
85	1.15596038133
86	1.4462201901
87	1.17095334722
88	1.19147493155
89	1.54619449665
90	2.08605284113
91	0.387680093136
92	1.06488556826
93	1.74992417085
94	1.732549099
95	1.2852586541
96	0.823464829354
97	1.49701810491
98	0.909336388935
99	0.840683766923
100	1.7242672161
101	1.55118787922
102	2.21141532767
103	0.995925281932
104	1.75539578401
105	2.08993839753
106	2.33582647506
107	0.0144272148622
108	2.09694280481
109	1.29946478366
110	0.615380904011
111	1.66041141541
112	1.41388852472
113	1.94928802044
114	2.29115689914
115	1.74775551884
116	1.90774220591
117	1.99526433143
118	1.00171982579
119	1.89376654881
120	1.76169296007
121	1.32154708511
122	2.13266971378
123	1.93564374238
124	1.16137312881
125	1.69262137072
126	2.33076453586
127	1.55121471809
128	1.95472865519
129	0.631832898372
130	1.80599773766
131	1.59368232874
132	2.34547417222
133	2.36226396144
134	2.05770359663
135	1.04318805046
136	0.655167696902
137	1.16235518014
138	2.36570346316
139	0.829143939791
140	1.39111114114
141	2.17917090619
142	2.4185639457
143	1.57350583512
144	1.25877206718
145	2.0471364002
146	1.10302669723
147	1.79332088755
148	1.45478467178
149	1.84134991385
150	1.93281646331
151	2.43683409772
152	1.65535054457
153	1.45111300381
154	2.08656421245
155	1.48864139877
156	0.0
157	0.887011187042
158	1.89933205567
159	1.77921741416
160	0.780248933164
161	1.05342461293
162	1.79030914051
