"site","entropy"
10,1.76655738988
11,1.00044316621
12,1.84603147845
13,2.3208172623
14,0.219748387288
15,1.99401920674
16,0.0260778329834
17,1.57487282518
18,1.45555442761
19,1.29106479109
19,1.95293283684
20,1.68882603378
21,0.678283912849
22,0.844511197997
23,2.43404895125
24,2.40392905453
25,0.899637732188
26,2.17582069014
27,0.699320442509
28,1.90197105661
31,1.69650941116
32,1.9064251108
33,0.652062068548
34,2.11267584334
35,1.58111683675
35,2.17021161912
36,0.657892346533
37,0.802049390271
38,1.17043182837
39,1.49190254454
40,1.79983508513
41,1.42677985829
42,1.17498545752
43,0.268568692624
44,1.84296546005
45,1.4183719997
46,1.90794213142
47,2.17641893198
48,2.13284831547
49,0.314032262893
50,1.8706557438
51,1.6415409565
52,0.0
53,1.5598298171
54,1.69242826168
54,1.45383927846
55,0.976120436189
56,1.54678659343
57,1.8884315433
58,1.20670522286
59,0.782549162005
60,1.93180804986
61,1.31526233085
62,0.450937181044
63,1.72200931734
64,0.0144272148622
65,0.938360136703
66,2.20275177991
67,2.08424149482
68,0.0366779387501
69,1.26776486771
70,2.13675174641
71,1.64279243489
72,0.0
73,1.38640200882
74,0.964883911808
75,1.60474933371
76,0.0260778329834
77,1.80126155138
78,0.459592920317
79,1.14304365564
80,0.334311929791
81,2.258575602
82,0.952088831313
82,2.12091450322
83,2.19484272855
84,0.457480989856
85,0.764777432192
86,1.73309193038
87,1.26209589735
88,1.22168340582
89,0.522561973357
90,1.78326508615
91,1.18126965696
92,1.51092700414
93,0.719970878294
94,1.66346406594
95,2.14501969266
96,0.270265732151
96,2.24488855362
97,0.0144272148622
98,2.2351857766
99,1.94048395934
100,0.0
101,1.80547858417
102,2.04445943554
103,1.87148166924
104,0.555199059943
105,2.04197756273
106,2.20177202554
107,1.77550846098
108,1.43250512243
109,0.804002915176
110,2.32826540308
111,1.87647425489
112,1.86163426841
113,0.7087001161
114,1.18824159795
115,1.96501419423
116,2.19651697759
117,1.73427052826
118,2.05078824246
119,2.02455503607
120,1.97291351585
121,1.19679328555
122,2.14229246165
123,1.16808595641
124,1.10781268286
125,1.62195234611
125,1.53676875486
125,1.42594925417
125,1.69651142292
126,1.06755788502
127,0.753138038126
128,0.467181229935
129,1.669061434
130,0.97438152047
131,1.58333347072
132,0.285267423041
133,1.24995319544
133,1.64028552733
134,0.0
135,1.99333358872
136,1.12604538642
137,1.97655438273
138,0.759092782246
139,0.0144272148622
140,1.3924437177
141,2.11099483259
142,0.654678355448
143,0.105723887714
144,1.81812023573
145,1.37940931384
146,0.419973169622
147,1.7864647306
148,1.78975890746
149,2.13379692848
150,1.01502127704
151,0.861802108066
152,0.422307441458
153,2.44367764828
154,0.125689664185
155,1.50125200172
156,1.0125959173
157,0.798899315087
158,0.67114737526
159,0.494900588295
160,1.84985349154
161,0.552108547005
162,0.82825271391
163,1.6008203544
164,1.85593074775
165,2.08438627574
166,1.79317295325
167,1.63944536304
168,1.90535752655
169,0.595158099765
170,0.638959057444
171,1.40647034134
172,1.98240087067
173,1.30063504693
174,1.885260655
175,1.62147583381
176,1.81456600689
177,1.25726068033
178,1.44784625582
179,1.91868627979
180,0.167944147734
181,0.569598896805
182,0.53617698072
183,1.17811354432
184,0.0915417903619
185,2.08936686265
186,0.909669141793
187,1.31930589842
188,2.14068215011
189,1.63673524717
190,1.26113033828
191,1.76907397719
192,2.01466805421
193,1.44011628037
194,2.25948976727
195,1.66447062767
196,1.62995374462
197,1.38597735583
198,1.88835676521
199,1.50382347985
200,1.65590983704
201,1.48274641954
202,0.864927931034
203,2.13549269662
204,1.03287338039
205,2.26872853762
206,1.78621364154
207,2.18450346096
208,1.94986245837
209,1.82902406875
210,2.35010237128
211,1.67236608014
212,2.29241449472
213,0.930331109881
214,1.07794544812
215,2.28985785585
216,0.931588846419
217,1.58620830009
218,1.75838308687
219,1.92564070772
220,1.98099675118
221,0.7580261484
222,1.50247379491
223,2.05440682533
224,0.796466580751
225,0.828613319355
226,1.60472010635
227,1.64540697949
228,1.92899242008
229,2.01062409489
230,1.22777464119
231,1.64089932913
232,1.52149401499
233,0.876188358589
234,0.974902070889
235,1.93724117458
236,1.91018841639
237,1.58384864215
238,2.17554546871
239,0.815460714075
240,1.2533606853
241,2.37428131503
242,2.26236875276
243,1.87347636064
244,2.35444945219
245,0.659906260752
246,1.88832976926
247,1.11296179316
248,2.15669584041
249,0.0
250,1.01828765877
251,0.749251693633
252,2.30851793473
253,0.442590708439
254,1.49832400381
255,1.55592613489
256,1.07610685701
257,0.962604354779
258,1.70870934903
259,1.80851404856
260,2.16468113929
261,1.68715039103
262,1.94485428328
263,0.0144272148622
264,1.60099430829
264,0.517257792308
265,0.526907961431
266,0.989033424622
267,0.656137683211
268,0.957263137943
269,1.31997477106
270,0.229819235947
271,0.799150272027
272,1.30351935975
273,0.544878993502
274,1.68230186141
275,1.80846520222
276,0.910787957326
277,0.0
278,1.39504973735
279,0.909049287503
280,1.78062811335
281,0.0144272148622
282,0.338338216243
283,1.48175249429
284,1.23475833994
285,1.9447217952
286,0.0
287,0.845741531838
288,1.40025846915
289,1.77720253029
290,1.14182594913
291,1.61036663121
292,0.27536536588
293,0.313953344064
294,0.882190433545
295,1.41729466468
296,0.723557647812
297,1.09938986001
298,1.81114772524
299,1.99142340893
300,2.44221226916
301,1.53384754537
302,2.19416022837
303,0.0
304,2.23796652091
305,0.0144272148622
306,0.357747782295
307,2.28215406199
308,0.801114572142
309,0.51423777934
310,2.18710070876
311,1.67750104829
312,1.51506510865
313,2.24883520841
314,1.56120308053
315,2.07375384902
316,1.93243716272
317,0.561012086016
318,1.52493511163
319,0.0
320,1.75350032721
321,1.90924610771
322,1.70846504777
323,1.32779694553
324,1.54609073188
325,1.83040480649
326,1.44930236301
327,2.03088559147
328,1.76737905309
329,1.5179141852
330,0.0
331,1.97383833338
332,2.21154498839
333,1.29849090711
334,2.33340775119
335,1.82280732399
336,2.29517437501
337,2.02023553176
338,1.7916123782
339,0.232548776212
340,2.11585611109
341,1.29985914378
342,0.535413681304
343,0.9463350336
344,2.03516735657
345,1.16370055309
346,0.116516617464
347,2.02167142462
348,2.32835139869
349,0.0
350,1.45407046114
351,1.99517292837
352,0.0
353,2.20339068475
354,1.99349892053
355,1.8167815775
356,1.80527757459
357,1.03849029876
358,1.43745099109
359,1.89626103849
360,0.0
361,1.62144128643
362,2.34207340486
363,1.78136572518
364,2.23410647828
365,1.79252311788
366,1.23131328808
367,1.58334341409
368,1.29507760017
369,2.45213207818
370,1.56101195767
371,1.83772859708
372,1.88287739002
373,2.33381285604
374,1.87419671861
375,1.90024774899
376,1.89012878913
377,2.06819518888
378,2.17103363196
379,2.01669303295
380,2.36778427934
381,2.06557241792
382,2.16700055657
383,1.90756668529
384,2.38839565342
385,1.21445794092
386,1.85471301287
387,1.95432548942
388,2.04193814618
389,2.16921015412
390,1.56917381994
391,1.98162571275
392,1.08237400655
393,2.17674249733
394,0.964857076787
395,0.269128519089
396,1.91638942705
397,2.01004735228
398,0.984611239432
399,1.62781596979
400,1.95497042576
401,1.14490606032
402,0.913345516299
403,1.82602405497
404,1.7886464613
405,0.747328936232
406,1.89529403425
407,1.85053233746
408,1.66612385687
409,1.40619121143
410,2.37693461862
411,1.9422191693
412,1.13025984581
413,1.83484285314
414,2.17760961616
415,1.9144185245
416,1.64654204512
417,2.03037207966
418,2.38223317469
419,1.51846324297
420,1.78694246051
421,1.9843299677
422,1.10343338449
423,1.73436407378
424,2.16680050897
425,0.785869410763
426,1.63256989274
427,2.09709768148
428,2.44479587961
429,1.75224101998
430,1.81325892207
431,2.03727083462
432,2.39738268566
433,0.157251896435
434,2.01345158071
435,2.25287077249
436,2.04446969221
437,1.7178627188
438,2.17958420875
439,2.13900808632
440,2.44120936577
441,2.56693698906
442,2.21466201639
443,2.53848051088
444,2.0327392785
445,2.20799554788
446,2.34577837545
447,2.50293976704
448,2.26591088861
449,1.921947524
450,2.00237878872
451,2.27129620146
452,1.76908270349
453,1.55317906813
454,1.1517190962
455,1.35727790659
456,0.551079928087
457,1.93689091225
458,0.625630650998
459,0.439612746174
460,2.33605194426
461,1.98552265082
462,1.71398212147
463,0.0
464,0.744486294103
465,0.206318304095
466,0.224196783727
467,0.773621954974
468,2.00357632818
469,0.99103084333
470,1.4719379873
471,0.302382197188
472,2.21533572035
473,0.153462434794
474,1.54661370971
475,2.08429681891
476,1.73380048159
477,0.247829892941
478,1.86912441417
479,2.10734137359
480,2.00689840545
481,1.93031135955
482,2.09274967188
483,2.04488246541
484,1.61812191535
485,0.968082905976
486,0.25212947398
487,0.484885519568
488,1.21945747107
489,0.616212774681
490,1.21066281632
491,1.25422454454
492,1.42716297772
493,1.08131013074
494,0.573357429395
495,0.0665507360347
496,1.56437233305
497,1.78497426357
498,1.23573705592
499,1.69170954327
500,1.17293446931
501,1.40067689106
502,2.06645390519
503,2.29667925374
