"site","entropy"
1,0.575101216674
2,1.68735103404
3,0.0
4,1.51089525674
5,1.8338613712
6,2.20383885811
7,0.512576786313
8,2.17170335018
9,2.33488531981
10,1.5162860868
11,1.6603967004
12,1.13440363429
13,2.13312030342
14,0.0
15,0.980017805802
16,0.0
17,1.36056111052
18,1.9412182568
19,1.83600610337
20,0.737177733775
21,0.25212947398
22,0.506622300949
23,0.932655556838
24,0.611345677157
25,0.339836504808
26,0.530859871844
27,1.07816910314
28,1.96893636914
29,0.957741231342
30,0.312627748488
31,1.31596632477
32,0.154450923008
33,2.13269898743
34,2.04046273796
35,1.3730206272
36,2.40956802732
37,1.19866234911
38,1.65761019832
39,1.86543392141
40,0.0
41,2.15654987833
42,1.74006458759
43,1.32285375462
44,0.705056327238
45,1.42339161537
46,2.07682180039
47,1.33392678517
48,1.56992360151
49,2.01181463546
50,1.53049175965
51,1.98507346712
52,0.937240435026
53,1.80469574794
54,1.62000046969
55,1.00858084376
56,0.808541663067
57,0.0465944242221
58,0.30477600964
59,0.96799343564
60,0.834951847222
61,0.952525848616
62,1.15245921159
63,2.11516614647
64,1.90108558505
65,1.69946766923
66,1.61870140671
67,2.04488352364
68,0.333263565391
69,2.28315813431
70,2.3476445038
71,1.89181677787
72,1.12434812067
73,2.17173234674
74,1.23031375401
75,2.04086750935
76,1.28967998259
77,2.08930973977
78,1.76890338163
79,1.1890281201
80,0.0260778329834
81,1.92648713074
82,1.48136979348
83,1.82359031171
84,1.97093162774
85,2.2691223159
86,2.08367942775
87,1.77953464988
88,2.09722987161
89,1.95258328523
90,0.0976230127728
91,0.277658358637
92,1.99569312257
93,2.3118300979
94,2.01336362854
95,2.14805557959
96,1.11604243267
97,1.74275160106
98,0.0655042397472
99,2.12933800542
100,1.81411417874
101,1.37887980807
102,1.40022098674
103,1.62804555027
104,2.3823722419
105,1.89072230479
106,2.18023486332
107,1.75220187265
108,1.40405949513
109,1.93573332183
110,1.87887317342
111,0.787329955526
112,2.12480846904
113,0.0
114,0.757489016766
115,0.0404970237599
116,0.767419096183
117,1.90795449804
118,0.347595927102
119,2.23504223858
120,1.96772876675
121,0.148859619989
122,2.3463951165
123,0.744637919105
124,0.643956025339
125,0.0
126,1.14595196025
127,1.19460758994
128,0.0
129,2.07405848737
130,0.0
131,2.08054925244
132,1.67160473367
133,2.2219630201
134,0.535622750586
135,1.51673837237
136,0.0404970237599
137,2.40957935182
138,1.07932200906
139,2.26051720898
140,0.230498262254
141,1.79160109362
142,0.796049014013
143,1.3312867574
144,1.9565031696
145,1.36564043795
146,2.07917612316
147,0.973754775816
