"site","entropy"
168,0.626243044629
169,1.99062675374
170,1.4929784906
171,0.718124061584
172,0.919896383425
173,1.55146869989
174,1.4692296633
175,1.38303403769
176,1.55299627036
177,1.55372258437
178,0.965625550112
179,1.99063983156
180,2.03269011228
181,1.71712599233
182,2.10670843406
183,0.248849414596
184,1.53648096638
185,1.91664939731
186,0.231991968253
187,2.12184933513
188,2.33619931269
189,2.04743939893
190,1.86635384305
191,2.37328861233
192,2.13347837095
193,1.99237268796
194,0.819540931939
195,0.227456082934
196,0.0
197,1.23228410872
198,0.0
199,1.70673373165
200,1.91076363121
201,0.949069578966
202,2.19226452717
203,2.14288623703
204,0.667640592021
205,1.75343594263
206,0.91709847213
207,1.87500972623
208,1.37836346651
209,1.83295486053
210,1.90722011156
211,0.101442097783
212,1.8379113085
213,1.4993775328
214,0.760270635894
215,0.928049871522
216,0.622035955578
217,2.34411574007
218,0.90711842359
219,0.0288504217056
220,0.944927588845
221,1.06677372676
222,1.03952408682
223,1.2738228421
224,1.71214949702
225,2.25400011967
226,1.6036902266
227,1.88935024011
228,1.16604452234
229,1.74817077947
230,1.10537668076
231,2.11850483174
232,1.36595085079
233,2.03395539069
234,0.232862817441
235,1.00131212121
236,1.44234714694
237,0.0
238,0.748345611789
239,1.53861183967
240,0.298754751815
241,2.19455506341
242,0.667799395887
243,2.02009248966
244,1.20775031412
245,1.67262250903
246,0.802015042242
247,0.553691594057
248,0.728642454869
249,1.39872439149
250,1.90475459361
251,2.01186782927
252,1.64775325605
253,0.0144272148622
254,1.09009323765
255,1.3194247829
256,1.94239783599
257,0.872530437307
258,2.01234633963
259,2.1806369289
260,1.69371933208
261,1.59053992634
262,0.973914971568
263,2.14094106396
264,1.67703075917
265,1.1066495081
266,1.00848197183
267,2.30651288545
268,2.18217019602
269,0.249417542437
270,0.659634812648
271,1.05260273227
272,1.63894876482
273,0.665003935538
274,1.48490702867
275,1.66308974694
276,1.45939054746
277,1.66750829649
278,0.766609158806
279,2.10420143277
280,0.736668073278
281,0.0754126525516
282,0.641874523366
283,1.98330754823
284,2.26701563958
285,1.86654091573
286,0.654355597589
287,1.10682857274
288,1.30302192268
289,2.35211526897
290,1.40860304107
291,1.32572247182
292,1.85014325848
293,0.673922433007
294,1.56870049598
295,0.0144272148622
296,0.727618389516
297,1.27712718871
298,0.681608448466
299,1.31146492157
300,1.13622330812
301,2.15810915465
302,1.83037966734
303,1.64789837016
304,1.23064378204
305,2.0514790537
306,1.89923639869
307,0.088062299307
308,2.00596471291
309,0.425068871255
310,0.753312078335
311,1.22018870267
312,0.487524811885
313,1.09291771369
314,1.8822919925
315,0.643894927292
316,1.36741558363
317,1.35836029611
318,1.54231342031
319,1.98328497594
320,0.0
321,1.90196533184
322,1.63749039688
323,0.950605497204
324,1.01655842748
325,1.6127783165
326,1.53448951356
327,1.60385988628
328,1.63344540058
329,0.182594052538
330,0.232841166074
331,0.587972633758
332,0.801874840619
333,1.96262528372
334,1.67326656651
335,1.72750508524
336,1.32342249817
337,1.82513952133
338,1.88706218394
339,0.0144272148622
340,0.292141779154
341,1.62967596441
342,0.966699059697
343,1.38748666879
344,0.507120856814
345,0.982916995356
346,0.799121316159
347,0.0
348,1.04066669478
349,1.41129552656
350,0.317633986136
351,0.606416884367
352,1.25370664078
353,2.01523602197
354,1.00192392054
355,0.708177340933
356,0.0144272148622
357,1.68058248637
358,1.22038275034
359,1.30128253854
360,1.15317545864
361,0.461669829489
362,1.64437591798
363,1.30934727768
364,1.23743983623
365,1.68054138773
366,1.60763820748
367,1.79478406346
368,0.956530305804
369,1.92595239378
370,2.19258785593
371,1.52668768487
372,0.549672597909
373,1.73984604919
374,1.6029784874
375,0.616729714818
376,1.399663347
377,1.19793755427
378,2.29294802028
379,0.316204110807
380,1.30885286275
381,0.151220705741
382,0.134527165334
383,0.244500435233
384,1.69873900244
385,1.43910575839
386,0.63420507505
387,2.00236952338
388,1.75339959948
389,1.74444922822
390,0.856008146993
391,1.6751930938
392,1.1421128305
393,1.28599705892
394,1.97215141346
395,1.47796393917
396,1.24629429284
397,0.621267051045
398,1.66514876675
399,1.27657259005
400,1.14795864862
401,1.02642812982
402,0.664260114658
403,0.156373466455
404,0.808539427987
405,0.558231431332
406,0.672139226797
407,0.5240233113
408,0.670033546667
409,0.721114869544
410,2.06767151294
411,1.55240706558
412,1.69301340435
413,2.68606046723
414,0.0
415,1.56664882491
416,1.59526221317
417,1.72720690833
418,0.769855057441
419,1.78716267911
420,1.11858544726
421,1.56108517871
422,0.616361641334
423,0.399180944476
424,0.304681636901
425,0.585727623474
426,1.35462523382
427,1.38305321004
428,1.61405811455
429,1.08098560856
430,1.82678043477
431,1.4137553333
432,0.993247904915
433,1.62461462378
434,2.04492964193
435,0.917088528974
436,0.911780644312
437,0.0144272148622
438,1.94821353548
439,0.691791660175
440,1.24316821829
441,0.928812460548
442,2.15130900487
443,1.57049884614
444,2.39059100047
445,0.0
446,0.524728168716
447,1.48248216002
448,0.131234841629
449,1.57075806666
450,0.891194288817
451,1.45507107196
452,1.40655669315
453,1.13712749084
454,0.99220657167
455,1.57587424988
456,1.89198634563
457,0.273722590563
458,1.11483373191
459,0.272852787675
460,1.66094884764
461,1.28864968297
462,0.0260778329834
463,1.56731522373
464,1.06607315617
465,1.11845254514
466,1.28379987943
467,1.8483395506
468,1.9210386383
469,1.59488511556
470,1.01094366893
471,1.66158033442
472,0.511430615367
473,1.4741349294
474,0.82709827209
475,1.97300955199
476,0.0
477,1.60929055631
478,1.42692662629
479,1.65951141099
480,2.04883273318
481,0.701294298542
482,1.95279529544
483,1.28699268027
484,1.9951934251
485,1.8749204438
486,0.64512303601
487,1.68718556006
488,1.40457746662
489,2.16784717577
490,0.406475412355
491,0.203313528241
492,2.05578104108
493,1.00413881908
494,1.38426843005
495,1.18717978331
496,0.823950635692
497,0.144916211425
498,0.277200312019
499,1.39525284141
500,1.93986772745
501,1.50470310231
502,1.96357220706
503,0.0
504,1.67618411036
505,1.45514161811
506,0.276634737185
507,2.15294797947
508,1.80672826538
509,1.87617495105
510,1.97456284722
511,2.13132591048
512,1.7280418292
513,1.30500673182
514,0.16274071878
515,1.69606278375
516,1.7405767417
517,0.31704664898
518,0.0
519,1.40540029412
520,2.27368945722
521,0.605068995004
522,1.49307309401
523,1.0769176418
524,2.15619669807
525,0.0627316510249
526,2.10430175705
527,0.633328482327
528,2.23318774211
529,1.30567123836
530,0.194306255331
531,1.7562704578
532,1.50192344258
533,0.130384796353
534,1.35382411107
535,2.11482517959
536,0.338015821823
537,0.927116283922
538,2.07423161837
539,1.7880734869
540,0.0704086283162
541,1.26079044079
542,0.316877173044
543,1.03144176006
544,0.958973868077
545,0.862530544347
546,0.484462854207
547,0.0
548,0.982127379002
549,1.01025377265
550,0.668070343129
551,0.0144272148622
552,1.01623577506
553,1.65545523084
554,0.282198482034
555,1.25996731107
556,1.68401325045
557,1.7194165759
558,2.15034200034
559,0.750006264782
560,1.76800696387
561,1.46038264933
562,0.88359741644
563,1.30813802227
564,0.558391174062
565,1.66257684353
566,0.0
567,1.94687415305
568,1.26634475307
569,1.58801268362
570,1.55545908617
571,1.65846031609
572,1.20790541744
573,1.04966730938
574,2.35607247735
575,0.568436961705
576,0.671356435773
577,1.78931642797
578,1.96795703788
579,1.02338264468
580,1.35572138396
581,0.740313511049
582,1.21040540681
583,0.808994686608
584,1.86311956145
585,1.59278109069
586,0.148382757296
587,1.92769511751
588,1.46033891389
589,1.44478144882
590,2.01180861929
591,0.559599204971
592,1.49915246466
593,0.545620776268
594,1.93754743541
595,0.73314149011
596,1.97659325328
597,0.176800531961
598,0.904472466103
599,1.55950240271
600,1.26434015245
601,2.01210648456
602,1.6746769819
603,1.8793278303
604,0.980265830707
605,1.33023662285
606,2.02864588204
607,1.00449056542
608,1.45731477751
609,1.63361868066
610,0.859582920672
611,2.05053276352
612,1.73196234457
613,1.41224792739
614,0.191030375713
615,0.998738620055
616,0.0
617,1.74361570496
618,1.39955593878
