"site","entropy"
181,1.7109595745
182,0.904222442989
183,0.463641516164
184,1.09753393921
185,1.58795063719
186,1.93250038099
187,0.0260778329834
188,1.31766310949
189,2.28986640601
190,1.90932415138
191,1.27241989867
192,2.14184169057
193,2.10177973688
194,1.71063469919
195,1.96797045829
196,1.08476605102
197,0.0
198,1.78024346427
199,0.781175723324
200,1.66718965447
201,2.0990823213
202,1.91436777963
203,1.65720205832
204,2.23893462396
205,0.221038662271
206,1.4751132931
207,1.73488043135
208,1.68034303978
209,1.04747512983
210,1.9004549838
211,1.82768713744
212,0.163280219015
213,1.65033427636
214,1.64497076696
215,1.68344283542
216,0.879574267006
217,0.614504906262
218,2.02059577422
219,0.51437394674
220,1.64193313476
221,0.83229148201
222,1.52247558576
223,0.90046076298
224,2.10646832903
225,1.17168189199
226,1.62628557144
227,1.63406029419
228,1.69289672054
229,0.908767100873
230,2.28920264442
231,2.14467709795
232,1.52165797386
233,1.47973168609
234,1.32425071746
235,0.38898922874
236,0.509214225592
237,1.36369074053
238,0.0
239,1.01089646032
240,1.33983991495
241,0.46260696562
242,1.91806840634
243,1.31722266248
244,2.04107866531
245,0.283627096117
254,0.639989750728
255,1.42344256286
256,1.64434748685
257,1.55957686886
258,0.712596479953
259,1.88068748313
260,0.836544938106
261,1.67246879038
262,1.42464365971
263,1.17893222413
264,1.61552679212
265,1.58010714251
266,1.70147522788
267,1.01558113463
268,2.51995150292
269,2.23289374943
270,1.37978476342
271,1.58865371078
272,0.213929129178
273,1.14305798632
274,1.73769855861
276,1.56239614918
277,0.498266526704
278,1.32035561389
279,0.729219974909
280,1.81078389971
281,0.980957860981
282,0.66835668467
283,0.58488609664
284,1.40536492578
285,1.84697785194
286,1.37469973814
287,0.491425067295
288,1.50909026983
289,1.48108114723
290,1.84040227365
291,0.622859126658
292,0.510091736849
293,1.65377672387
294,0.750510417013
295,1.55960738933
296,0.207818330017
297,0.631714590461
298,0.150631837999
299,0.0144272148622
300,2.24712405836
301,0.511217478881
302,1.75301520894
303,2.00021998935
304,1.9397144914
305,1.05695762598
306,2.14699733239
307,2.20591771214
308,0.167944147734
309,1.91470455578
310,0.5739019031
311,0.841043314709
312,1.1058720414
313,0.443905015676
314,0.5889436609
315,1.50996515554
316,0.641434271357
317,1.3609214297
318,1.430319454
319,0.450869347999
320,0.0
321,0.0
322,1.84572265112
323,1.21286208876
324,0.851797591254
325,0.553272997032
326,1.46667217115
327,1.444197582
328,1.75068091502
329,1.35716633851
330,0.370668279187
331,0.406088077288
332,0.397338494206
333,0.703136894092
334,2.22592217856
335,1.56043448236
336,1.97950448051
337,1.43781430772
338,1.95563314839
339,1.82269093392
340,1.27133673146
341,0.363153323994
342,2.14201885511
343,1.34983471228
344,1.68252752644
345,1.37408651567
346,0.732360979162
347,1.02470845319
348,0.0
349,0.851017801488
350,1.5684217848
351,0.350114978555
352,1.46864043314
353,1.28039432746
354,1.91387489272
355,2.12552484452
356,1.09124085864
357,0.574861537561
358,1.73092132783
359,1.12689658127
360,1.61590253287
361,2.00325860357
362,1.40167193316
363,1.4449771268
364,1.456480754
365,1.55051448527
366,1.92022937011
367,1.35138999759
368,2.10625193377
369,0.825738711254
370,1.92422324956
371,1.80295835791
372,1.86678973001
373,1.30252629162
374,1.78238777165
375,1.92738052939
376,1.08876774534
377,1.83713915319
378,1.5797153021
379,2.2861445842
380,0.0144272148622
381,0.92231308688
382,1.6383321127
383,0.410059275737
384,0.428555903617
385,1.91157365892
386,2.17402763635
387,0.974022668739
388,1.05608090182
389,1.5651772205
390,1.73812175244
391,2.01954140388
392,1.51985269556
393,0.774263141946
394,1.95688515419
395,2.00288955769
396,1.46407249197
397,1.2166278913
398,1.57991902325
399,2.03822079581
400,1.52422856652
401,0.0260778329834
402,1.48367045121
403,0.620732098213
404,0.705996054521
405,0.766945527283
406,0.933570123793
407,1.27719259062
408,0.426752186629
409,0.414684490999
410,0.966213208383
411,1.92712579085
412,1.65370624279
416,1.23660656508
417,1.10508618785
418,1.64531823164
419,1.81148483422
420,0.818307140257
421,1.85181553598
422,1.804012756
423,0.83273051893
424,0.709023079996
425,0.729195353517
426,1.83831778489
427,1.03762959561
428,1.57560759956
429,2.30041813696
430,2.01235833274
431,2.46285513594
432,1.83452496569
433,1.8420847159
434,2.19881237767
435,2.24276856855
436,2.11809585098
437,1.97246142567
438,0.78598934861
439,2.00096513054
440,0.0
441,2.07442131879
442,1.58487518653
443,2.03767258377
444,1.68252370785
445,0.539340334462
446,1.24278398717
447,0.125206519049
448,1.89993178521
449,1.85564540261
450,2.05745407373
451,1.10676982006
452,1.64628447601
453,1.52661942192
454,0.935095692584
455,1.58576863529
456,1.6929203146
457,2.12317186464
458,1.69804672768
459,1.21088818318
460,0.770283675214
461,1.61334860163
462,0.614163437743
463,0.0
464,1.12396300693
465,1.40507772892
466,0.587381330828
467,1.18800188167
468,1.94365285813
469,1.81523024808
470,0.0
471,0.775150257503
472,1.81982364093
473,0.805943984414
474,1.56993015635
475,0.758322324676
476,0.398314181287
477,0.0144272148622
478,2.14019817896
479,1.30729102121
480,1.41663466447
481,1.84040771674
482,0.331509727067
483,1.63910509947
484,1.83180551226
485,2.05301017639
486,1.57081266146
487,0.485215566483
488,1.37374598893
489,2.00094662069
490,2.40886583327
491,0.154479307713
492,0.245722905351
493,1.74054210567
494,0.227696442541
495,1.41918243963
496,0.352909108443
497,0.684932663037
498,0.147401620731
499,0.706304793436
500,1.57643325838
501,2.32922849612
502,0.712187782987
503,2.3942983384
504,0.422709087806
505,1.93730435922
506,1.19004601388
507,0.756171026464
508,2.0411001269
509,1.63105026049
510,1.27604879659
511,1.31663236957
512,0.994830545708
513,0.301701390375
514,1.52375170997
515,1.43711006417
516,2.3224096594
517,2.59536189474
518,1.24765456294
519,2.12314539586
520,2.13599222432
521,0.942561378456
522,0.0
523,1.51440429806
524,0.856174197565
525,1.89605256538
526,0.0288504217056
527,1.42951204791
528,0.0
529,1.7076559392
530,1.32130244829
531,1.46663245194
532,1.14419175634
533,1.67654072028
534,0.464325038188
535,1.13160653636
536,2.06743354504
537,1.01635007811
538,1.72333163644
539,1.94225945511
540,1.83363215385
541,1.80742020376
542,0.956797307367
543,0.789326517047
544,0.760840153372
545,1.09852671545
546,1.2953743229
547,1.0307643801
548,0.0
549,0.770333837538
550,1.77307730402
551,0.930812537325
552,0.0
553,0.80948108254
554,1.80516532639
555,0.843429771361
556,1.0739732779
557,0.902088020137
558,1.68055424558
559,1.78019223356
560,0.773302498377
561,1.2815902159
562,1.63553883761
563,1.1071246634
564,1.92026708063
565,1.19382364701
566,2.1391468645
567,0.0
568,1.63462685425
569,1.62772302992
570,1.74406819587
571,1.47448122374
572,1.74942170463
573,2.01505051001
574,1.3094349709
575,2.59614650425
576,0.675550106542
577,0.69234696709
578,2.07528195778
579,1.42140782814
580,2.09711924821
581,2.13439173751
582,1.41612451163
583,1.54155561964
584,1.21349512987
585,2.02854200162
586,1.62016916873
587,0.0
588,1.90521767811
589,1.85592982924
590,2.04843831976
591,2.13289333935
592,1.64671788675
593,0.596072620676
594,1.82633806668
595,1.93788030549
596,1.20525364716
597,2.15816957934
598,0.369883440664
599,1.74752577398
600,1.40064703449
601,1.82899294085
602,2.32961100525
603,1.84202698007
604,1.77051079472
605,1.77966711202
606,1.36072229384
607,1.34049862758
608,1.57766847207
609,1.90826487006
610,1.96227154653
611,2.04354124853
612,2.22216147714
613,1.75564154698
614,1.96065185333
615,0.843707592482
616,1.43887734025
617,0.0144272148622
618,1.97283157619
