"site","entropy"
1,1.24693763609
2,1.41981316855
3,0.520010246194
4,1.11979163512
5,1.95802702567
6,1.09706505463
7,1.3861130164
8,0.0
9,1.50667863114
10,2.06823471343
11,1.68925708131
12,2.32720776028
13,0.585237953862
14,2.53473669188
15,1.1332009032
16,1.72390142824
17,2.01433105016
18,1.93517285352
19,2.01753712779
20,2.18067276632
21,0.919143178115
22,2.16970429029
23,1.24888082945
24,1.35964965936
25,0.499121208377
26,1.74259799576
27,0.123636197796
28,1.70973355994
29,1.54332224334
30,1.95333504559
31,1.56313035785
32,1.83929607524
33,1.5317811647
34,1.86192414457
35,1.76994869565
36,1.84755840503
37,0.975122243507
38,1.08989828144
39,1.60451214456
40,0.565517479599
41,1.20056060431
42,1.7018358654
43,1.99119487106
44,1.32385060382
45,0.473782339002
46,1.83662825366
47,1.77052086027
48,2.10416095246
49,2.33180865438
50,1.58648293762
51,2.08216801554
52,2.38964098634
53,0.694395808727
54,0.865188598039
55,1.22021960602
56,1.23432588936
57,1.86293874884
58,1.3008270952
59,1.25408724494
60,1.22369007555
61,1.17411127471
62,1.32652608516
63,2.21246016904
64,0.841378692156
65,1.14612108581
66,1.89295777974
67,1.66816787068
68,1.5957244836
69,1.82121310935
70,1.6353070754
71,1.94625530638
72,1.85956460725
73,1.71857083931
74,1.24805305905
75,0.256250166621
76,1.2698363594
77,1.68788404603
78,2.22095862479
79,1.31542546779
80,1.44595689584
81,1.92408297954
82,2.08222674969
83,1.05305428504
84,0.734866023622
85,2.06736402854
86,1.48749133495
87,1.67298610734
88,0.0665507360347
89,1.71300255487
90,1.86012122417
91,0.948592999558
92,0.988439000483
93,1.30118200785
94,1.59040966759
95,1.41096903726
96,1.29899208168
97,1.74869597576
98,1.29989399903
99,0.171417567047
100,1.74688162702
101,2.07160051014
102,0.0144272148622
103,1.73139593115
104,1.41544662219
105,0.210221512474
106,1.95398613076
107,0.818638665801
108,0.99421980771
109,1.9054789278
110,1.57669002835
111,1.51683892306
112,1.30616308991
113,1.54138302595
114,1.5740807241
115,0.575005841375
116,2.29024365089
117,1.90666918181
118,2.4405256622
119,1.68756704681
120,1.72260288648
121,2.11128926241
122,2.07595231292
123,2.40317453552
124,1.9499549951
125,0.899942302559
126,1.70957285035
127,1.10154595963
128,2.0497578662
129,1.64724710734
130,2.05165108391
131,1.70791146835
132,0.994097483655
133,0.243224114618
134,0.988400687114
135,2.23954381688
136,2.2063553137
137,2.04611991338
138,2.1537758064
139,2.31964842552
140,0.676070762638
141,2.09485832109
142,2.44641518664
143,1.98672402693
144,1.41594320815
145,1.85861374602
146,1.68516197386
147,2.03692388343
148,1.84634450209
149,0.804748127948
153,0.249768124034
154,2.200052648
155,2.02387994013
156,1.11253806596
157,0.594311218669
158,2.21517883625
159,1.50044239746
160,1.71669278295
161,1.09820542776
162,1.14846770429
163,0.898737416744
164,0.265927125082
165,0.153600877733
166,1.78395921114
167,2.01134370064
168,1.69424700136
169,1.39749869195
170,1.28346910687
171,1.24803304343
172,1.22521627976
173,1.68950246477
174,1.81801779997
175,2.22785830459
176,0.970507681459
177,1.06195521431
178,1.98393454495
179,2.22597746519
180,1.50726326128
181,1.89482494477
182,0.892958055015
183,1.58836299515
184,2.42875106602
185,2.16981308165
186,1.27170333449
187,1.69205934175
188,0.122433930327
189,1.97706877228
190,1.79236906789
191,1.38792534995
192,0.50413784804
193,1.51776606747
194,1.53259720393
195,0.7360904212
196,0.994721022361
197,0.490081100109
198,1.28695795068
199,0.951593252305
200,1.90080553998
201,1.16571690594
202,1.50876105629
203,1.9663709922
204,1.94868196794
205,2.03616190024
206,1.41309695747
207,1.32552897074
208,0.379711459775
209,1.98377824194
210,2.09293541378
211,1.85316141269
212,1.88676530127
213,0.969252214501
214,0.565887376607
215,1.40110691975
216,1.09964917752
217,1.1769676728
218,1.37742300489
219,1.77715717324
220,1.77496612854
221,2.35735674185
222,1.77487851848
223,1.77795948019
224,2.00935001559
225,1.55428612127
226,0.948274365725
227,1.56750628705
228,1.79603327404
229,0.755000838286
230,1.70776610874
231,1.84367826797
232,0.899512631201
233,1.45435296729
234,1.75934592515
235,1.80791856768
236,2.13431166808
237,2.16418904278
238,1.76594927138
239,1.47895198862
240,2.37285440053
241,1.29315803288
242,1.33733530149
243,1.61556021904
244,1.68642167077
245,1.45195234036
246,1.16109953594
247,0.949870398723
248,1.72041647031
249,2.01719375829
250,1.29081143138
251,1.93811018114
252,1.11987109564
253,2.28298979875
254,1.97875638143
255,0.577679774992
256,1.78048065101
257,2.17222403493
258,2.2188385121
259,0.396103188713
260,1.24546425701
261,2.0406455133
262,1.93893490151
263,0.0
264,0.0560015343548
265,2.03643436011
266,0.724425598292
267,1.4788874169
268,0.872875702806
269,2.27799465525
270,2.20693004876
271,0.0
272,1.84635523647
273,2.14340163874
274,2.10943000289
275,0.0
276,1.79524509183
277,2.07413915048
278,1.8229476484
279,1.17762503868
280,1.45426138748
281,1.76537440487
282,1.90349120062
283,0.0510931053791
284,1.32606552984
285,1.53396455584
286,2.43396885689
287,1.39973613587
288,1.28996341328
289,1.88909565005
290,0.658859793857
291,1.98900581272
292,1.45626284273
293,2.01626878981
294,1.71718811231
295,1.89283333739
296,1.49264063978
297,0.900674706209
298,0.893750858969
299,1.65766844006
300,2.36191452854
301,0.0549121903888
302,0.0366779387501
303,0.9555333934
304,2.26216267999
305,2.40832730258
306,0.195469700283
307,0.86029287893
308,1.53077718728
309,2.03965880269
310,0.757208583437
311,1.55456285312
312,1.74681856006
313,2.22011206953
314,1.77601782254
315,0.975909732204
316,2.44561845818
317,0.356365831062
318,2.14013906391
319,1.79786282084
320,2.06863788373
321,1.93243760924
322,1.86375034821
323,1.89207999634
324,1.55848237289
325,0.931374780855
326,0.0693233247569
327,1.75627411458
328,0.0
329,1.58588163278
330,1.457822628
331,1.73604421623
332,0.449239844951
333,1.5545781377
334,1.79674302879
335,1.7183261961
336,2.00602014126
337,1.52295194181
338,1.7040891978
339,1.19669316304
340,1.74186067294
341,1.68196881022
342,0.758293506417
343,1.0939960264
344,1.29904547765
345,1.48228395385
346,0.835518082953
347,0.337031478701
348,1.50856540974
349,1.95335717184
350,1.66342977406
351,1.04568109514
352,1.5313767771
353,0.592012500294
354,1.0821028662
355,1.40655095066
356,1.22135074875
357,2.19270239491
358,1.17542744567
359,1.6956675115
360,1.1557046673
361,1.51682415028
362,1.77301436598
363,1.49965227142
364,1.64943434331
365,1.60756886572
366,1.51695518952
367,0.85330563368
368,1.6358475852
369,2.11822787597
370,1.74171374262
371,2.28545623114
372,2.49878442412
373,1.44239598689
374,1.55591941254
375,0.772295846167
376,1.8433415493
377,1.74771553772
378,0.0
379,2.06058970383
380,2.30606218791
381,1.96374792454
382,1.6987557176
383,0.30757786106
384,1.88337982123
385,1.68298594932
386,1.34120203238
387,1.93118551989
388,0.5845138906
389,1.75030409325
390,1.48300914596
391,0.555469628733
392,2.09626620675
393,0.250996984412
394,1.66819026709
395,1.6598955971
396,0.412930171422
397,1.2746744897
398,0.865190160044
399,1.54705979956
400,0.250211561671
401,2.28316867823
402,1.65980056065
403,1.84810434435
404,2.05604331017
405,1.77126034665
406,1.69600895774
407,1.77724183274
408,1.59089529765
409,1.96139953332
410,0.859778049195
411,1.37421995348
412,1.81803006003
413,2.14907257448
414,1.75492874812
415,0.831160950348
416,0.803736887312
417,0.950242620084
418,1.01305973938
419,1.99758949178
420,1.47911065125
421,0.358693246075
422,1.26170498435
423,2.13633386821
424,1.80237324844
425,1.98819340501
426,1.6962532025
427,0.502625900932
428,1.80669782072
429,1.78033151448
430,2.11647072114
431,2.11093443342
432,2.25771425507
433,1.5988306023
434,1.9570132404
435,1.69669262588
436,2.14810075246
437,0.887907084342
438,1.87625827842
439,1.25709938284
440,1.93707166127
441,2.12781009056
442,2.10979285669
443,0.569606088027
444,2.30225136689
445,1.50159377295
446,2.05028154492
447,1.46423628328
448,1.08462011682
449,0.0
450,1.74945179074
451,1.8166484336
452,0.767117903108
453,1.95076611783
454,2.34041477925
455,1.9026737461
456,1.59302899964
457,1.16279044719
458,1.93369358024
459,2.39059225791
460,1.27392877468
461,2.0409256003
462,2.12760334708
463,1.21893001113
464,1.33996367328
465,1.93624460585
466,2.14691735577
467,0.775594344103
468,0.0404970237599
469,1.40620837437
470,1.92963242636
471,0.225980147879
472,0.0848116736918
473,2.33743801498
474,1.68599195774
475,1.22319917407
476,0.715550058547
477,0.708731114712
478,1.58525444017
479,1.35559752875
480,1.5288905728
481,2.14589724587
482,1.91028965735
483,1.72426272741
484,1.79308537068
485,1.80941414333
486,2.22518307874
487,2.06775559666
488,1.92345711619
489,1.92418115126
490,1.64932612606
491,2.04171757968
492,0.884366871453
493,0.219756224057
494,1.13157469945
495,0.124315793944
496,1.57939754053
497,2.3431130211
498,1.15500440115
499,1.28544076057
500,0.203563993899
501,1.79437063908
502,1.61675265077
503,1.73369356091
504,0.310488301273
505,1.25093388429
506,1.44616096921
507,0.52770796936
508,1.69321122309
509,1.66104462427
510,2.1752864702
511,0.247071009825
512,1.98249869022
513,1.82159645576
514,2.35028901791
515,0.0
516,0.0260778329834
517,1.73203132662
518,1.52897416013
519,1.41539431787
520,2.04270293442
521,1.83713231734
522,0.362921099897
523,1.88168283181
524,0.959577564939
525,2.09419101276
526,0.329332345433
527,1.44884573679
528,0.702104168815
529,0.493079354679
530,2.1354808716
531,0.371007749006
532,0.189981827243
533,1.84199389042
534,2.02112875059
535,1.4107034682
536,0.313137269934
537,0.85798743142
538,1.24421716692
539,1.74289739977
540,0.68037560311
541,1.37302172168
542,0.67818513553
543,0.546339147823
547,1.08262633498
548,1.31111658827
549,2.07847205914
550,1.92910711996
551,0.987636293496
552,2.23299672453
553,1.52362639637
554,2.19993956669
555,1.73274432468
556,1.86663753024
557,0.0
558,0.235983994372
559,2.11948646696
560,1.57652775657
561,1.63807317535
562,1.53530882743
563,1.81056862152
