"site","entropy"
1,1.82149319499
2,1.38386535968
3,2.32484808486
4,2.07572832836
5,1.38608550531
6,1.97635838698
7,1.42960893277
8,0.0610055585902
9,1.74880376961
10,2.08035239225
11,0.856312201551
12,1.4427610939
13,2.24528218545
14,2.06960558323
15,1.47826651532
16,0.262398402419
18,0.0
19,1.56578859416
20,2.10375813137
21,2.26934436898
22,1.76583449293
23,2.0501940974
24,0.685255933405
25,1.62236749262
26,1.91251664786
27,2.08710773399
28,0.975353557657
29,2.32728811443
30,2.20497091314
31,1.98793218941
32,1.10268173757
33,0.902053905414
34,2.11591992207
35,1.74542637276
36,2.04542316635
37,2.2638684562
38,0.636706197512
39,1.98458455014
40,1.88224385241
41,0.676984693579
42,0.516833178733
43,1.12412651554
44,1.94539877534
45,0.957770925368
46,0.0964380735472
47,0.0
48,1.66127685491
49,1.59434197039
50,1.13164834494
51,2.10580142254
52,1.94381894691
53,2.27221380846
54,0.492885954078
55,2.1478783039
56,1.70607622221
57,1.65259496444
58,0.395466514341
59,0.491853560226
60,1.08167193372
61,0.53360288321
62,1.45274480909
63,0.289212992393
64,1.87074486893
65,0.0
66,1.87509025872
67,1.88209962496
68,0.865135114772
69,1.85064930534
70,2.02649599242
71,1.61686953218
72,1.87652207
73,0.933812379173
74,1.45128754422
75,2.11330278968
76,1.07489234314
77,1.39732284376
78,1.61150251674
79,0.578167362152
80,1.437010762
81,1.81695828219
82,2.07692168957
83,1.62411954544
84,1.89020370264
85,2.2657170132
86,1.34320387886
87,1.58934714182
88,1.83178836702
89,2.2183734859
90,0.562129102896
91,1.56315094956
92,0.250782078621
93,0.766738322138
94,0.686025772046
95,0.0
96,1.44680237225
97,0.6946805041
98,1.61947307493
99,1.75295803231
100,1.92253660054
101,1.81029812078
102,0.118927541324
103,0.36914598683
104,0.789138449095
105,1.96305236837
106,0.904396492737
107,0.954881215852
108,0.391510348201
109,2.36981912643
110,0.25772943037
111,1.52358405315
112,0.919966234986
113,2.39133749422
114,2.29526876576
115,0.723182953814
116,0.443412956049
117,2.1168826049
118,1.5746733425
119,0.495953510196
120,2.37868432293
121,1.95069193127
122,0.10594077894
123,1.48706137529
124,2.33056830632
125,1.06797745848
126,1.2542251464
127,0.696895395636
128,0.505571885951
129,1.41260296722
130,2.2091331419
131,1.727497255
132,1.77922712138
133,0.758888374657
134,1.18823045549
135,1.75555854686
136,2.20295912236
137,1.58457028818
138,0.366266000172
139,1.04381784001
140,1.36791400067
141,2.00473900896
142,2.09228304272
143,1.66189748799
144,1.7497540203
145,1.03192475377
146,0.290906418689
147,1.37120399101
148,0.127612207631
149,1.27156761108
150,0.683561446629
151,1.87448181202
152,1.69894388148
153,1.27868102797
154,0.628382211081
155,1.98549186063
156,0.984140004378
157,1.05672976991
158,1.07606782506
159,1.68415820247
160,1.50333154293
161,1.47392722318
162,1.1759691521
163,2.00105441497
164,2.37751637433
165,1.62539845267
166,2.25926368241
167,2.05255870477
168,0.483746159444
169,1.81852198657
170,2.05241114878
171,0.388473270446
172,0.769161456451
173,1.72134765018
174,1.31954860368
175,2.35792416823
176,1.44335726105
177,1.6099576978
178,0.926209246721
179,2.00255483634
180,1.56467046173
181,1.69539369949
182,1.21768065481
183,1.75668675701
184,2.11592562195
185,1.43601989045
186,1.06465958093
187,1.4898053485
188,1.23997413817
189,0.838068844063
190,0.908357963868
191,1.35024120611
192,1.72257577022
193,2.36083137263
194,1.74744705458
195,2.10522212076
196,1.72941281818
197,2.02708057255
198,1.6679001205
199,1.8299359263
200,2.17540815075
201,2.14504985383
202,2.2675245
203,1.89202424384
204,1.91008826011
205,1.6528576544
206,0.355311504283
207,1.01587009757
208,2.07099136097
209,1.95331687837
210,1.0785225802
211,1.67650805261
212,1.16928696614
213,1.565684854
214,0.186248865418
215,1.87416553027
216,1.80498416264
217,2.24542313871
218,0.480308609522
219,2.24614380896
220,2.0206444188
221,0.966812373704
222,0.105723887714
223,1.9526287422
224,1.35294844829
225,0.821019318949
226,1.89920981992
227,1.47139352012
228,0.0
229,2.190534066
230,1.25503414923
231,0.873775154183
232,1.97583043677
233,2.10809526856
234,1.53181008922
235,1.84183969672
236,2.32154016903
237,1.27778217944
238,0.229637744552
239,1.80822121362
240,1.55493461215
241,1.05255063066
242,1.71681612124
243,0.99706401032
244,0.798423428732
245,0.0366779387501
