"site","entropy"
2,1.28112002685
3,1.9551525636
4,1.73811287034
5,0.797694839401
6,1.80740670711
7,1.51199430221
8,1.71345299416
9,1.23240752523
10,1.98653527973
11,1.44631894655
12,1.94966374161
13,1.87975185528
14,2.14352506315
15,1.52022606477
16,2.05009422003
17,0.860881245837
18,1.67505981701
19,1.93378797542
20,1.81153771126
21,1.52253812768
22,1.90131096295
23,2.0492262028
24,1.9313048212
25,1.21017757753
26,0.378383647003
27,1.95810283439
28,0.937340405917
29,1.85756789352
30,0.975817555708
31,0.722703454027
32,2.13636749918
33,2.12067222017
34,1.43400150131
35,0.0655042397472
36,1.01148402639
37,1.91971531126
38,1.88581335773
39,2.17390853545
40,1.8991369523
41,1.7953629618
42,1.64716340675
43,0.479513940834
44,1.72362832172
45,1.42528871968
46,1.44762448639
47,1.449252872
48,1.61750706821
49,2.12975222323
50,1.01679829748
51,1.55911833133
52,1.77924856134
53,0.628057322039
54,1.42625480068
55,2.04564047348
56,1.15789350634
57,1.48514992753
58,0.754592348821
59,0.463269205033
60,1.89566433728
61,2.00514588494
62,1.09252676444
63,1.94621595347
64,2.37276665868
65,2.02123265239
66,0.352374046287
67,1.70350132257
68,2.2068085387
69,2.18120582084
70,1.38741075844
71,0.399258924558
72,0.73454645222
73,1.82262200749
74,1.92605950229
75,1.7132908757
76,1.88799078207
77,1.29095586358
78,1.84474294736
79,1.95623092659
80,1.98380878993
81,2.00258073676
82,0.567911102772
83,1.74546719314
84,0.644646759935
85,0.752417764348
86,2.14667945806
87,0.789870652871
88,1.45951090347
89,1.7612192434
90,1.69639649186
91,2.06853979175
92,0.899388326643
93,0.547032104004
94,1.92421343939
95,0.441254006369
96,0.148458410559
97,1.43101457678
98,2.02818091518
99,1.83852629433
100,1.98828750789
101,1.65521064245
102,2.01720335667
103,1.82988645022
104,1.53352523892
105,1.9211292972
106,2.02136914465
107,2.56376134574
108,2.22302031648
109,1.24301025247
110,1.80638776054
111,1.29874381177
112,1.76739600265
113,1.0470043678
114,1.8558491813
115,1.55386140759
116,1.68639927526
117,2.38888439355
118,0.673055991865
119,1.22880849965
120,1.89057248349
121,1.9860536879
122,1.30394214633
123,0.162965140187
124,2.23057869649
125,2.16198901451
126,1.41044623687
127,1.43155692625
128,2.032945484
129,1.29364376278
130,0.176286910059
131,2.01658603329
132,2.04418722731
133,1.464876288
134,1.66841427382
135,1.25866573855
136,0.579758094697
137,1.5009944943
138,0.346330567293
139,1.45252711673
140,1.35371874988
141,1.84240549732
142,1.31984210522
143,1.68701429354
144,2.3893884161
145,0.758652598626
146,1.25633247417
147,2.0585354236
148,1.66351068457
149,1.94458024741
150,1.89158089746
151,1.66152143164
152,1.78484846274
153,2.05450286192
154,1.3964535609
155,1.73995941376
156,2.10873193518
157,2.34875021727
158,1.8217339546
159,1.7599159802
160,1.11435077269
161,1.50309158432
162,2.09806663482
163,1.75202842746
164,1.44160130031
165,2.16585597582
166,2.44687209809
167,1.9002876504
168,1.94634456538
169,1.13077268731
170,2.09147247275
171,1.83732053923
172,2.21948018391
173,1.63166610317
174,1.87733837251
175,2.06384375254
176,1.11929037093
177,1.74994017864
178,1.8696457441
179,1.9495191941
180,1.89502972219
181,1.93214317901
182,1.80370762543
183,0.409779987988
184,0.187960244676
185,1.90578918469
186,2.25443040209
187,1.80665082899
188,2.01240270987
189,1.62858235984
190,1.43516107504
191,0.0
192,0.965836350865
193,1.01622202596
194,1.47498482228
195,1.42820719735
196,1.96678713926
197,2.35059513062
198,2.08544929451
199,2.03810060857
200,1.99969941749
201,1.16653599175
202,2.012053914
203,1.00269151277
204,2.1350135515
205,1.89181253895
206,1.32378090199
207,0.0
208,1.28445244808
209,1.62346570334
210,1.72106458925
211,1.48175250474
212,2.23307727945
213,1.91632777488
214,1.14353116973
215,1.74772488738
216,1.68051582314
217,2.4977193877
218,0.0
219,1.88870287012
220,2.46047142206
221,1.65560345618
222,1.55085032945
223,1.83625715155
224,1.28932411354
225,1.43433232398
226,1.95730887533
227,0.0144272148622
228,2.07680935653
229,2.44353329467
230,2.5149983158
231,2.43304208801
232,0.117044524064
233,2.2183731826
234,0.626856276203
235,1.83134475675
236,0.366973484462
237,2.16063002627
238,1.55118115095
239,0.34453960942
240,1.70545732404
241,2.04069275843
242,1.79579034127
243,0.0
244,1.49563566376
245,2.10899506409
246,1.40081861029
247,0.8329061878
248,1.62135917156
249,1.32010113409
250,1.87102259717
251,1.95523626653
252,1.73941010949
253,0.99081445714
254,1.85385268777
255,1.82011039456
256,1.75818334716
257,1.90065235731
258,2.00590098232
259,1.27516891992
260,1.87084548111
261,1.96155656505
262,2.03350653218
263,1.86845126345
264,1.73267982778
265,1.84172516933
266,0.939369594707
267,1.60064455103
268,1.87408585128
269,1.94605736172
270,2.02304370477
271,1.51555500547
272,1.86357680582
273,0.965879411141
274,1.77374658697
275,2.08728113109
276,2.43220393055
277,1.92645650471
278,1.83495778227
279,2.39482608819
280,2.12542919531
281,2.14958300996
282,1.8132245259
283,2.10808521884
284,1.74018345415
285,1.82077391965
286,1.84734455173
287,0.17432194216
288,1.5230411511
289,1.61785551038
290,1.69175907994
291,1.66945094802
292,2.01461538082
293,1.99919929566
294,0.721771409515
295,2.12330587358
296,1.76856525712
297,2.15415854362
298,1.52857615582
299,2.20936090263
300,2.12950680678
301,2.3834719921
302,0.495710469566
303,2.22713516213
304,2.03355822785
305,0.531340507237
306,1.52873099868
307,2.22915799932
308,0.759565074818
309,0.640924341646
310,0.198065542818
311,1.88820920759
312,1.73224471933
313,0.193758917706
314,1.47541575979
315,1.11923898755
316,2.1679205582
317,0.766390863784
318,0.0704086283162
319,2.31598875255
320,1.75865883874
321,2.01439365449
322,0.861409002017
323,2.13002075899
324,1.52951329155
325,0.969510904503
326,2.17556366343
327,2.24340655658
328,0.820751580807
329,1.76907883492
330,2.03931311347
331,0.844230377734
332,1.10637977876
333,2.02147579202
334,2.20826854438
335,0.118614845317
336,1.71453908668
337,1.56327745838
338,1.92123444045
339,2.22778393038
340,0.0
341,2.34899370177
342,1.2399342777
343,2.05179714317
344,2.33360891389
345,2.10414683573
346,1.81668890064
347,2.14299946108
348,1.32589801202
349,1.79360902708
350,2.13265180662
351,1.76583465336
352,0.112425881856
353,2.33850729082
354,1.65295181889
355,1.29175249487
356,0.783850391924
357,1.4947270061
358,1.87061790347
359,1.80342538894
360,1.90430686194
361,1.3437842632
362,0.578370623245
363,2.35084789152
364,1.43019974924
365,1.78248462091
366,1.19978647299
367,1.73495594425
368,0.765155722012
369,1.63956701346
370,1.5791724796
371,1.51690179422
372,1.11687300878
373,1.95873633926
374,1.41572245896
375,1.79946634165
376,1.46542524672
377,0.247150296793
378,2.08768818794
379,1.85719202165
380,1.34124422978
381,2.38383561144
382,2.47653010308
383,1.4183487425
384,2.04676422262
385,2.33114197499
386,1.93226268694
387,2.1794742863
388,1.51276924785
389,1.06445107019
390,1.51275735174
391,0.78731611635
392,1.42623552513
393,0.0
394,0.979635671803
395,1.31501006333
396,1.54956864406
397,1.70190178068
398,1.61768529613
399,1.60093218164
400,1.88697402757
401,1.7318174223
402,1.92259675501
403,0.696955319096
404,1.67532813688
405,2.10376320025
406,0.0
407,1.05159771939
408,0.370891002313
409,1.32795960092
410,2.1761787038
411,2.12512298017
412,1.81154876947
413,2.15011130051
414,0.71201253886
415,1.81652427977
416,1.52047395696
417,1.6715637103
418,1.81952871081
419,1.68926408179
420,2.25932985458
421,1.65970987219
422,1.96226083914
423,0.398453259819
424,0.673421516759
425,1.73562010743
426,1.34756619757
427,2.21805162175
428,1.8842098645
429,2.29460786174
430,1.01153295165
431,1.52164960838
432,1.81592104718
433,1.45357164213
434,1.12567619323
435,1.76924048262
436,0.962972360923
437,1.47170931517
438,2.03786949214
439,2.17299055526
440,1.31185022553
441,1.56395395279
442,1.1092787664
443,2.16844967796
444,1.97113260802
445,1.86266358535
446,1.66296840186
447,2.11019160698
448,1.44950155269
449,1.01614921429
450,2.21914322823
451,0.254730333446
452,1.54991855346
453,1.38004713642
454,1.67796589368
455,2.13640107857
456,1.94231043258
457,1.92245890746
458,2.0080850095
459,2.06846978921
460,2.16724324786
461,0.0
462,1.61096970519
463,1.80586904992
464,0.167939560403
465,1.82741811844
466,1.35300962555
467,0.767564300726
468,2.08955482443
469,2.07234649719
470,2.16966457661
471,2.11949949382
472,1.34692017171
473,1.87177487671
474,0.0
475,1.86466249967
