"site","entropy"
208,1.41419003234
209,1.59770807145
210,1.41543848492
211,1.78161512704
212,1.52111528926
213,0.847583289161
214,1.15180606786
215,1.92369057566
216,2.13528677263
217,1.26002534016
218,2.24728341728
219,1.59919974749
220,1.59233462231
221,0.824506988259
222,1.23531473704
223,0.0
224,2.07273841526
225,0.817666361208
226,1.26684600125
227,0.5222194204
228,2.38732083635
229,1.22744148533
230,2.35187356606
231,0.711135483957
232,0.211924091463
233,1.77760167754
234,1.74765394616
235,0.939924885472
236,0.178833464281
237,2.03403530997
238,2.43072302771
239,0.351600582727
240,1.06248520572
241,2.15526435032
242,2.24882843874
243,0.13474216818
244,2.15833109641
245,1.66820364473
246,1.61098488486
247,1.79258948678
248,0.995297076289
249,2.19066675559
250,1.77334832782
251,2.19989319335
252,0.920189654481
253,2.19723281791
254,2.15872633231
255,1.81139191099
256,1.31004173475
257,1.56530939909
258,2.01758748259
259,0.0144272148622
260,2.18946003759
261,1.69303851666
262,1.31071935639
263,2.05451036718
264,2.2573904915
265,0.581370291257
266,0.38600957379
267,2.18315570789
268,2.31541202002
269,0.874661521652
270,0.954421330654
271,1.66192094775
272,2.08230094487
273,1.83472432213
274,1.7972838755
275,1.78826513504
276,1.20401030391
277,2.008158287
278,0.313753747277
279,1.67205928914
280,1.93610751625
281,0.0144272148622
282,1.87779126416
283,1.55470095843
284,1.94704679805
285,2.37100205117
286,1.38282376898
287,2.02973439939
288,1.71141343666
289,2.30971727588
290,2.07167359613
291,2.19417908945
292,0.982218163323
293,1.752881788
294,1.40641041761
295,1.78029039958
296,1.90513256649
297,1.56149353144
298,1.4003114298
299,1.19377907559
300,0.168510317631
301,1.20090317018
302,1.72501219126
303,1.13654485949
304,0.889274337857
305,1.10765595226
306,1.85338560045
307,0.995079329164
308,1.6251747621
309,1.95304073909
310,2.27466061931
311,1.55723235937
312,0.0
313,1.66868576439
314,0.870432958638
315,1.616504388
316,0.910342082348
317,0.929960108539
318,2.2306854848
319,1.6186530287
320,2.06467367707
321,1.84083574494
322,0.0366779387501
323,1.84595785378
324,2.25542781461
325,1.44416650966
326,1.15484790357
327,0.0870431092049
328,1.89312794592
329,2.11079009316
