"site","entropy"
21,0.395919446249
22,2.36277992085
23,1.35494690924
24,1.20029317751
25,1.96439714349
26,1.78747581252
27,1.99432456519
28,1.96103297422
29,2.40747295235
30,0.614624688785
31,1.9739254228
32,2.5838365398
33,2.40754098106
34,2.00132170736
35,1.77208946393
36,0.905041072391
37,0.669634309549
38,1.74384229473
39,1.74307840715
40,1.78507340941
41,2.31225436003
42,2.20966375052
43,2.19978330694
44,2.06725121078
45,1.88102461378
46,2.31354055216
47,2.22837511227
48,0.908353693652
49,0.606266512535
50,1.66385146141
51,1.79704347482
52,1.97583758568
53,1.3374398384
54,1.03292698697
55,1.63431140526
56,1.33040786274
57,2.22284508348
58,0.575152170787
59,0.0
60,0.912012497768
61,1.79572043093
62,1.26136037406
63,2.16108147978
64,2.08662685416
65,2.40304006283
66,2.32633440149
67,2.23990389088
68,0.771941719949
69,2.0809518478
70,0.227160069665
71,2.1799764819
72,0.0665507360347
73,1.29185285206
74,0.629222792447
75,1.49651716906
76,1.59790535978
77,1.99947390206
78,1.28058469043
79,1.95046214658
80,1.42232672988
90,1.94835071243
91,2.02658486167
92,2.09898747812
93,0.20275628002
94,0.409374572935
95,2.28945357759
96,1.76437411161
97,0.986982162019
98,1.96513738339
99,2.10935007723
100,2.14580086335
101,1.48694708331
102,0.106987275227
103,1.79869802335
104,0.881819116901
105,1.83903790619
106,1.99581242193
107,2.22524707864
108,2.51136421013
109,2.4520796998
110,2.26779966451
111,2.49137671369
112,1.71615538268
113,2.1372433467
114,1.19067103329
115,2.1573111186
116,2.02394636342
117,1.53477121754
118,1.93150277599
119,2.43610674835
120,1.69865568789
121,1.54517467061
122,2.00282343675
123,0.64427897655
124,1.94989271547
125,0.931256088255
126,0.196630947218
127,2.23306625102
128,2.23625602866
129,1.76232993561
130,1.72401463813
131,2.33043460054
132,0.930271168823
133,1.64403687215
134,2.34269616881
135,1.72240049944
136,0.972523284646
137,2.11636824332
138,2.21427315188
139,1.72909140513
140,2.2641359246
141,1.93731010819
142,1.19293184035
143,2.24193242792
144,2.10801550118
145,0.753650078695
146,1.16666048244
147,1.75314686394
148,0.711839578362
149,1.79732404745
150,2.21400317497
151,2.11585817259
152,2.24376753588
153,1.51571087064
154,0.438301830158
155,1.96342773984
156,2.24288691867
157,2.26455272404
158,0.511162756526
159,1.18002051399
160,1.68968891671
161,1.74246046842
162,0.828089809401
163,1.39515548474
164,1.9851304469
165,2.27947456011
166,1.37532538058
167,1.40549638309
168,2.03726287378
169,0.0288504217056
170,1.40406975867
171,1.74838292817
172,1.90198425123
173,1.11420023198
174,1.78589989326
175,1.35269064043
176,1.23235000189
177,1.69322399931
178,1.87269462244
179,2.3829179625
180,2.22357587544
181,2.09656638819
182,1.91303521618
183,1.54448139111
184,1.89206520085
185,0.169370401296
186,1.17406409311
187,0.641159106346
188,0.349878767894
189,2.19622432904
190,1.1897449257
191,1.50706602164
192,1.3566097401
193,0.787840136038
194,1.69480566437
195,1.85744380995
196,2.26544565488
197,1.30237146964
198,2.08812485809
199,1.69367340835
200,2.16193402804
201,1.90832579083
213,1.64113010266
214,1.29354386808
215,1.76141185429
216,1.93988239818
217,1.40089105804
218,2.20152223735
219,2.41675183868
220,2.00046484368
221,2.08622913733
222,2.43041122353
223,1.24539456069
224,2.15481937946
225,2.48132784462
226,0.383878792855
227,1.21849043886
228,1.57146815663
229,1.26913318578
230,0.286106582569
231,1.44527852384
232,1.55272208176
233,1.6809088054
234,0.717692950587
235,0.825330033313
236,0.964740393341
237,2.23440155908
238,2.09856811238
239,0.994758280458
240,1.72266606085
241,2.23773534822
242,1.74044394982
243,1.51755679938
244,1.89169002127
245,2.12195165649
246,1.28474664317
247,2.0535836838
248,1.1919612428
249,1.65410612388
250,2.20388595766
251,1.85504021676
252,2.1815541918
253,2.10023819626
254,2.02397043968
255,2.18093771559
256,1.25358855318
257,1.53624145291
258,1.99786458523
259,0.377479661375
260,1.24545985377
261,1.37330564427
262,1.20419944578
263,0.993918558336
264,0.888399303981
265,1.5350125013
266,0.51647025984
267,1.6912191312
268,0.0
269,2.01757276425
270,1.24803928376
271,2.40375522682
272,2.10978450125
273,2.50039401248
274,2.18447228707
275,1.34496632796
276,1.61150523021
277,0.814527402217
278,1.50897092815
279,0.943110757234
280,1.76044114358
281,1.52787790009
282,0.822736907073
283,2.24402963896
284,2.2806341915
285,2.44372036569
286,2.25008785566
287,2.25800131908
288,0.0
289,2.62501010862
290,1.92858485462
291,2.02725417967
292,2.09935043231
293,2.1619295904
294,2.34131944988
295,0.184208192596
296,2.35367486171
297,1.89489006956
298,2.52847562016
299,2.33185477563
300,0.720425569596
301,2.38392302413
302,2.02332146655
303,1.81885492677
304,1.85067505875
305,2.00435290943
306,2.40808659686
307,1.57062501972
308,2.17580498455
309,1.74501479881
310,1.56269004488
311,2.09426878427
312,2.04147908973
313,0.780353965842
314,0.965004791499
315,0.518762848331
316,1.99239885261
317,1.50855473512
318,0.838724913201
319,0.531924207704
320,2.30981832679
321,0.405898429459
322,1.93656703062
323,1.91608890642
324,0.459995317396
325,2.32886618651
326,0.662234331367
327,2.09517159519
328,1.89399006809
329,1.86165548325
330,1.44476038152
331,1.8924857142
332,0.393645842657
333,2.3890626128
334,2.33077056142
335,1.37516638924
336,2.26694481358
337,2.10428275693
338,2.09126604469
339,2.06689434619
340,2.04647041269
341,0.581243531485
342,2.20449937162
343,1.98595127029
344,1.63194035887
345,0.529624514455
346,1.96947963958
347,2.21507040198
348,2.52104595431
349,0.0
350,1.94483661446
351,2.33753589683
352,2.00664532286
353,2.31278811118
354,1.13878289523
355,2.06085128944
356,0.105426262575
357,2.20243215984
358,1.78667598506
359,1.51899980815
360,1.64166822632
361,1.8507988453
362,0.290310809185
363,1.61507045585
364,1.90391847579
365,1.97422305065
366,2.20991523866
367,2.1089990206
368,1.50050886325
369,2.11973270772
370,1.6784129471
371,2.18887263525
372,1.8606881803
373,2.27991184732
374,1.61267416943
375,1.58131816486
376,1.88878483497
377,1.41320790688
378,2.25365640154
379,1.46517244927
380,0.427155178038
381,1.00837248044
382,0.446680825932
383,1.51535190483
384,1.3328251398
385,0.934855660948
386,2.28160063699
387,2.12926875634
388,2.18138242077
389,2.38985440372
390,0.940317326565
391,2.22414563089
392,1.47514825104
438,1.14459856235
439,1.55655366944
440,2.21893917404
441,2.25191611285
442,2.12086301121
443,2.21389999656
444,0.921837083505
445,1.83617575584
446,1.33006895289
447,2.12303334765
448,1.70164088604
449,1.90969837574
450,0.188526436268
460,2.28674514836
461,2.27439353364
462,1.89482794616
463,2.46130943682
464,1.69391734718
465,1.38634553358
466,1.72652769056
467,1.5414134402
468,0.401452714861
469,1.90189580912
470,1.40270456866
471,1.92417953208
472,1.56919562915
473,1.77607831611
474,2.54919704511
475,2.07719298527
476,1.58545949496
477,2.10758687986
478,1.28471598892
479,1.6835602342
480,1.39730072868
481,1.5387156477
482,1.83268025581
483,2.33790227047
484,2.41025483728
485,2.02120711061
486,1.32006709999
487,1.8506301654
488,2.2702558474
489,2.22539899058
490,0.250779412958
491,1.69884573127
492,0.717878898697
493,2.00737780266
494,1.08158711518
495,2.06578741479
496,1.51913447485
497,1.75818475542
498,2.28693414821
