"site","rate"
1,NA
2,NA
3,NA
4,NA
5,NA
6,NA
7,NA
8,NA
9,NA
10,NA
11,NA
12,NA
13,NA
14,NA
15,NA
16,NA
17,-0.6488
18,-0.1454
19,-0.4594
20,-0.4245
21,-0.5699
22,-0.0359
23,-0.2146
24,-0.1846
25,-0.6432
26,-0.6503
27,-0.4536
28,-0.6536
29,-0.484
30,-0.6565
31,-0.6379
32,-0.6565
33,-0.2391
34,-0.6379
35,-0.6565
36,-0.2371
37,-0.2349
38,-0.3656
39,-0.0738
40,-0.6536
41,-0.6513
42,-0.464
43,-0.6513
44,-0.6565
45,-0.4221
46,-0.484
47,-0.0318
48,-0.4543
49,-0.2357
50,-0.5932
51,-0.6291
52,1.18
53,1.054
54,-0.6447
55,-0.4532
56,-0.5896
57,-0.0738
58,-0.5932
59,-0.5726
60,0.3703
61,-0.2358
62,0.2013
63,-0.5896
64,1.27
65,-0.4476
66,-0.603
67,0.1229
68,-0.1556
69,-0.5932
70,-0.5896
71,-0.0139
72,-0.5726
73,-0.4784
74,-0.0359
75,-0.6517
76,-0.5896
77,0.167
78,0.4465
79,-0.5932
80,-0.5896
81,-0.6536
82,-0.603
83,-0.3653
84,-0.5726
85,-0.0983
86,0.5919
87,-0.5932
88,1.238
89,1.379
90,1.424
91,1.887
92,-0.3049
93,-0.4784
94,-0.4835
95,-0.1967
96,-0.0481
97,0.3907
98,5.035
99,1.889
100,0.3065
101,1.57
102,-0.0639
103,0.4234
104,-0.6536
105,-0.5896
106,-0.4648
107,-0.5726
108,-0.5813
109,-0.603
110,-0.5896
111,3.388
112,-0.5876
113,1.341
114,0.3222
115,-0.5813
116,0.1666
117,-0.6291
118,-0.5932
119,0.3453
120,-0.6291
121,-0.1559
122,-0.5932
123,0.2506
124,-0.6618
125,0.8401
126,-0.6618
127,-0.3049
128,-0.2158
129,0.432
130,-0.3856
131,-0.5876
132,-0.6291
133,-0.2502
134,-0.5876
135,-0.603
136,-0.3497
137,1.953
138,0.6484
139,-0.484
140,-0.4784
141,0.3934
142,4.844
143,-0.4223
144,0.4249
145,1.016
146,-0.2617
147,1.998
148,-0.5896
149,-0.2385
150,-0.1118
151,0.1699
152,-0.1019
153,-0.5726
154,-0.2726
155,0.3076
156,0.5888
157,-0.5896
158,5.101
159,1.547
160,-0.4839
161,-0.5876
162,-0.5813
163,1.134
164,-0.6536
165,-0.5932
166,0.803
167,-0.4784
168,-0.5932
169,-0.4521
170,5.139
171,0.2204
172,0.9286
173,-0.2564
174,0.5743
175,-0.5813
176,-0.603
177,4.741
178,0.1196
179,1.157
180,1.284
181,-0.484
182,-0.5813
183,1.235
184,-0.4542
185,-0.2522
186,0.2113
187,4.661
188,-0.6247
189,-0.1004
190,-0.0317
191,-0.5932
192,-0.239
193,0.4735
194,-0.4784
195,-0.2223
196,0.1893
197,-0.6447
198,0.02325
199,-0.2718
200,1.096
201,0.7674
202,0.6157
203,5.138
204,5.139
205,-0.3977
206,4.868
207,1.918
208,0.3811
209,-0.5813
210,1.238
211,0.372
212,0.4207
213,-0.2397
214,-0.0364
215,0.9535
216,0.1759
217,-0.2811
218,-0.6513
219,0.7239
220,-0.484
221,-0.3049
222,0.5142
223,-0.5813
224,0.4587
225,0.3747
226,0.1573
227,-0.5876
228,0.5536
229,0.06862
230,-0.6291
231,-0.0479
232,0.7901
233,1.781
234,-0.6364
235,-0.2716
236,-0.6247
237,-0.2381
238,-0.3916
239,5.139
240,0.811
241,1.228
242,-0.5872
243,-0.6364
244,-0.0178
245,0.3516
246,-0.1694
247,0.6257
248,-0.4748
249,-0.2634
250,-0.2358
251,0.08763
252,0.4429
253,0.05782
254,4.507
255,0.09456
256,-0.2683
257,-0.0348
258,0.4219
259,0.1574
260,-0.3652
261,-0.2408
262,NA
263,NA
264,NA
265,NA
266,NA
267,0.9821
268,0.1414
269,-0.6536
270,-0.5908
271,-0.0113
272,-0.2353
273,-0.603
274,0.8563
275,0.1942
276,-0.6517
277,-0.5876
278,-0.2418
279,0.7863
280,1.037
281,0.09917
282,0.8732
283,2.034
284,0.8724
285,-0.3048
286,-0.2146
287,-0.4473
288,-0.446
289,0.7762
290,-0.6618
291,0.584
292,0.8342
293,2.831
294,0.9041
295,NA
296,NA
297,NA
298,3.184
299,2.534
300,-0.5726
301,0.3213
302,0.9934
303,-0.0912
304,-0.1608
305,-0.6379
306,-0.6565
307,-0.603
308,1.794
309,-0.5896
310,-0.2399
311,-0.2501
312,-0.6536
313,-0.1114
314,-0.3039
315,-0.2358
316,-0.603
317,-0.5876
318,-0.6379
319,-0.6536
320,0.409
321,-0.6447
322,-0.603
323,0.3892
324,-0.2714
325,-0.6531
326,-0.2193
327,-0.3652
328,-0.5726
329,-0.603
330,-0.0597
331,0.1955
332,-0.446
333,-0.1344
334,-0.6618
335,0.7573
336,-0.0723
337,-0.5932
338,-0.146
339,0.43
340,0.3926
341,-0.4646
342,-0.5896
343,-0.2358
344,-0.6364
345,-0.4544
346,-0.0473
347,-0.2717
348,-0.484
349,0.3596
350,-0.3976
351,-0.305
352,-0.6364
353,-0.5896
354,-0.2359
355,0.5277
356,-0.5896
357,-0.6517
358,-0.4524
359,-0.6517
360,-0.5896
361,-0.5876
362,-0.2499
363,-0.6291
364,-0.2226
365,-0.5896
366,-0.4784
367,-0.0784
368,-0.5896
369,-0.4307
370,0.1825
371,-0.6379
372,-0.5896
373,-0.4784
374,-0.5813
375,-0.5896
376,-0.5813
377,-0.4224
378,-0.6447
379,-0.6379
380,-0.6536
381,-0.0803
382,-0.3977
383,-0.5896
384,-0.3047
385,-0.2231
386,-0.5813
387,-0.6517
388,-0.6517
389,-0.6379
390,0.09299
391,-0.0737
392,-0.6618
393,-0.6565
394,-0.6379
395,-0.253
396,-0.4471
397,-0.6531
398,0.5943
399,0.1442
400,-0.2506
401,-0.4643
402,0.1482
403,-0.6247
404,-0.4459
405,-0.4544
406,-0.305
407,1.619
408,-0.4525
409,0.1656
410,-0.6247
411,-0.6478
412,-0.6536
413,-0.0751
414,-0.6379
415,-0.5876
416,-0.6565
417,-0.6517
418,-0.6513
419,0.1447
420,-0.3493
421,0.1671
422,-0.2157
423,0.1476
424,1.291
425,-0.5932
426,-0.6291
427,1.607
428,-0.6364
429,0.00136
430,-0.3655
431,-0.0518
432,-0.5932
433,-0.0533
434,0.1993
435,-0.35
436,-0.4455
437,-0.6379
438,-0.6379
439,-0.2229
440,-0.5876
441,-0.3506
442,-0.6379
443,0.3667
444,-0.4784
445,-0.6565
446,-0.5813
447,-0.6536
448,-0.6517
449,-0.6291
450,-0.236
451,-0.5932
452,-0.446
453,-0.5932
454,-0.5932
455,-0.6291
456,-0.6536
457,-0.0982
458,-0.6364
459,-0.2718
460,-0.5932
461,0.08756
462,0.9217
463,-0.6447
464,1.291
465,-0.4838
466,-0.2511
467,0.1777
468,-0.35
469,0.971
470,-0.2322
471,-0.5813
472,-0.1004
473,-0.6247
474,-0.6513
475,0.4695
476,3.731
477,-0.6379
478,-0.5932
479,1.367
480,-0.6536
481,-0.6536
482,-0.6517
483,-0.6247
484,-0.6291
485,-0.2454
486,-0.5896
487,-0.4538
488,0.144
489,-0.5726
490,-0.2164
491,-0.6291
492,-0.2157
493,-0.5813
494,-0.4218
495,-0.6247
496,-0.5726
497,0.6086
498,1.462
499,0.232
500,-0.5726
501,-0.2172
502,-0.6291
503,-0.6618
504,-0.4449
505,0.2249
506,-0.4544
507,-0.2228
508,-0.4647
509,-0.5812
510,-0.3969
511,-0.5812
512,0.06182
513,-0.0733
514,-0.5812
515,-0.6617
516,0.9747
517,-0.629
518,-0.2995
519,0.4895
520,-0.5931
521,0.3462
522,0.1013
523,0.1693
524,1.037
525,-0.6531
526,-0.1552
527,-0.2226
528,NA
529,NA
530,NA
531,NA
532,NA
533,NA
534,NA
535,NA
536,NA
537,NA
538,NA
539,NA
540,NA
541,NA
542,NA
543,NA
544,NA
545,NA
546,NA
547,NA
548,NA
549,NA
550,NA
551,NA
552,NA
553,NA
554,NA
555,NA
556,NA
557,NA
558,NA
559,NA
560,NA
561,NA
562,NA
563,NA
564,NA
565,NA
566,NA
567,NA
568,NA
569,NA
570,NA
571,NA
572,NA
573,NA
574,NA
575,NA
576,NA
577,NA
578,NA
579,NA
580,NA
581,NA
582,NA
583,NA
584,NA
585,NA
586,NA
587,NA
588,NA
589,NA
590,NA
