"site","rate"
1,NA
2,NA
3,NA
4,0.3247
5,-0.462
6,-0.3907
7,-0.4565
8,-0.3811
9,-0.4414
10,-0.4584
11,-0.4534
12,-0.462
13,NA
14,NA
15,NA
16,NA
17,NA
18,0.2586
19,-0.3811
20,-0.4432
21,0.3648
22,-0.3907
23,0.4037
24,-0.3907
25,-0.4565
26,-0.4534
27,-0.4565
28,-0.4334
29,-0.3907
30,-0.4565
31,1.196
32,-0.4503
33,-0.462
34,-0.3943
35,-0.2496
36,-0.4503
37,-0.462
38,-0.462
39,-0.429
40,-0.3907
41,-0.4571
42,-0.4571
43,-0.3943
44,-0.4534
45,-0.4673
46,1.176
47,0.8112
48,-0.3907
49,0.5769
50,-0.3943
51,-0.4428
52,-0.4059
53,1.284
54,-0.2496
55,-0.3907
56,-0.4673
57,-0.4565
58,0.7121
59,0.6512
60,-0.4428
61,-0.4414
62,-0.3943
63,-0.3716
64,-0.3811
65,-0.3907
66,-0.3907
67,-0.4059
68,-0.2496
69,-0.429
70,-0.3943
71,0.6795
72,5.42
73,1.89
74,-0.2496
75,-0.4592
76,1.165
77,3.962
78,-0.4428
79,-0.4334
80,-0.4565
81,-0.4432
82,-0.4534
83,-0.4584
84,-0.4565
85,0.3886
86,1.851
87,-0.4059
88,-0.3907
89,5.581
90,1.148
91,1.384
92,1.866
93,-0.4592
94,-0.4565
95,0.5297
96,-0.462
97,-0.429
98,-0.4059
99,-0.3907
100,-0.4565
101,-0.3883
102,-0.429
103,-0.462
104,-0.4059
105,0.7223
106,-0.3907
107,-0.4334
108,-0.4584
109,-0.3907
110,0.3667
111,-0.4565
112,-0.462
113,-0.3943
114,-0.4428
115,1.392
116,0.9599
117,-0.462
118,-0.3907
119,-0.462
120,-0.4673
121,-0.3907
122,-0.4673
123,-0.4059
124,-0.4584
125,-0.4565
126,-0.4428
127,0.7023
128,0.3362
129,1.162
130,-0.4428
131,-0.4565
132,-0.4584
133,-0.3907
134,-0.3943
135,-0.3811
136,-0.3907
137,-0.4592
138,-0.3907
139,-0.4565
140,1.18
141,-0.4534
142,-0.4059
143,1.951
144,-0.3907
145,3.404
146,-0.3811
147,2.054
148,-0.4673
149,-0.4571
150,-0.4584
151,-0.4565
152,-0.4432
153,-0.3907
154,-0.4334
155,-0.4414
156,NA
157,NA
158,NA
159,NA
160,NA
161,NA
162,NA
163,NA
164,NA
165,NA
166,NA
167,NA
168,NA
169,NA
170,NA
171,NA
172,NA
