res_num,entropy
1,1.76655738988
2,1.00044316621
3,1.84603147845
4,2.3208172623
5,0.219748387288
6,1.99401920674
7,0.0260778329834
8,1.57487282518
9,1.45555442761
10,1.29106479109
11,1.95293283684
12,1.68882603378
13,0.678283912849
14,0.844511197997
15,2.43404895125
16,2.40392905453
17,0.899637732188
18,2.17582069014
19,0.699320442509
20,1.90197105661
21,1.69650941116
22,1.9064251108
23,0.652062068548
24,2.11267584334
25,1.58111683675
26,2.17021161912
27,0.657892346533
28,0.802049390271
29,1.17043182837
30,1.49190254454
31,1.79983508513
32,1.42677985829
33,1.17498545752
34,0.268568692624
35,1.84296546005
36,1.4183719997
37,1.90794213142
38,2.17641893198
39,2.13284831547
40,0.314032262893
41,1.8706557438
42,1.6415409565
43,0.0
44,1.5598298171
45,1.69242826168
46,1.45383927846
47,0.976120436189
48,1.54678659343
49,1.8884315433
50,1.20670522286
51,0.782549162005
52,1.93180804986
53,1.31526233085
54,0.450937181044
55,1.72200931734
56,0.0144272148622
57,0.938360136703
58,2.20275177991
59,2.08424149482
60,0.0366779387501
61,1.26776486771
62,2.13675174641
63,1.64279243489
64,0.0
65,1.38640200882
66,0.964883911808
67,1.60474933371
68,0.0260778329834
69,1.80126155138
70,0.459592920317
71,1.14304365564
72,0.334311929791
73,2.258575602
74,0.952088831313
75,2.12091450322
76,2.19484272855
77,0.457480989856
78,0.764777432192
79,1.73309193038
80,1.26209589735
81,1.22168340582
82,0.522561973357
83,1.78326508615
84,1.18126965696
85,1.51092700414
86,0.719970878294
87,1.66346406594
88,2.14501969266
89,0.270265732151
90,2.24488855362
91,0.0144272148622
92,2.2351857766
93,1.94048395934
94,0.0
95,1.80547858417
96,2.04445943554
97,1.87148166924
98,0.555199059943
99,2.04197756273
100,2.20177202554
101,1.77550846098
102,1.43250512243
103,0.804002915176
104,2.32826540308
105,1.87647425489
106,1.86163426841
107,0.7087001161
108,1.18824159795
109,1.96501419423
110,2.19651697759
111,1.73427052826
112,2.05078824246
113,2.02455503607
114,1.97291351585
115,1.19679328555
116,2.14229246165
117,1.16808595641
118,1.10781268286
119,1.62195234611
120,1.53676875486
121,1.42594925417
122,1.69651142292
123,1.06755788502
124,0.753138038126
125,0.467181229935
126,1.669061434
127,0.97438152047
128,1.58333347072
129,0.285267423041
130,1.24995319544
131,1.64028552733
132,0.0
133,1.99333358872
134,1.12604538642
135,1.97655438273
136,0.759092782246
137,0.0144272148622
138,1.3924437177
139,2.11099483259
140,0.654678355448
141,0.105723887714
142,1.81812023573
143,1.37940931384
144,0.419973169622
145,1.7864647306
146,1.78975890746
147,2.13379692848
148,1.01502127704
149,0.861802108066
150,0.422307441458
151,2.44367764828
152,0.125689664185
153,1.50125200172
154,1.0125959173
155,0.798899315087
156,0.67114737526
157,0.494900588295
158,1.84985349154
159,0.552108547005
160,0.82825271391
161,1.6008203544
162,1.85593074775
163,2.08438627574
164,1.79317295325
165,1.63944536304
166,1.90535752655
167,0.595158099765
168,0.638959057444
169,1.40647034134
170,1.98240087067
171,1.30063504693
172,1.885260655
173,1.62147583381
174,1.81456600689
175,1.25726068033
176,1.44784625582
177,1.91868627979
178,0.167944147734
179,0.569598896805
180,0.53617698072
181,1.17811354432
182,0.0915417903619
183,2.08936686265
184,0.909669141793
185,1.31930589842
186,2.14068215011
187,1.63673524717
188,1.26113033828
189,1.76907397719
190,2.01466805421
191,1.44011628037
192,2.25948976727
193,1.66447062767
194,1.62995374462
195,1.38597735583
196,1.88835676521
197,1.50382347985
198,1.65590983704
199,1.48274641954
200,0.864927931034
201,2.13549269662
202,1.03287338039
203,2.26872853762
204,1.78621364154
205,2.18450346096
206,1.94986245837
207,1.82902406875
208,2.35010237128
209,1.67236608014
210,2.29241449472
211,0.930331109881
212,1.07794544812
213,2.28985785585
214,0.931588846419
215,1.58620830009
216,1.75838308687
217,1.92564070772
218,1.98099675118
219,0.7580261484
220,1.50247379491
221,2.05440682533
222,0.796466580751
223,0.828613319355
224,1.60472010635
225,1.64540697949
226,1.92899242008
227,2.01062409489
228,1.22777464119
229,1.64089932913
230,1.52149401499
231,0.876188358589
232,0.974902070889
233,1.93724117458
234,1.91018841639
235,1.58384864215
236,2.17554546871
237,0.815460714075
238,1.2533606853
239,2.37428131503
240,2.26236875276
241,1.87347636064
242,2.35444945219
243,0.659906260752
244,1.88832976926
245,1.11296179316
246,2.15669584041
247,0.0
248,1.01828765877
249,0.749251693633
250,2.30851793473
251,0.442590708439
252,1.49832400381
253,1.55592613489
254,1.07610685701
255,0.962604354779
256,1.70870934903
257,1.80851404856
258,2.16468113929
259,1.68715039103
260,1.94485428328
261,0.0144272148622
262,1.60099430829
263,0.517257792308
264,0.526907961431
265,0.989033424622
266,0.656137683211
267,0.957263137943
268,1.31997477106
269,0.229819235947
270,0.799150272027
271,1.30351935975
272,0.544878993502
273,1.68230186141
274,1.80846520222
275,0.910787957326
276,0.0
277,1.39504973735
278,0.909049287503
279,1.78062811335
280,0.0144272148622
281,0.338338216243
282,1.48175249429
283,1.23475833994
284,1.9447217952
285,0.0
286,0.845741531838
287,1.40025846915
288,1.77720253029
289,1.14182594913
290,1.61036663121
291,0.27536536588
292,0.313953344064
293,0.882190433545
294,1.41729466468
295,0.723557647812
296,1.09938986001
297,1.81114772524
298,1.99142340893
299,2.44221226916
300,1.53384754537
301,2.19416022837
302,0.0
303,2.23796652091
304,0.0144272148622
305,0.357747782295
306,2.28215406199
307,0.801114572142
308,0.51423777934
309,2.18710070876
310,1.67750104829
311,1.51506510865
312,2.24883520841
313,1.56120308053
314,2.07375384902
315,1.93243716272
316,0.561012086016
317,1.52493511163
318,0.0
319,1.75350032721
320,1.90924610771
321,1.70846504777
322,1.32779694553
323,1.54609073188
324,1.83040480649
325,1.44930236301
326,2.03088559147
327,1.76737905309
328,1.5179141852
329,0.0
330,1.97383833338
331,2.21154498839
332,1.29849090711
333,2.33340775119
334,1.82280732399
335,2.29517437501
336,2.02023553176
337,1.7916123782
338,0.232548776212
339,2.11585611109
340,1.29985914378
341,0.535413681304
342,0.9463350336
343,2.03516735657
344,1.16370055309
345,0.116516617464
346,2.02167142462
347,2.32835139869
348,0.0
349,1.45407046114
350,1.99517292837
351,0.0
352,2.20339068475
353,1.99349892053
354,1.8167815775
355,1.80527757459
356,1.03849029876
357,1.43745099109
358,1.89626103849
359,0.0
360,1.62144128643
361,2.34207340486
362,1.78136572518
363,2.23410647828
364,1.79252311788
365,1.23131328808
366,1.58334341409
367,1.29507760017
368,2.45213207818
369,1.56101195767
370,1.83772859708
371,1.88287739002
372,2.33381285604
373,1.87419671861
374,1.90024774899
375,1.89012878913
376,2.06819518888
377,2.17103363196
378,2.01669303295
379,2.36778427934
380,2.06557241792
381,2.16700055657
382,1.90756668529
383,2.38839565342
384,1.21445794092
385,1.85471301287
386,1.95432548942
387,2.04193814618
388,2.16921015412
389,1.56917381994
390,1.98162571275
391,1.08237400655
392,2.17674249733
393,0.964857076787
394,0.269128519089
395,1.91638942705
396,2.01004735228
397,0.984611239432
398,1.62781596979
399,1.95497042576
400,1.14490606032
401,0.913345516299
402,1.82602405497
403,1.7886464613
404,0.747328936232
405,1.89529403425
406,1.85053233746
407,1.66612385687
408,1.40619121143
409,2.37693461862
410,1.9422191693
411,1.13025984581
412,1.83484285314
413,2.17760961616
414,1.9144185245
415,1.64654204512
416,2.03037207966
417,2.38223317469
418,1.51846324297
419,1.78694246051
420,1.9843299677
421,1.10343338449
422,1.73436407378
423,2.16680050897
424,0.785869410763
425,1.63256989274
426,2.09709768148
427,2.44479587961
428,1.75224101998
429,1.81325892207
430,2.03727083462
431,2.39738268566
432,0.157251896435
433,2.01345158071
434,2.25287077249
435,2.04446969221
436,1.7178627188
437,2.17958420875
438,2.13900808632
439,2.44120936577
440,2.56693698906
441,2.21466201639
442,2.53848051088
443,2.0327392785
444,2.20799554788
445,2.34577837545
446,2.50293976704
447,2.26591088861
448,1.921947524
449,2.00237878872
450,2.27129620146
451,1.76908270349
452,1.55317906813
453,1.1517190962
454,1.35727790659
455,0.551079928087
456,1.93689091225
457,0.625630650998
458,0.439612746174
459,2.33605194426
460,1.98552265082
461,1.71398212147
462,0.0
463,0.744486294103
464,0.206318304095
465,0.224196783727
466,0.773621954974
467,2.00357632818
468,0.99103084333
469,1.4719379873
470,0.302382197188
471,2.21533572035
472,0.153462434794
473,1.54661370971
474,2.08429681891
475,1.73380048159
476,0.247829892941
477,1.86912441417
478,2.10734137359
479,2.00689840545
480,1.93031135955
481,2.09274967188
482,2.04488246541
483,1.61812191535
484,0.968082905976
485,0.25212947398
486,0.484885519568
487,1.21945747107
488,0.616212774681
489,1.21066281632
490,1.25422454454
491,1.42716297772
492,1.08131013074
493,0.573357429395
494,0.0665507360347
495,1.56437233305
496,1.78497426357
497,1.23573705592
498,1.69170954327
499,1.17293446931
500,1.40067689106
501,2.06645390519
502,2.29667925374
