res_num,entropy
1,0.626243044629
2,1.99062675374
3,1.4929784906
4,0.718124061584
5,0.919896383425
6,1.55146869989
7,1.4692296633
8,1.38303403769
9,1.55299627036
10,1.55372258437
11,0.965625550112
12,1.99063983156
13,2.03269011228
14,1.71712599233
15,2.10670843406
16,0.248849414596
17,1.53648096638
18,1.91664939731
19,0.231991968253
20,2.12184933513
21,2.33619931269
22,2.04743939893
23,1.86635384305
24,2.37328861233
25,2.13347837095
26,1.99237268796
27,0.819540931939
28,0.227456082934
29,0.0
30,1.23228410872
31,0.0
32,1.70673373165
33,1.91076363121
34,0.949069578966
35,2.19226452717
36,2.14288623703
37,0.667640592021
38,1.75343594263
39,0.91709847213
40,1.87500972623
41,1.37836346651
42,1.83295486053
43,1.90722011156
44,0.101442097783
45,1.8379113085
46,1.4993775328
47,0.760270635894
48,0.928049871522
49,0.622035955578
50,2.34411574007
51,0.90711842359
52,0.0288504217056
53,0.944927588845
54,1.06677372676
55,1.03952408682
56,1.2738228421
57,1.71214949702
58,2.25400011967
59,1.6036902266
60,1.88935024011
61,1.16604452234
62,1.74817077947
63,1.10537668076
64,2.11850483174
65,1.36595085079
66,2.03395539069
67,0.232862817441
68,1.00131212121
69,1.44234714694
70,0.0
71,0.748345611789
72,1.53861183967
73,0.298754751815
74,2.19455506341
75,0.667799395887
76,2.02009248966
77,1.20775031412
78,1.67262250903
79,0.802015042242
80,0.553691594057
81,0.728642454869
82,1.39872439149
83,1.90475459361
84,2.01186782927
85,1.64775325605
86,0.0144272148622
87,1.09009323765
88,1.3194247829
89,1.94239783599
90,0.872530437307
91,2.01234633963
92,2.1806369289
93,1.69371933208
94,1.59053992634
95,0.973914971568
96,2.14094106396
97,1.67703075917
98,1.1066495081
99,1.00848197183
100,2.30651288545
101,2.18217019602
102,0.249417542437
103,0.659634812648
104,1.05260273227
105,1.63894876482
106,0.665003935538
107,1.48490702867
108,1.66308974694
109,1.45939054746
110,1.66750829649
111,0.766609158806
112,2.10420143277
113,0.736668073278
114,0.0754126525516
115,0.641874523366
116,1.98330754823
117,2.26701563958
118,1.86654091573
119,0.654355597589
120,1.10682857274
121,1.30302192268
122,2.35211526897
123,1.40860304107
124,1.32572247182
125,1.85014325848
126,0.673922433007
127,1.56870049598
128,0.0144272148622
129,0.727618389516
130,1.27712718871
131,0.681608448466
132,1.31146492157
133,1.13622330812
134,2.15810915465
135,1.83037966734
136,1.64789837016
137,1.23064378204
138,2.0514790537
139,1.89923639869
140,0.088062299307
141,2.00596471291
142,0.425068871255
143,0.753312078335
144,1.22018870267
145,0.487524811885
146,1.09291771369
147,1.8822919925
148,0.643894927292
149,1.36741558363
150,1.35836029611
151,1.54231342031
152,1.98328497594
153,0.0
154,1.90196533184
155,1.63749039688
156,0.950605497204
157,1.01655842748
158,1.6127783165
159,1.53448951356
160,1.60385988628
161,1.63344540058
162,0.182594052538
163,0.232841166074
164,0.587972633758
165,0.801874840619
166,1.96262528372
167,1.67326656651
168,1.72750508524
169,1.32342249817
170,1.82513952133
171,1.88706218394
172,0.0144272148622
173,0.292141779154
174,1.62967596441
175,0.966699059697
176,1.38748666879
177,0.507120856814
178,0.982916995356
179,0.799121316159
180,0.0
181,1.04066669478
182,1.41129552656
183,0.317633986136
184,0.606416884367
185,1.25370664078
186,2.01523602197
187,1.00192392054
188,0.708177340933
189,0.0144272148622
190,1.68058248637
191,1.22038275034
192,1.30128253854
193,1.15317545864
194,0.461669829489
195,1.64437591798
196,1.30934727768
197,1.23743983623
198,1.68054138773
199,1.60763820748
200,1.79478406346
201,0.956530305804
202,1.92595239378
203,2.19258785593
204,1.52668768487
205,0.549672597909
206,1.73984604919
207,1.6029784874
208,0.616729714818
209,1.399663347
210,1.19793755427
211,2.29294802028
212,0.316204110807
213,1.30885286275
214,0.151220705741
215,0.134527165334
216,0.244500435233
217,1.69873900244
218,1.43910575839
219,0.63420507505
220,2.00236952338
221,1.75339959948
222,1.74444922822
223,0.856008146993
224,1.6751930938
225,1.1421128305
226,1.28599705892
227,1.97215141346
228,1.47796393917
229,1.24629429284
230,0.621267051045
231,1.66514876675
232,1.27657259005
233,1.14795864862
234,1.02642812982
235,0.664260114658
236,0.156373466455
237,0.808539427987
238,0.558231431332
239,0.672139226797
240,0.5240233113
241,0.670033546667
242,0.721114869544
243,2.06767151294
244,1.55240706558
245,1.69301340435
246,2.68606046723
247,0.0
248,1.56664882491
249,1.59526221317
250,1.72720690833
251,0.769855057441
252,1.78716267911
253,1.11858544726
254,1.56108517871
255,0.616361641334
256,0.399180944476
257,0.304681636901
258,0.585727623474
259,1.35462523382
260,1.38305321004
261,1.61405811455
262,1.08098560856
263,1.82678043477
264,1.4137553333
265,0.993247904915
266,1.62461462378
267,2.04492964193
268,0.917088528974
269,0.911780644312
270,0.0144272148622
271,1.94821353548
272,0.691791660175
273,1.24316821829
274,0.928812460548
275,2.15130900487
276,1.57049884614
277,2.39059100047
278,0.0
279,0.524728168716
280,1.48248216002
281,0.131234841629
282,1.57075806666
283,0.891194288817
284,1.45507107196
285,1.40655669315
286,1.13712749084
287,0.99220657167
288,1.57587424988
289,1.89198634563
290,0.273722590563
291,1.11483373191
292,0.272852787675
293,1.66094884764
294,1.28864968297
295,0.0260778329834
296,1.56731522373
297,1.06607315617
298,1.11845254514
299,1.28379987943
300,1.8483395506
301,1.9210386383
302,1.59488511556
303,1.01094366893
304,1.66158033442
305,0.511430615367
306,1.4741349294
307,0.82709827209
308,1.97300955199
309,0.0
310,1.60929055631
311,1.42692662629
312,1.65951141099
313,2.04883273318
314,0.701294298542
315,1.95279529544
316,1.28699268027
317,1.9951934251
318,1.8749204438
319,0.64512303601
320,1.68718556006
321,1.40457746662
322,2.16784717577
323,0.406475412355
324,0.203313528241
325,2.05578104108
326,1.00413881908
327,1.38426843005
328,1.18717978331
329,0.823950635692
330,0.144916211425
331,0.277200312019
332,1.39525284141
333,1.93986772745
334,1.50470310231
335,1.96357220706
336,0.0
337,1.67618411036
338,1.45514161811
339,0.276634737185
340,2.15294797947
341,1.80672826538
342,1.87617495105
343,1.97456284722
344,2.13132591048
345,1.7280418292
346,1.30500673182
347,0.16274071878
348,1.69606278375
349,1.7405767417
350,0.31704664898
351,0.0
352,1.40540029412
353,2.27368945722
354,0.605068995004
355,1.49307309401
356,1.0769176418
357,2.15619669807
358,0.0627316510249
359,2.10430175705
360,0.633328482327
361,2.23318774211
362,1.30567123836
363,0.194306255331
364,1.7562704578
365,1.50192344258
366,0.130384796353
367,1.35382411107
368,2.11482517959
369,0.338015821823
370,0.927116283922
371,2.07423161837
372,1.7880734869
373,0.0704086283162
374,1.26079044079
375,0.316877173044
376,1.03144176006
377,0.958973868077
378,0.862530544347
379,0.484462854207
380,0.0
381,0.982127379002
382,1.01025377265
383,0.668070343129
384,0.0144272148622
385,1.01623577506
386,1.65545523084
387,0.282198482034
388,1.25996731107
389,1.68401325045
390,1.7194165759
391,2.15034200034
392,0.750006264782
393,1.76800696387
394,1.46038264933
395,0.88359741644
396,1.30813802227
397,0.558391174062
398,1.66257684353
399,0.0
400,1.94687415305
401,1.26634475307
402,1.58801268362
403,1.55545908617
404,1.65846031609
405,1.20790541744
406,1.04966730938
407,2.35607247735
408,0.568436961705
409,0.671356435773
410,1.78931642797
411,1.96795703788
412,1.02338264468
413,1.35572138396
414,0.740313511049
415,1.21040540681
416,0.808994686608
417,1.86311956145
418,1.59278109069
419,0.148382757296
420,1.92769511751
421,1.46033891389
422,1.44478144882
423,2.01180861929
424,0.559599204971
425,1.49915246466
426,0.545620776268
427,1.93754743541
428,0.73314149011
429,1.97659325328
430,0.176800531961
431,0.904472466103
432,1.55950240271
433,1.26434015245
434,2.01210648456
435,1.6746769819
436,1.8793278303
437,0.980265830707
438,1.33023662285
439,2.02864588204
440,1.00449056542
441,1.45731477751
442,1.63361868066
443,0.859582920672
444,2.05053276352
445,1.73196234457
446,1.41224792739
447,0.191030375713
448,0.998738620055
449,0.0
450,1.74361570496
451,1.39955593878
