res_num,entropy
1,1.7109595745
2,0.904222442989
3,0.463641516164
4,1.09753393921
5,1.58795063719
6,1.93250038099
7,0.0260778329834
8,1.31766310949
9,2.28986640601
10,1.90932415138
11,1.27241989867
12,2.14184169057
13,2.10177973688
14,1.71063469919
15,1.96797045829
16,1.08476605102
17,0.0
18,1.78024346427
19,0.781175723324
20,1.66718965447
21,2.0990823213
22,1.91436777963
23,1.65720205832
24,2.23893462396
25,0.221038662271
26,1.4751132931
27,1.73488043135
28,1.68034303978
29,1.04747512983
30,1.9004549838
31,1.82768713744
32,0.163280219015
33,1.65033427636
34,1.64497076696
35,1.68344283542
36,0.879574267006
37,0.614504906262
38,2.02059577422
39,0.51437394674
40,1.64193313476
41,0.83229148201
42,1.52247558576
43,0.90046076298
44,2.10646832903
45,1.17168189199
46,1.62628557144
47,1.63406029419
48,1.69289672054
49,0.908767100873
50,2.28920264442
51,2.14467709795
52,1.52165797386
53,1.47973168609
54,1.32425071746
55,0.38898922874
56,0.509214225592
57,1.36369074053
58,0.0
59,1.01089646032
60,1.33983991495
61,0.46260696562
62,1.91806840634
63,1.31722266248
64,2.04107866531
65,0.283627096117
66,0.639989750728
67,1.42344256286
68,1.64434748685
69,1.55957686886
70,0.712596479953
71,1.88068748313
72,0.836544938106
73,1.67246879038
74,1.42464365971
75,1.17893222413
76,1.61552679212
77,1.58010714251
78,1.70147522788
79,1.01558113463
80,2.51995150292
81,2.23289374943
82,1.37978476342
83,1.58865371078
84,0.213929129178
85,1.14305798632
86,1.73769855861
87,1.56239614918
88,0.498266526704
89,1.32035561389
90,0.729219974909
91,1.81078389971
92,0.980957860981
93,0.66835668467
94,0.58488609664
95,1.40536492578
96,1.84697785194
97,1.37469973814
98,0.491425067295
99,1.50909026983
100,1.48108114723
101,1.84040227365
102,0.622859126658
103,0.510091736849
104,1.65377672387
105,0.750510417013
106,1.55960738933
107,0.207818330017
108,0.631714590461
109,0.150631837999
110,0.0144272148622
111,2.24712405836
112,0.511217478881
113,1.75301520894
114,2.00021998935
115,1.9397144914
116,1.05695762598
117,2.14699733239
118,2.20591771214
119,0.167944147734
120,1.91470455578
121,0.5739019031
122,0.841043314709
123,1.1058720414
124,0.443905015676
125,0.5889436609
126,1.50996515554
127,0.641434271357
128,1.3609214297
129,1.430319454
130,0.450869347999
131,0.0
132,0.0
133,1.84572265112
134,1.21286208876
135,0.851797591254
136,0.553272997032
137,1.46667217115
138,1.444197582
139,1.75068091502
140,1.35716633851
141,0.370668279187
142,0.406088077288
143,0.397338494206
144,0.703136894092
145,2.22592217856
146,1.56043448236
147,1.97950448051
148,1.43781430772
149,1.95563314839
150,1.82269093392
151,1.27133673146
152,0.363153323994
153,2.14201885511
154,1.34983471228
155,1.68252752644
156,1.37408651567
157,0.732360979162
158,1.02470845319
159,0.0
160,0.851017801488
161,1.5684217848
162,0.350114978555
163,1.46864043314
164,1.28039432746
165,1.91387489272
166,2.12552484452
167,1.09124085864
168,0.574861537561
169,1.73092132783
170,1.12689658127
171,1.61590253287
172,2.00325860357
173,1.40167193316
174,1.4449771268
175,1.456480754
176,1.55051448527
177,1.92022937011
178,1.35138999759
179,2.10625193377
180,0.825738711254
181,1.92422324956
182,1.80295835791
183,1.86678973001
184,1.30252629162
185,1.78238777165
186,1.92738052939
187,1.08876774534
188,1.83713915319
189,1.5797153021
190,2.2861445842
191,0.0144272148622
192,0.92231308688
193,1.6383321127
194,0.410059275737
195,0.428555903617
196,1.91157365892
197,2.17402763635
198,0.974022668739
199,1.05608090182
200,1.5651772205
201,1.73812175244
202,2.01954140388
203,1.51985269556
204,0.774263141946
205,1.95688515419
206,2.00288955769
207,1.46407249197
208,1.2166278913
209,1.57991902325
210,2.03822079581
211,1.52422856652
212,0.0260778329834
213,1.48367045121
214,0.620732098213
215,0.705996054521
216,0.766945527283
217,0.933570123793
218,1.27719259062
219,0.426752186629
220,0.414684490999
221,0.966213208383
222,1.92712579085
223,1.65370624279
224,1.23660656508
225,1.10508618785
226,1.64531823164
227,1.81148483422
228,0.818307140257
229,1.85181553598
230,1.804012756
231,0.83273051893
232,0.709023079996
233,0.729195353517
234,1.83831778489
235,1.03762959561
236,1.57560759956
237,2.30041813696
238,2.01235833274
239,2.46285513594
240,1.83452496569
241,1.8420847159
242,2.19881237767
243,2.24276856855
244,2.11809585098
245,1.97246142567
246,0.78598934861
247,2.00096513054
248,0.0
249,2.07442131879
250,1.58487518653
251,2.03767258377
252,1.68252370785
253,0.539340334462
254,1.24278398717
255,0.125206519049
256,1.89993178521
257,1.85564540261
258,2.05745407373
259,1.10676982006
260,1.64628447601
261,1.52661942192
262,0.935095692584
263,1.58576863529
264,1.6929203146
265,2.12317186464
266,1.69804672768
267,1.21088818318
268,0.770283675214
269,1.61334860163
270,0.614163437743
271,0.0
272,1.12396300693
273,1.40507772892
274,0.587381330828
275,1.18800188167
276,1.94365285813
277,1.81523024808
278,0.0
279,0.775150257503
280,1.81982364093
281,0.805943984414
282,1.56993015635
283,0.758322324676
284,0.398314181287
285,0.0144272148622
286,2.14019817896
287,1.30729102121
288,1.41663466447
289,1.84040771674
290,0.331509727067
291,1.63910509947
292,1.83180551226
293,2.05301017639
294,1.57081266146
295,0.485215566483
296,1.37374598893
297,2.00094662069
298,2.40886583327
299,0.154479307713
300,0.245722905351
301,1.74054210567
302,0.227696442541
303,1.41918243963
304,0.352909108443
305,0.684932663037
306,0.147401620731
307,0.706304793436
308,1.57643325838
309,2.32922849612
310,0.712187782987
311,2.3942983384
312,0.422709087806
313,1.93730435922
314,1.19004601388
315,0.756171026464
316,2.0411001269
317,1.63105026049
318,1.27604879659
319,1.31663236957
320,0.994830545708
321,0.301701390375
322,1.52375170997
323,1.43711006417
324,2.3224096594
325,2.59536189474
326,1.24765456294
327,2.12314539586
328,2.13599222432
329,0.942561378456
330,0.0
331,1.51440429806
332,0.856174197565
333,1.89605256538
334,0.0288504217056
335,1.42951204791
336,0.0
337,1.7076559392
338,1.32130244829
339,1.46663245194
340,1.14419175634
341,1.67654072028
342,0.464325038188
343,1.13160653636
344,2.06743354504
345,1.01635007811
346,1.72333163644
347,1.94225945511
348,1.83363215385
349,1.80742020376
350,0.956797307367
351,0.789326517047
352,0.760840153372
353,1.09852671545
354,1.2953743229
355,1.0307643801
356,0.0
357,0.770333837538
358,1.77307730402
359,0.930812537325
360,0.0
361,0.80948108254
362,1.80516532639
363,0.843429771361
364,1.0739732779
365,0.902088020137
366,1.68055424558
367,1.78019223356
368,0.773302498377
369,1.2815902159
370,1.63553883761
371,1.1071246634
372,1.92026708063
373,1.19382364701
374,2.1391468645
375,0.0
376,1.63462685425
377,1.62772302992
378,1.74406819587
379,1.47448122374
380,1.74942170463
381,2.01505051001
382,1.3094349709
383,2.59614650425
384,0.675550106542
385,0.69234696709
386,2.07528195778
387,1.42140782814
388,2.09711924821
389,2.13439173751
390,1.41612451163
391,1.54155561964
392,1.21349512987
393,2.02854200162
394,1.62016916873
395,0.0
396,1.90521767811
397,1.85592982924
398,2.04843831976
399,2.13289333935
400,1.64671788675
401,0.596072620676
402,1.82633806668
403,1.93788030549
404,1.20525364716
405,2.15816957934
406,0.369883440664
407,1.74752577398
408,1.40064703449
409,1.82899294085
410,2.32961100525
411,1.84202698007
412,1.77051079472
413,1.77966711202
414,1.36072229384
415,1.34049862758
416,1.57766847207
417,1.90826487006
418,1.96227154653
419,2.04354124853
420,2.22216147714
421,1.75564154698
422,1.96065185333
423,0.843707592482
424,1.43887734025
425,0.0144272148622
426,1.97283157619
