res_num,entropy
1,1.24693763609
2,1.41981316855
3,0.520010246194
4,1.11979163512
5,1.95802702567
6,1.09706505463
7,1.3861130164
8,0.0
9,1.50667863114
10,2.06823471343
11,1.68925708131
12,2.32720776028
13,0.585237953862
14,2.53473669188
15,1.1332009032
16,1.72390142824
17,2.01433105016
18,1.93517285352
19,2.01753712779
20,2.18067276632
21,0.919143178115
22,2.16970429029
23,1.24888082945
24,1.35964965936
25,0.499121208377
26,1.74259799576
27,0.123636197796
28,1.70973355994
29,1.54332224334
30,1.95333504559
31,1.56313035785
32,1.83929607524
33,1.5317811647
34,1.86192414457
35,1.76994869565
36,1.84755840503
37,0.975122243507
38,1.08989828144
39,1.60451214456
40,0.565517479599
41,1.20056060431
42,1.7018358654
43,1.99119487106
44,1.32385060382
45,0.473782339002
46,1.83662825366
47,1.77052086027
48,2.10416095246
49,2.33180865438
50,1.58648293762
51,2.08216801554
52,2.38964098634
53,0.694395808727
54,0.865188598039
55,1.22021960602
56,1.23432588936
57,1.86293874884
58,1.3008270952
59,1.25408724494
60,1.22369007555
61,1.17411127471
62,1.32652608516
63,2.21246016904
64,0.841378692156
65,1.14612108581
66,1.89295777974
67,1.66816787068
68,1.5957244836
69,1.82121310935
70,1.6353070754
71,1.94625530638
72,1.85956460725
73,1.71857083931
74,1.24805305905
75,0.256250166621
76,1.2698363594
77,1.68788404603
78,2.22095862479
79,1.31542546779
80,1.44595689584
81,1.92408297954
82,2.08222674969
83,1.05305428504
84,0.734866023622
85,2.06736402854
86,1.48749133495
87,1.67298610734
88,0.0665507360347
89,1.71300255487
90,1.86012122417
91,0.948592999558
92,0.988439000483
93,1.30118200785
94,1.59040966759
95,1.41096903726
96,1.29899208168
97,1.74869597576
98,1.29989399903
99,0.171417567047
100,1.74688162702
101,2.07160051014
102,0.0144272148622
103,1.73139593115
104,1.41544662219
105,0.210221512474
106,1.95398613076
107,0.818638665801
108,0.99421980771
109,1.9054789278
110,1.57669002835
111,1.51683892306
112,1.30616308991
113,1.54138302595
114,1.5740807241
115,0.575005841375
116,2.29024365089
117,1.90666918181
118,2.4405256622
119,1.68756704681
120,1.72260288648
121,2.11128926241
122,2.07595231292
123,2.40317453552
124,1.9499549951
125,0.899942302559
126,1.70957285035
127,1.10154595963
128,2.0497578662
129,1.64724710734
130,2.05165108391
131,1.70791146835
132,0.994097483655
133,0.243224114618
134,0.988400687114
135,2.23954381688
136,2.2063553137
137,2.04611991338
138,2.1537758064
139,2.31964842552
140,0.676070762638
141,2.09485832109
142,2.44641518664
143,1.98672402693
144,1.41594320815
145,1.85861374602
146,1.68516197386
147,2.03692388343
148,1.84634450209
149,0.804748127948
150,0.249768124034
151,2.200052648
152,2.02387994013
153,1.11253806596
154,0.594311218669
155,2.21517883625
156,1.50044239746
157,1.71669278295
158,1.09820542776
159,1.14846770429
160,0.898737416744
161,0.265927125082
162,0.153600877733
163,1.78395921114
164,2.01134370064
165,1.69424700136
166,1.39749869195
167,1.28346910687
168,1.24803304343
169,1.22521627976
170,1.68950246477
171,1.81801779997
172,2.22785830459
173,0.970507681459
174,1.06195521431
175,1.98393454495
176,2.22597746519
177,1.50726326128
178,1.89482494477
179,0.892958055015
180,1.58836299515
181,2.42875106602
182,2.16981308165
183,1.27170333449
184,1.69205934175
185,0.122433930327
186,1.97706877228
187,1.79236906789
188,1.38792534995
189,0.50413784804
190,1.51776606747
191,1.53259720393
192,0.7360904212
193,0.994721022361
194,0.490081100109
195,1.28695795068
196,0.951593252305
197,1.90080553998
198,1.16571690594
199,1.50876105629
200,1.9663709922
201,1.94868196794
202,2.03616190024
203,1.41309695747
204,1.32552897074
205,0.379711459775
206,1.98377824194
207,2.09293541378
208,1.85316141269
209,1.88676530127
210,0.969252214501
211,0.565887376607
212,1.40110691975
213,1.09964917752
214,1.1769676728
215,1.37742300489
216,1.77715717324
217,1.77496612854
218,2.35735674185
219,1.77487851848
220,1.77795948019
221,2.00935001559
222,1.55428612127
223,0.948274365725
224,1.56750628705
225,1.79603327404
226,0.755000838286
227,1.70776610874
228,1.84367826797
229,0.899512631201
230,1.45435296729
231,1.75934592515
232,1.80791856768
233,2.13431166808
234,2.16418904278
235,1.76594927138
236,1.47895198862
237,2.37285440053
238,1.29315803288
239,1.33733530149
240,1.61556021904
241,1.68642167077
242,1.45195234036
243,1.16109953594
244,0.949870398723
245,1.72041647031
246,2.01719375829
247,1.29081143138
248,1.93811018114
249,1.11987109564
250,2.28298979875
251,1.97875638143
252,0.577679774992
253,1.78048065101
254,2.17222403493
255,2.2188385121
256,0.396103188713
257,1.24546425701
258,2.0406455133
259,1.93893490151
260,0.0
261,0.0560015343548
262,2.03643436011
263,0.724425598292
264,1.4788874169
265,0.872875702806
266,2.27799465525
267,2.20693004876
268,0.0
269,1.84635523647
270,2.14340163874
271,2.10943000289
272,0.0
273,1.79524509183
274,2.07413915048
275,1.8229476484
276,1.17762503868
277,1.45426138748
278,1.76537440487
279,1.90349120062
280,0.0510931053791
281,1.32606552984
282,1.53396455584
283,2.43396885689
284,1.39973613587
285,1.28996341328
286,1.88909565005
287,0.658859793857
288,1.98900581272
289,1.45626284273
290,2.01626878981
291,1.71718811231
292,1.89283333739
293,1.49264063978
294,0.900674706209
295,0.893750858969
296,1.65766844006
297,2.36191452854
298,0.0549121903888
299,0.0366779387501
300,0.9555333934
301,2.26216267999
302,2.40832730258
303,0.195469700283
304,0.86029287893
305,1.53077718728
306,2.03965880269
307,0.757208583437
308,1.55456285312
309,1.74681856006
310,2.22011206953
311,1.77601782254
312,0.975909732204
313,2.44561845818
314,0.356365831062
315,2.14013906391
316,1.79786282084
317,2.06863788373
318,1.93243760924
319,1.86375034821
320,1.89207999634
321,1.55848237289
322,0.931374780855
323,0.0693233247569
324,1.75627411458
325,0.0
326,1.58588163278
327,1.457822628
328,1.73604421623
329,0.449239844951
330,1.5545781377
331,1.79674302879
332,1.7183261961
333,2.00602014126
334,1.52295194181
335,1.7040891978
336,1.19669316304
337,1.74186067294
338,1.68196881022
339,0.758293506417
340,1.0939960264
341,1.29904547765
342,1.48228395385
343,0.835518082953
344,0.337031478701
345,1.50856540974
346,1.95335717184
347,1.66342977406
348,1.04568109514
349,1.5313767771
350,0.592012500294
351,1.0821028662
352,1.40655095066
353,1.22135074875
354,2.19270239491
355,1.17542744567
356,1.6956675115
357,1.1557046673
358,1.51682415028
359,1.77301436598
360,1.49965227142
361,1.64943434331
362,1.60756886572
363,1.51695518952
364,0.85330563368
365,1.6358475852
366,2.11822787597
367,1.74171374262
368,2.28545623114
369,2.49878442412
370,1.44239598689
371,1.55591941254
372,0.772295846167
373,1.8433415493
374,1.74771553772
375,0.0
376,2.06058970383
377,2.30606218791
378,1.96374792454
379,1.6987557176
380,0.30757786106
381,1.88337982123
382,1.68298594932
383,1.34120203238
384,1.93118551989
385,0.5845138906
386,1.75030409325
387,1.48300914596
388,0.555469628733
389,2.09626620675
390,0.250996984412
391,1.66819026709
392,1.6598955971
393,0.412930171422
394,1.2746744897
395,0.865190160044
396,1.54705979956
397,0.250211561671
398,2.28316867823
399,1.65980056065
400,1.84810434435
401,2.05604331017
402,1.77126034665
403,1.69600895774
404,1.77724183274
405,1.59089529765
406,1.96139953332
407,0.859778049195
408,1.37421995348
409,1.81803006003
410,2.14907257448
411,1.75492874812
412,0.831160950348
413,0.803736887312
414,0.950242620084
415,1.01305973938
416,1.99758949178
417,1.47911065125
418,0.358693246075
419,1.26170498435
420,2.13633386821
421,1.80237324844
422,1.98819340501
423,1.6962532025
424,0.502625900932
425,1.80669782072
426,1.78033151448
427,2.11647072114
428,2.11093443342
429,2.25771425507
430,1.5988306023
431,1.9570132404
432,1.69669262588
433,2.14810075246
434,0.887907084342
435,1.87625827842
436,1.25709938284
437,1.93707166127
438,2.12781009056
439,2.10979285669
440,0.569606088027
441,2.30225136689
442,1.50159377295
443,2.05028154492
444,1.46423628328
445,1.08462011682
446,0.0
447,1.74945179074
448,1.8166484336
449,0.767117903108
450,1.95076611783
451,2.34041477925
452,1.9026737461
453,1.59302899964
454,1.16279044719
455,1.93369358024
456,2.39059225791
457,1.27392877468
458,2.0409256003
459,2.12760334708
460,1.21893001113
461,1.33996367328
462,1.93624460585
463,2.14691735577
464,0.775594344103
465,0.0404970237599
466,1.40620837437
467,1.92963242636
468,0.225980147879
469,0.0848116736918
470,2.33743801498
471,1.68599195774
472,1.22319917407
473,0.715550058547
474,0.708731114712
475,1.58525444017
476,1.35559752875
477,1.5288905728
478,2.14589724587
479,1.91028965735
480,1.72426272741
481,1.79308537068
482,1.80941414333
483,2.22518307874
484,2.06775559666
485,1.92345711619
486,1.92418115126
487,1.64932612606
488,2.04171757968
489,0.884366871453
490,0.219756224057
491,1.13157469945
492,0.124315793944
493,1.57939754053
494,2.3431130211
495,1.15500440115
496,1.28544076057
497,0.203563993899
498,1.79437063908
499,1.61675265077
500,1.73369356091
501,0.310488301273
502,1.25093388429
503,1.44616096921
504,0.52770796936
505,1.69321122309
506,1.66104462427
507,2.1752864702
508,0.247071009825
509,1.98249869022
510,1.82159645576
511,2.35028901791
512,0.0
513,0.0260778329834
514,1.73203132662
515,1.52897416013
516,1.41539431787
517,2.04270293442
518,1.83713231734
519,0.362921099897
520,1.88168283181
521,0.959577564939
522,2.09419101276
523,0.329332345433
524,1.44884573679
525,0.702104168815
526,0.493079354679
527,2.1354808716
528,0.371007749006
529,0.189981827243
530,1.84199389042
531,2.02112875059
532,1.4107034682
533,0.313137269934
534,0.85798743142
535,1.24421716692
536,1.74289739977
537,0.68037560311
538,1.37302172168
539,0.67818513553
540,0.546339147823
541,1.08262633498
542,1.31111658827
543,2.07847205914
544,1.92910711996
545,0.987636293496
546,2.23299672453
547,1.52362639637
548,2.19993956669
549,1.73274432468
550,1.86663753024
551,0.0
552,0.235983994372
553,2.11948646696
554,1.57652775657
555,1.63807317535
556,1.53530882743
557,1.81056862152
