res_num,entropy
1,1.82149319499
2,1.38386535968
3,2.32484808486
4,2.07572832836
5,1.38608550531
6,1.97635838698
7,1.42960893277
8,0.0610055585902
9,1.74880376961
10,2.08035239225
11,0.856312201551
12,1.4427610939
13,2.24528218545
14,2.06960558323
15,1.47826651532
16,0.262398402419
17,0.0
18,1.56578859416
19,2.10375813137
20,2.26934436898
21,1.76583449293
22,2.0501940974
23,0.685255933405
24,1.62236749262
25,1.91251664786
26,2.08710773399
27,0.975353557657
28,2.32728811443
29,2.20497091314
30,1.98793218941
31,1.10268173757
32,0.902053905414
33,2.11591992207
34,1.74542637276
35,2.04542316635
36,2.2638684562
37,0.636706197512
38,1.98458455014
39,1.88224385241
40,0.676984693579
41,0.516833178733
42,1.12412651554
43,1.94539877534
44,0.957770925368
45,0.0964380735472
46,0.0
47,1.66127685491
48,1.59434197039
49,1.13164834494
50,2.10580142254
51,1.94381894691
52,2.27221380846
53,0.492885954078
54,2.1478783039
55,1.70607622221
56,1.65259496444
57,0.395466514341
58,0.491853560226
59,1.08167193372
60,0.53360288321
61,1.45274480909
62,0.289212992393
63,1.87074486893
64,0.0
65,1.87509025872
66,1.88209962496
67,0.865135114772
68,1.85064930534
69,2.02649599242
70,1.61686953218
71,1.87652207
72,0.933812379173
73,1.45128754422
74,2.11330278968
75,1.07489234314
76,1.39732284376
77,1.61150251674
78,0.578167362152
79,1.437010762
80,1.81695828219
81,2.07692168957
82,1.62411954544
83,1.89020370264
84,2.2657170132
85,1.34320387886
86,1.58934714182
87,1.83178836702
88,2.2183734859
89,0.562129102896
90,1.56315094956
91,0.250782078621
92,0.766738322138
93,0.686025772046
94,0.0
95,1.44680237225
96,0.6946805041
97,1.61947307493
98,1.75295803231
99,1.92253660054
100,1.81029812078
101,0.118927541324
102,0.36914598683
103,0.789138449095
104,1.96305236837
105,0.904396492737
106,0.954881215852
107,0.391510348201
108,2.36981912643
109,0.25772943037
110,1.52358405315
111,0.919966234986
112,2.39133749422
113,2.29526876576
114,0.723182953814
115,0.443412956049
116,2.1168826049
117,1.5746733425
118,0.495953510196
119,2.37868432293
120,1.95069193127
121,0.10594077894
122,1.48706137529
123,2.33056830632
124,1.06797745848
125,1.2542251464
126,0.696895395636
127,0.505571885951
128,1.41260296722
129,2.2091331419
130,1.727497255
131,1.77922712138
132,0.758888374657
133,1.18823045549
134,1.75555854686
135,2.20295912236
136,1.58457028818
137,0.366266000172
138,1.04381784001
139,1.36791400067
140,2.00473900896
141,2.09228304272
142,1.66189748799
143,1.7497540203
144,1.03192475377
145,0.290906418689
146,1.37120399101
147,0.127612207631
148,1.27156761108
149,0.683561446629
150,1.87448181202
151,1.69894388148
152,1.27868102797
153,0.628382211081
154,1.98549186063
155,0.984140004378
156,1.05672976991
157,1.07606782506
158,1.68415820247
159,1.50333154293
160,1.47392722318
161,1.1759691521
162,2.00105441497
163,2.37751637433
164,1.62539845267
165,2.25926368241
166,2.05255870477
167,0.483746159444
168,1.81852198657
169,2.05241114878
170,0.388473270446
171,0.769161456451
172,1.72134765018
173,1.31954860368
174,2.35792416823
175,1.44335726105
176,1.6099576978
177,0.926209246721
178,2.00255483634
179,1.56467046173
180,1.69539369949
181,1.21768065481
182,1.75668675701
183,2.11592562195
184,1.43601989045
185,1.06465958093
186,1.4898053485
187,1.23997413817
188,0.838068844063
189,0.908357963868
190,1.35024120611
191,1.72257577022
192,2.36083137263
193,1.74744705458
194,2.10522212076
195,1.72941281818
196,2.02708057255
197,1.6679001205
198,1.8299359263
199,2.17540815075
200,2.14504985383
201,2.2675245
202,1.89202424384
203,1.91008826011
204,1.6528576544
205,0.355311504283
206,1.01587009757
207,2.07099136097
208,1.95331687837
209,1.0785225802
210,1.67650805261
211,1.16928696614
212,1.565684854
213,0.186248865418
214,1.87416553027
215,1.80498416264
216,2.24542313871
217,0.480308609522
218,2.24614380896
219,2.0206444188
220,0.966812373704
221,0.105723887714
222,1.9526287422
223,1.35294844829
224,0.821019318949
225,1.89920981992
226,1.47139352012
227,0.0
228,2.190534066
229,1.25503414923
230,0.873775154183
231,1.97583043677
232,2.10809526856
233,1.53181008922
234,1.84183969672
235,2.32154016903
236,1.27778217944
237,0.229637744552
238,1.80822121362
239,1.55493461215
240,1.05255063066
241,1.71681612124
242,0.99706401032
243,0.798423428732
244,0.0366779387501
