res_num,entropy
1,1.28112002685
2,1.9551525636
3,1.73811287034
4,0.797694839401
5,1.80740670711
6,1.51199430221
7,1.71345299416
8,1.23240752523
9,1.98653527973
10,1.44631894655
11,1.94966374161
12,1.87975185528
13,2.14352506315
14,1.52022606477
15,2.05009422003
16,0.860881245837
17,1.67505981701
18,1.93378797542
19,1.81153771126
20,1.52253812768
21,1.90131096295
22,2.0492262028
23,1.9313048212
24,1.21017757753
25,0.378383647003
26,1.95810283439
27,0.937340405917
28,1.85756789352
29,0.975817555708
30,0.722703454027
31,2.13636749918
32,2.12067222017
33,1.43400150131
34,0.0655042397472
35,1.01148402639
36,1.91971531126
37,1.88581335773
38,2.17390853545
39,1.8991369523
40,1.7953629618
41,1.64716340675
42,0.479513940834
43,1.72362832172
44,1.42528871968
45,1.44762448639
46,1.449252872
47,1.61750706821
48,2.12975222323
49,1.01679829748
50,1.55911833133
51,1.77924856134
52,0.628057322039
53,1.42625480068
54,2.04564047348
55,1.15789350634
56,1.48514992753
57,0.754592348821
58,0.463269205033
59,1.89566433728
60,2.00514588494
61,1.09252676444
62,1.94621595347
63,2.37276665868
64,2.02123265239
65,0.352374046287
66,1.70350132257
67,2.2068085387
68,2.18120582084
69,1.38741075844
70,0.399258924558
71,0.73454645222
72,1.82262200749
73,1.92605950229
74,1.7132908757
75,1.88799078207
76,1.29095586358
77,1.84474294736
78,1.95623092659
79,1.98380878993
80,2.00258073676
81,0.567911102772
82,1.74546719314
83,0.644646759935
84,0.752417764348
85,2.14667945806
86,0.789870652871
87,1.45951090347
88,1.7612192434
89,1.69639649186
90,2.06853979175
91,0.899388326643
92,0.547032104004
93,1.92421343939
94,0.441254006369
95,0.148458410559
96,1.43101457678
97,2.02818091518
98,1.83852629433
99,1.98828750789
100,1.65521064245
101,2.01720335667
102,1.82988645022
103,1.53352523892
104,1.9211292972
105,2.02136914465
106,2.56376134574
107,2.22302031648
108,1.24301025247
109,1.80638776054
110,1.29874381177
111,1.76739600265
112,1.0470043678
113,1.8558491813
114,1.55386140759
115,1.68639927526
116,2.38888439355
117,0.673055991865
118,1.22880849965
119,1.89057248349
120,1.9860536879
121,1.30394214633
122,0.162965140187
123,2.23057869649
124,2.16198901451
125,1.41044623687
126,1.43155692625
127,2.032945484
128,1.29364376278
129,0.176286910059
130,2.01658603329
131,2.04418722731
132,1.464876288
133,1.66841427382
134,1.25866573855
135,0.579758094697
136,1.5009944943
137,0.346330567293
138,1.45252711673
139,1.35371874988
140,1.84240549732
141,1.31984210522
142,1.68701429354
143,2.3893884161
144,0.758652598626
145,1.25633247417
146,2.0585354236
147,1.66351068457
148,1.94458024741
149,1.89158089746
150,1.66152143164
151,1.78484846274
152,2.05450286192
153,1.3964535609
154,1.73995941376
155,2.10873193518
156,2.34875021727
157,1.8217339546
158,1.7599159802
159,1.11435077269
160,1.50309158432
161,2.09806663482
162,1.75202842746
163,1.44160130031
164,2.16585597582
165,2.44687209809
166,1.9002876504
167,1.94634456538
168,1.13077268731
169,2.09147247275
170,1.83732053923
171,2.21948018391
172,1.63166610317
173,1.87733837251
174,2.06384375254
175,1.11929037093
176,1.74994017864
177,1.8696457441
178,1.9495191941
179,1.89502972219
180,1.93214317901
181,1.80370762543
182,0.409779987988
183,0.187960244676
184,1.90578918469
185,2.25443040209
186,1.80665082899
187,2.01240270987
188,1.62858235984
189,1.43516107504
190,0.0
191,0.965836350865
192,1.01622202596
193,1.47498482228
194,1.42820719735
195,1.96678713926
196,2.35059513062
197,2.08544929451
198,2.03810060857
199,1.99969941749
200,1.16653599175
201,2.012053914
202,1.00269151277
203,2.1350135515
204,1.89181253895
205,1.32378090199
206,0.0
207,1.28445244808
208,1.62346570334
209,1.72106458925
210,1.48175250474
211,2.23307727945
212,1.91632777488
213,1.14353116973
214,1.74772488738
215,1.68051582314
216,2.4977193877
217,0.0
218,1.88870287012
219,2.46047142206
220,1.65560345618
221,1.55085032945
222,1.83625715155
223,1.28932411354
224,1.43433232398
225,1.95730887533
226,0.0144272148622
227,2.07680935653
228,2.44353329467
229,2.5149983158
230,2.43304208801
231,0.117044524064
232,2.2183731826
233,0.626856276203
234,1.83134475675
235,0.366973484462
236,2.16063002627
237,1.55118115095
238,0.34453960942
239,1.70545732404
240,2.04069275843
241,1.79579034127
242,0.0
243,1.49563566376
244,2.10899506409
245,1.40081861029
246,0.8329061878
247,1.62135917156
248,1.32010113409
249,1.87102259717
250,1.95523626653
251,1.73941010949
252,0.99081445714
253,1.85385268777
254,1.82011039456
255,1.75818334716
256,1.90065235731
257,2.00590098232
258,1.27516891992
259,1.87084548111
260,1.96155656505
261,2.03350653218
262,1.86845126345
263,1.73267982778
264,1.84172516933
265,0.939369594707
266,1.60064455103
267,1.87408585128
268,1.94605736172
269,2.02304370477
270,1.51555500547
271,1.86357680582
272,0.965879411141
273,1.77374658697
274,2.08728113109
275,2.43220393055
276,1.92645650471
277,1.83495778227
278,2.39482608819
279,2.12542919531
280,2.14958300996
281,1.8132245259
282,2.10808521884
283,1.74018345415
284,1.82077391965
285,1.84734455173
286,0.17432194216
287,1.5230411511
288,1.61785551038
289,1.69175907994
290,1.66945094802
291,2.01461538082
292,1.99919929566
293,0.721771409515
294,2.12330587358
295,1.76856525712
296,2.15415854362
297,1.52857615582
298,2.20936090263
299,2.12950680678
300,2.3834719921
301,0.495710469566
302,2.22713516213
303,2.03355822785
304,0.531340507237
305,1.52873099868
306,2.22915799932
307,0.759565074818
308,0.640924341646
309,0.198065542818
310,1.88820920759
311,1.73224471933
312,0.193758917706
313,1.47541575979
314,1.11923898755
315,2.1679205582
316,0.766390863784
317,0.0704086283162
318,2.31598875255
319,1.75865883874
320,2.01439365449
321,0.861409002017
322,2.13002075899
323,1.52951329155
324,0.969510904503
325,2.17556366343
326,2.24340655658
327,0.820751580807
328,1.76907883492
329,2.03931311347
330,0.844230377734
331,1.10637977876
332,2.02147579202
333,2.20826854438
334,0.118614845317
335,1.71453908668
336,1.56327745838
337,1.92123444045
338,2.22778393038
339,0.0
340,2.34899370177
341,1.2399342777
342,2.05179714317
343,2.33360891389
344,2.10414683573
345,1.81668890064
346,2.14299946108
347,1.32589801202
348,1.79360902708
349,2.13265180662
350,1.76583465336
351,0.112425881856
352,2.33850729082
353,1.65295181889
354,1.29175249487
355,0.783850391924
356,1.4947270061
357,1.87061790347
358,1.80342538894
359,1.90430686194
360,1.3437842632
361,0.578370623245
362,2.35084789152
363,1.43019974924
364,1.78248462091
365,1.19978647299
366,1.73495594425
367,0.765155722012
368,1.63956701346
369,1.5791724796
370,1.51690179422
371,1.11687300878
372,1.95873633926
373,1.41572245896
374,1.79946634165
375,1.46542524672
376,0.247150296793
377,2.08768818794
378,1.85719202165
379,1.34124422978
380,2.38383561144
381,2.47653010308
382,1.4183487425
383,2.04676422262
384,2.33114197499
385,1.93226268694
386,2.1794742863
387,1.51276924785
388,1.06445107019
389,1.51275735174
390,0.78731611635
391,1.42623552513
392,0.0
393,0.979635671803
394,1.31501006333
395,1.54956864406
396,1.70190178068
397,1.61768529613
398,1.60093218164
399,1.88697402757
400,1.7318174223
401,1.92259675501
402,0.696955319096
403,1.67532813688
404,2.10376320025
405,0.0
406,1.05159771939
407,0.370891002313
408,1.32795960092
409,2.1761787038
410,2.12512298017
411,1.81154876947
412,2.15011130051
413,0.71201253886
414,1.81652427977
415,1.52047395696
416,1.6715637103
417,1.81952871081
418,1.68926408179
419,2.25932985458
420,1.65970987219
421,1.96226083914
422,0.398453259819
423,0.673421516759
424,1.73562010743
425,1.34756619757
426,2.21805162175
427,1.8842098645
428,2.29460786174
429,1.01153295165
430,1.52164960838
431,1.81592104718
432,1.45357164213
433,1.12567619323
434,1.76924048262
435,0.962972360923
436,1.47170931517
437,2.03786949214
438,2.17299055526
439,1.31185022553
440,1.56395395279
441,1.1092787664
442,2.16844967796
443,1.97113260802
444,1.86266358535
445,1.66296840186
446,2.11019160698
447,1.44950155269
448,1.01614921429
449,2.21914322823
450,0.254730333446
451,1.54991855346
452,1.38004713642
453,1.67796589368
454,2.13640107857
455,1.94231043258
456,1.92245890746
457,2.0080850095
458,2.06846978921
459,2.16724324786
460,0.0
461,1.61096970519
462,1.80586904992
463,0.167939560403
464,1.82741811844
465,1.35300962555
466,0.767564300726
467,2.08955482443
468,2.07234649719
469,2.16966457661
470,2.11949949382
471,1.34692017171
472,1.87177487671
473,0.0
474,1.86466249967
