res_num,entropy
1,1.41419003234
2,1.59770807145
3,1.41543848492
4,1.78161512704
5,1.52111528926
6,0.847583289161
7,1.15180606786
8,1.92369057566
9,2.13528677263
10,1.26002534016
11,2.24728341728
12,1.59919974749
13,1.59233462231
14,0.824506988259
15,1.23531473704
16,0.0
17,2.07273841526
18,0.817666361208
19,1.26684600125
20,0.5222194204
21,2.38732083635
22,1.22744148533
23,2.35187356606
24,0.711135483957
25,0.211924091463
26,1.77760167754
27,1.74765394616
28,0.939924885472
29,0.178833464281
30,2.03403530997
31,2.43072302771
32,0.351600582727
33,1.06248520572
34,2.15526435032
35,2.24882843874
36,0.13474216818
37,2.15833109641
38,1.66820364473
39,1.61098488486
40,1.79258948678
41,0.995297076289
42,2.19066675559
43,1.77334832782
44,2.19989319335
45,0.920189654481
46,2.19723281791
47,2.15872633231
48,1.81139191099
49,1.31004173475
50,1.56530939909
51,2.01758748259
52,0.0144272148622
53,2.18946003759
54,1.69303851666
55,1.31071935639
56,2.05451036718
57,2.2573904915
58,0.581370291257
59,0.38600957379
60,2.18315570789
61,2.31541202002
62,0.874661521652
63,0.954421330654
64,1.66192094775
65,2.08230094487
66,1.83472432213
67,1.7972838755
68,1.78826513504
69,1.20401030391
70,2.008158287
71,0.313753747277
72,1.67205928914
73,1.93610751625
74,0.0144272148622
75,1.87779126416
76,1.55470095843
77,1.94704679805
78,2.37100205117
79,1.38282376898
80,2.02973439939
81,1.71141343666
82,2.30971727588
83,2.07167359613
84,2.19417908945
85,0.982218163323
86,1.752881788
87,1.40641041761
88,1.78029039958
89,1.90513256649
90,1.56149353144
91,1.4003114298
92,1.19377907559
93,0.168510317631
94,1.20090317018
95,1.72501219126
96,1.13654485949
97,0.889274337857
98,1.10765595226
99,1.85338560045
100,0.995079329164
101,1.6251747621
102,1.95304073909
103,2.27466061931
104,1.55723235937
105,0.0
106,1.66868576439
107,0.870432958638
108,1.616504388
109,0.910342082348
110,0.929960108539
111,2.2306854848
112,1.6186530287
113,2.06467367707
114,1.84083574494
115,0.0366779387501
116,1.84595785378
117,2.25542781461
118,1.44416650966
119,1.15484790357
120,0.0870431092049
121,1.89312794592
122,2.11079009316
