res_num,entropy
1,0.395919446249
2,2.36277992085
3,1.35494690924
4,1.20029317751
5,1.96439714349
6,1.78747581252
7,1.99432456519
8,1.96103297422
9,2.40747295235
10,0.614624688785
11,1.9739254228
12,2.5838365398
13,2.40754098106
14,2.00132170736
15,1.77208946393
16,0.905041072391
17,0.669634309549
18,1.74384229473
19,1.74307840715
20,1.78507340941
21,2.31225436003
22,2.20966375052
23,2.19978330694
24,2.06725121078
25,1.88102461378
26,2.31354055216
27,2.22837511227
28,0.908353693652
29,0.606266512535
30,1.66385146141
31,1.79704347482
32,1.97583758568
33,1.3374398384
34,1.03292698697
35,1.63431140526
36,1.33040786274
37,2.22284508348
38,0.575152170787
39,0.0
40,0.912012497768
41,1.79572043093
42,1.26136037406
43,2.16108147978
44,2.08662685416
45,2.40304006283
46,2.32633440149
47,2.23990389088
48,0.771941719949
49,2.0809518478
50,0.227160069665
51,2.1799764819
52,0.0665507360347
53,1.29185285206
54,0.629222792447
55,1.49651716906
56,1.59790535978
57,1.99947390206
58,1.28058469043
59,1.95046214658
60,1.42232672988
61,1.94835071243
62,2.02658486167
63,2.09898747812
64,0.20275628002
65,0.409374572935
66,2.28945357759
67,1.76437411161
68,0.986982162019
69,1.96513738339
70,2.10935007723
71,2.14580086335
72,1.48694708331
73,0.106987275227
74,1.79869802335
75,0.881819116901
76,1.83903790619
77,1.99581242193
78,2.22524707864
79,2.51136421013
80,2.4520796998
81,2.26779966451
82,2.49137671369
83,1.71615538268
84,2.1372433467
85,1.19067103329
86,2.1573111186
87,2.02394636342
88,1.53477121754
89,1.93150277599
90,2.43610674835
91,1.69865568789
92,1.54517467061
93,2.00282343675
94,0.64427897655
95,1.94989271547
96,0.931256088255
97,0.196630947218
98,2.23306625102
99,2.23625602866
100,1.76232993561
101,1.72401463813
102,2.33043460054
103,0.930271168823
104,1.64403687215
105,2.34269616881
106,1.72240049944
107,0.972523284646
108,2.11636824332
109,2.21427315188
110,1.72909140513
111,2.2641359246
112,1.93731010819
113,1.19293184035
114,2.24193242792
115,2.10801550118
116,0.753650078695
117,1.16666048244
118,1.75314686394
119,0.711839578362
120,1.79732404745
121,2.21400317497
122,2.11585817259
123,2.24376753588
124,1.51571087064
125,0.438301830158
126,1.96342773984
127,2.24288691867
128,2.26455272404
129,0.511162756526
130,1.18002051399
131,1.68968891671
132,1.74246046842
133,0.828089809401
134,1.39515548474
135,1.9851304469
136,2.27947456011
137,1.37532538058
138,1.40549638309
139,2.03726287378
140,0.0288504217056
141,1.40406975867
142,1.74838292817
143,1.90198425123
144,1.11420023198
145,1.78589989326
146,1.35269064043
147,1.23235000189
148,1.69322399931
149,1.87269462244
150,2.3829179625
151,2.22357587544
152,2.09656638819
153,1.91303521618
154,1.54448139111
155,1.89206520085
156,0.169370401296
157,1.17406409311
158,0.641159106346
159,0.349878767894
160,2.19622432904
161,1.1897449257
162,1.50706602164
163,1.3566097401
164,0.787840136038
165,1.69480566437
166,1.85744380995
167,2.26544565488
168,1.30237146964
169,2.08812485809
170,1.69367340835
171,2.16193402804
172,1.90832579083
173,1.64113010266
174,1.29354386808
175,1.76141185429
176,1.93988239818
177,1.40089105804
178,2.20152223735
179,2.41675183868
180,2.00046484368
181,2.08622913733
182,2.43041122353
183,1.24539456069
184,2.15481937946
185,2.48132784462
186,0.383878792855
187,1.21849043886
188,1.57146815663
189,1.26913318578
190,0.286106582569
191,1.44527852384
192,1.55272208176
193,1.6809088054
194,0.717692950587
195,0.825330033313
196,0.964740393341
197,2.23440155908
198,2.09856811238
199,0.994758280458
200,1.72266606085
201,2.23773534822
202,1.74044394982
203,1.51755679938
204,1.89169002127
205,2.12195165649
206,1.28474664317
207,2.0535836838
208,1.1919612428
209,1.65410612388
210,2.20388595766
211,1.85504021676
212,2.1815541918
213,2.10023819626
214,2.02397043968
215,2.18093771559
216,1.25358855318
217,1.53624145291
218,1.99786458523
219,0.377479661375
220,1.24545985377
221,1.37330564427
222,1.20419944578
223,0.993918558336
224,0.888399303981
225,1.5350125013
226,0.51647025984
227,1.6912191312
228,0.0
229,2.01757276425
230,1.24803928376
231,2.40375522682
232,2.10978450125
233,2.50039401248
234,2.18447228707
235,1.34496632796
236,1.61150523021
237,0.814527402217
238,1.50897092815
239,0.943110757234
240,1.76044114358
241,1.52787790009
242,0.822736907073
243,2.24402963896
244,2.2806341915
245,2.44372036569
246,2.25008785566
247,2.25800131908
248,0.0
249,2.62501010862
250,1.92858485462
251,2.02725417967
252,2.09935043231
253,2.1619295904
254,2.34131944988
255,0.184208192596
256,2.35367486171
257,1.89489006956
258,2.52847562016
259,2.33185477563
260,0.720425569596
261,2.38392302413
262,2.02332146655
263,1.81885492677
264,1.85067505875
265,2.00435290943
266,2.40808659686
267,1.57062501972
268,2.17580498455
269,1.74501479881
270,1.56269004488
271,2.09426878427
272,2.04147908973
273,0.780353965842
274,0.965004791499
275,0.518762848331
276,1.99239885261
277,1.50855473512
278,0.838724913201
279,0.531924207704
280,2.30981832679
281,0.405898429459
282,1.93656703062
283,1.91608890642
284,0.459995317396
285,2.32886618651
286,0.662234331367
287,2.09517159519
288,1.89399006809
289,1.86165548325
290,1.44476038152
291,1.8924857142
292,0.393645842657
293,2.3890626128
294,2.33077056142
295,1.37516638924
296,2.26694481358
297,2.10428275693
298,2.09126604469
299,2.06689434619
300,2.04647041269
301,0.581243531485
302,2.20449937162
303,1.98595127029
304,1.63194035887
305,0.529624514455
306,1.96947963958
307,2.21507040198
308,2.52104595431
309,0.0
310,1.94483661446
311,2.33753589683
312,2.00664532286
313,2.31278811118
314,1.13878289523
315,2.06085128944
316,0.105426262575
317,2.20243215984
318,1.78667598506
319,1.51899980815
320,1.64166822632
321,1.8507988453
322,0.290310809185
323,1.61507045585
324,1.90391847579
325,1.97422305065
326,2.20991523866
327,2.1089990206
328,1.50050886325
329,2.11973270772
330,1.6784129471
331,2.18887263525
332,1.8606881803
333,2.27991184732
334,1.61267416943
335,1.58131816486
336,1.88878483497
337,1.41320790688
338,2.25365640154
339,1.46517244927
340,0.427155178038
341,1.00837248044
342,0.446680825932
343,1.51535190483
344,1.3328251398
345,0.934855660948
346,2.28160063699
347,2.12926875634
348,2.18138242077
349,2.38985440372
350,0.940317326565
351,2.22414563089
352,1.47514825104
353,1.14459856235
354,1.55655366944
355,2.21893917404
356,2.25191611285
357,2.12086301121
358,2.21389999656
359,0.921837083505
360,1.83617575584
361,1.33006895289
362,2.12303334765
363,1.70164088604
364,1.90969837574
365,0.188526436268
366,2.28674514836
367,2.27439353364
368,1.89482794616
369,2.46130943682
370,1.69391734718
371,1.38634553358
372,1.72652769056
373,1.5414134402
374,0.401452714861
375,1.90189580912
376,1.40270456866
377,1.92417953208
378,1.56919562915
379,1.77607831611
380,2.54919704511
381,2.07719298527
382,1.58545949496
383,2.10758687986
384,1.28471598892
385,1.6835602342
386,1.39730072868
387,1.5387156477
388,1.83268025581
389,2.33790227047
390,2.41025483728
391,2.02120711061
392,1.32006709999
393,1.8506301654
394,2.2702558474
395,2.22539899058
396,0.250779412958
397,1.69884573127
398,0.717878898697
399,2.00737780266
400,1.08158711518
401,2.06578741479
402,1.51913447485
403,1.75818475542
404,2.28693414821
