site,dnds
1,0.15833633012
2,0.662281137645
3,0.286418185103
4,0.232032732646
5,0.0158412332934
6,0.1872326379
7,0.464137334673
8,0.304149265368
9,0.40969991328
10,0.614001847864
11,0.570106721593
12,0.403524211125
13,0.517769501969
14,0.0
15,0.426945851257
16,0.488014174254
17,0.0194670023534
18,0.542349585453
19,0.223536346864
20,0.0
21,0.342035127295
22,0.343732880056
23,0.342559335715
24,0.032460410754
25,0.563358593673
26,0.227008055566
27,0.29114698042
28,0.00139407499285
29,0.428706825717
30,0.382931878826
31,0.344462102295
32,0.479884235703
33,0.102759268737
34,0.0684340673484
35,0.0909981118901
36,0.347514653334
37,0.479790525217
38,0.442247129987
39,0.308720055412
40,0.494249545735
41,0.467717730808
42,0.477348413264
43,0.515946831701
44,0.317962075556
45,0.256167786738
46,0.0
47,0.172862541391
48,0.544010903526
49,0.411153676563
50,0.220440877985
51,0.0
52,0.415531106418
53,0.561921364985
54,0.0668882331405
55,0.222060577997
56,0.326303668127
57,0.131565195449
58,0.399916632064
59,0.462479051507
60,0.276417972221
61,0.0
62,0.425910228914
63,0.136394786449
64,0.109870171341
65,0.468402696518
66,0.226680186821
67,0.130215148213
68,0.0409698271431
69,0.362551320931
70,0.506182708797
71,0.0202396658533
72,0.434244672109
73,0.0
74,0.0997758954486
75,0.366033736156
76,0.108219046311
77,0.0
78,0.218104582877
79,0.378876496104
80,0.241659427429
81,0.264375753372
82,0.572654406563
83,0.347770414618
84,0.272592794585
85,0.647207004132
86,0.426025070226
87,0.627890714148
88,0.434897373668
89,0.606657318194
90,0.492082209968
91,0.0
92,0.357608561334
93,0.614131983807
94,0.417556035465
95,0.687545465905
96,0.531386573563
97,0.588489182169
98,0.0
99,0.373751894749
100,0.0163465963147
101,0.314473135441
102,0.412848859629
103,0.370051031489
104,0.369320001069
105,0.365808344332
106,0.473349098179
107,0.123651864566
108,0.417636744304
109,0.403713991451
110,0.25836632192
111,0.00197575700155
112,0.104501004786
113,0.325323080709
114,0.0694068010849
115,0.491870536991
116,0.399365287596
117,0.426843639647
118,0.118102098856
119,0.373887412963
120,0.436158107359
121,0.0
122,0.00587458005264
123,0.332438911077
124,0.147781745537
