site,dnds
1,0.174767980811
2,0.419997368772
3,0.432746774272
4,0.350250859442
5,0.48802842612
6,0.218435273545
7,0.387443424164
8,0.388724105561
9,0.337006644188
10,0.441091001121
11,0.532671018073
12,0.487528591075
13,0.293213846413
14,0.239974582301
15,0.515546319654
16,0.57193215849
17,0.397842523397
18,0.237816034702
19,0.532665328512
20,0.554500742401
21,0.113802751385
22,0.0254726430419
23,0.288754431526
24,0.522625530933
25,0.29403010615
26,0.602025624517
27,0.489353771665
28,0.440866538511
29,0.522506648516
30,0.263822961378
31,0.0705902588054
32,0.330821198393
33,0.340533320369
34,0.327767121799
35,0.132017471291
36,0.30625497216
37,0.496955608242
38,0.609829753289
39,0.366456629578
40,0.036105999708
41,0.403257549255
42,0.425809413169
43,0.00153645554229
44,0.337007985506
45,0.248899456468
46,0.280681833016
47,0.134178491435
48,0.182817577254
49,0.377853607254
50,0.421291491415
51,0.0927042055971
52,0.376429071455
53,0.486943618328
54,0.438570138262
55,0.425943257957
56,0.364561377893
57,0.472695167235
58,0.511251242696
59,0.665806381038
60,0.522073364808
61,0.370598731574
62,0.155937342105
63,0.39880114832
64,0.497850737256
65,0.370177053987
66,0.375100115096
67,0.510487735016
68,0.191400442644
69,0.464512965611
70,0.321755102553
71,0.388462287431
72,0.0326521388193
73,0.518543803634
74,0.471020824488
75,0.427346917585
76,0.107542649588
77,0.271527835751
78,0.339094084046
79,0.0
80,0.648856671629
81,0.655923673164
82,0.480027803078
83,0.17684473586
84,0.232618907105
85,0.359959152997
86,0.154855127732
87,0.331639763718
88,0.18830617239
89,0.0317620817039
90,0.437870171699
91,0.398989719645
92,0.592100599588
93,0.447771799832
94,0.441206537392
95,0.589274844728
96,0.122352326432
97,0.305761484615
98,0.413155302842
99,0.403383806564
100,0.0
101,0.219320720768
102,0.0830681449025
103,0.604907285357
104,0.245136743319
105,0.426922684081
106,0.348925937052
107,0.482673886231
108,0.311595324377
109,0.407501857333
110,0.0239457229669
111,0.398604302198
112,0.301001626497
113,0.462748143546
114,0.292815725438
115,0.335058190617
116,0.294229449831
117,0.416306792879
118,0.423574115238
119,0.41133789198
120,0.507444972295
121,0.538690981859
122,0.259773200247
123,0.429326403737
124,0.435906173235
125,0.0292963883659
126,0.234517603465
127,0.365701951279
128,0.474089586539
129,0.249619402492
130,0.260500121317
131,0.445138693803
132,0.491701861867
133,0.103898483017
134,0.222919295994
