site,dnds
1,0.273761590725
2,0.464098187265
3,0.274679497002
4,0.180190462986
5,0.205430026177
6,0.201419265587
7,0.0788448950755
8,0.504635898352
9,0.322931949403
10,0.0843577336708
11,0.410635435118
12,0.399202351003
13,0.410178330072
14,0.467912770005
15,0.0
16,0.133230825388
17,0.458313362549
18,0.379145306247
19,0.0627652180566
20,0.027928820877
21,0.0776061628658
22,0.0653322117502
23,0.23374085276
24,0.338623132252
25,0.0597131770575
26,0.543683896922
27,0.134976839864
28,0.172529202804
29,0.202332816892
30,0.0
31,0.298175497655
32,0.0570054829772
33,0.0
34,0.321409312095
35,0.391555120341
36,0.0045042847783
37,0.0647789375154
38,0.576309224061
39,0.186838139649
40,0.121072519343
41,0.38909846781
42,0.457004212314
43,0.136975741315
44,0.244053245863
45,0.498720900564
46,0.558555812356
47,0.101643971388
48,0.0
49,0.355836252789
50,0.178409011365
51,0.0360732879915
52,0.231520411674
53,0.0569240483566
54,0.155110717678
55,0.023995381682
56,0.0
57,0.314911957659
58,0.0190597126722
59,0.0106172585293
60,0.506937139362
61,0.373083088602
62,0.439329734134
63,0.267422749034
64,0.475376266631
65,0.302575809728
66,0.306765081299
67,0.37891278425
68,0.565084100328
69,0.451421756059
70,0.376889234509
71,0.0871929674514
72,0.498595818383
73,0.0347752951798
74,0.171046144853
75,0.399824130428
76,0.50079955918
77,0.351643098668
78,0.298227696245
79,0.405310307491
80,0.382513076085
81,0.291252534504
82,0.372410366464
83,0.350732244454
84,0.563704743759
85,0.410438331575
86,0.342347456327
87,0.476790169994
88,0.535977965966
89,0.0655891271782
90,0.395713862586
91,0.477589820766
92,0.386940636775
93,0.0
94,0.0618946210471
95,0.0686022546456
96,0.058758058583
97,0.364944795594
98,0.161129563924
99,0.439756276494
100,0.330559279706
101,0.18680467314
102,0.0
103,0.208048850352
104,0.0795076113279
105,0.521850023156
106,0.0
107,0.0106945574525
108,0.258351833609
109,0.297588055604
110,0.288999328166
111,0.229988575342
112,0.436507255403
113,0.267314685921
114,0.442019129077
115,0.241722771033
116,0.60474425634
117,0.0735628220301
118,0.395617063286
119,0.324754784705
120,0.412303271244
121,0.265066093919
122,0.210340017636
123,0.389630060089
124,0.435587368145
125,0.116942359507
126,0.287444156891
127,0.110357455474
128,0.335820819216
129,0.197523866981
130,0.154292405797
131,0.108739039565
132,0.24404073691
133,0.175579104397
134,0.677259850866
135,0.514690651898
136,0.224652320116
137,0.382257747655
138,0.526180786638
139,0.488391054927
140,0.101559941343
141,0.0160806319746
142,0.477388328152
143,0.0766597270809
144,0.119736972921
145,0.0894264568199
146,0.116082095294
147,0.234534665347
148,0.506205244649
149,0.29046168025
150,0.237910264058
151,0.349624286099
152,0.248206363459
153,0.187683187625
154,0.0709831782572
155,0.011756039503
156,0.422619958993
157,0.316514996099
158,0.0
159,0.0327476203507
160,0.368931564687
161,0.490068590335
162,0.0198449991454
163,0.467039212198
164,0.0
165,0.326088094716
166,0.51885428133
167,0.417022415774
168,0.581546515001
169,0.373397445902
170,0.16318755543
171,0.358813047981
172,0.145043350263
173,0.464107766763
174,0.363592699964
175,0.0644240716158
176,0.380969359983
177,0.176380706372
178,0.451900819133
179,0.0969049047906
180,0.452095347625
181,0.325676379209
182,0.359457277877
183,0.259036902925
184,0.225186368583
185,0.343139183896
186,0.07866213875
187,0.206764185952
188,0.382245304046
189,0.499781210343
190,0.282602343707
191,0.625652502056
192,0.556826412729
193,0.448653302252
194,0.493764566085
195,0.713869546861
196,0.0
197,0.486321479777
