site,dnds
1,0.196573066942
2,0.373113264484
3,0.290190246229
4,0.569893501922
5,0.0
6,0.420399260892
7,0.32198637989
8,0.26163629869
9,0.248668546284
10,0.0
11,0.212737348484
12,0.0
13,0.00433011474369
14,0.219048084263
15,0.06330971834
16,0.0789523308135
17,0.116062463731
18,0.485109709555
19,0.0930101160945
20,0.277336383034
21,0.0701225549357
22,0.0496946190688
23,0.345956602324
24,0.347768152603
25,0.294569734
26,0.623854214287
27,0.157321283918
28,0.378075769235
29,0.617382252597
30,0.245770086481
31,0.337370213793
32,0.489365709984
33,0.204354002647
34,0.0395898991739
35,0.349406996153
36,0.252449376657
37,0.25653352338
38,0.0148561343292
39,0.480736991153
40,0.386916614249
41,0.0401333463042
42,0.0
43,0.356723264159
44,0.119601167253
45,0.0258358163306
46,0.370323382239
47,0.104736035986
48,0.238433993117
49,0.153478133303
50,0.0591704058744
51,0.279382056636
52,0.272307489887
53,0.199531607518
54,0.245234210539
55,0.331563620047
56,0.393344746343
57,0.0976070236913
58,0.248923602384
59,0.350126152795
60,0.439860578259
61,0.0267784811374
62,0.341386232726
63,0.0
64,0.0
65,0.312632782763
66,0.135782708647
67,0.595226703517
68,0.194691335698
69,0.0
70,0.138032673745
71,0.230622017556
72,0.012072568333
73,0.0
74,0.535312464402
75,0.370848140149
76,0.462198797482
77,0.277857161366
78,0.569490331292
79,0.336847521369
80,0.286994288063
81,0.386374494129
82,0.115925577312
83,0.0
84,0.0
85,0.452144448922
86,0.0332447531064
87,0.442979125712
88,0.0362765776675
89,0.468200120652
90,0.317760272975
91,0.438634382666
92,0.126205841887
93,0.238452206179
94,0.304261333994
95,0.361233827258
96,0.223799968805
97,0.311045234588
98,0.294061349563
99,0.0
100,0.191409159036
101,0.263061813088
102,0.431043237461
103,0.0163091764671
104,0.561594144668
105,0.131656048808
106,0.139673825735
107,0.546298772152
108,0.37869183402
109,0.0734654781067
110,0.228325422868
111,0.283118826913
112,0.0391580713379
113,0.154984425455
114,0.387536771571
115,0.158705172382
116,0.375256532055
117,0.322813093574
118,0.301969016564
119,0.30663037304
120,0.142885992236
121,0.411865416988
122,0.0730689712186
123,0.260951025531
124,0.524078955234
125,0.40224056194
126,0.297260272823
127,0.606002681107
128,0.0343335379416
129,0.374143125765
130,0.447950713934
131,0.477799541683
132,0.290403733254
133,0.362784308207
134,0.262419960128
135,0.444481427804
136,0.357970659993
137,0.553254223351
138,0.0
139,0.49517624331
140,0.288170045752
141,0.0334013676728
142,0.457217696453
143,0.0517364233942
144,0.228677415025
145,0.00377482861655
146,0.265142663676
147,0.0769644757342
148,0.0466806305456
149,0.396474787131
150,0.179876844278
151,0.184259785757
152,0.160870626295
153,0.257306657426
154,0.37619131588
155,0.054888447847
156,0.431671891914
157,0.378742839633
158,0.144248968946
159,0.0
160,0.321098291027
161,0.269426635405
162,0.274297739657
163,0.0386997817348
164,0.133107509447
165,0.22584175137
166,0.209649794455
167,0.376468454666
168,0.466845988556
169,0.369047145915
170,0.0
171,0.160795569769
172,0.275226936507
173,0.159481391885
174,0.52774961095
175,0.33083692087
176,0.299188320104
177,0.230301756651
178,0.459693011701
179,0.320452553596
180,0.328994300879
181,0.387658538682
182,0.266981172923
183,0.347938031822
184,0.294308082704
185,0.442026203831
186,0.0
187,0.0930354168936
188,0.392501702545
189,0.196673058786
190,0.194802949953
191,0.263611273348
192,0.18685171779
193,0.231534679278
194,0.195570844103
195,0.148951369179
196,0.355367766118
197,0.349777499911
198,0.0
199,0.192505204084
200,0.268826879343
