site,dnds
1,0.166353864701
2,0.499844941659
3,0.336705668318
4,0.337680696173
5,0.346138761506
6,0.494019839738
7,0.637648022582
8,0.426290635196
9,0.433972248202
10,0.34391028797
11,0.0027877515837
12,0.370712310702
13,0.312033006254
14,0.174334200866
15,0.261448360543
16,0.552543134391
17,0.298433248547
18,0.336516991272
19,0.514114268673
20,0.449943960418
21,0.309792131109
22,0.273939403183
23,0.588418065644
24,0.0151269617603
25,0.109267819775
26,0.0
27,0.0
28,0.155974811116
29,0.0
30,0.0
31,0.360256020264
32,0.0
33,0.00454088732213
34,0.300328009095
35,0.0
36,0.238462009449
37,0.0625955187874
38,0.358887062783
39,0.100939906016
40,0.333464118267
41,0.424890165471
42,0.010717004435
43,0.112513728743
44,0.0
45,0.0
46,0.187385814229
47,0.305008551166
48,0.350667272009
49,0.50952783721
50,0.416715127112
51,0.0
52,0.453313965209
53,0.331758345116
54,0.383846820942
55,0.430149543767
56,0.421002828158
57,0.417754095112
58,0.614090256051
59,0.409976752721
60,0.591234218477
61,0.0033567909315
62,0.321594612533
63,0.369706526228
64,0.441660023522
65,0.113573131656
66,0.562402712384
67,0.446541527459
68,0.0498041819042
69,0.433134398657
70,0.466911644439
71,0.387648689831
72,0.313366819927
73,0.215360494558
74,0.341504648573
75,0.414993683151
76,0.398214247927
77,0.0
78,0.381451029327
79,0.0117696392573
80,0.116545875808
81,0.592468458724
82,0.249756294262
83,0.22431236248
84,0.00592316035909
85,0.141265017959
86,0.250795888811
87,0.30099261614
88,0.0386435688545
89,0.241604400568
90,0.527506753434
91,0.0117190733361
92,0.391515515587
93,0.345289172786
94,0.577690945233
95,0.525614718153
96,0.00352535241969
97,0.505583213668
98,0.0
99,0.382209956401
100,0.186164781587
101,0.337453449303
102,0.291337078836
103,0.122306613465
104,0.265498935919
105,0.0
106,0.375729612108
107,0.21134126082
108,0.433159572469
109,0.26659929319
110,0.0621510241182
111,0.215108460833
112,0.128587203535
113,0.21785763539
114,0.301005580683
115,0.447405284413
116,0.440672107702
117,0.0476397809765
118,0.557237906649
119,0.368677295667
120,0.305199450442
121,0.417486523558
122,0.309800917801
123,0.00197575700155
