site,dnds
1,0.412933568574
2,0.360977978987
3,0.192939716445
4,0.207216924402
5,0.272989340474
6,0.180385542437
7,0.274386657555
8,0.639541476349
9,0.228137781092
10,0.430824776108
11,0.260328571728
12,0.484401091445
13,0.0463558277098
14,0.196566002234
15,0.476664060348
16,0.364315246057
17,0.114054612326
18,0.157583610046
19,0.0733783555836
20,0.0410534972144
21,0.435108293849
22,0.4543073104
23,0.178729480138
24,0.19023545771
25,0.27057808166
26,0.447890825379
27,0.232291239011
28,0.217136964021
29,0.338617242468
30,0.17110318489
31,0.278625086507
32,0.331265476621
33,0.169660289056
34,0.186824717262
35,0.488849138358
36,0.0733364823696
37,0.0884016589253
38,0.0337412661085
39,0.508538919264
40,0.279342392815
41,0.469786296122
42,0.133084563938
43,0.158429457765
44,0.455744701341
45,0.448039909553
46,0.306453945614
47,0.214391494029
48,0.00738749883701
49,0.327558447839
50,0.324581238408
51,0.232042303114
52,0.150908223019
53,0.237933862944
54,0.357516246396
55,0.11821082074
56,0.343893183221
57,0.124572095709
58,0.310695035382
59,0.0875539005314
60,0.41281301743
61,0.110310226983
62,0.48044301399
63,0.177732961315
64,0.358365396189
65,0.236261567147
66,0.33413215957
67,0.209520136487
68,0.489173907635
69,0.584472741123
70,0.528377111081
71,0.109616756846
72,0.33937706843
73,0.150088192699
74,0.0
75,0.0762684308989
76,0.302183920977
77,0.544268396734
78,0.392271383567
79,0.487772179727
80,0.305398505584
81,0.38642808853
82,0.0
83,0.446672933379
84,0.0650758817912
85,0.216552212222
86,0.50630485244
87,0.271360533254
88,0.485218421042
89,0.191646124453
90,0.317821995684
91,0.442786483562
92,0.336620032364
93,0.491389283003
94,0.381229881039
95,0.134211068655
96,0.506836829413
97,0.219866218576
98,0.488313213046
99,0.525808313499
100,0.146205936289
101,0.351983659746
102,0.208934039473
103,0.197835523324
104,0.131687067483
105,0.478490464344
106,0.332139240329
107,0.473059684449
108,0.28312797617
109,0.365627577953
110,0.200285595874
111,0.0833804840118
112,0.0203343655738
113,0.375722459606
114,0.399421942116
115,0.00337909947548
116,0.483634343454
117,0.0481907652737
118,0.287115315749
119,0.43641347223
120,0.643871312068
121,0.45479606544
122,0.356837670958
123,0.464686224605
124,0.0164115965285
125,0.539731447127
126,0.460775799216
127,0.0571365819978
128,0.157437805171
129,0.599930850501
130,0.422979296452
131,0.152025402961
132,0.53634796978
133,0.330187703092
134,0.35099438328
135,0.315836408555
136,0.528150248507
137,0.110852811693
138,0.45929589165
139,0.0
140,0.313488674984
141,0.45361739277
142,0.509942326162
143,0.515017391527
144,0.0912592865494
145,0.408410575011
146,0.277685980458
147,0.375038743249
148,0.102129041235
149,0.318880116091
150,0.421987869398
151,0.287826225881
152,0.318356353173
153,0.337156994884
154,0.433561063815
155,0.541834535768
156,0.416962904463
157,0.580766911778
158,0.414802645287
159,0.457792673888
160,0.529677865536
161,0.444287958415
162,0.315130863808
163,0.44482270393
164,0.522368970479
165,0.61668898735
166,0.331171228111
167,0.307904989192
168,0.140865527363
