site,dnds
1,0.350564714497
2,0.322807226337
3,0.207462747571
4,0.284253104172
5,0.160198781408
6,0.30989240979
7,0.446952165996
8,0.416659534627
9,0.19675232483
10,0.414323287658
11,0.353335885414
12,0.0
13,0.549535229484
14,0.0
15,0.226350990711
16,0.219753291123
17,0.49962859283
18,0.399350385909
19,0.374161494536
20,0.53187518984
21,0.0498009555526
22,0.368005744576
23,0.00871218107195
24,0.0116582485837
25,0.234912117603
26,0.0431786683584
27,0.355157384986
28,0.281169788311
29,0.457844817193
30,0.0248185009363
31,0.249684552002
32,0.0381866415694
33,0.351133355411
34,0.0204549284645
35,0.359980640605
36,0.153149296346
37,0.617246354818
38,0.289442990456
39,0.0
40,0.324122898217
41,0.0
42,0.235818544447
43,0.355063929027
44,0.173882058249
45,0.0443835290766
46,0.458997803223
47,0.0639730085731
48,0.309218951118
49,0.22151501476
50,0.299019646751
51,0.442154967535
52,0.442107310352
53,0.127220022942
54,0.520633604854
55,0.236007751284
56,0.545642885498
57,0.506511998787
58,0.0538908235187
59,0.459405205205
60,0.0833481143217
61,0.514791386707
62,0.00153645554229
63,0.50049524297
64,0.214505641562
65,0.371347343136
66,0.118249498852
67,0.288419177758
68,0.433226977858
69,0.385328300374
70,0.0716417422612
71,0.0932136533024
72,0.255251079208
73,0.414042035198
74,0.0484054408121
75,0.0966577970465
76,0.238044917897
77,0.296240278453
78,0.355444798344
79,0.182788376591
80,0.392637853593
81,0.424470132739
82,0.11468956492
83,0.260825940017
84,0.115639646206
85,0.00394290572596
86,0.0
87,0.372287346851
88,0.368933338684
89,0.255072589466
90,0.3730007663
91,0.206555099324
92,0.0
93,0.301583519554
94,0.204642252466
95,0.410558042521
96,0.0107558337531
97,0.279775534296
98,0.172886886131
99,0.394066272142
100,0.37723965506
101,0.13487635151
102,0.0
103,0.472072074947
104,0.426194883763
105,0.263396738191
106,0.489529802993
107,0.152837530355
108,0.169269103425
109,0.476819559283
110,0.406449770131
111,0.469890391714
112,0.484604165861
113,0.249235935836
114,0.0247867582117
115,0.455278845615
116,0.199274453651
117,0.340472170849
118,0.598919596023
119,0.310318630263
120,0.0
121,0.0
122,0.191622737528
123,0.0893350566847
124,0.300294005418
125,0.12782833883
126,0.543436266887
127,0.360770675974
128,0.477635471162
129,0.216337021312
130,0.197463341408
131,0.0167136742363
132,0.112185162628
133,0.543407474728
134,0.319655600105
135,0.283848862151
136,0.435912440965
137,0.110180071929
138,0.102343331633
139,0.0053134353389
140,0.3878138634
141,0.480347278474
142,0.421711591682
143,0.357693137543
144,0.348903653699
145,0.275380498223
146,0.341671828658
147,0.401421307029
148,0.290110981463
149,0.354341737197
150,0.467606792799
151,0.544070402887
152,0.251481397669
153,0.12307095755
154,0.455233880428
155,0.367878802703
156,0.378280144419
157,0.0
158,0.287004729602
159,0.238975945173
160,0.397855652866
161,0.0
162,0.378862074518
163,0.365347963419
164,0.0914989603584
165,0.0658793253579
166,0.18597627981
167,0.3667770084
168,0.237735093685
169,0.321007309007
170,0.243789857705
171,0.227351662084
172,0.544980012035
173,0.269398062531
174,0.545683532763
175,0.264809342734
176,0.102347836528
177,0.295540861279
178,0.0
179,0.481020895104
180,0.261610033027
181,0.306842706549
182,0.239215072029
183,0.217219683102
184,0.0717261441573
185,0.155144015162
