site,dnds
1,0.123359090727
2,0.400044585888
3,0.464396852636
4,0.380081088405
5,0.5446271776
6,0.375794409572
7,0.367003293267
8,0.367491634674
9,0.450146714962
10,0.362337016592
11,0.381356624837
12,0.380065470069
13,0.0902440573981
14,0.491470724432
15,0.0045422473974
16,0.138771297526
17,0.531308166982
18,0.317789597824
19,0.493881433674
20,0.460679297774
21,0.443972742178
22,0.626696268312
23,0.518633860809
24,0.35583868931
25,0.272202483176
26,0.411343832631
27,0.364177731567
28,0.21045334055
29,0.321283346075
30,0.248843929228
31,0.249127305406
32,0.462671749426
33,0.259163305476
34,0.282788293314
35,0.46529316499
36,0.33373817673
37,0.180187179774
38,0.505953009533
39,0.427159911098
40,0.205129153955
41,0.0746648076069
42,0.0777253051562
43,0.0
44,0.358003404085
45,0.30758143433
46,0.529808832243
47,0.298927163128
48,0.452467473726
49,0.0394177403308
50,0.455232186455
51,0.406636892629
52,0.347194804759
53,0.308354648267
54,0.473589781192
55,0.62343964252
56,0.370222637406
57,0.559927918177
58,0.423180327101
59,0.440539558831
60,0.0754741639564
61,0.149009470904
62,0.284945521893
63,0.111807409539
64,0.341526268792
65,0.21279236497
66,0.0
67,0.513506298507
68,0.494633347779
69,0.271490809908
70,0.328704658492
71,0.267934986348
72,0.0
73,0.198048007604
74,0.248913730997
75,0.0829471785316
76,0.360164977033
77,0.137698431702
78,0.284730052753
79,0.00433011474369
80,0.104707691419
81,0.270849408455
82,0.186876491362
83,0.258332692682
84,0.507845728191
85,0.565083894174
86,0.513692718543
87,0.428518059042
88,0.308914215564
89,0.0
90,0.226505536938
91,0.556931639939
92,0.514364041074
93,0.327245458434
94,0.480359591143
95,0.609073061663
96,0.484243980392
97,0.359241333889
98,0.473862092354
99,0.378433069476
100,0.0
101,0.017860027604
102,0.369792978646
103,0.258855706248
104,0.0
105,0.369097574023
106,0.0392773654362
107,0.00666379570519
108,0.165175649581
109,0.212799596309
110,0.398478020199
111,0.466400869271
112,0.106097321218
113,0.227688251244
114,0.525716803675
115,0.090724733009
116,0.342382349143
117,0.123175607192
118,0.453108953107
119,0.288464857594
120,0.509043888695
121,0.00599840124489
122,0.471815539239
123,0.445380113519
124,0.38320967379
125,0.183696880109
126,0.527665414277
127,0.416318396098
128,0.275050768146
129,0.366548879562
130,0.0954860477723
131,0.0
132,0.458516731592
133,0.0
134,0.244870269354
135,0.0255665438626
136,0.0
137,0.167415263016
138,0.385745836332
139,0.0
140,0.269024874483
141,0.29834564035
142,0.659394617198
143,0.34361068568
144,0.0703723335637
145,0.514264318061
146,0.168423038494
147,0.0
148,0.158935307594
149,0.342262542601
150,0.119623843792
151,0.288928236084
152,0.216771553811
153,0.1776126183
154,0.259175569044
155,0.124894899242
156,0.296799901981
157,0.229570265847
158,0.0662013163588
159,0.299388706462
160,0.298020630361
161,0.170682847777
162,0.139941119975
163,0.0720460224086
164,0.18570791866
165,0.185919683873
166,0.38821436613
167,0.164171462109
168,0.444256240263
169,0.482021442878
170,0.446434263828
171,0.0
172,0.0578387676037
173,0.240587567956
174,0.394144735563
175,0.378484988843
176,0.290244619569
177,0.363539291065
178,0.535650737598
179,0.407079870305
180,0.417289311748
181,0.623776123081
182,0.463864828069
183,0.301588947849
184,0.5071161568
185,0.509152382436
186,0.442972663659
187,0.557028427378
188,0.486682375126
189,0.511343283144
190,0.30176905949
191,0.565437818871
192,0.230743057798
193,0.00153645554229
194,0.142648019368
195,0.495417838492
196,0.428384983016
197,0.324833563951
198,0.146385797252
