site,dnds
1,0.137961551561
2,0.166611977106
3,0.585761036609
4,0.427873707585
5,0.0829480102936
6,0.529850681565
7,0.381487501379
8,0.545831071742
9,0.408450029663
10,0.264201066981
11,0.718996945193
12,0.490770306146
13,0.175900244355
14,0.105017675117
15,0.304640269593
16,0.0200435481505
17,0.381465273735
18,0.450585566672
19,0.512821371093
20,0.570880019451
21,0.404672535828
22,0.500061880919
23,0.280006611187
24,0.219722256024
25,0.323605238175
26,0.463475511296
27,0.178615379212
28,0.506702700529
29,0.394873028686
30,0.361089099789
31,0.123107604321
32,0.334459067369
33,0.58133087482
34,0.216480052888
35,0.330452815209
36,0.113141069102
37,0.30981157331
38,0.65163168782
39,0.283952233008
40,0.390749762988
41,0.390501165011
42,0.385873679629
43,0.104318140244
44,0.215897276377
45,0.404475438452
46,0.532432296764
47,0.438326030864
48,0.284485887485
49,0.24124440024
50,0.0199150725668
51,0.286919508004
52,0.499032638601
53,0.309316442466
54,0.23761340076
55,0.0766713703756
56,0.469167057028
57,0.386590699346
58,0.355585213178
59,0.517696626742
60,0.118874555522
61,0.0178764952185
62,0.505886969546
63,0.303120623661
64,0.262994751042
65,0.0115771882512
66,0.0474817835746
67,0.319053632462
68,0.225693509876
69,0.0189801173967
70,0.442931508886
71,0.426133556701
72,0.0574623189829
73,0.258412066373
74,0.285734053475
75,0.453179414143
76,0.0
77,0.141544315304
78,0.28278104078
79,0.418671614705
80,0.370941354826
81,0.585977949093
82,0.378070297944
83,0.506809582452
84,0.285067188206
85,0.245426849036
86,0.198743668513
87,0.588033271952
88,0.332014662913
89,0.283623919293
90,0.324119051921
91,0.00889388854693
92,0.509050810171
93,0.00912325545572
94,0.598690563535
95,0.610692387672
96,0.38399501514
97,0.39933325068
98,0.344020036324
99,0.325599667119
100,0.370690204659
101,0.218129697498
102,0.268767828162
103,0.488105917936
104,0.4430642449
105,0.345478916634
106,0.381840904946
107,0.335117937952
108,0.354583691993
109,0.467296415908
110,0.0252599042785
111,0.21177425807
112,0.173446779378
113,0.471965665558
114,0.591766265529
115,0.623548526747
116,0.291337886899
117,0.0391693650536
118,0.19346842948
119,0.483254406832
120,0.353601743223
121,0.323344872302
122,0.521460226215
123,0.435415949561
124,0.311464924807
125,0.553364483841
126,0.321729497032
127,0.320891974552
128,0.40667671384
129,0.458127608309
130,0.0
131,0.145461745347
132,0.303117130691
133,0.534559419984
134,0.440048224906
135,0.422078490956
136,0.498606712439
137,0.670418675936
138,0.341235897647
139,0.405302768926
140,0.297460330644
141,0.485165547534
142,0.18714598663
143,0.562841508867
144,0.0
145,0.297249285883
146,0.408467265046
147,0.558760273525
148,0.388865512018
149,0.397234746677
150,0.330946144573
151,0.363034276929
152,0.392381993224
153,0.336137698279
154,0.587758254934
155,0.157392431424
156,0.519150682253
157,0.376124077117
158,0.474064433014
159,0.294709694907
160,0.0961257938489
161,0.0266750040989
162,0.390510342009
