site,dnds
1,0.228313611209
2,0.243438842248
3,0.387848473516
4,0.527127079992
5,0.308723870667
6,0.449270456342
7,0.176751936132
8,0.173929134319
9,0.1823783842
10,0.0245542323084
11,0.194325329034
12,0.194644860478
13,0.438579162421
14,0.597831315927
15,0.162658636496
16,0.13949164884
17,0.522895248442
18,0.38352289171
19,0.105965275129
20,0.339214097461
21,0.134247266076
22,0.0976331837356
23,0.378776557589
24,0.17465935575
25,0.181140000433
26,0.0279031479778
27,0.397998643731
28,0.183118765565
29,0.58934967371
30,0.276896876249
31,0.523481093496
32,0.555269617302
33,0.466977581692
34,0.0425324079824
35,0.311749547421
36,0.529386653035
37,0.466052899327
38,0.286424857609
39,0.0706294267334
40,0.27081727732
41,0.455112893051
42,0.211016120931
43,0.507622248162
44,0.183147415115
45,0.306486771138
46,0.0247253554353
47,0.433658333902
48,0.479340106639
49,0.302693379427
50,0.597571236998
51,0.330178646453
52,0.32989644185
53,0.0
54,0.319695052376
55,0.380419025207
56,0.150624762115
57,0.175675581597
58,0.24975240979
59,0.548161237658
60,0.254629371491
61,0.370374692691
62,0.394583478844
63,0.452991453613
64,0.0834675419523
65,0.236205291827
66,0.542909782785
67,0.386840154433
68,0.0
69,0.263581386803
70,0.434738913496
71,0.430174809403
72,0.248958795692
73,0.28287272989
74,0.334667052988
75,0.0335951776559
76,0.588368695873
77,0.331203643016
78,0.597180802888
79,0.283167882863
80,0.570020218855
81,0.287348415566
82,0.266001890891
83,0.127272873791
84,0.436577712671
85,0.379428753944
86,0.153727995618
87,0.211324859412
88,0.137281444155
89,0.353895503112
90,0.480907954692
91,0.215451563187
92,0.325020287486
93,0.351208801076
94,0.407835027803
95,0.419441159568
96,0.485458727731
97,0.521130475052
98,0.353798391778
99,0.51539578082
100,0.0964928250321
101,0.427614643965
102,0.433298017591
103,0.422749711029
104,0.528164051979
105,0.372859653885
106,0.202998312252
107,0.00574528613122
108,0.283634730784
109,0.554891715569
110,0.204182447436
111,0.28953704409
112,0.269935055124
113,0.548480925923
114,0.463853099774
115,0.239398730071
116,0.0236800252841
117,0.0723550363665
118,0.318497106687
119,0.228183153216
120,0.479753951373
121,0.145665277495
122,0.311023025799
123,0.0
124,0.590963050077
125,0.331501441284
126,0.568085611578
127,0.531978479895
128,0.518114193014
129,0.319130943615
130,0.565508291383
131,0.246683677093
132,0.465486890662
133,0.386165977562
134,0.213341547193
135,0.00569299787081
136,0.25989448001
137,0.425874088827
138,0.441367361953
139,0.402581033627
140,0.48495521634
141,0.47617394496
142,0.396694865159
143,0.208454222362
144,0.20509292663
145,0.315833032779
146,0.252116327364
147,0.406487689399
148,0.549481809651
149,0.346468764074
150,0.288683204968
151,0.300294471198
152,0.437057488791
153,0.506094858471
154,0.123607424281
155,0.29116548572
156,0.445905559513
157,0.524076506383
158,0.347618913403
159,0.179024170594
