site,dnds
1,0.44990359414
2,0.270648852403
3,0.545520174675
4,0.162581417238
5,0.13424917685
6,0.00355820589219
7,0.469361237029
8,0.0
9,0.307904408243
10,0.533568551041
11,0.309111439094
12,0.435871165425
13,0.660445031386
14,0.451136420557
15,0.479377630926
16,0.541210360225
17,0.0869334918231
18,0.476253834516
19,0.422576375524
20,0.560472835182
21,0.151557596263
22,0.225302407959
23,0.455324107147
24,0.574553453862
25,0.0658988119902
26,0.457568820627
27,0.567274730632
28,0.0869110846077
29,0.0713092393254
30,0.463045172289
31,0.4737689555
32,0.159990454186
33,0.385442570692
34,0.60553771545
35,0.0
36,0.404120283609
37,0.487471212109
38,0.368364593194
39,0.585652457188
40,0.113913490278
41,0.116036798512
42,0.272966353612
43,0.348503483409
44,0.119647830151
45,0.283706110839
46,0.195860026406
47,0.359623463839
48,0.401735379581
49,0.375040106546
50,0.38234309677
51,0.653462007583
52,0.164243967945
53,0.417892401571
54,0.539025161763
55,0.353700593288
56,0.154228072961
57,0.416378425092
58,0.218199068886
59,0.133945916547
60,0.495507683476
61,0.233029703692
62,0.167038833579
63,0.101812719823
64,0.412040588189
65,0.0257024402118
66,0.175989448533
67,0.440760785395
68,0.491870182786
69,0.262781066777
70,0.387669563183
71,0.0942886482453
72,0.0
73,0.419330953038
74,0.271697706749
75,0.146672711253
76,0.627984421585
77,0.414765633976
78,0.0
79,0.463047406438
80,0.00338775391983
81,0.426229928574
82,0.419771999513
83,0.0
84,0.422297494376
85,0.0
86,0.0977063378383
87,0.00737221548127
88,0.0149329327558
89,0.379424316524
90,0.450967479511
91,0.358169510962
92,0.283041091765
93,0.202168247625
94,0.253325060821
95,0.143368753303
96,0.207091658253
97,0.441538142893
98,0.160569078808
99,0.450579648592
100,0.410912635706
101,0.0653630003392
102,0.307351381982
103,0.0
104,0.364300009783
105,0.438201392575
106,0.0343773853825
107,0.184454354872
108,0.611200273478
109,0.292355850561
110,0.10430872759
111,0.0126586118047
112,0.484039830227
113,0.684530830451
114,0.159679619111
115,0.323453339378
116,0.667813716791
117,0.0357110541592
118,0.157734855579
119,0.430868055743
120,0.729435254295
121,0.0259196820947
122,0.29374352223
123,0.292721297407
124,0.347314887581
125,0.557328434308
126,0.522287023122
127,0.412729369945
128,0.360018963716
129,0.328155529157
130,0.436171498995
131,0.332317055248
132,0.493786047425
133,0.342836480612
134,0.233053718501
135,0.321184170425
136,0.0679949520583
137,0.284007890679
138,0.181887459573
139,0.144186094854
140,0.152307726637
141,0.350268745013
142,0.399522330444
143,0.478229054283
144,0.350199817364
145,0.0465993728912
146,0.548099719043
147,0.0
148,0.425355166959
149,0.310456283745
150,0.293943780326
151,0.292230207255
152,0.685000069295
153,0.381700334622
154,0.0962817476135
155,0.311101943722
156,0.412930810055
157,0.397762650689
158,0.389206223456
159,0.089033145002
160,0.435823507793
161,0.458504979656
162,0.0400545505206
163,0.173121491294
164,0.538744482989
165,0.32462292811
166,0.354940300212
167,0.0500808486349
168,0.381880964927
169,0.100670933714
170,0.180929250963
171,0.576159260937
172,0.256796689335
173,0.360721149169
174,0.47318343128
175,0.283264744476
176,0.183196778743
177,0.0469425764536
