site,dnds
1,0.336976751873
2,0.730539305382
3,0.295177083703
4,0.222500855031
5,0.452964120681
6,0.461705235178
7,0.54919828094
8,0.43434982192
9,0.339262691227
10,0.496014341553
11,0.497209306955
12,0.31515063369
13,0.0370177131428
14,0.16937809758
15,0.353830765506
16,0.444065424066
17,0.657596427141
18,0.624449381784
19,0.55772306454
20,0.499712524954
21,0.343849788333
22,0.486465299942
23,0.367669349102
24,0.335526384012
25,0.417035775252
26,0.496339734533
27,0.342717005972
28,0.310474014911
29,0.103524112052
30,0.0353669828452
31,0.129238842832
32,0.443102482179
33,0.287350227385
34,0.47596364689
35,0.198067368343
36,0.427320895951
37,0.00377835555789
38,0.387147249201
39,0.58167624098
40,0.249286284208
41,0.00725796563176
42,0.501491225618
43,0.235282925374
44,0.363664613647
45,0.427205317736
46,0.0
47,0.00880377076102
48,0.259140247931
49,0.101756094393
50,0.245574224768
51,0.346069548171
52,0.0479836987501
53,0.170717384043
54,0.334420674663
55,0.521199057586
56,0.403363356602
57,0.224684245038
58,0.284451371019
59,0.521680830368
60,0.484306504331
61,0.401880126348
62,0.12816396813
63,0.0941443142217
64,0.238364241822
65,0.438710620208
66,0.250340714354
67,0.441391849363
68,0.274099713171
69,0.383240863652
70,0.341605340433
71,0.326858294012
72,0.381157118078
73,0.403167474744
74,0.536302757844
75,0.44074519162
76,0.257994296584
77,0.301016197055
78,0.383101471525
79,0.4929961623
80,0.571581777876
81,0.0153361755824
82,0.513008974972
83,0.622631146367
84,0.481425360531
85,0.317825403516
86,0.433692357204
87,0.483363137113
88,0.451813072037
89,0.267144734568
90,0.0422596774041
91,0.422681844188
92,0.662994524237
93,0.52273926973
94,0.340114995903
95,0.461466418238
96,0.29637628811
97,0.483327545843
98,0.187284921245
99,0.401245022169
100,0.469694072928
101,0.197305901785
102,0.0123415194447
103,0.306759760323
104,0.563561534946
105,0.434660413772
106,0.350789803949
107,0.53919525661
108,0.275235048949
109,0.235848051181
110,0.428612693006
111,0.242917418367
112,0.277503527923
113,0.198182874678
114,0.296573581748
115,0.281821771553
116,0.425221287953
117,0.466004938469
118,0.195782548337
119,0.636300551162
120,0.303497450399
121,0.555350267316
122,0.379369199497
123,0.372257396575
124,0.661149237609
125,0.229566298626
126,0.105660042638
127,0.205946885965
128,0.289938527363
129,0.234210689476
130,0.238124064717
131,0.172488027612
132,0.197271610383
133,0.128757156424
134,0.205947698181
135,0.280780768192
136,0.248067258107
137,0.375801801995
138,0.0817535986961
139,0.313464742019
140,0.0
141,0.645613730809
142,0.48912841881
143,0.132803827769
144,0.383833209751
145,0.414921186677
146,0.426533673566
147,0.209242076952
148,0.439051630152
149,0.381659358873
150,0.442324598023
151,0.125156080893
152,0.174365263488
153,0.327435871429
154,0.500047844608
155,0.374527421408
156,0.496964729861
157,0.440857154866
158,0.0803241872395
