site,dnds
1,0.227935013
2,0.221329579089
3,0.341376125285
4,0.2367026944
5,0.600604980654
6,0.30317968889
7,0.111188647902
8,0.199550481752
9,0.314882861272
10,0.0388223295111
11,0.308592157742
12,0.148678698821
13,0.554718078272
14,0.110506020517
15,0.665020401043
16,0.592461916901
17,0.276986794456
18,0.388949578572
19,0.340399161243
20,0.563221155673
21,0.424314819751
22,0.515517406767
23,0.238191582774
24,0.425723848431
25,0.306630263391
26,0.232566627304
27,0.481360512133
28,0.412847481649
29,0.200549120173
30,0.485407260892
31,0.20117695222
32,0.0177358189078
33,0.340487201826
34,0.260535173801
35,0.466257063938
36,0.548559383782
37,0.0654576676578
38,0.0706505872004
39,0.425493535369
40,0.331739437387
41,0.00138961264548
42,0.207689795291
43,0.553497805113
44,0.21476971495
45,0.643099849148
46,0.121633222969
47,0.426266473619
48,0.495890917319
49,0.168795242447
50,0.428000524344
51,0.383065214419
52,0.349036089033
53,0.644237956167
54,0.602970371747
55,0.33664628239
56,0.113960316303
57,0.065028356694
58,0.161020943696
59,0.100357117393
60,0.0679390533465
61,0.555875640531
62,0.313803031207
63,0.39445767853
64,0.521577360708
65,0.00275343654852
66,0.451081845624
67,0.0778890560135
68,0.0273327782475
69,0.600011843289
70,0.00539096493891
71,0.187482164375
72,0.315586592886
73,0.599542746982
74,0.451422930447
75,0.405961224014
76,0.0715331154252
77,0.263082228999
78,0.38507587264
79,0.328770278134
80,0.511529452575
81,0.358647774764
82,0.43793746743
83,0.421695441991
84,0.466135917383
85,0.284126445088
86,0.0256503210378
87,0.368360088709
88,0.385082664064
89,0.302821166297
90,0.202612537547
91,0.272047855262
92,0.0
93,0.246885882268
94,0.47294764259
95,0.295236888178
96,0.364980379501
97,0.398093288368
98,0.183933619748
99,0.198612458255
100,0.37085298088
101,0.366524530429
102,0.500268997721
103,0.519207512043
104,0.467859463255
105,0.168821373603
106,0.187217106282
107,0.340793464272
108,0.00480542852379
109,0.44857155507
110,0.500448692877
111,0.630127665192
112,0.522858825703
113,0.394343727176
114,0.408612374776
115,0.246182029052
116,0.208863691142
117,0.335713449166
118,0.155753696255
119,0.273210553736
120,0.41364604842
121,0.379687426816
122,0.527728541554
123,0.506952444635
124,0.220297456708
125,0.383235032615
126,0.485304342409
127,0.12266555689
128,0.694457306232
129,0.168709417091
130,0.220103941988
131,0.365784657033
132,0.290878663031
133,0.430340678006
134,0.510085553694
135,0.175846285283
136,0.44945723814
137,0.221813959998
138,0.267785444671
139,0.535341221624
140,0.505270221462
141,0.417626041525
142,0.526925563508
143,0.576729827867
144,0.556194941698
145,0.415223285369
146,0.689859106924
147,0.58568822231
148,0.615019910811
149,0.493424370387
150,0.375684484064
151,0.126695766551
152,0.148977641618
153,0.392608298474
154,0.434267946668
155,0.199069718784
156,0.495941900447
157,0.436900333399
158,0.215162551193
159,0.298080340336
160,0.587122408462
161,0.53550470477
162,0.421603546891
163,0.307549915506
164,0.35383058518
165,0.226577091314
166,0.506945898867
167,0.465466914184
168,0.357455554817
169,0.268996431325
170,0.521391928846
171,0.480880022669
172,0.0937536277122
173,0.209433358645
174,0.356135036745
175,0.0963259850775
