site,dnds
1,0.330612256827
2,0.324948590429
3,0.519033616968
4,0.0651953699027
5,0.174873774927
6,0.183700190337
7,0.238748574509
8,0.104303618963
9,0.245736901188
10,0.21460087731
11,0.0619451471252
12,0.337028622283
13,0.238658683788
14,0.416162173441
15,0.323812471826
16,0.0264326488735
17,0.0
18,0.0
19,0.434540258452
20,0.335102482255
21,0.212437252522
22,0.130033025957
23,0.247639322044
24,0.121505628517
25,0.116517579067
26,0.359989052481
27,0.408565208578
28,0.256705313702
29,0.310707535739
30,0.145764531374
31,0.227183033293
32,0.304359853607
33,0.449159130465
34,0.139160356677
35,0.291982911643
36,0.167603974312
37,0.347319553968
38,0.346953105004
39,0.125176284041
40,0.303326415741
41,0.445706153294
42,0.466072844515
43,0.0
44,0.41989675034
45,0.529914744504
46,0.151036534888
47,0.191262304718
48,0.31298218072
49,0.443749660825
50,0.457459525854
51,0.43225522668
52,0.0944494153777
53,0.172158081278
54,0.487653091939
55,0.445588684925
56,0.0927901020847
57,0.0
58,0.313278334314
59,0.0417452734329
60,0.0101345350116
61,0.128124843151
62,0.376546755876
63,0.285345021408
64,0.0
65,0.0
66,0.119620332514
67,0.382324941728
68,0.098722208686
69,0.0702925143466
70,0.363035096598
71,0.137245086059
72,0.272515907261
73,0.230736529242
74,0.0627933600172
75,0.396991559658
76,0.163550642116
77,0.429624373918
78,0.13638480922
79,0.376503327209
80,0.455938290824
81,0.292394526197
82,0.332977287596
83,0.352175947233
84,0.43598137374
85,0.132119296495
86,0.141486845142
87,0.201565155499
88,0.289122262593
89,0.344702690854
90,0.436773000973
91,0.229017146956
92,0.412213241036
93,0.451508722183
94,0.151528721081
95,0.0547857385962
96,0.13831031936
97,0.289941462611
98,0.428312443036
99,0.381353281257
100,0.54244162433
101,0.259793819268
102,0.522994428886
103,0.0924045829425
104,0.316262715262
105,0.0668547488389
106,0.381250837128
107,0.0331667036973
108,0.197564248587
109,0.153473444669
110,0.0587831265456
111,0.399926625213
112,0.395989933917
113,0.311592858287
114,0.110369750962
115,0.357181435951
116,0.392049702589
117,0.471816118862
118,0.0107599103679
119,0.018527124302
120,0.233293365229
121,0.458090217514
122,0.152641020146
123,0.164184172766
124,0.264315553156
125,0.187533566847
126,0.0
127,0.175315300044
128,0.213435852069
129,0.458673559264
130,0.0678680210989
131,0.593287821033
132,0.519420884161
133,0.125007207917
134,0.185463658092
135,0.33575478996
136,0.285227255418
137,0.0819969736322
138,0.400604921649
139,0.352757999411
140,0.161509798035
141,0.295135311928
142,0.296851266965
143,0.426672426832
144,0.0
145,0.0313908520008
146,0.466854270765
147,0.0337068861766
148,0.133122344077
149,0.492553417784
150,0.340728863694
151,0.373845270378
152,0.304999946513
153,0.135103275461
154,0.306278270793
155,0.362480435964
156,0.0
157,0.375664196267
158,0.303116839844
159,0.129270777552
160,0.3536830082
161,0.306879902213
162,0.375986550408
163,0.355965138812
164,0.346728608819
165,0.141474127846
166,0.474464688355
167,0.459330167901
168,0.419729929258
169,0.160294349114
170,0.374731015272
171,0.433785435417
172,0.508612479431
173,0.0
174,0.198438910643
175,0.257271415103
176,0.306451035493
177,0.114316266053
178,0.382349755179
179,0.152201827223
