site,dnds
1,0.548384603576
2,0.469012874148
3,0.215320641946
4,0.361631312815
5,0.0411853046556
6,0.220792564205
7,0.460510004377
8,0.0402986988069
9,0.595906851813
10,0.56709321902
11,0.460479017377
12,0.238516410181
13,0.0
14,0.269613141138
15,0.112457457826
16,0.206490344258
17,0.525798639537
18,0.598655082257
19,0.469233769564
20,0.492405415312
21,0.197907837799
22,0.1052165144
23,0.533144198783
24,0.178585355075
25,0.386163367705
26,0.44285051837
27,0.331133942098
28,0.538896960238
29,0.598926135547
30,0.503171436073
31,0.390692048267
32,0.231334290942
33,0.506716664251
34,0.560416709492
35,0.303607405773
36,0.27694043558
37,0.192476253703
38,0.525225531973
39,0.20191689835
40,0.325439868247
41,0.613694131418
42,0.0
43,0.302525166367
44,0.293875232643
45,0.229201166551
46,0.324752393471
47,0.51245000924
48,0.337764838993
49,0.356156007315
50,0.428262120257
51,0.567967965129
52,0.0377277442498
53,0.112840870551
54,0.185024820971
55,0.332691665131
56,0.108078300986
57,0.449746934787
58,0.402408178115
59,0.224309891805
60,0.211476005863
61,0.025445426259
62,0.382252377896
63,0.190089091593
64,0.0180079165659
65,0.499406517489
66,0.276924275047
67,0.512824040497
68,0.400733062291
69,0.0
70,0.667277600834
71,0.511797670487
72,0.135600491936
73,0.0
74,0.599889019202
75,0.602830226142
76,0.00930851887852
77,0.345046637174
78,0.401836344128
79,0.521636211997
80,0.433889311192
81,0.449016137147
82,0.511019361837
83,0.243860793031
84,0.511217212594
85,0.538527781498
86,0.273687547748
87,0.351109338366
88,0.512003193106
89,0.240522269538
90,0.264501491934
91,0.374348541509
92,0.473266465284
93,0.180635621527
94,0.316132361769
95,0.462138128002
96,0.244819580738
97,0.0
98,0.122589910548
99,0.254152739388
100,0.230613234049
101,0.142252582948
102,0.055074600908
103,0.269040134062
104,0.456235039025
105,0.517140397154
106,0.5178314974
107,0.561679477187
108,0.117222340919
109,0.276445969653
110,0.46762911469
111,0.687527702967
112,0.00274729672309
113,0.434790826634
114,0.438541135187
115,0.495131250979
116,0.554023903887
117,0.362805519069
118,0.599097873217
119,0.252141849426
120,0.518993261611
121,0.442146977564
122,0.513280063984
123,0.193446057536
124,0.291044427261
125,0.330180092449
126,0.075026696481
127,0.0143931806951
128,0.41364677293
129,0.42848796744
130,0.106690479427
131,0.0613955745652
132,0.12185917534
133,0.265186153866
134,0.0111754256703
135,0.266676661192
136,0.192196526975
137,0.206451804602
138,0.431079794329
139,0.21518556853
140,0.542442385451
141,0.528716455837
142,0.547323362441
143,0.299851313688
144,0.354764267507
145,0.481152253072
146,0.00368695308808
147,0.253075877924
148,0.278457785951
149,0.146950830562
150,0.14325647586
151,0.204275695203
152,0.340887080003
153,0.0170843494679
154,0.551904082865
155,0.313463831393
156,0.11160062861
157,0.113137580304
158,0.530624800734
159,0.235706572541
160,0.207074887003
161,0.132881173284
162,0.140315361753
163,0.396713680961
164,0.403318098249
165,0.0377833780056
166,0.363841103213
167,0.496251790407
168,0.359751633566
169,0.621058620769
170,0.497844826433
171,0.410219340676
172,0.264024574124
173,0.129181290218
174,0.0431401564047
175,0.268361465449
176,0.353821236577
