site,dnds
1,0.193778782866
2,0.0696447536008
3,0.458471148627
4,0.20153387894
5,0.363829524161
6,0.369127948197
7,0.3332721431
8,0.385156754521
9,0.250390346417
10,0.39146456868
11,0.38954580315
12,0.654986204691
13,0.17164126602
14,0.236513775829
15,0.378727844153
16,0.445724273788
17,0.334516347553
18,0.255976855262
19,0.49693558969
20,0.5323467475
21,0.421980160474
22,0.514138358523
23,0.489471803818
24,0.491320602962
25,0.299722119006
26,0.545772170224
27,0.383358464159
28,0.354846922384
29,0.137871175785
30,0.251198340807
31,0.361412382018
32,0.40623800021
33,0.133849759318
34,0.130286658958
35,0.418711756019
36,0.459343738967
37,0.173879672447
38,0.0476096303868
39,0.311585701783
40,0.17150433159
41,0.0
42,0.132201454446
43,0.108672238217
44,0.244040329619
45,0.0440659370566
46,0.343661190637
47,0.400903015528
48,0.178141487936
49,0.0
50,0.281927546418
51,0.166498712297
52,0.0917052245149
53,0.03296714217
54,0.238365868121
55,0.146169111417
56,0.198886487705
57,0.366967437138
58,0.2486431416
59,0.0956283313435
60,0.15699027927
61,0.197074689283
62,0.0264812652765
63,0.539885983557
64,0.0
65,0.220432225397
66,0.22814783957
67,0.378064807361
68,0.0437145501158
69,0.497201397948
70,0.236975670897
71,0.0968141197827
72,0.197851914104
73,0.461819998036
74,0.220363291337
75,0.324326995848
76,0.172703196702
77,0.18594017801
78,0.54454719882
79,0.514184318653
80,0.400432397036
81,0.453740326572
82,0.295688840529
83,0.383712551744
84,0.507506081886
85,0.0399557757843
86,0.107516248802
87,0.364083343866
88,0.68212692231
89,0.295082227199
90,0.431817034534
91,0.106447041113
92,0.337865008226
93,0.0857892116861
94,0.537595501427
95,0.426673299075
96,0.264783098158
97,0.258531375448
98,0.267158880887
99,0.170903863368
100,0.0686197833574
101,0.0
102,0.377151214774
103,0.157718486667
104,0.395313891924
105,0.0157170296015
106,0.232283707079
107,0.0
108,0.506830115824
109,0.166753763811
110,0.375827151788
111,0.506306806341
112,0.00153645554229
113,0.0
114,0.121766314008
115,0.374534026535
116,0.15161160836
117,0.435189797743
118,0.187471132663
119,0.426711959732
120,0.122534191148
121,0.496295644242
122,0.295421761664
123,0.0742604987014
124,0.361935836991
125,0.00139885121276
126,0.233070509443
127,0.0957666000385
128,0.339684938723
129,0.329346657154
130,0.594678564346
131,0.515737921567
132,0.474979283248
133,0.377542525397
134,0.0
135,0.301650626854
136,0.319188600309
137,0.399801823248
138,0.318231255266
139,0.547548536111
140,0.280332959674
141,0.464001369443
142,0.15685348519
