site,dnds
1,0.335528997484
2,0.364109224459
3,0.145774994421
4,0.0861742658795
5,0.591054270427
6,0.28961008159
7,0.385596641425
8,0.139747337656
9,0.29968667824
10,0.0798960791752
11,0.20627507804
12,0.427213660352
13,0.390134107961
14,0.18315068024
15,0.034237728685
16,0.509322577633
17,0.184418208287
18,0.443974593918
19,0.0544154875894
20,0.503195394472
21,0.0703040679217
22,0.308845438738
23,0.167638281714
24,0.420837830761
25,0.636811393224
26,0.217021059771
27,0.376829126741
28,0.28680425132
29,0.497838244622
30,0.12402012071
31,0.442578598716
32,0.0107188076569
33,0.499392780959
34,0.150717366912
35,0.0
36,0.140902912019
37,0.143118942267
38,0.201062797182
39,0.700825464548
40,0.262619795074
41,0.313693831967
42,0.48015637632
43,0.205850733286
44,0.170236276957
45,0.482607753064
46,0.121048595994
47,0.119422659447
48,0.444550416413
49,0.0259064035079
50,0.061966410057
51,0.373898817988
52,0.290899095542
53,0.523902366387
54,0.349792237957
55,0.278588983611
56,0.207291416991
57,0.281423993994
58,0.176460236232
59,0.507832479872
60,0.0
61,0.399874553083
62,0.376024316873
63,0.393672608506
64,0.32006444346
65,0.210936895766
66,0.240541451028
67,0.64052033686
68,0.514823021156
69,0.0
70,0.387337783044
71,0.461084700632
72,0.299303649468
73,0.19324221189
74,0.115956083376
75,0.214386576801
76,0.200495134
77,0.50247251628
78,0.294744237477
79,0.463623050038
80,0.304867787445
81,0.504678671567
82,0.227277613346
83,0.518838622428
84,0.106629134437
85,0.499668272181
86,0.317666613293
87,0.053612945026
88,0.604659692778
89,0.619024252411
90,0.00511540007076
91,0.0882368758073
92,0.516699184259
93,0.219689243326
94,0.454748459027
95,0.314746110507
96,0.450822314903
97,0.187435216447
98,0.134458145037
99,0.0319543568803
100,0.0055309316967
101,0.146772493776
102,0.356239114848
103,0.31425078224
104,0.0
105,0.0869559852849
106,0.00355605500242
107,0.261121835136
108,0.071178833092
109,0.0622918570134
110,0.396359259878
111,0.463091732446
112,0.463121123519
113,0.275368323842
114,0.182294861132
115,0.168931954695
116,0.154104100259
117,0.392827233868
118,0.398680653981
119,0.0660827076671
120,0.412300890347
121,0.408911783541
