site,dnds
1,0.238072635378
2,0.232727668799
3,0.122738657712
4,0.14479198917
5,0.322631542608
6,0.425245767929
7,0.293832505953
8,0.48149129904
9,0.255999478613
10,0.0822941883753
11,0.234872324567
12,0.316909108446
13,0.453614927359
14,0.296132330908
15,0.26869462769
16,0.317662292541
17,0.562287613079
18,0.396246279919
19,0.241323414322
20,0.26661968534
21,0.442800175522
22,0.357725223016
23,0.625378847362
24,0.248446936666
25,0.540284734743
26,0.401182325326
27,0.493056282107
28,0.636022092716
29,0.316003003015
30,0.501250754425
31,0.397114897384
32,0.274383291107
33,0.350927534838
34,0.436353969577
35,0.455049011448
36,0.0
37,0.429191986476
38,0.385287531585
39,0.195864075911
40,0.420591298415
41,0.0220990163463
42,0.47363205184
43,0.0
44,0.153922275231
45,0.316456904565
46,0.0450233232124
47,0.562185550958
48,0.354244938076
49,0.322598608811
50,0.0
51,0.547170166718
52,0.400253861313
53,0.3900896399
54,0.521302827578
55,0.0125729758604
56,0.145478040726
57,0.121136882391
58,0.396462713746
59,0.465574044724
60,0.400579757943
61,0.374394848238
62,0.00787857956287
63,0.420184051378
64,0.0733754220595
65,0.418769319169
66,0.433259842534
67,0.0
68,0.348489910021
69,0.177921272075
70,0.558623507083
71,0.43886592663
72,0.205975877206
73,0.152935213311
74,0.226178260985
75,0.206136129778
76,0.358303160145
77,0.169869269753
78,0.252990297938
79,0.0
80,0.0
81,0.263290561507
82,0.0824602606857
83,0.489504214221
84,0.323831577156
85,0.00511540007076
86,0.488433147421
87,0.428093289596
88,0.532528115209
89,0.126738242673
90,0.205596632414
91,0.128290657174
92,0.312947363278
93,0.111814262749
94,0.402694756649
95,0.0328403728705
96,0.46354359893
97,0.260718266268
98,0.45640335663
99,0.0857388919546
100,0.301711252397
101,0.510178150363
102,0.0481112433569
103,0.243646751685
104,0.406570433478
105,0.436606903703
106,0.058679944794
107,0.294082027115
108,0.482261357284
109,0.51365022424
110,0.277471154779
111,0.194424351911
112,0.0
113,0.0746509631391
114,0.26746843345
115,0.176864566086
116,0.437527486307
117,0.147964143283
118,0.469668399289
119,0.279277256587
120,0.44714969131
121,0.561026885442
122,0.472843392788
123,0.00640291976621
124,0.341974122112
125,0.619714873434
126,0.556326140108
127,0.137425740084
128,0.0108783900438
129,0.0815990884535
130,0.168960168667
131,0.366639729444
132,0.439486892924
133,0.502197223624
134,0.0993192487801
135,0.155465743085
136,0.475966776254
137,0.400498252413
138,0.198213049678
139,0.374791451439
140,0.243489021425
141,0.449018701183
142,0.150754776702
143,0.0159707253128
144,0.456375325826
145,0.289989575441
146,0.0
