site,dnds
1,0.0219576764417
2,0.368598153711
3,0.29742432005
4,0.392609699178
5,0.473513989883
6,0.49568322495
7,0.0256180391936
8,0.516034357041
9,0.268912442521
10,0.48915166212
11,0.438082009289
12,0.164909466459
13,0.51263867389
14,0.445255955566
15,0.389630518292
16,0.146895332263
17,0.341004596433
18,0.334768889825
19,0.0094386162885
20,0.315890589513
21,0.210612258203
22,0.261351475476
23,0.20622173854
24,0.470976168876
25,0.341047263961
26,0.199211779617
27,0.15827518196
28,0.103643246196
29,0.470071304655
30,0.481808472261
31,0.143571501073
32,0.458140953618
33,0.240628008889
34,0.333400438353
35,0.19998461971
36,0.44978510336
37,0.164188533025
38,0.759188328713
39,0.4868508173
40,0.603350368017
41,0.681305376635
42,0.0
43,0.299739017714
44,0.32929966965
45,0.0249975695338
46,0.433731206462
47,0.073310527976
48,0.314578591106
49,0.29239839622
50,0.400026105312
51,0.124365860425
52,0.322724690615
53,0.255768259111
54,0.526511320434
55,0.0
56,0.180873028429
57,0.120658268363
58,0.535738734457
59,0.226907266447
60,0.112335583365
61,0.552119993583
62,0.301187097322
63,0.464335733453
64,0.526955358114
65,0.448333303576
66,0.707944400956
67,0.515609771073
68,0.391720207136
69,0.438328046706
70,0.348937592269
71,0.612006632026
72,0.376144969588
73,0.458567510396
74,0.12483205654
75,0.299226226341
76,0.388946629211
77,0.19813517881
78,0.240136121962
79,0.308318111064
80,0.121374003166
81,0.323400955756
82,0.463341874728
83,0.489012266675
84,0.185592245124
85,0.401143930189
86,0.475181265591
87,0.423999213479
88,0.445222879269
89,0.227198787662
90,0.130122115268
91,0.409819313591
92,0.218195447189
93,0.0
94,0.294514905859
95,0.164955580828
96,0.376448000442
97,0.63391948975
98,0.419951859214
99,0.468959766317
100,0.568220115597
101,0.333854186722
102,0.213330839584
103,0.347567391024
104,0.438683633518
105,0.300488428003
106,0.518180458376
107,0.0
108,0.332362600621
109,0.375102367525
110,0.281455352284
111,0.252325718528
112,0.490266510744
113,0.395263571812
114,0.392353949443
115,0.342333178152
116,0.292875363741
117,0.24399028721
118,0.327106090705
119,0.432702608607
120,0.125009644507
121,0.222570059103
122,0.366882147379
123,0.369813526414
124,0.156731061071
125,0.379223216441
126,0.392413441349
127,0.575817541344
128,0.176578459565
129,0.40685022162
130,0.355134554333
