site,dnds
1,0.0706966832077
2,0.0839669823052
3,0.384156702102
4,0.512832847084
5,0.226027992178
6,0.359705583788
7,0.373891402642
8,0.277946691961
9,0.0505002902499
10,0.178595037828
11,0.222648234917
12,0.277975483877
13,0.291231318775
14,0.0641788616181
15,0.321096553912
16,0.319090527013
17,0.554395757776
18,0.297828460931
19,0.316713589442
20,0.260828861298
21,0.508995370585
22,0.643850029963
23,0.255826866813
24,0.147619677455
25,0.469436037609
26,0.483813930802
27,0.0
28,0.124368442154
29,0.137833930249
30,0.0937418312087
31,0.154199570933
32,0.337435651761
33,0.123688453543
34,0.467886583638
35,0.239857100154
36,0.449285655164
37,0.0646593658305
38,0.00669979425364
39,0.551558658073
40,0.322233777712
41,0.251074048818
42,0.145857117471
43,0.489229450326
44,0.0400647513672
45,0.0
46,0.0885720873165
47,0.203058389977
48,0.203895350644
49,0.313882564853
50,0.593719745592
51,0.105237914632
52,0.389025413345
53,0.025595716937
54,0.331100192074
55,0.362454667422
56,0.226892473801
57,0.382032170062
58,0.412391283389
59,0.196134293247
60,0.258109158705
61,0.398574534809
62,0.158697653743
63,0.190652630633
64,0.416967060732
65,0.0833661726379
66,0.404287730413
67,0.259348065182
68,0.260104319827
69,0.54618392516
70,0.1680179173
71,0.341528816949
72,0.298417585427
73,0.144878715351
74,0.418503601725
75,0.39345337453
76,0.378835360918
77,0.655295835642
78,0.413371309872
79,0.286338763251
80,0.461920302711
81,0.506445943506
82,0.606942366918
83,0.318881403731
84,0.333536562258
85,0.457956130328
86,0.475085187572
87,0.439941905964
88,0.0250757830361
89,0.0935598704565
90,0.420987014573
91,0.431267521191
92,0.402238199292
93,0.407392309681
94,0.333138658597
95,0.479127377605
96,0.526598630746
97,0.349912380293
98,0.294598737384
99,0.255282373359
100,0.327218437893
101,0.0192645781593
102,0.446300201582
103,0.159999477442
104,0.354345448964
105,0.328749261131
106,0.279687673249
107,0.19698027734
108,0.0
109,0.623885017435
110,0.398690640437
111,0.349115422732
112,0.114467637929
113,0.209408460713
114,0.572201764912
115,0.245698863167
116,0.274056530424
117,0.160400482893
118,0.168925379338
119,0.387757323042
120,0.0151273487724
121,0.382911526441
122,0.179449897581
123,0.251638266857
124,0.0
125,0.416098363153
126,0.138179021962
127,0.291978127834
128,0.518104373784
129,0.353848405709
130,0.471639295409
131,0.0
132,0.254346892772
133,0.0806275509112
134,0.376576630038
135,0.311596682735
136,0.130140240275
137,0.171436670759
138,0.338853183589
139,0.404844253309
140,0.33688903794
141,0.276849605524
142,0.224110153028
143,0.31602983373
144,0.436964930468
145,0.407877879442
146,0.274521618422
147,0.348217311128
148,0.433086753312
149,0.50831735382
150,0.334564760346
151,0.484650705948
152,0.141253493572
153,0.389483168191
154,0.416932586194
155,0.418692613542
156,0.271927883236
157,0.243356205083
158,0.533737267283
159,0.447566708838
160,0.166567177098
161,0.534783479487
162,0.508936056725
163,0.311665778888
164,0.3821029938
165,0.0528148257718
