site,dnds
1,0.132898825166
2,0.303489383656
3,0.244904339616
4,0.440648482571
5,0.38873808752
6,0.306687645457
7,0.046372286966
8,0.234543173443
9,0.178642401015
10,0.318530697878
11,0.0608169563412
12,0.0838860551878
13,0.267415107023
14,0.601240488514
15,0.306413178341
16,0.208480130326
17,0.436172574388
18,0.466859524121
19,0.457080317289
20,0.399849701333
21,0.520873582626
22,0.278667513716
23,0.498778896528
24,0.355077209011
25,0.0189085271616
26,0.0
27,0.0589367625978
28,0.0535604375143
29,0.400027482851
30,0.468229850362
31,0.277764174833
32,0.451941388588
33,0.264334877908
34,0.0053134353389
35,0.397544817324
36,0.306427267978
37,0.168456801103
38,0.571178663304
39,0.0131626957958
40,0.520671965422
41,0.359771909761
42,0.299644696367
43,0.47784359013
44,0.034546120382
45,0.00718544973669
46,0.469619459257
47,0.514854016279
48,0.466412913504
49,0.562724542631
50,0.0
51,0.327110591015
52,0.162981943273
53,0.178263193923
54,0.507280314633
55,0.142600993732
56,0.610562632392
57,0.210202365329
58,0.655740262861
59,0.488544476277
60,0.497179536679
61,0.323153361627
62,0.584889602662
63,0.297589147295
64,0.428506623473
65,0.598966684486
66,0.00275343654852
67,0.432817267088
68,0.552767788121
69,0.350834737564
70,0.452511586693
71,0.221641146354
72,0.699585673533
73,0.0555474307806
74,0.65358198342
75,0.302206842956
76,0.00242606346369
77,0.384079309797
78,0.496320286917
79,0.0975920157134
80,0.291752743584
81,0.0298064135526
82,0.228499025179
83,0.304739789004
84,0.0947684501848
85,0.169708379475
86,0.43530808739
87,0.446945844432
88,0.0598383275406
89,0.238163198748
90,0.254702195483
91,0.140855470244
92,0.0607176841334
93,0.459149837425
94,0.20094987733
95,0.0546074282444
