site,dnds
1,0.264605075237
2,0.536008099316
3,0.361098839262
4,0.175694676464
5,0.338349675767
6,0.221730638124
7,0.210025648047
8,0.473057512529
9,0.686701155009
10,0.669443780237
11,0.00770999424196
12,0.0458442906946
13,0.365723840289
14,0.286526503424
15,0.243439159475
16,0.521777268049
17,0.51660820736
18,0.480979701984
19,0.406028736522
20,0.0792365200751
21,0.509394761954
22,0.398728747933
23,0.603421042826
24,0.0953918561575
25,0.589984122066
26,0.491208634443
27,0.55365420907
28,0.142710459818
29,0.153092006508
30,0.156870909306
31,0.284444743314
32,0.174028621842
33,0.239184701682
34,0.277953546785
35,0.418175022058
36,0.501079745811
37,0.316921569388
38,0.418947888067
39,0.398958423746
40,0.301046610136
41,0.0
42,0.575726341407
43,0.429816500335
44,0.682626229038
45,0.353325474233
46,0.443616031118
47,0.147479219252
48,0.276353093613
49,0.36293176439
50,0.478392552206
51,0.334947405569
52,0.161271864433
53,0.0
54,0.0
55,0.273165726544
56,0.387627224463
57,0.37032843144
58,0.282602267092
59,0.184779521136
60,0.404051401132
61,0.311123232959
62,0.262860828834
63,0.406777430166
64,0.513954839585
65,0.395300560721
66,0.361912388827
67,0.0322010721301
68,0.0489777608798
69,0.502377444454
70,0.195411535421
71,0.213618593034
72,0.309704210573
73,0.448767020424
74,0.0435878180805
75,0.552101367869
76,0.008197003881
77,0.0233424949359
78,0.0591335538936
79,0.404714167042
80,0.344163786528
81,0.160951941462
82,0.499550315413
83,0.357403648898
84,0.319363412915
85,0.27969589104
86,0.358512470317
87,0.384863637982
88,0.559689144131
89,0.305858478848
90,0.00516535766174
91,0.280939273462
92,0.268028029742
93,0.307006000646
94,0.0952592269087
95,0.239363774161
96,0.358354988942
97,0.494664415167
98,0.531903064631
99,0.103722077768
100,0.555048944979
101,0.242362347179
102,0.273891579045
103,0.522973584721
104,0.451252459683
105,0.368957677173
106,0.494594095843
107,0.401519104621
108,0.388881223125
109,0.0540456238301
110,0.653063381755
111,0.376148187876
112,0.431321127373
113,0.0256074079061
114,0.480715791315
115,0.27789490796
116,0.242546617081
117,0.252680773557
118,0.0906781784407
119,0.0
120,0.193172548353
121,0.206726752641
122,0.173391225689
123,0.304311100819
124,0.372938223111
125,0.316040368358
126,0.504441275471
127,0.0922132695719
128,0.336400933135
129,0.193980542292
130,0.456425497105
131,0.0346961896889
132,0.515449791444
133,0.244535674843
134,0.58406669502
135,0.282229872964
136,0.556444475861
137,0.181266367414
138,0.144127404517
139,0.336459940019
140,0.282687317203
141,0.268891003554
142,0.4231810168
143,0.33426833383
144,0.439474580937
145,0.46505196452
146,0.26428925956
147,0.283800888092
148,0.141553358857
149,0.0
150,0.496148621838
151,0.140423089371
152,0.126349075601
153,0.285937204684
154,0.04089265431
155,0.473380851795
156,0.166111453977
157,0.413321883878
158,0.543833555784
159,0.371713228372
160,0.549856331589
161,0.13799471369
162,0.441310175644
163,0.52467702357
164,0.502508776554
165,0.452249149728
166,0.0392350794611
167,0.349645916976
168,0.390944160356
169,0.341515317709
170,0.0970635096365
171,0.45855866322
172,0.294484240457
173,0.0
174,0.0168318855795
175,0.49024305639
176,0.17236036993
177,0.48721164038
178,0.193062336625
179,0.492059812464
180,0.176508375422
181,0.00942740082917
182,0.313483636994
183,0.200744487524
184,0.187585003904
185,0.148326044292
186,0.296470298125
187,0.49190868948
188,0.357561095765
189,0.587617675945
190,0.422464933053
191,0.313300183833
192,0.599459053365
193,0.234289628181
194,0.00695002968411
