site,dnds
1,0.293785828107
2,0.351072894215
3,0.126228081394
4,0.174170314769
5,0.2962767926
6,0.150373703973
7,0.239899552168
8,0.0225378736778
9,0.143277683197
10,0.486922714618
11,0.0341197742499
12,0.0302034049955
13,0.339258284718
14,0.560689744762
15,0.48296917507
16,0.379442617319
17,0.0145581535107
18,0.524660410968
19,0.569408626453
20,0.453773048531
21,0.352962701942
22,0.444816149958
23,0.216154787887
24,0.128411553913
25,0.33388258133
26,0.429231746846
27,0.327946659725
28,0.0
29,0.0803086240294
30,0.544519549396
31,0.383154804168
32,0.387483785504
33,0.541548651515
34,0.189989421406
35,0.160704886977
36,0.292606841454
37,0.411631339713
38,0.285112357281
39,0.372931128794
40,0.195553550264
41,0.0200673573564
42,0.358418349441
43,0.305884176972
44,0.191822321296
45,0.45065444615
46,0.761389572768
47,0.289916287632
48,0.230925734042
49,0.306155498524
50,0.343733334602
51,0.28936254002
52,0.37003975005
53,0.307562690011
54,0.396914264056
55,0.389784869411
56,0.201971127115
57,0.378805894679
58,0.495835070841
59,0.318570881084
60,0.21528201739
61,0.249012342224
62,0.466944843141
63,0.509040118417
64,0.326886718205
65,0.0
66,0.362494399597
67,0.344027670861
68,0.358349711996
69,0.14994119149
70,0.224981846474
71,0.319703636213
72,0.282357522463
73,0.250700077237
74,0.231171772481
75,0.0718403251663
76,0.395384341827
77,0.0
78,0.159927707137
79,0.161350100122
80,0.417223223949
81,0.374474106201
82,0.190088776455
83,0.320168344116
84,0.346796974242
85,0.160367767984
86,0.53701871405
87,0.359944304339
88,0.177029669834
89,0.270857931166
90,0.0248896691427
91,0.401516266121
92,0.433306865985
93,0.498747766585
94,0.239088804573
95,0.623225443189
96,0.489663097603
97,0.141397828695
98,0.111991214345
99,0.470434746407
100,0.187573113673
101,0.16509919064
102,0.0913892433888
103,0.35614613048
104,0.0993462771721
105,0.129193295414
106,0.548456131864
107,0.415993123321
108,0.314491778356
109,0.396400602877
110,0.456065761405
111,0.0314981845229
112,0.481713288617
113,0.448887371823
114,0.0
115,0.510537433883
116,0.169931312993
117,0.044367723641
118,0.337556303259
119,0.404279310934
120,0.13482103356
121,0.043900657794
122,0.108688814635
123,0.138746406911
124,0.348141793018
125,0.324221616976
126,0.0557531735834
127,0.144763221755
128,0.0463416504385
129,0.457756574515
130,0.428649099043
131,0.0639911974137
132,0.167287301245
133,0.395458766986
134,0.294665689079
135,0.426067092377
136,0.508032714989
137,0.37141167606
138,0.298484860858
139,0.247124993908
140,0.353125229318
141,0.236117794503
142,0.436852173014
143,0.0
144,0.160555028472
145,0.233296743404
146,0.0921009687409
147,0.279213345957
148,0.349577378994
149,0.377561409453
150,0.350362654401
151,0.0
152,0.415603106442
153,0.406440916688
154,0.207920729017
155,0.233722453119
156,0.20554699183
157,0.235575023016
158,0.187416173545
159,0.544437133231
160,0.145530839347
161,0.41373693993
162,0.410725214619
163,0.1769857754
164,0.337065343433
165,0.402988883281
166,0.231185171459
167,0.0941580491009
168,0.324661077279
169,0.299194779007
170,0.0851998553347
171,0.154265610762
172,0.467023511747
173,0.0265418300093
174,0.0915893002426
175,0.00433011474369
176,0.200306591594
177,0.00849544319281
178,0.264845137423
179,0.252517164098
