site,dnds
1,0.0663586557862
2,0.443498427128
3,0.468048754778
4,0.433498389081
5,0.615463133761
6,0.426772777689
7,0.29057951578
8,0.0263984422953
9,0.535661302379
10,0.556227583242
11,0.463649051221
12,0.0577908590235
13,0.569446665507
14,0.061690336667
15,0.480253108063
16,0.363887692435
17,0.608428665802
18,0.317316058541
19,0.504122325949
20,0.264109604992
21,0.581989353925
22,0.535534009416
23,0.396493187301
24,0.448816979285
25,0.206844257909
26,0.0
27,0.245635151379
28,0.591734431001
29,0.544947090228
30,0.192303469855
31,0.515064190486
32,0.381823314925
33,0.200524084512
34,0.105941561398
35,0.155678277611
36,0.256269705782
37,0.347424944461
38,0.250395329985
39,0.318986219076
40,0.0
41,0.488348638094
42,0.446080274369
43,0.452056473821
44,0.294002593493
45,0.21831187043
46,0.0812951101809
47,0.206491491619
48,0.0225229839416
49,0.479875851891
50,0.46573191344
51,0.555349760653
52,0.38962324513
53,0.4206557214
54,0.463718571295
55,0.612849130942
56,0.367975751224
57,0.530383319928
58,0.00504997343895
59,0.19868178681
60,0.346292861456
61,0.313612717443
62,0.49307329815
63,0.142913826906
64,0.571791879767
65,0.0
66,0.531848593032
67,0.439294143085
68,0.0
69,0.575248707591
70,0.54535274616
71,0.417458557437
72,0.0
73,0.142696598273
74,0.413692854885
75,0.145786772989
76,0.525658502398
77,0.435557993512
78,0.170436521818
79,0.397045955964
80,0.733951844323
81,0.217452993924
82,0.132154422773
83,0.391871450378
84,0.0
85,0.492479488008
86,0.405561882122
87,0.599353766047
88,0.318394314753
89,0.383015899769
90,0.179446370682
91,0.303662191938
92,0.30803367015
93,0.280931558865
94,0.232444157464
95,0.0
96,0.395467283569
97,0.320228721009
98,0.553539849529
99,0.221184571818
100,0.493777644361
101,0.672002988125
102,0.506790801485
103,0.410667691739
104,0.436159733967
105,0.471553350688
106,0.214317253942
107,0.263042558483
108,0.394320533991
109,0.359941537309
110,0.0
111,0.577156127412
112,0.0
113,0.152520021714
114,0.168537057856
115,0.378182560819
116,0.587117801182
117,0.139622200716
118,0.260848461008
119,0.501280355708
120,0.140689544138
121,0.508872040996
122,0.520988769058
123,0.445700268437
124,0.433154148941
