site,dnds
1,0.589647010664
2,0.489626157437
3,0.486102956888
4,0.539746548782
5,0.147128029141
6,0.303401343443
7,0.147294182676
8,0.270908450346
9,0.523173725774
10,0.0542700157398
11,0.38772413108
12,0.411215758174
13,0.370804583944
14,0.215178739997
15,0.455891695702
16,0.36997308554
17,0.536011281475
18,0.487626272237
19,0.310742960993
20,0.0
21,0.20007145387
22,0.319571453916
23,0.0351986299825
24,0.245771886208
25,0.180698544328
26,0.503988123062
27,0.391876645235
28,0.046395832311
29,0.130596483752
30,0.086581217184
31,0.093570425003
32,0.598730788738
33,0.0743654370181
34,0.620276020517
35,0.133586338107
36,0.515249675432
37,0.442304021437
38,0.335184189957
39,0.278808287264
40,0.458013182317
41,0.497762385662
42,0.128904107102
43,0.452696840675
44,0.157870903313
45,0.292799116501
46,0.431959536726
47,0.201587882291
48,0.404245419033
49,0.346177412741
50,0.317567937933
51,0.190556945151
52,0.10033930661
53,0.217129734128
54,0.0186418994076
55,0.208058908551
56,0.591205551926
57,0.469576779181
58,0.429241733369
59,0.246024425255
60,0.11794668641
61,0.259453291077
62,0.321174136774
63,0.250176299013
64,0.464013394216
65,0.282620427433
66,0.373692516011
67,0.547051805487
68,0.193021671769
69,0.0
70,0.0746670757592
71,0.344387352797
72,0.206385636123
73,0.307485401036
74,0.298283204714
75,0.209620627962
76,0.43536277765
77,0.214363365945
78,0.123241104795
79,0.521352194036
80,0.319632633878
81,0.144486405364
82,0.393705524194
83,0.30370228583
84,0.225593126239
85,0.426691507047
86,0.362729234449
87,0.520216724903
88,0.499631634545
89,0.581174768589
90,0.396714674068
91,0.555947562913
92,0.463894780278
93,0.375739889742
94,0.364930717255
95,0.308185803931
96,0.384303589325
97,0.0
98,0.483732226496
99,0.388692432783
100,0.136143822629
101,0.502705100018
102,0.284483734802
103,0.288452907176
104,0.472564595131
105,0.311601222792
106,0.20791624889
107,0.54748087158
108,0.0
109,0.572005088182
110,0.526714731086
111,0.40227432604
112,0.33794698755
113,0.578051194519
114,0.597892687226
115,0.597106446253
116,0.502310650176
117,0.428116648859
118,0.166069262352
119,0.339722553969
120,0.427319778488
121,0.331720174865
122,0.258495874547
123,0.0206898252347
124,0.190953802798
125,0.423894110256
126,0.433608982916
127,0.320719358784
128,0.0382313613651
129,0.379684324498
130,0.582042058472
131,0.327001081127
132,0.312786672326
133,0.140309889247
134,0.28441955944
135,0.15115871335
136,0.595364389835
137,0.473575612698
138,0.377886342597
139,0.542045835968
140,0.666337477629
141,0.243307621856
142,0.576450182305
143,0.353163235969
144,0.545677110353
145,0.154336424416
146,0.397301854256
147,0.137838355514
148,0.27458985578
149,0.209035073293
150,0.443407205253
151,0.262959691375
152,0.368523758361
153,0.615802344646
154,0.436551763601
155,0.320142492203
156,0.556479388996
157,0.327621533814
158,0.530402627583
159,0.583282028732
160,0.0724914904987
161,0.0584353618157
162,0.115253212159
163,0.39766838596
164,0.0
165,0.0770531261216
166,0.00980266392822
167,0.149801645165
168,0.324322392206
169,0.0479374309502
170,0.368631784331
171,0.1661464
172,0.406736744394
173,0.0295860722228
174,0.481647117945
175,0.078160883795
176,0.540991344439
177,0.073306180846
178,0.418331368454
179,0.510491935486
180,0.665314271349
181,0.262179160508
182,0.473904023637
183,0.346035438481
184,0.339957253175
185,0.528281778673
186,0.0
187,0.728163148151
188,0.533950634159
189,0.654868216331
190,0.261537962181
191,0.488196573142
192,0.0520355501903
193,0.379841111346
194,0.236110350827
