site,dnds
1,0.389554274618
2,0.328809727428
3,0.0
4,0.249281174988
5,0.601539758289
6,0.212135516437
7,0.276556033523
8,0.479399813345
9,0.416289258263
10,0.601321551524
11,0.0206118499737
12,0.279282422156
13,0.431824718839
14,0.205429410837
15,0.0
16,0.315160813907
17,0.182666748095
18,0.660366093945
19,0.0105119608433
20,0.293959835805
21,0.0774745736263
22,0.148232404726
23,0.574544639982
24,0.420181608628
25,0.501885147154
26,0.47938624119
27,0.336382237608
28,0.438111816465
29,0.473929816776
30,0.215567665077
31,0.455933568086
32,0.493468837838
33,0.421792366903
34,0.0249040241477
35,0.0828435276353
36,0.0916594869841
37,0.0
38,0.115821864779
39,0.252123945407
40,0.45132446634
41,0.758723713557
42,0.352355465578
43,0.254431069552
44,0.306627929702
45,0.0
46,0.255663461469
47,0.314791694144
48,0.542858005279
49,0.0
50,0.239611505721
51,0.491322149462
52,0.188669929795
53,0.0
54,0.0422030228358
55,0.0190538365234
56,0.530264400298
57,0.436907297162
58,0.249793544395
59,0.4807098221
60,0.531724964774
61,0.150206411052
62,0.479883379228
63,0.461254618849
64,0.147357688746
65,0.344620172476
66,0.479430493914
67,0.498997205928
68,0.647414984432
69,0.0
70,0.184241940858
71,0.253316262826
72,0.335324905046
73,0.284344857863
74,0.398556741573
75,0.110872058255
76,0.358436018324
77,0.519619467071
78,0.42812052245
79,0.552293820488
80,0.267817669212
81,0.205870096223
82,0.191313736727
83,0.506824622812
84,0.325337479905
85,0.514475623886
86,0.237058721865
87,0.177516199689
88,0.434629402549
89,0.401121031673
90,0.515475181484
91,0.169468813538
92,0.146338594177
93,0.479341618844
94,0.20412942148
95,0.470326264835
96,0.285132120812
97,0.174945073292
98,0.158006345676
