"site","rate"
1,NA
2,NA
3,NA
4,0.1438
5,0.0116
6,0.02358
7,0.01253
8,0.02519
9,0.01505
10,0.01221
11,0.01304
12,0.0116
13,NA
14,NA
15,NA
16,NA
17,NA
18,0.1327
19,0.02519
20,0.01475
21,0.1505
22,0.02358
23,0.157
24,0.02358
25,0.01253
26,0.01304
27,0.01253
28,0.01639
29,0.02358
30,0.01253
31,0.2902
32,0.01357
33,0.0116
34,0.02298
35,0.04729
36,0.01357
37,0.0116
38,0.0116
39,0.01714
40,0.02358
41,0.01242
42,0.01242
43,0.02298
44,0.01304
45,0.01071
46,0.2867
47,0.2255
48,0.02358
49,0.1861
50,0.02298
51,0.01483
52,0.02102
53,0.3049
54,0.04729
55,0.02358
56,0.01071
57,0.01253
58,0.2089
59,0.1986
60,0.01483
61,0.01505
62,0.02298
63,0.02679
64,0.02519
65,0.02358
66,0.02358
67,0.02102
68,0.04729
69,0.01714
70,0.02298
71,0.2034
72,0.9999
73,0.4067
74,0.04729
75,0.01207
76,0.2849
77,0.7549
78,0.01483
79,0.01639
80,0.01253
81,0.01475
82,0.01304
83,0.01221
84,0.01253
85,0.1545
86,0.4002
87,0.02102
88,0.02358
89,1.027
90,0.282
91,0.3217
92,0.4027
93,0.01207
94,0.01253
95,0.1782
96,0.0116
97,0.01714
98,0.02102
99,0.02358
100,0.01253
101,0.02397
102,0.01714
103,0.0116
104,0.02102
105,0.2106
106,0.02358
107,0.01639
108,0.01221
109,0.02358
110,0.1508
111,0.01253
112,0.0116
113,0.02298
114,0.01483
115,0.323
116,0.2505
117,0.0116
118,0.02358
119,0.0116
120,0.01071
121,0.02358
122,0.01071
123,0.02102
124,0.01221
125,0.01253
126,0.01483
127,0.2072
128,0.1457
129,0.2844
130,0.01483
131,0.01253
132,0.01221
133,0.02358
134,0.02298
135,0.02519
136,0.02358
137,0.01207
138,0.02358
139,0.01253
140,0.2875
141,0.01304
142,0.02102
143,0.417
144,0.02358
145,0.6612
146,0.02519
147,0.4342
148,0.01071
149,0.01242
150,0.01221
151,0.01253
152,0.01475
153,0.02358
154,0.01639
155,0.01505
156,NA
157,NA
158,NA
159,NA
160,NA
161,NA
162,NA
163,NA
164,NA
165,NA
166,NA
167,NA
168,NA
169,NA
170,NA
171,NA
172,NA
