"site","rate"
1,NA
2,0.2464
3,0.1826
4,0.2499
5,0.1982
6,1.403
7,0.8502
8,1.487
9,4.85
10,0.2499
11,1.584
12,1.02
13,2.412
14,0.1826
15,5.578
16,0.4513
17,1.146
18,1.107
19,0.9737
20,0.3073
21,1.523
22,1.127
23,5.446
24,0.7993
25,1.811
26,0.3131
27,2.45
28,0.8421
29,1.02
30,2.116
31,0.1815
32,1.184
33,0.744
34,3.465
35,0.173
36,0.3073
37,0.3156
38,1.203
39,4.139
40,1.399
41,0.2764
42,1.112
43,0.3131
44,0.9368
45,4.477
46,1.146
47,1.522
48,2.122
49,0.9808
50,0.1883
51,1.056
52,5.437
53,0.1963
54,0.7546
55,1.391
56,0.9347
57,1.182
58,0.936
59,0.8982
60,0.2265
61,0.7675
62,0.1982
63,0.3157
64,0.8159
65,0.7516
66,0.1963
67,0.3131
68,0.7323
69,0.2464
70,0.1963
71,0.1815
72,0.8982
73,1.219
74,0.3156
75,0.1963
76,0.2764
77,0.8382
78,2.065
79,0.2464
80,0.3156
81,0.1963
82,0.4513
83,1.682
84,0.173
85,0.8555
86,0.1815
87,0.3058
88,0.8825
89,0.2046
90,0.2499
91,3.35
92,0.3058
93,0.3131
94,0.2464
95,0.4513
96,0.3073
97,0.8686
98,0.2499
99,0.7447
100,NA
101,NA
102,3.755
103,2.526
104,0.7629
105,0.7257
106,0.2499
107,1.172
108,0.4513
109,0.2265
110,1.203
111,1.398
112,0.3157
113,5.412
114,1.107
115,0.3131
116,0.8982
117,1.054
118,2.617
119,1.905
120,0.2764
121,1.662
122,1.219
123,0.2464
124,1.302
125,1.289
126,5.504
127,5.378
128,0.3157
129,0.2127
130,0.9808
131,0.1963
132,0.1963
133,0.3131
134,1.015
135,0.4513
136,0.2235
137,0.2499
138,0.2265
139,0.7257
140,0.3058
141,0.3073
142,1.17
143,1.4
144,1.125
145,1.056
146,1.108
147,0.1815
148,2.6
149,2.062
150,0.3131
151,1.142
152,2.762
153,1.523
154,0.2046
155,1.755
156,1.853
157,0.2464
158,0.3157
159,0.2499
160,0.2046
161,0.2764
162,0.3058
163,1.519
164,0.7257
165,1.446
166,2.457
167,1.427
168,0.7323
169,0.2499
170,0.2464
171,0.1883
172,0.3131
173,0.173
174,0.2265
175,0.1883
176,0.1982
177,0.2235
178,0.2235
179,0.2235
180,0.1826
181,3.366
182,0.8454
183,1.218
184,0.1826
185,3.287
186,0.3058
187,3.628
188,0.2265
189,0.8686
190,1.997
191,1.084
192,NA
193,0.2235
194,0.3058
195,0.2764
196,0.2046
197,0.8791
198,4.378
199,0.2464
200,0.1938
201,1.891
202,0.9746
203,0.4513
204,0.3156
205,0.2235
206,0.2464
207,0.3073
208,4.799
209,1.421
210,0.3058
211,2.062
212,1.161
213,0.9648
214,1.355
215,0.1963
216,0.3073
217,0.1826
218,0.2764
219,0.2764
220,0.4513
221,0.3058
222,0.8413
223,0.8584
224,0.1826
225,0.2499
226,1.466
227,0.3058
228,0.8618
229,0.173
230,0.3058
231,1.332
232,0.9531
233,0.3131
234,1.841
235,0.1963
236,0.1815
237,0.3058
238,0.3131
239,0.1963
240,0.2499
241,0.3131
242,0.8469
243,0.2464
244,2.227
245,1.024
246,0.3058
247,0.2499
248,1.36
249,0.8738
250,1.688
251,0.9685
252,1.107
253,0.1963
254,0.2499
255,2.661
256,0.7546
257,0.7323
258,1.203
259,3.257
260,0.3131
261,2.074
262,2.344
263,1.601
264,1.271
265,2.418
266,1.127
267,0.8372
268,2.048
269,0.2265
270,0.9737
271,0.2046
272,0.2265
273,3.032
274,3.166
275,1.142
276,0.1963
277,0.8413
278,4.844
279,0.8983
280,5.136
281,1.914
282,2.009
283,1.271
284,4.294
285,1.127
286,1.175
287,2.38
288,2.318
289,1.225
290,0.1963
291,1.195
292,1.203
293,0.3131
294,2.159
295,1.021
296,1.987
297,0.7471
298,0.7136
299,0.1963
300,1.217
301,1.882
302,0.8495
303,0.2127
304,1.219
305,0.1963
306,0.2127
307,0.1982
308,0.2265
309,0.1815
310,4.195
311,0.3073
312,0.173
313,0.173
314,1.208
315,0.3157
316,0.4513
317,1.289
318,1.601
319,0.2499
320,0.1963
321,0.3058
322,1.86
323,0.7632
324,0.2764
325,2.627
326,0.1815
327,0.3073
328,0.2764
329,1.461
330,3.022
331,0.173
332,0.2127
333,0.3073
334,0.3131
335,0.3073
336,0.2464
337,0.3131
338,0.3058
339,1.023
340,2.201
341,0.2764
342,0.8618
343,0.3058
344,1.181
345,0.2499
346,0.2499
347,0.1883
348,1.036
349,0.2499
350,0.1963
351,0.3131
352,1.218
353,1.387
354,0.1815
355,0.2764
356,1.681
357,1.021
358,0.4513
359,0.3058
360,0.2499
361,0.8982
362,1.289
363,1.864
364,0.2464
365,0.3131
366,0.3073
367,0.1963
368,0.2265
369,0.8421
370,1.911
371,0.3073
372,1.33
373,1.81
374,0.1826
375,0.2235
376,0.1982
377,0.3157
378,0.1883
379,0.1938
380,0.2764
381,1.193
382,0.2046
383,0.3131
384,0.1815
385,0.8159
386,0.3058
387,0.2235
388,0.8353
389,0.173
390,0.2464
391,0.8983
392,0.3058
393,0.7323
394,1.217
395,0.3073
396,0.3058
397,0.7632
398,1.379
399,0.2764
400,0.2046
401,0.7839
402,4.596
403,0.2764
404,0.2265
405,0.2265
406,0.1963
407,0.1963
408,0.8811
409,0.3058
410,0.173
411,0.3058
412,0.1938
413,0.1815
414,0.2499
415,0.7675
416,0.7257
417,1.289
418,0.1826
419,1.851
420,1.622
421,0.1815
422,3.775
423,0.7733
424,0.2464
425,2.83
426,1.125
427,0.1826
428,0.2764
429,0.3156
430,0.8416
431,5.21
432,0.8623
433,0.1982
434,1.265
435,2.52
436,0.3131
437,0.3073
438,0.2464
439,1.785
440,0.2127
441,1.023
442,1.495
443,0.3058
444,1.146
445,3.804
446,0.1982
447,2.984
448,2.308
449,0.7382
450,0.2265
451,0.1982
452,0.2046
453,0.1963
454,0.173
455,0.2464
456,0.1938
457,0.3131
458,0.3131
459,0.1938
460,0.2127
461,0.173
462,1.29
463,0.2046
464,0.3058
465,0.2499
466,0.9591
467,0.173
468,0.2764
469,0.3073
470,0.2127
471,0.1826
472,0.1963
473,0.3157
474,1.514
475,0.7323
476,0.2499
477,0.3058
478,0.1826
479,NA
480,NA
481,NA
482,NA
483,NA
484,NA
485,NA
