"site","rate"
1,NA
2,NA
3,NA
4,NA
5,NA
6,NA
7,NA
8,NA
9,NA
10,NA
11,NA
12,NA
13,NA
14,NA
15,NA
16,NA
17,NA
18,NA
19,NA
20,NA
21,NA
22,NA
23,NA
24,NA
25,NA
26,NA
27,NA
28,NA
29,NA
30,NA
31,NA
32,NA
33,NA
34,NA
35,NA
36,NA
37,NA
38,NA
39,NA
40,NA
41,NA
42,NA
43,NA
44,NA
45,NA
46,NA
47,NA
48,NA
49,NA
50,NA
51,NA
52,NA
53,NA
54,NA
55,NA
56,NA
57,NA
58,NA
59,NA
60,NA
61,NA
62,NA
63,NA
64,NA
65,NA
66,NA
67,NA
68,NA
69,NA
70,NA
71,NA
72,NA
73,NA
74,NA
75,NA
76,NA
77,NA
78,NA
79,NA
80,NA
81,NA
82,NA
83,NA
84,NA
85,NA
86,NA
87,NA
88,NA
89,NA
90,NA
91,NA
92,NA
93,NA
94,NA
95,NA
96,NA
97,NA
98,NA
99,NA
100,NA
101,NA
102,NA
103,NA
104,NA
105,NA
106,NA
107,NA
108,NA
109,NA
110,NA
111,NA
112,NA
113,NA
114,NA
115,NA
116,NA
117,NA
118,NA
119,NA
120,NA
121,NA
122,NA
123,NA
124,NA
125,NA
126,NA
127,NA
128,NA
129,NA
130,NA
131,NA
132,NA
133,NA
134,NA
135,NA
136,NA
137,NA
138,NA
139,NA
140,NA
141,NA
142,NA
143,NA
144,NA
145,NA
146,NA
147,NA
148,NA
149,NA
150,NA
151,NA
152,NA
153,NA
154,NA
155,NA
156,NA
157,NA
158,NA
159,NA
160,NA
161,NA
162,NA
163,NA
164,NA
165,NA
166,NA
167,NA
168,NA
169,NA
170,NA
171,NA
172,NA
173,NA
174,NA
175,NA
176,NA
177,NA
178,NA
179,NA
180,NA
181,NA
182,NA
183,NA
184,NA
185,NA
186,NA
187,NA
188,NA
189,NA
190,NA
191,NA
192,NA
193,NA
194,NA
195,NA
196,NA
197,NA
198,NA
199,NA
200,NA
201,NA
202,NA
203,NA
204,NA
205,NA
206,NA
207,NA
208,0.791
209,0.6261
210,0.6622
211,0.7346
212,0.7034
213,0.791
214,0.6622
215,0.791
216,0.791
217,0.791
218,0.7985
219,0.6456
220,0.6826
221,0.791
222,0.775
223,0.7957
224,0.6552
225,0.6552
226,0.6456
227,0.775
228,0.7985
229,0.6826
230,0.6586
231,0.791
232,0.6622
233,0.7019
234,0.6648
235,0.791
236,0.6261
237,0.7346
238,0.6586
239,0.6622
240,0.8069
241,0.7346
242,0.6261
243,0.7957
244,0.7346
245,0.6261
246,0.7957
247,0.6622
248,0.7985
249,0.791
250,0.7034
251,0.6622
252,0.7985
253,0.6826
254,0.7019
255,0.6586
256,0.791
257,0.6261
258,0.7253
259,0.7957
260,0.7253
261,0.6552
262,2.439
263,0.7019
264,0.6622
265,0.6622
266,0.791
267,0.6456
268,0.7066
269,0.791
270,0.6261
271,0.7066
272,0.6456
273,0.7985
274,0.7034
275,0.6622
276,0.7985
277,0.791
278,0.7957
279,4.016
280,0.6648
281,0.775
282,0.775
283,0.6648
284,0.6586
285,2.609
286,0.6648
287,0.7346
288,0.6552
289,2.831
290,0.7019
291,0.6456
292,0.6648
293,0.775
294,0.7066
295,0.775
296,2.874
297,0.7019
298,0.7346
299,0.6261
300,0.791
301,0.7066
302,0.6622
303,0.6648
304,0.775
305,0.775
306,0.6552
307,0.775
308,0.6456
309,0.6586
310,0.7034
311,0.7346
312,0.7957
313,3.06
314,0.6648
315,0.8171
316,0.6648
317,0.8069
318,0.6261
319,0.6261
320,0.7253
321,0.7019
322,2.825
323,0.7253
324,0.6456
325,0.7066
326,0.6622
327,0.791
328,0.7346
329,0.6586
