"site","rate"
1,NA
2,NA
3,NA
4,NA
5,NA
6,NA
7,NA
8,NA
9,NA
10,NA
11,NA
12,NA
13,NA
14,NA
15,NA
16,NA
17,NA
18,NA
19,NA
20,NA
21,NA
22,NA
23,NA
24,NA
25,NA
26,NA
27,NA
28,NA
29,NA
30,NA
31,NA
32,NA
33,NA
34,NA
35,NA
36,NA
37,NA
38,NA
39,NA
40,NA
41,NA
42,NA
43,NA
44,NA
45,NA
46,NA
47,NA
48,NA
49,NA
50,NA
51,NA
52,NA
53,NA
54,NA
55,-0.63
56,-0.503
57,-0.7366
58,-0.2626
59,NA
60,NA
61,NA
62,NA
63,NA
64,NA
65,NA
66,NA
67,NA
68,NA
69,NA
70,NA
71,NA
72,NA
73,NA
74,NA
75,NA
76,NA
77,NA
78,NA
79,NA
80,NA
81,NA
82,NA
83,NA
84,NA
85,NA
86,NA
87,NA
88,NA
89,NA
90,NA
91,NA
92,NA
93,NA
94,NA
95,NA
96,NA
97,NA
98,NA
99,NA
100,NA
101,NA
102,NA
103,NA
104,NA
105,NA
106,NA
107,NA
108,NA
109,NA
110,NA
111,NA
112,NA
113,NA
114,NA
115,NA
116,NA
117,NA
118,NA
119,NA
120,NA
121,NA
122,NA
123,NA
124,NA
125,NA
126,NA
127,NA
128,NA
129,NA
130,NA
131,NA
132,NA
133,NA
134,NA
135,NA
136,NA
137,NA
138,NA
139,NA
140,NA
141,NA
142,NA
143,NA
144,NA
145,NA
146,NA
147,NA
148,NA
149,NA
150,NA
151,NA
152,NA
153,NA
154,NA
155,NA
156,NA
157,NA
158,NA
159,NA
160,NA
161,NA
162,NA
163,NA
164,NA
165,NA
166,NA
167,NA
168,NA
169,NA
170,NA
171,NA
172,2.297
173,1.451
174,NA
175,0.7658
176,4.626
177,0.2328
178,0.8124
179,0.3326
180,-0.3997
181,1.611
182,0.223
183,0.7467
184,-0.6266
185,1.697
186,-0.3792
187,3.162
188,1.178
189,-0.2375
190,-0.746
191,0.7125
192,-0.7306
193,-0.4376
194,-0.2361
195,-0.7251
196,-0.6528
197,-0.63
198,-0.517
199,-0.63
200,-0.0609
201,-0.2964
202,0.2473
203,1.044
204,0.2257
205,-0.2361
206,-0.6528
207,-0.0278
208,-0.0425
209,0.7043
210,-0.433
211,-0.0963
212,-0.5041
213,1.028
214,1.554
215,-0.1525
216,2.32
217,0.9567
218,-0.7104
219,-0.2988
220,-0.6358
221,-0.2764
222,-0.6358
223,-0.7374
224,-0.6528
225,-0.5248
226,-0.7104
227,-0.7366
228,-0.7366
229,-0.503
230,-0.2855
231,-0.6974
232,-0.4865
233,-0.4287
234,-0.6974
235,-0.503
236,-0.2376
237,0.2423
238,-0.63
239,1.368
240,-0.6528
241,-0.2768
242,-0.7104
243,-0.6161
244,-0.7131
245,-0.746
246,0.1349
247,-0.5041
248,0.5333
249,1.464
250,1.71
251,0.8152
252,-0.4721
253,-0.746
254,-0.63
255,1.294
256,-0.6974
257,-0.7399
258,-0.5015
259,-0.4378
260,-0.6358
261,-0.7306
262,-0.1498
263,-0.7251
264,-0.2674
265,-0.0767
266,-0.6266
267,-0.746
268,0.01387
269,-0.1464
270,0.1654
271,-0.6358
272,-0.7555
273,0.02968
274,1.299
275,-0.7104
276,-0.4992
277,0.08847
278,-0.7408
279,-0.6161
280,-0.7408
281,-0.3316
282,0.1934
283,0.9165
284,-0.2388
285,-0.7129
286,-0.6974
287,-0.7374
288,-0.7251
289,-0.2135
290,-0.302
291,-0.7129
292,-0.2818
293,1.151
294,-0.3415
295,-0.2713
296,-0.5039
297,-0.2642
298,-0.4297
299,-0.63
300,-0.6161
301,-0.7399
302,-0.7555
303,-0.746
304,-0.4323
305,-0.7366
306,-0.2999
307,-0.7306
308,-0.63
309,-0.6974
310,-0.5042
311,-0.2671
312,-0.4426
313,-0.7399
314,-0.2138
315,-0.7306
316,-0.5267
317,-0.7374
318,-0.5265
319,-0.6528
320,-0.2801
321,-0.63
322,0.7907
323,4.913
324,0.204
325,0.464
326,-0.6266
327,-0.6528
328,-0.4405
329,-0.7555
330,-0.5115
331,-0.0249
332,3.267
333,-0.7399
334,5.001
335,-0.7129
336,0.9406
337,-0.6974
338,3.178
339,-0.3924
340,-0.7399
341,-0.6528
342,-0.3981
343,-0.7104
344,-0.7555
345,-0.4523
346,0.1784
347,0.7341
348,-0.63
349,2.155
350,1.938
351,-0.4523
352,0.2101
353,-0.5266
354,0.6976
355,0.2113
356,5.143
357,-0.63
358,0.879
359,-0.3027
360,-0.5015
361,-0.4523
362,-0.6266
363,-0.5009
364,-0.6528
365,-0.5515
366,-0.2735
367,-0.3643
368,0.6444
369,-0.63
370,-0.281
371,0.1228
372,-0.5101
373,-0.2674
374,-0.2343
375,-0.1497
376,-0.6358
377,0.4259
378,-0.3793
379,-0.2845
380,0.1865
381,-0.0643
382,2.335
383,-0.7366
384,0.6697
385,-0.7131
386,-0.6358
387,-0.7555
388,-0.7104
389,-0.3792
390,-0.746
391,0.2006
392,0.7667
393,0.5844
394,-0.6974
395,-0.6161
396,3.434
397,-0.3792
398,-0.5266
399,1.729
400,1.832
401,0.4412
402,-0.4394
403,-0.4523
404,-0.7129
405,-0.2019
406,-0.5014
407,-0.0182
408,-0.746
409,-0.746
410,-0.7129
411,-0.7399
412,-0.7555
413,-0.0955
414,-0.7306
415,-0.63
416,-0.504
417,-0.7408
418,-0.214
419,1.682
420,-0.0304
421,1.406
422,-0.7104
423,-0.7366
424,-0.51
425,-0.4373
426,-0.2813
427,-0.7104
428,-0.7104
429,-0.6018
430,0.01917
431,-0.3791
432,-0.6528
433,-0.2608
434,-0.7399
435,1.766
436,0.00765
437,1.23
438,-0.2227
439,1.547
440,-0.3966
441,-0.4324
442,-0.7366
443,-0.0421
444,-0.6358
445,-0.7374
446,-0.63
447,-0.6528
448,0.019
449,-0.2824
450,0.2357
451,-0.5266
452,0.6422
453,-0.0498
454,-0.5514
455,-0.7374
456,-0.7374
457,-0.7131
458,-0.7104
459,-0.433
460,-0.63
461,-0.7104
462,1.204
463,-0.2227
464,-0.7104
465,0.1806
466,4.814
467,2.948
468,-0.1314
469,-0.0951
470,0.1311
471,-0.4394
472,-0.7131
473,-0.6161
474,1.622
475,1.087
476,1.396
477,-0.63
478,-0.1243
479,-0.6528
480,0.9632
481,0.6495
482,0.1872
483,-0.4388
484,0.2081
485,-0.1624
486,-0.3984
487,-0.7374
488,0.04054
489,-0.4523
490,-0.2272
491,-0.3986
492,-0.2658
493,-0.6899
494,-0.4842
495,-0.6358
496,-0.2392
497,-0.161
498,-0.262
499,0.2071
500,0.02862
501,-0.746
502,-0.6528
503,-0.6974
504,-0.2227
505,-0.7399
506,-0.0348
507,-0.6528
508,-0.0543
509,1.058
510,-0.2137
511,0.9023
512,-0.6528
513,-0.3753
514,-0.4303
515,0.2089
516,-0.0657
517,0.9144
518,0.7046
519,-0.2615
520,1.146
521,-0.1457
522,-0.2227
523,-0.3983
524,0.6744
525,-0.7104
526,-0.2372
527,-0.1258
528,-0.63
529,-0.6974
530,0.2806
531,-0.7104
532,0.2503
533,-0.5267
534,-0.2126
535,-0.2552
536,0.8017
537,-0.6358
538,-0.2383
539,0.4155
540,-0.4295
541,-0.63
542,0.133
543,-0.2432
544,-0.283
545,-0.7366
546,0.9226
547,-0.6358
548,0.1798
549,5.134
550,1.804
551,-0.2497
552,-0.0195
553,0.1165
554,-0.0955
555,-0.63
556,0.3846
557,0.8989
558,-0.6161
559,2.666
560,-0.7129
561,-0.4341
562,2.582
563,0.2277
564,-0.1491
565,0.205
566,0.1808
567,-0.2212
568,4.006
569,1.93
570,-0.5131
571,-0.0520
572,-0.4401
573,-0.2651
574,-0.6358
575,-0.3977
576,-0.3985
577,-0.5133
578,1.933
579,-0.0891
580,-0.5011
581,-0.3986
582,-0.0126
583,-0.4523
584,0.6096
585,1.191
586,-0.0933
587,-0.2227
588,NA
589,0.5174
590,4.292
591,-0.0616
592,1.192
593,0.1686
594,-0.1179
595,0.09443
596,1.006
597,-0.4523
598,-0.2371
599,-0.4391
600,-0.0056
601,0.1497
602,0.9672
603,-0.6161
604,-0.3284
605,-0.4393
606,-0.6528
607,1.257
608,-0.0294
609,-0.2372
610,0.2234
611,-0.3997
612,0.2011
613,-0.6899
614,-0.0928
615,-0.6266
616,-0.0248
617,-0.0264
618,-0.2101
619,-0.7104
620,0.8389
621,NA
622,NA
