"site","rate"
1,NA
2,NA
3,NA
4,NA
5,NA
6,NA
7,NA
8,NA
9,NA
10,NA
11,NA
12,NA
13,NA
14,NA
15,NA
16,NA
17,NA
18,NA
19,NA
20,NA
21,NA
22,NA
23,NA
24,NA
25,NA
26,NA
27,NA
28,NA
29,NA
30,NA
31,NA
32,NA
33,NA
34,NA
35,NA
36,NA
37,NA
38,NA
39,NA
40,NA
41,NA
42,NA
43,NA
44,NA
45,NA
46,NA
47,NA
48,NA
49,NA
50,NA
51,NA
52,NA
53,NA
54,NA
55,NA
56,NA
57,NA
58,NA
59,NA
60,NA
61,NA
62,NA
63,NA
64,NA
65,NA
66,NA
67,NA
68,NA
69,NA
70,NA
71,NA
72,NA
73,NA
74,NA
75,NA
76,NA
77,NA
78,NA
79,NA
80,NA
81,NA
82,NA
83,NA
84,NA
85,NA
86,NA
87,NA
88,NA
89,NA
90,NA
91,NA
92,NA
93,NA
94,NA
95,NA
96,NA
97,NA
98,NA
99,NA
100,NA
101,NA
102,NA
103,NA
104,NA
105,NA
106,NA
107,NA
108,NA
109,NA
110,NA
111,NA
112,NA
113,NA
114,NA
115,NA
116,NA
117,NA
118,NA
119,NA
120,NA
121,NA
122,NA
123,NA
124,NA
125,NA
126,NA
127,NA
128,NA
129,NA
130,NA
131,NA
132,NA
133,NA
134,NA
135,NA
136,NA
137,NA
138,NA
139,NA
140,NA
141,NA
142,NA
143,NA
144,NA
145,NA
146,NA
147,NA
148,NA
149,NA
150,NA
151,NA
152,NA
153,NA
154,NA
155,NA
156,NA
157,NA
158,NA
159,NA
160,NA
161,NA
162,NA
163,NA
164,NA
165,NA
166,NA
167,NA
168,NA
169,NA
170,NA
171,NA
172,NA
173,NA
174,NA
175,NA
176,NA
177,NA
178,NA
179,NA
180,NA
181,-0.3581
182,4.666
183,-0.5009
184,-0.3333
185,1.244
186,-0.4194
187,1.176
188,1.148
189,2.728
190,-0.5359
191,-0.5136
192,-0.3333
193,-0.4631
194,-0.3333
195,1.078
196,-0.3581
197,-0.3253
198,0.8083
199,-0.3253
200,-0.4194
201,-0.5359
202,1.168
203,-0.4194
204,-0.5212
205,-0.3333
206,-0.3581
207,-0.4639
208,0.9302
209,-0.5212
210,1.397
211,-0.4631
212,-0.5159
213,-0.5212
214,-0.4639
215,-0.4639
216,2.819
217,-0.3333
218,1.168
219,-0.5359
220,-0.5159
221,-0.5136
222,-0.3333
223,-0.5159
224,-0.3581
225,-0.5359
226,-0.4582
227,-0.5136
228,-0.5136
229,-0.5159
230,-0.5159
231,-0.433
232,-0.5009
233,-0.5159
234,-0.433
235,2.501
236,-0.3333
237,1.17
238,-0.3253
239,-0.3333
240,-0.3581
241,-0.5136
242,-0.4582
243,-0.3069
244,-0.4639
245,-0.5359
246,NA
247,NA
248,NA
249,NA
250,NA
251,NA
252,NA
253,NA
254,-0.3253
255,-0.5239
256,1.268
257,-0.5212
258,-0.5136
259,-0.4631
260,-0.5136
261,-0.5009
262,-0.2891
263,-0.489
264,-0.5159
265,-0.5359
266,-0.3333
267,-0.5359
268,-0.489
269,-0.4582
270,-0.3333
271,1.007
272,-0.559
273,1.526
274,-0.5239
275,NA
276,-0.5136
277,-0.3581
278,-0.5239
279,-0.3069
280,-0.5239
281,-0.3333
282,-0.3206
283,-0.5136
284,-0.5009
285,-0.4631
286,-0.433
287,-0.5159
288,-0.489
289,-0.3206
290,-0.5359
291,-0.4631
292,-0.3581
293,-0.5159
294,0.8088
295,-0.5212
296,-0.5159
297,-0.5159
298,-0.4582
299,-0.3253
300,-0.3069
301,-0.5212
302,0.9643
303,-0.5359
304,1.34
305,-0.5136
306,-0.433
307,-0.3333
308,-0.3253
309,-0.433
310,-0.5159
311,-0.5159
312,-0.5159
313,-0.5212
314,1.652
315,-0.5009
316,-0.5359
317,-0.5159
318,-0.5359
319,1.516
320,-0.3581
321,1.638
322,-0.5359
323,0.8704
324,-0.4631
325,-0.3581
326,1.649
327,-0.3581
328,-0.4631
329,-0.559
330,0.9154
331,0.9557
332,-0.3581
333,-0.5212
334,-0.489
335,-0.4631
336,-0.3333
337,-0.4639
338,-0.4631
339,1.269
340,2.531
341,-0.354
342,-0.4588
343,1.186
344,0.9472
345,-0.1522
346,-0.559
347,-0.559
348,-0.3253
349,NA
350,NA
351,NA
352,NA
353,-0.3069
354,2.961
355,-0.1522
356,0.9343
357,0.8739
358,2.918
359,-0.3069
360,3.901
361,-0.3253
362,-0.4194
363,-0.5359
364,-0.5136
365,-0.1522
366,-0.3206
367,-0.5136
368,-0.5159
369,-0.559
370,-0.5136
371,1.31
372,-0.5009
373,-0.3253
374,-0.5239
375,-0.433
376,-0.5212
377,1.01
378,1.084
379,-0.2891
380,-0.3333
381,-0.4639
382,-0.4582
383,-0.5159
384,-0.3253
385,-0.4194
386,4.238
387,1.028
388,2.539
389,-0.4639
390,-0.3333
391,0.9141
392,-0.4582
393,1.326
394,0.8079
395,-0.3069
396,-0.4631
397,-0.5359
398,-0.433
399,-0.3069
400,-0.3581
401,-0.4194
402,1.722
403,-0.4194
404,-0.5239
405,-0.3253
406,1.195
407,2.138
408,-0.4631
409,-0.3206
410,-0.5136
411,-0.5212
412,-0.5359
413,-0.5359
414,-0.4631
415,-0.5212
416,-0.559
417,NA
418,NA
419,NA
420,-0.5159
421,-0.5239
422,-0.3206
423,-0.3253
424,-0.5159
425,-0.559
426,-0.4582
427,-0.5136
428,-0.5212
429,-0.4631
430,-0.2891
431,-0.4582
432,-0.4194
433,-0.559
434,-0.5136
435,1.312
436,-0.3581
437,2.38
438,-0.5212
439,-0.3333
440,-0.433
441,1.274
442,1.647
443,-0.433
444,-0.3253
445,-0.4582
446,-0.5136
447,0.9693
448,-0.3333
449,1.574
450,-0.5239
451,-0.3581
452,-0.559
453,-0.3581
454,-0.5212
455,-0.5359
456,0.7834
457,-0.5159
458,-0.559
459,-0.5159
460,-0.5159
461,-0.4639
462,-0.4582
463,-0.4582
464,-0.3253
465,-0.4582
466,-0.5136
467,1.634
468,-0.4582
469,-0.5239
470,-0.3581
471,2.471
472,-0.4639
473,-0.5136
474,-0.3253
475,-0.4631
476,-0.433
477,-0.3069
478,1.174
479,-0.3069
480,-0.3253
481,-0.3253
482,3.9
483,0.8861
484,-0.559
485,-0.433
486,4.083
487,-0.4631
488,4.599
489,-0.5239
490,-0.3333
491,-0.5159
492,-0.489
493,-0.1522
494,-0.5359
495,-0.433
496,-0.5159
497,-0.4194
498,-0.5212
499,1.027
500,-0.3333
501,-0.4631
502,-0.5239
503,-0.5212
504,-0.489
505,2.683
506,-0.3581
507,-0.5239
508,-0.3253
509,-0.3333
510,-0.5136
511,0.9547
512,-0.4639
513,-0.3333
514,-0.3069
515,-0.3253
516,-0.3581
517,-0.433
518,-0.4582
519,2.945
520,-0.4194
521,-0.5159
522,3.373
523,-0.5359
524,-0.5009
525,-0.4631
526,1.657
527,-0.433
528,-0.3069
529,-0.4582
530,-0.3333
531,-0.4582
532,-0.3253
533,-0.433
534,-0.433
535,1.309
536,-0.4194
537,-0.5239
538,-0.3206
539,-0.3333
540,-0.433
541,-0.3333
542,1.595
543,-0.4582
544,-0.5359
545,-0.5159
546,-0.4631
547,-0.3333
548,-0.3581
549,-0.5136
550,-0.1522
551,-0.3333
552,-0.5159
553,-0.3069
554,1.31
555,-0.5136
556,-0.5159
557,2.249
558,0.9211
559,-0.3253
560,0.9312
561,-0.4639
562,-0.3069
563,-0.5359
564,-0.4631
565,-0.4582
566,4.239
567,-0.1522
568,-0.2891
569,-0.3206
570,-0.4631
571,-0.3253
572,-0.3581
573,-0.4582
574,-0.5359
575,-0.5239
576,-0.5159
577,-0.5212
578,-0.3333
579,-0.433
580,-0.4631
581,5.173
582,2.398
583,-0.433
584,-0.5136
585,-0.433
586,-0.5212
587,0.9625
588,-0.5359
589,-0.4582
590,2.603
591,-0.3253
592,-0.433
593,-0.4582
594,-0.4194
595,2.569
596,-0.3333
597,-0.4194
598,-0.3581
599,-0.4582
600,-0.1522
601,-0.3333
602,1.157
603,-0.5159
604,-0.4582
605,-0.5136
606,-0.3069
607,-0.5159
608,-0.4631
609,-0.489
610,-0.4639
611,0.9484
612,-0.3333
613,-0.4194
614,-0.1522
615,-0.3206
616,-0.4194
617,1.162
618,-0.3206
619,-0.5159
620,0.9481
621,-0.3253
622,-0.4194
623,NA
