"site","rate"
1,NA
2,NA
3,NA
4,NA
5,NA
6,NA
7,NA
8,NA
9,NA
10,NA
11,NA
12,NA
13,NA
14,NA
15,NA
16,NA
17,NA
18,NA
19,NA
20,NA
21,NA
22,NA
23,NA
24,NA
25,NA
26,NA
27,NA
28,NA
29,NA
30,NA
31,NA
32,NA
33,NA
34,NA
35,NA
36,NA
37,NA
38,NA
39,NA
40,NA
41,NA
42,NA
43,-0.5236
44,-0.3549
45,-0.5236
46,-0.481
47,0.6747
48,-0.4146
49,-0.5433
50,-0.3949
51,-0.416
52,-0.0089
53,2.242
54,-0.5433
55,-0.3643
56,-0.4215
57,0.3126
58,-0.2995
59,-0.5069
60,-0.4018
61,0.5953
62,-0.2202
63,-0.4791
64,-0.4076
65,-0.2969
66,-0.1935
67,-0.0392
68,-0.4362
69,-0.458
70,-0.4866
71,-0.3513
72,-0.4875
73,-0.1992
74,-0.5109
75,0.3055
76,-0.4052
77,-0.5197
78,0.7232
79,-0.1732
80,-0.5307
81,-0.0023
82,-0.5211
83,-0.451
84,-0.3692
85,-0.4183
86,-0.4559
87,-0.5187
88,3.397
89,3.367
90,-0.5401
91,-0.4531
92,0.07421
93,-0.4351
94,-0.5425
95,-0.4975
96,-0.4356
97,-0.4207
98,-0.5401
99,2.202
100,-0.5404
101,-0.1623
102,-0.0140
103,-0.5403
104,2.909
105,0.3015
106,-0.4298
107,1.105
108,0.5228
109,-0.0536
110,-0.0062
111,-0.2167
112,-0.4413
113,0.6217
114,-0.4699
115,0.6267
116,-0.2695
117,-0.5426
118,-0.48
119,1.164
120,-0.5425
121,0.177
122,-0.4931
123,2.215
124,0.05977
125,-0.5328
126,-0.0341
127,1.908
128,-0.507
129,-0.3048
130,-0.5186
131,-0.476
132,1.47
133,-0.4875
134,-0.4725
135,-0.4506
136,-0.2411
137,-0.4049
138,-0.5441
139,-0.4933
140,6.898
141,-0.5236
142,-0.224
143,0.02199
144,-0.4856
145,-0.1715
146,-0.3198
147,-0.468
148,-0.257
149,-0.3859
150,-0.4926
151,-0.5401
152,1.592
153,-0.1736
154,-0.0563
155,0.9211
156,1.201
157,-0.5426
158,3.367
159,3.434
160,-0.4868
161,-0.4692
162,2.267
163,-0.5235
164,-0.5425
165,-0.4145
166,3.409
167,-0.5116
168,-0.5328
169,0.09416
170,-0.3727
171,-0.4507
172,1.988
173,2.216
174,-0.4974
175,-0.3641
176,-0.2355
177,1.055
178,NA
179,-0.4974
180,-0.3062
181,0.4299
182,-0.4903
183,-0.3658
184,-0.5048
185,-0.0825
186,-0.507
187,-0.4159
188,-0.4845
189,-0.0128
190,0.6019
191,0.7382
192,-0.0222
193,NA
194,NA
195,NA
196,-0.5321
197,-0.3838
198,-0.4985
199,1.321
200,-0.4839
201,-0.4092
202,-0.1541
203,-0.4696
204,-0.4844
205,2.105
206,-0.4943
207,-0.4397
208,-0.5328
209,NA
210,NA
211,NA
212,NA
213,NA
214,0.2466
215,-0.5183
216,-0.5401
217,-0.465
218,-0.5291
219,NA
220,NA
221,NA
222,NA
223,NA
224,-0.4639
225,-0.4681
226,-0.109
227,-0.4907
228,-0.4368
229,-0.2364
230,-0.2549
231,1.003
232,-0.0608
233,1.833
234,0.03855
235,-0.3395
236,-0.2257
237,6.898
238,-0.2043
239,0.3506
240,-0.4332
241,-0.4858
242,2.244
243,-0.2435
244,-0.3486
245,-0.4856
246,-0.3691
247,-0.5388
248,-0.3553
249,-0.523
250,-0.4094
251,2.276
252,-0.3869
253,-0.5014
254,-0.5425
255,0.3135
256,0.3004
257,-0.4804
258,-0.4404
259,2.272
260,0.4768
261,-0.3988
262,0.8184
263,0.8049
264,-0.4349
265,3.411
266,6.855
267,-0.4473
268,-0.3706
269,-0.4376
270,-0.2714
271,0.5392
272,NA
273,NA
274,-0.5306
275,-0.4022
276,-0.4619
277,-0.4747
278,-0.359
279,-0.3854
280,-0.4795
281,-0.4996
282,-0.4659
283,-0.4563
284,-0.5433
285,NA
286,NA
287,NA
288,NA
289,NA
290,-0.3998
291,3.414
292,-0.5116
293,-0.4694
294,-0.2113
295,0.417
296,-0.4601
297,-0.2224
298,0.04101
299,-0.3454
300,-0.4711
301,NA
302,NA
303,-0.2972
304,0.287
305,-0.4215
306,-0.2062
307,-0.4405
308,0.3102
309,-0.0731
310,0.1587
311,-0.4378
312,0.2762
313,1.037
314,0.8079
315,-0.4877
316,1.861
317,-0.3178
318,-0.4875
319,-0.4618
320,-0.3871
321,-0.5401
322,-0.4862
323,-0.5306
324,1.274
325,NA
326,NA
327,NA
328,-0.5321
329,-0.5321
330,-0.5345
331,-0.1207
332,0.6288
333,-0.4849
334,-0.5236
335,1.357
336,-0.478
337,-0.3322
338,0.5782
339,-0.4673
340,-0.5297
341,-0.1359
342,-0.442
343,-0.508
344,-0.4761
345,-0.4784
346,-0.4545
347,-0.4364
348,-0.3418
349,-0.4667
350,-0.1658
351,-0.3852
352,-0.436
353,-0.4296
354,0.1662
355,-0.4205
356,-0.5191
357,-0.4916
358,0.6476
359,-0.4883
360,-0.4142
361,-0.1891
362,-0.1458
363,-0.4683
364,-0.4645
365,6.898
366,-0.4926
367,-0.4643
368,0.00504
369,0.1192
370,-0.4119
371,-0.4614
372,0.4704
373,NA
374,NA
375,NA
376,NA
377,NA
378,NA
379,NA
380,NA
381,NA
382,NA
383,NA
384,NA
385,NA
386,NA
387,NA
388,NA
389,NA
390,NA
391,NA
392,NA
393,NA
394,NA
395,NA
396,NA
397,NA
398,NA
399,NA
400,NA
401,NA
402,NA
403,NA
404,NA
405,NA
406,NA
407,NA
408,NA
409,NA
410,NA
411,NA
412,NA
413,NA
414,NA
415,NA
416,NA
417,NA
418,NA
419,NA
420,NA
421,NA
422,NA
423,NA
424,NA
425,NA
426,NA
427,NA
428,NA
429,NA
430,NA
431,NA
432,NA
433,NA
434,NA
435,NA
436,NA
437,NA
438,NA
439,NA
440,NA
441,NA
442,NA
443,NA
444,NA
445,NA
446,NA
447,NA
448,NA
449,NA
450,NA
451,NA
452,NA
453,NA
454,NA
455,-0.2315
456,3.439
457,1.956
458,0.6176
459,0.5209
460,-0.3416
461,-0.4876
462,-0.4656
463,-0.1783
464,-0.4857
465,-0.4775
466,-0.5013
467,NA
468,NA
469,NA
470,NA
471,-0.4369
472,-0.4398
473,-0.2989
474,-0.383
475,0.01978
476,-0.3728
477,-0.4228
478,0.7738
479,NA
480,NA
481,NA
482,NA
483,NA
484,NA
485,NA
486,-0.5321
487,-0.2096
488,0.5269
489,-0.4265
490,-0.4511
491,0.8483
492,-0.0843
493,1.736
494,-0.4343
495,-0.3254
496,0.3146
497,-0.4276
498,-0.3616
499,-0.209
500,-0.5148
501,-0.5406
502,-0.4974
503,-0.5109
504,-0.4808
505,-0.4766
506,NA
507,-0.4026
508,-0.4077
509,-0.5345
510,-0.4857
511,-0.4815
512,0.761
513,-0.4933
514,NA
515,NA
516,NA
517,NA
518,NA
519,0.9292
520,-0.2773
521,0.1335
522,-0.3471
523,-0.5067
524,-0.4406
525,-0.4222
526,-0.0050
527,-0.456
528,-0.393
529,-0.543
530,-0.407
531,-0.4962
532,-0.4961
533,-0.5416
534,-0.4865
535,-0.5203
536,-0.5145
537,-0.459
538,0.1838
539,-0.3733
540,1.814
541,2.897
542,-0.4781
543,0.3286
544,-0.3357
545,-0.2179
546,-0.5281
547,-0.1918
548,-0.4805
549,-0.5174
550,-0.4724
551,-0.4409
552,-0.3642
553,0.2359
554,0.06449
555,-0.4069
556,0.8657
557,0.1271
558,-0.5061
559,-0.4869
560,-0.5148
561,-0.4146
562,-0.4236
563,NA
564,NA
565,NA
566,NA
567,NA
568,NA
569,NA
570,NA
571,NA
572,-0.4739
573,0.1238
574,0.3273
575,-0.3522
576,-0.368
577,-0.4079
578,0.6307
579,-0.4105
580,-0.4773
581,-0.0282
582,NA
583,NA
584,NA
585,NA
586,NA
587,NA
588,NA
589,NA
590,NA
591,NA
592,NA
593,NA
594,NA
595,NA
596,NA
597,NA
598,NA
599,NA
600,NA
601,NA
602,NA
603,NA
604,NA
605,NA
606,NA
607,NA
608,NA
609,NA
610,NA
611,NA
612,NA
613,NA
614,NA
615,NA
616,NA
617,NA
618,NA
619,NA
620,NA
621,NA
622,NA
623,NA
624,NA
625,NA
626,NA
627,NA
628,NA
629,NA
630,NA
631,NA
632,NA
633,NA
634,NA
635,NA
636,NA
637,NA
638,NA
639,NA
640,NA
641,NA
642,NA
643,NA
644,NA
645,NA
646,NA
647,NA
648,NA
649,NA
650,NA
651,NA
652,NA
653,NA
654,NA
655,NA
656,NA
657,NA
658,NA
659,NA
660,NA
661,NA
662,NA
663,NA
664,NA
665,NA
666,NA
667,NA
668,NA
669,NA
670,NA
671,NA
672,NA
673,NA
674,NA
675,NA
676,NA
677,NA
678,NA
679,NA
680,NA
681,NA
682,NA
683,NA
684,NA
685,NA
686,NA
687,NA
688,NA
689,NA
690,NA
691,NA
692,NA
693,NA
694,NA
695,NA
696,NA
697,NA
698,NA
699,NA
700,NA
701,NA
702,NA
703,NA
704,NA
705,NA
706,NA
707,NA
708,NA
709,NA
710,-0.4876
711,-0.5321
712,-0.4593
713,NA
714,NA
715,-0.4449
716,-0.3918
717,-0.2592
718,0.384
719,-0.4577
720,-0.4932
721,-0.3423
722,-0.1993
723,-0.5096
724,NA
725,NA
726,NA
727,NA
728,NA
729,1.412
730,-0.5109
731,-0.1838
732,0.5719
733,0.9801
734,0.6788
735,-0.3369
736,NA
737,NA
738,NA
739,NA
740,NA
741,-0.5415
742,-0.2544
743,-0.4358
744,0.2419
745,NA
746,NA
747,NA
748,NA
749,NA
750,NA
751,NA
752,0.06331
753,-0.4876
754,1.594
755,0.3415
756,-0.3536
757,-0.2187
758,-0.0035
759,-0.4876
760,0.5663
761,NA
762,NA
763,NA
764,NA
765,NA
766,NA
767,NA
768,NA
769,NA
770,NA
771,NA
772,NA
773,NA
774,NA
775,0.2823
776,0.00379
777,-0.3466
778,NA
779,-0.1792
780,-0.2646
781,-0.2228
782,-0.2245
783,-0.5307
784,-0.3413
785,-0.3797
786,1.551
787,-0.1406
788,-0.48
789,-0.126
790,0.2732
791,-0.4454
792,-0.4876
793,-0.4701
794,-0.0465
795,-0.4943
796,1.932
797,-0.4446
798,-0.461
799,0.2515
800,-0.5109
801,-0.0585
802,-0.5153
803,-0.3915
804,-0.4247
805,0.09831
806,-0.5138
807,-0.5294
808,-0.3018
809,-0.3778
810,-0.5401
811,-0.2242
812,-0.5281
813,-0.4245
814,-0.4865
815,0.8885
816,-0.502
817,-0.4116
818,-0.4892
819,-0.5059
820,-0.5412
821,-0.3708
822,0.6912
823,0.1674
824,-0.5305
825,-0.5386
826,-0.4995
827,-0.5305
828,-0.5297
829,-0.2106
830,-0.4933
831,-0.5345
832,-0.4876
833,-0.5401
834,1.012
835,-0.4146
836,-0.3858
837,-0.462
838,-0.5401
839,-0.5426
840,-0.4803
841,1.564
842,-0.3108
843,-0.5401
844,-0.5426
845,3.206
846,-0.5328
847,-0.1361
848,-0.1865
849,0.1884
850,-0.4857
851,-0.3901
852,1.183
853,-0.4931
854,-0.3568
855,2.24
856,-0.4761
857,-0.5321
858,2.479
859,-0.481
860,-0.492
861,-0.4846
862,-0.4462
863,-0.5096
864,-0.5187
865,-0.4154
866,3.439
867,-0.4974
868,-0.5048
869,-0.0351
870,0.1567
871,-0.5328
872,-0.4975
873,-0.4505
874,-0.263
875,0.8838
876,0.3552
877,-0.4933
878,3.439
879,NA
880,NA
881,NA
882,-0.4407
883,-0.5019
884,3.51
885,-0.5096
886,-0.5318
887,0.588
888,-0.2561
889,-0.4378
890,0.3506
891,0.6617
892,-0.4376
893,-0.3638
894,-0.4814
895,-0.1037
896,0.1744
897,-0.4874
898,-0.4783
899,NA
900,NA
901,NA
902,NA
903,NA
904,NA
905,NA
906,NA
907,NA
908,NA
909,NA
910,NA
911,NA
912,NA
913,NA
914,NA
915,NA
916,NA
917,NA
918,NA
919,NA
920,NA
921,NA
