"site","rate"
1,-0.4055
2,-0.3653
3,-0.4327
4,-0.2268
5,-0.3656
6,-0.3352
7,-0.2475
8,2.087
9,2.039
10,-0.3656
11,-0.2373
12,-0.4234
13,-0.4234
14,2.178
15,-0.4234
16,-0.4212
17,NA
18,-0.36
19,-0.4327
20,-0.3352
21,-0.4301
22,-0.3352
23,-0.3656
24,-0.1226
25,-0.4212
26,-0.36
27,-0.3352
28,-0.2373
29,-0.4234
30,-0.2268
31,-0.3656
32,-0.2409
33,-0.2373
34,-0.3653
35,-0.4234
36,-0.36
37,-0.36
38,-0.4212
39,-0.4301
40,-0.3352
41,-0.2475
42,-0.2475
43,2.27
44,2.178
45,4.547
46,-0.2409
47,-0.2409
48,2.054
49,2.189
50,-0.1226
51,-0.3352
52,-0.322
53,-0.3653
54,-0.4234
55,-0.322
56,-0.322
57,-0.4055
58,-0.4301
59,-0.4212
60,-0.2475
61,-0.4234
62,-0.2475
63,-0.4474
64,-0.36
65,-0.2409
66,-0.4327
67,-0.322
68,-0.2674
69,-0.36
70,-0.36
71,-0.4055
72,-0.4055
73,-0.4055
74,-0.322
75,-0.4055
76,-0.477
77,-0.322
78,-0.3352
79,-0.2409
80,-0.322
81,2.054
82,-0.4474
83,-0.4212
84,-0.3352
85,2.054
86,-0.2475
87,-0.4301
88,-0.4327
89,4.371
90,-0.2268
91,-0.322
92,-0.2475
93,-0.322
94,-0.3352
95,-0.2409
96,-0.4327
97,-0.2674
98,-0.477
99,-0.36
100,-0.3653
101,-0.3352
102,-0.2475
103,-0.4474
104,-0.2475
105,-0.477
106,-0.36
107,-0.4212
108,-0.4234
109,-0.4234
110,-0.4234
111,-0.2475
112,-0.4234
113,-0.2409
114,2.658
115,-0.4474
116,-0.2132
117,-0.3656
118,-0.4234
119,-0.2475
120,-0.4212
121,-0.4212
122,-0.2475
123,-0.477
124,-0.3352
125,-0.1226
126,-0.2475
127,-0.2674
128,2.057
129,-0.4474
130,-0.2409
131,-0.4474
132,-0.4474
133,-0.4055
134,-0.3653
135,-0.2409
136,-0.2475
137,-0.477
138,2.39
139,2.054
140,2.466
141,-0.2674
142,-0.36
143,-0.3923
144,-0.4055
145,-0.4055
146,-0.3923
147,2.376
148,-0.477
149,-0.2373
150,-0.4234
151,-0.2409
152,-0.4055
153,-0.4212
154,-0.3653
155,-0.2674
156,-0.477
157,-0.2475
158,-0.2674
159,2.274
160,-0.3653
161,2.459
162,-0.2475
163,-0.36
164,-0.4234
165,-0.4301
166,-0.2475
167,-0.3653
168,-0.4234
169,-0.3923
170,-0.477
171,-0.2475
172,-0.2268
173,-0.2475
174,-0.2475
175,-0.3656
176,-0.2373
177,-0.477
178,-0.36
179,-0.4212
180,-0.4301
181,-0.4327
182,-0.2674
183,-0.4327
184,-0.2475
185,-0.36
186,-0.2409
187,2.192
188,2.005
189,-0.322
190,-0.3352
191,-0.3352
192,2.057
193,-0.4234
194,-0.4234
195,-0.4474
196,-0.2373
197,-0.4474
198,-0.3656
199,-0.2674
200,-0.4055
201,-0.4327
202,-0.4234
203,-0.4234
204,-0.4212
205,-0.4327
206,-0.477
207,2.03
208,-0.2373
209,-0.4301
210,-0.477
211,-0.3923
212,-0.3352
213,-0.322
214,-0.36
215,-0.36
216,4.373
217,-0.2373
218,-0.2475
219,2.267
220,-0.4234
221,-0.2373
222,-0.2409
223,-0.2475
224,-0.4212
225,-0.3653
226,-0.477
227,-0.4327
228,-0.2409
229,-0.322
230,-0.2674
231,-0.477
232,-0.3433
233,-0.3433
234,-0.3415
235,4.379
236,-0.3433
237,2.228
238,2.225
239,-0.2945
240,-0.3433
241,-0.1801
242,4.501
243,-0.3637
244,-0.3433
245,-0.3433
