"site","rate"
1,NA
2,-0.6588
3,-0.718
4,-0.6556
5,-0.7035
6,0.4139
7,-0.0989
8,0.4915
9,3.609
10,-0.6556
11,0.5817
12,0.05843
13,1.349
14,-0.718
15,4.285
16,-0.4689
17,0.1756
18,0.1395
19,0.01553
20,-0.6023
21,0.5253
22,0.1579
23,4.163
24,-0.1462
25,0.7915
26,-0.5969
27,1.384
28,-0.1065
29,0.05846
30,1.075
31,-0.7191
32,0.2108
33,-0.1974
34,2.325
35,-0.7269
36,-0.6023
37,-0.5946
38,0.2279
39,2.951
40,0.4099
41,-0.631
42,0.1439
43,-0.5969
44,-0.0186
45,3.264
46,0.1756
47,0.5236
48,1.08
49,0.02213
50,-0.7127
51,0.09184
52,4.154
53,-0.7053
54,-0.1876
55,0.4022
56,-0.0206
57,0.2083
58,-0.0194
59,-0.0544
60,-0.6773
61,-0.1756
62,-0.7035
63,-0.5946
64,-0.1307
65,-0.1904
66,-0.7053
67,-0.5969
68,-0.2083
69,-0.6588
70,-0.7053
71,-0.7191
72,-0.0544
73,0.243
74,-0.5946
75,-0.7053
76,-0.631
77,-0.1101
78,1.027
79,-0.6588
80,-0.5946
81,-0.7053
82,-0.4689
83,0.6727
84,-0.7269
85,-0.0940
86,-0.7191
87,-0.6038
88,-0.0690
89,-0.6975
90,-0.6556
91,2.219
92,-0.6038
93,-0.5969
94,-0.6588
95,-0.4689
96,-0.6023
97,-0.0819
98,-0.6556
99,-0.1968
100,NA
101,NA
102,2.594
103,1.455
104,-0.1799
105,-0.2144
106,-0.6556
107,0.199
108,-0.4689
109,-0.6773
110,0.2279
111,0.409
112,-0.5946
113,4.131
114,0.1395
115,-0.5969
116,-0.0544
117,0.0901
118,1.539
119,0.879
120,-0.631
121,0.6541
122,0.2433
123,-0.6588
124,0.3203
125,0.3077
126,4.216
127,4.1
128,-0.5946
129,-0.69
130,0.02213
131,-0.7053
132,-0.7053
133,-0.5969
134,0.05429
135,-0.4689
136,-0.6801
137,-0.6556
138,-0.6773
139,-0.2144
140,-0.6038
141,-0.6023
142,0.1975
143,0.4106
144,0.1555
145,0.09184
146,0.1397
147,-0.7191
148,1.524
149,1.024
150,-0.5969
151,0.1714
152,1.674
153,0.5253
154,-0.6975
155,0.7402
156,0.8307
157,-0.6588
158,-0.5946
159,-0.6556
160,-0.6975
161,-0.631
162,-0.6038
163,0.5213
164,-0.2144
165,0.4538
166,1.391
167,0.4362
168,-0.2083
169,-0.6556
170,-0.6588
171,-0.7127
172,-0.5969
173,-0.7269
174,-0.6773
175,-0.7127
176,-0.7035
177,-0.6801
178,-0.6801
179,-0.6801
180,-0.718
181,2.234
182,-0.1034
183,0.2417
184,-0.718
185,2.16
186,-0.6038
187,2.477
188,-0.6773
189,-0.0819
190,0.9644
191,0.1176
192,NA
193,-0.6801
194,-0.6038
195,-0.631
196,-0.6975
197,-0.0721
198,3.172
199,-0.6588
200,-0.7076
201,0.866
202,0.01642
203,-0.4689
204,-0.5946
205,-0.6801
206,-0.6588
207,-0.6023
208,3.563
209,0.4306
210,-0.6038
211,1.025
212,0.1893
213,0.00730
214,0.3688
215,-0.7053
216,-0.6023
217,-0.718
218,-0.631
219,-0.631
220,-0.4689
221,-0.6038
222,-0.1073
223,-0.0913
224,-0.718
225,-0.6556
226,0.4721
227,-0.6038
228,-0.0882
229,-0.7269
230,-0.6038
231,0.3479
232,-0.0035
233,-0.5969
234,0.8197
235,-0.7053
236,-0.7191
237,-0.6038
238,-0.5969
239,-0.7053
240,-0.6556
241,-0.5969
242,-0.102
243,-0.6588
244,1.178
245,0.06186
246,-0.6038
247,-0.6556
248,0.3738
249,-0.0770
250,0.6779
251,0.01075
252,0.1395
253,-0.7053
254,-0.6556
255,1.58
256,-0.1876
257,-0.2083
258,0.2279
259,2.133
260,-0.5969
261,1.036
262,1.286
263,0.5974
264,0.2912
265,1.354
266,0.1579
267,-0.111
268,1.011
269,-0.6773
270,0.01553
271,-0.6975
272,-0.6773
273,1.924
274,2.049
275,0.1714
276,-0.7053
277,-0.1073
278,3.604
279,-0.0543
280,3.875
281,0.8875
282,0.9756
283,0.2912
284,3.094
285,0.1579
286,0.202
287,1.32
288,1.262
289,0.2484
290,-0.7053
291,0.2203
292,0.2279
293,-0.5969
294,1.114
295,0.05926
296,0.9548
297,-0.1946
298,-0.2256
299,-0.7053
300,0.2412
301,0.8582
302,-0.0996
303,-0.69
304,0.2426
305,-0.7053
306,-0.69
307,-0.7035
308,-0.6773
309,-0.7191
310,3.002
311,-0.6023
312,-0.7269
313,-0.7269
314,0.233
315,-0.5946
316,-0.4689
317,0.3083
318,0.5974
319,-0.6556
320,-0.7053
321,-0.6038
322,0.8372
323,-0.1796
324,-0.631
325,1.548
326,-0.7191
327,-0.6023
328,-0.631
329,0.4671
330,1.915
331,-0.7269
332,-0.69
333,-0.6023
334,-0.5969
335,-0.6023
336,-0.6588
337,-0.5969
338,-0.6038
339,0.06147
340,1.153
341,-0.631
342,-0.0882
343,-0.6038
344,0.2079
345,-0.6556
346,-0.6556
347,-0.7127
348,0.07297
349,-0.6556
350,-0.7053
351,-0.5969
352,0.2417
353,0.3985
354,-0.7191
355,-0.631
356,0.671
357,0.05898
358,-0.4689
359,-0.6038
360,-0.6556
361,-0.0544
362,0.3082
363,0.8407
364,-0.6588
365,-0.5969
366,-0.6023
367,-0.7053
368,-0.6773
369,-0.1065
370,0.8849
371,-0.6023
372,0.3462
373,0.7912
374,-0.718
375,-0.6801
376,-0.7035
377,-0.5946
378,-0.7127
379,-0.7076
380,-0.631
381,0.2188
382,-0.6975
383,-0.5969
384,-0.7191
385,-0.1307
386,-0.6038
387,-0.6801
388,-0.1128
389,-0.7269
390,-0.6588
391,-0.0543
392,-0.6038
393,-0.2083
394,0.2407
395,-0.6023
396,-0.6038
397,-0.1796
398,0.3915
399,-0.631
400,-0.6975
401,-0.1605
402,3.375
403,-0.631
404,-0.6773
405,-0.6773
406,-0.7053
407,-0.7053
408,-0.0702
409,-0.6038
410,-0.7269
411,-0.6038
412,-0.7076
413,-0.7191
414,-0.6556
415,-0.1756
416,-0.2144
417,0.3079
418,-0.718
419,0.8292
420,0.6164
421,-0.7191
422,2.613
423,-0.1703
424,-0.6588
425,1.737
426,0.1555
427,-0.718
428,-0.631
429,-0.5946
430,-0.1069
431,3.944
432,-0.0877
433,-0.7035
434,0.2853
435,1.449
436,-0.5969
437,-0.6023
438,-0.6588
439,0.7675
440,-0.69
441,0.06147
442,0.4987
443,-0.6038
444,0.1756
445,2.64
446,-0.7035
447,1.879
448,1.252
449,-0.2028
450,-0.6773
451,-0.7035
452,-0.6975
453,-0.7053
454,-0.7269
455,-0.6588
456,-0.7076
457,-0.5969
458,-0.5969
459,-0.7076
460,-0.69
461,-0.7269
462,0.3087
463,-0.6975
464,-0.6038
465,-0.6556
466,0.00199
467,-0.7269
468,-0.631
469,-0.6023
470,-0.69
471,-0.718
472,-0.7053
473,-0.5946
474,0.5163
475,-0.2083
476,-0.6556
477,-0.6038
478,-0.718
479,NA
480,NA
481,NA
482,NA
483,NA
484,NA
485,NA
