"site","rate"
1,NA
2,NA
3,NA
4,NA
5,NA
6,NA
7,NA
8,NA
9,NA
10,NA
11,NA
12,NA
13,NA
14,NA
15,NA
16,NA
17,NA
18,NA
19,NA
20,NA
21,NA
22,NA
23,NA
24,NA
25,NA
26,NA
27,NA
28,1.658
29,-0.5387
30,0.1563
31,-0.5024
32,-0.541
33,-0.5139
34,-0.167
35,-0.5555
36,-0.538
37,-0.4439
38,3.101
39,-0.5322
40,2.678
41,4.451
42,-0.4439
43,-0.541
44,-0.4439
45,-0.0761
46,-0.441
47,-0.4323
48,-0.541
49,-0.5163
50,-0.5322
51,-0.4203
52,-0.5466
53,-0.5024
54,0.1535
55,-0.0132
56,0.1534
57,0.8237
58,0.3394
59,1.56
60,-0.0376
61,-0.4439
62,-0.5139
63,-0.449
64,-0.1752
65,-0.5163
66,-0.5418
67,-0.5555
68,0.6279
69,-0.5466
70,2.101
71,-0.5024
72,-0.0765
73,-0.5322
74,-0.538
75,0.1547
76,-0.5555
77,-0.5387
78,-0.441
79,-0.5163
80,-0.0373
81,-0.5139
82,-0.5139
83,-0.5418
84,1.446
85,-0.4323
86,-0.449
87,-0.5024
88,NA
89,NA
90,NA
91,NA
92,NA
93,NA
94,NA
95,NA
96,NA
97,-0.0136
98,-0.4957
99,-0.5466
100,-0.4439
101,-0.4439
102,-0.4632
103,-0.1753
104,-0.4323
105,2.63
106,0.3615
107,1.823
108,4.291
109,4.402
110,-0.4957
111,-0.3013
112,4.295
113,-0.5139
114,1.37
115,-0.449
116,2.179
117,-0.449
118,-0.4323
119,-0.5163
120,-0.4957
121,-0.0373
122,-0.5024
123,0.1908
124,-0.5139
125,-0.5139
126,0.1945
127,-0.3013
128,-0.5139
129,0.341
130,-0.5387
131,-0.5418
132,-0.1783
133,0.1712
134,1.698
135,-0.5163
136,-0.1668
137,2.44
138,0.2082
139,0.1713
140,-0.449
141,-0.5466
142,-0.5272
143,2.356
144,-0.5322
145,-0.541
146,-0.3013
147,-0.5272
148,-0.5555
149,-0.5418
150,-0.449
151,-0.5418
152,-0.5163
153,1.592
154,-0.1954
155,-0.4323
156,-0.5163
157,-0.5139
158,-0.5466
159,-0.5139
160,-0.5387
161,-0.449
162,-0.538
163,-0.5139
164,-0.1952
165,-0.4439
166,0.6279
167,-0.5163
168,-0.4632
169,-0.5139
170,-0.5322
171,-0.4203
172,-0.5555
173,-0.449
174,-0.5322
175,-0.5163
176,-0.4439
177,-0.5555
178,-0.5466
179,-0.449
180,-0.4632
181,-0.5139
182,-0.5139
183,-0.5555
184,-0.4439
185,-0.5387
186,-0.167
187,-0.4439
188,-0.167
189,-0.167
190,-0.1644
191,-0.4957
192,-0.4439
193,0.9408
194,-0.4439
195,-0.5466
196,1.841
197,0.212
198,-0.0098
199,-0.5024
200,-0.449
201,-0.1739
202,-0.0779
203,-0.1438
204,-0.1746
205,-0.0136
206,-0.5139
207,-0.4439
208,1.258
209,NA
210,NA
211,NA
212,NA
213,NA
214,NA
215,NA
216,NA
217,NA
218,NA
219,NA
220,-0.5139
221,3.276
222,-0.5466
223,-0.5139
224,2.7
225,-0.5387
226,-0.4323
227,-0.0374
228,-0.5139
229,-0.144
230,-0.4203
231,-0.5418
232,-0.1753
233,-0.449
234,-0.4957
235,-0.4439
236,-0.4957
237,-0.441
238,-0.5163
239,-0.5466
240,-0.1648
241,-0.5387
242,-0.5163
243,3.08
244,-0.1668
245,-0.5322
246,1.42
247,-0.5163
248,-0.5163
249,-0.538
250,-0.5139
251,-0.5024
252,-0.5555
253,-0.5139
254,0.544
255,-0.4632
256,-0.4439
257,-0.5418
258,-0.167
259,-0.5024
260,0.6281
261,-0.5024
262,-0.0868
263,-0.449
264,0.8755
265,-0.441
266,0.1456
267,-0.5387
268,-0.5139
269,-0.5555
270,-0.167
271,-0.449
272,0.5525
273,0.1543
274,-0.5139
275,-0.4439
276,-0.2275
277,-0.1644
278,-0.1662
279,-0.5272
280,-0.4957
281,-0.5555
282,-0.4203
283,-0.449
284,-0.4632
285,-0.5387
286,-0.4203
287,1.324
288,-0.4323
289,-0.4439
290,0.6918
291,0.2093
292,0.2088
293,0.2091
294,-0.2275
295,-0.4439
296,0.1784
297,4.303
298,-0.441
299,0.4267
300,-0.0325
301,-0.5024
302,-0.4439
303,-0.4323
304,-0.5555
305,0.1538
306,-0.538
307,-0.4439
308,0.1997
309,-0.0867
310,-0.4632
311,-0.441
312,0.4462
313,-0.449
314,-0.449
315,-0.5163
316,1.991
317,-0.5555
318,-0.0872
319,0.5768
320,0.2274
321,-0.5555
322,-0.449
323,-0.541
324,-0.5139
325,0.1014
326,-0.1778
327,-0.5024
328,-0.5418
329,-0.4632
330,1.332
331,-0.1257
332,-0.4957
333,-0.5555
334,-0.5163
335,-0.449
336,0.2117
337,-0.3013
338,-0.5322
339,-0.5387
340,-0.4203
341,1.314
342,1.38
343,-0.1668
344,-0.5387
345,0.1831
346,-0.0347
347,-0.5163
348,0.1532
349,-0.0784
350,0.999
351,0.8174
352,-0.2243
353,-0.441
354,-0.541
355,-0.0763
356,-0.4439
357,0.5349
358,1.963
359,-0.538
360,4.102
361,-0.4632
362,-0.5139
363,-0.4439
364,2.728
365,-0.449
366,-0.2274
367,-0.1948
368,-0.5139
369,-0.4439
370,0.2095
371,-0.5163
372,-0.1753
373,-0.5387
374,-0.5555
375,-0.178
376,-0.5024
377,-0.5418
378,0.249
379,0.3623
380,2.646
381,0.5893
382,4.267
383,-0.5555
384,1.446
385,-0.5466
386,-0.449
387,-0.5024
388,-0.449
389,-0.5139
390,-0.5555
391,3.953
392,-0.4323
393,-0.3013
394,-0.5387
395,-0.541
396,-0.5139
397,-0.5466
398,0.3623
399,-0.5555
400,NA
401,NA
402,NA
403,NA
404,NA
405,NA
406,NA
407,NA
408,NA
409,NA
410,NA
411,NA
412,NA
413,NA
414,NA
415,NA
416,NA
417,NA
418,NA
419,NA
420,NA
421,NA
422,NA
423,NA
424,NA
425,NA
426,NA
427,NA
428,NA
429,NA
430,NA
431,NA
432,NA
433,NA
434,NA
435,NA
436,NA
437,NA
438,NA
439,NA
440,NA
441,NA
442,NA
443,NA
444,NA
445,-0.5555
446,-0.5163
447,-0.5322
448,-0.5139
449,0.553
450,-0.5024
451,0.2003
452,-0.541
453,3.678
454,1.026
455,-0.5322
456,-0.5024
457,4.455
458,NA
459,NA
460,NA
461,NA
462,NA
463,NA
464,NA
465,NA
466,NA
467,-0.4439
468,-0.5139
469,-0.4439
470,-0.538
471,-0.441
472,-0.5024
473,0.1541
474,-0.5555
475,-0.0866
476,0.4278
477,2.474
478,0.206
479,2.52
480,1.241
481,0.1023
482,-0.1753
483,-0.5346
484,-0.4586
485,-0.5524
486,-0.4362
487,-0.5125
488,-0.5287
489,1.438
490,-0.5384
491,-0.0230
492,-0.439
493,-0.5524
494,-0.4273
495,-0.4356
496,-0.4269
497,-0.4298
498,-0.5052
499,-0.532
500,-0.5288
501,0.4949
502,0.00587
503,0.2736
504,-0.5045
505,2.399
506,NA
