res_num,entropy
1,0.775312187869
2,1.76226824604
3,1.8081903604
4,1.93034787252
5,2.27776057599
6,1.85661746313
7,2.00178510059
8,1.42046459985
9,1.83055673662
10,1.4102939646
11,1.51556446495
12,1.42378523311
13,0.684084904624
14,2.02829892691
15,0.0288504217056
16,0.54068492353
17,2.17018348635
18,1.40423029628
19,1.67163091909
20,1.57604055474
21,2.02687104107
22,2.46656688535
23,1.85664376687
24,1.19263090788
25,1.75359190798
26,1.93089190495
27,1.88371098973
28,1.24477802167
29,1.77878470747
30,1.25395907777
31,1.36185250371
32,1.59096018859
33,0.956771424784
34,1.68040899525
35,1.54951117453
36,1.47902528784
37,1.3211099573
38,2.1504618046
39,2.02179879775
40,1.46663519165
41,0.961890981682
42,0.366431970734
43,0.0
44,1.62680896078
45,1.22087707025
46,2.18369171468
47,1.48712566352
48,1.98308174882
49,0.170347133366
50,1.78881816607
51,2.14658194418
52,1.54009920214
53,1.68611478805
54,1.87030839144
55,2.33318179076
56,1.66300961187
57,2.24929907819
58,1.627061649
59,1.89238782323
60,0.475669507878
61,0.78539476332
62,1.6156910104
63,0.460705392254
64,1.91129963723
65,1.52833044002
66,0.0144272148622
67,2.23461843423
68,2.01485153726
69,1.12719512384
70,1.46552405165
71,1.57726152963
72,0.0
73,1.82798971988
74,1.34228385974
75,0.339299244687
76,1.23626627204
77,0.574455406742
78,1.22017610831
79,0.0144272148622
80,0.675461859109
81,1.60477935396
82,1.13653985319
83,1.4248106604
84,2.16770308726
85,1.97050581817
86,1.92281520381
87,1.76291030766
88,1.27919653172
89,0.0
90,1.33318975991
91,2.27646607841
92,2.12712679118
93,1.79857860793
94,1.78075040965
95,2.33380498347
96,1.47181428942
97,1.69617932782
98,2.0750936735
99,1.83723436887
100,0.691994737784
101,0.0650018938098
102,2.00285500507
103,1.10604331956
104,0.511294736087
105,1.72377442129
106,0.248924692608
107,0.241663324108
108,0.657889688976
109,1.38223545415
110,1.60183973437
111,1.94535082852
112,0.933431327535
113,1.52894521224
114,2.11175288822
115,0.315996188691
116,1.14398713289
117,0.483373534282
118,1.95844680669
119,1.45435794794
120,2.47944227312
121,0.0976230127728
122,2.03651097373
123,1.92124501366
124,1.5790350557
125,0.772406114102
126,2.08666934963
127,1.62396327323
128,1.3408195175
129,1.58734383715
130,0.297158761377
131,0.0
132,1.93244795492
133,0.0
134,1.38045136441
135,0.127719710762
136,0.0
137,0.846925584081
138,1.67885934853
139,0.0
140,1.09500340874
141,1.93167812524
142,2.42913452923
143,1.31151974234
144,0.936718699524
145,2.11496127153
146,1.0157906296
147,0.0144272148622
148,0.655706287606
149,1.93718930434
150,1.01557894764
151,1.07243855008
152,0.835177414123
153,1.08079490638
154,1.5039472833
155,0.902379398781
156,1.48107877453
157,1.28623837847
158,0.326381746675
159,1.48923279242
160,1.80358472446
161,0.917860781185
162,0.833637121837
163,1.33917468578
164,0.673276367607
165,1.11889597228
166,1.55244718712
167,0.624141078508
168,1.93658319869
169,2.12184512638
170,2.18827251251
171,0.148382757296
172,0.246015386968
173,1.08875811869
174,1.76375451901
175,1.53300866883
176,1.53106471051
177,1.71140437349
178,2.09604507498
179,1.74545682842
180,1.81212128142
181,2.29670368433
182,1.60056530504
183,1.68314411983
184,2.08889846318
185,2.29648954884
186,1.75927671587
187,2.35078767043
188,2.15799658343
189,2.43527300033
190,1.48792537081
191,2.17950667018
192,1.08137634398
193,0.0144272148622
194,0.856873439995
195,2.17959015476
196,1.81433671692
197,1.58001876182
198,0.884689511302
