res_num,entropy
1,1.62315893215
2,1.93859972044
3,1.74129608062
4,0.773821888773
5,0.944356187922
6,0.0144272148622
7,1.73788031618
8,0.0
9,1.8153219817
10,2.3509917483
11,1.65052444767
12,1.83398662201
13,2.48789913428
14,1.90306370061
15,2.03314376796
16,2.14796833064
17,0.650178531162
18,2.03630444415
19,1.75867299944
20,2.18645594431
21,0.543798684216
22,1.20701080935
23,1.9035600552
24,2.43624169789
25,0.413919347203
26,2.01026076647
27,2.25874379631
28,0.382831178428
29,0.441203858094
30,2.06464729869
31,2.2125551307
32,0.715007835523
33,1.80156407009
34,2.2045493294
35,0.0
36,1.81418894929
37,2.21715263375
38,1.74381302199
39,2.2766771865
40,0.639516735061
41,1.42727693364
42,1.44631058071
43,1.90739061899
44,0.638679285611
45,1.57010410157
46,0.776142722269
47,1.68490585883
48,1.85217416955
49,1.66390750901
50,1.74877267211
51,2.36490312289
52,1.32667830801
53,1.75779621525
54,2.21793009168
55,1.35581461171
56,0.910334729138
57,1.87985880325
58,1.07705415606
59,0.510022136076
60,2.0933128383
61,1.43186984464
62,0.994912678797
63,0.537994657479
64,1.70748947294
65,0.130227871528
66,1.10401427575
67,1.8463335702
68,2.1447082398
69,1.42188939847
70,1.6251184485
71,0.545963886943
72,0.0
73,1.78963163354
74,0.89847188444
75,1.5711370269
76,2.35083514047
77,1.90608454071
78,0.0144272148622
79,2.09115284009
80,0.0288504217056
81,1.42279673595
82,1.9831443454
83,0.0465944242221
84,2.00382164468
85,0.0260778329834
86,1.07773579668
87,0.0627316510249
88,0.406785777061
89,1.69331632872
90,2.02376356762
91,1.61760336905
92,1.91423322278
93,0.987861048091
94,1.36701677988
95,0.703143486437
96,1.18967204293
97,1.83291132556
98,1.20996425677
99,1.93288796037
100,1.61292767942
101,1.04122739414
102,1.60668971972
103,0.0260778329834
104,1.55127129709
105,1.98905736774
106,0.575331113844
107,1.10682262519
108,2.32329201594
109,1.68832672168
110,0.460179177471
111,0.101442097783
112,2.06973371364
113,2.50602094414
114,0.705634590835
115,1.4679807731
116,2.51454785532
117,0.35407563355
118,1.59150424502
119,1.96350875692
120,2.55778991593
121,0.134924632697
122,1.54566162521
123,1.05591145261
124,1.28385743547
125,2.12296126948
126,2.02283164443
127,1.63466364469
128,1.86016933262
129,1.79513881277
130,1.84802210138
131,1.47096895088
132,2.11956145926
133,1.65664162922
134,1.17713941248
135,1.51730814118
136,0.353739106028
137,1.61286042056
138,1.32601348499
139,0.814314750613
140,0.734807648149
141,1.48378564339
142,1.96269891939
143,2.00881411209
144,1.43594565384
145,0.215998827905
146,2.21367760593
147,0.0
148,2.03954473499
149,1.35830974876
150,1.44052116405
151,1.21612363875
152,2.37619215215
153,1.51090578781
154,0.715652565635
155,1.18726982083
156,1.41876163007
157,1.70427684421
158,1.48275177297
159,0.468347202294
160,1.96782782241
161,1.95528669008
162,0.250281578134
163,0.763127254747
164,2.32890142065
165,1.04935969998
166,1.48254446274
167,0.284326918063
168,1.29857300459
169,0.755290072726
170,0.714435618016
171,2.15743019568
172,1.32885599547
173,1.59014155812
174,2.08454064378
175,0.983559303605
176,1.34986404561
177,0.369661542549
