res_num,entropy
1,1.56002056145
2,2.46517394974
3,1.24702963803
4,1.33620755547
5,1.49011638801
6,2.24701408686
7,1.7874431511
8,1.89832611884
9,1.23966055223
10,2.22590362239
11,2.33825321911
12,1.42151596437
13,0.154450923008
14,0.659949318934
15,1.57139443707
16,1.77676690298
17,2.28476805972
18,2.15565297078
19,2.24247072556
20,2.01644038418
21,1.29714411412
22,1.8812387531
23,1.51719342534
24,1.60592718446
25,1.4129540151
26,2.08476507929
27,1.65441602439
28,1.22079601554
29,0.435646251227
30,0.620508314907
31,0.570357263189
32,1.91701908394
33,1.1629498901
34,1.84011281826
35,0.841304396269
36,1.70633148119
37,0.0144272148622
38,1.69183946478
39,2.33090433199
40,1.11879523509
41,0.0510931053791
42,2.34367104893
43,1.27180368114
44,1.54551124574
45,1.70694910634
46,0.0
47,0.0877227053521
48,1.37680206977
49,0.936471415718
50,1.80723153012
51,1.7344605265
52,0.411088926612
53,1.55599848262
54,2.14744250113
55,2.38147828696
56,2.07287992347
57,1.25147506742
58,1.097385441
59,2.19307694288
60,1.37648176878
61,2.02543427557
62,0.559494818437
63,0.605266268378
64,1.25541006469
65,1.71336493415
66,0.907988430578
67,2.11619167794
68,1.06175547225
69,1.3174816703
70,1.88469619542
71,1.89277616495
72,2.17399819563
73,1.54910793087
74,2.18419471055
75,2.12220578121
76,1.26476356456
77,1.61620599687
78,1.58640017238
79,2.18508116883
80,2.18378870924
81,0.0771387449863
82,1.92298834259
83,2.31676028193
84,2.01465920078
85,1.71600207615
86,1.92074192172
87,1.82643259038
88,1.97421173915
89,1.68044366224
90,0.296898401392
91,1.93285421972
92,2.49090230541
93,2.35891716676
94,1.28380180211
95,1.90769362504
96,1.05424643888
97,2.13832091345
98,0.803972175423
99,1.3373430181
100,2.02533465203
101,1.06876862872
102,0.120550159246
103,2.09824742157
104,2.40612601505
105,1.8757333612
106,1.36675791144
107,2.07475391422
108,1.41675721558
109,1.41971576542
110,2.05513243932
111,0.724104423926
112,1.66942091444
113,0.878468781999
114,1.22247274252
115,1.28981331148
116,1.63673389134
117,1.94582407949
118,1.19242722613
119,2.43614151013
120,1.47520170053
121,2.28240140491
122,1.52723514456
123,1.99576855823
124,2.47414194006
125,0.777920854479
126,1.29617393216
127,0.802270532863
128,1.08985370649
129,1.44838013246
130,1.28870421345
131,1.02863860616
132,1.05678432725
133,1.26341572145
134,0.871179785758
135,1.66188114153
136,1.54347259399
137,2.29099823565
138,0.382881520999
139,1.49613640475
140,0.0
141,2.33008912115
142,2.1909252747
143,0.515986449621
144,1.837903822
145,1.96405965985
146,1.77706382512
147,1.08678183305
148,1.91629954722
149,1.75411355138
150,2.05988784839
151,0.686030906226
152,1.27476974674
153,1.32594838222
154,1.87525324669
155,1.7476717529
156,2.12501096556
157,2.01927889696
158,0.790568460168
