res_num,entropy
1,1.29645653709
2,1.77962171896
3,2.42076940456
4,0.314097814624
5,0.457897550267
6,0.796047432756
7,1.01475183726
8,0.56310100708
9,1.27098458591
10,1.41653904163
11,0.884899187901
12,1.93757727477
13,1.16307564093
14,1.96871950533
15,2.0617204914
16,0.19602616335
17,0.141627069609
18,0.0
19,2.11164152794
20,1.67693854426
21,0.766085501443
22,0.871833050726
23,1.28729544318
24,0.795244284717
25,0.501507068869
26,2.00840103221
27,1.82546888002
28,1.6274363668
29,1.35383215163
30,1.09142095968
31,1.38573834
32,1.27444676428
33,1.9454081695
34,0.755540888781
35,1.99397875451
36,0.871555463474
37,1.70982552625
38,2.01561520059
39,1.4494675519
40,1.80059878688
41,1.93477656081
42,2.28444385983
43,0.508608519981
44,2.00284025446
45,1.98068592211
46,0.638954213321
47,0.730217911174
48,1.8880135792
49,1.62315462175
50,2.11797120837
51,1.8167629424
52,0.920798882079
53,0.962076107445
54,2.01399387059
55,1.85756949235
56,0.918076547667
57,0.0
58,1.54446818083
59,0.225922876162
60,0.861074283151
61,0.949700598869
62,1.81554817129
63,1.41188184295
64,0.174248983718
65,0.0
66,0.923102455325
67,1.88766555905
68,0.540490868229
69,0.388411735152
70,1.8176305426
71,1.26240910453
72,1.53192139968
73,1.33625166905
74,0.839463140254
75,1.78109176162
76,1.22051540541
77,1.78364241769
78,0.660119388426
79,1.66249513039
80,1.69614620744
81,1.72609863194
82,1.42618183224
83,1.81791782529
84,1.43438987153
85,0.624167331148
86,1.13365150878
87,1.32241058826
88,1.26979564085
89,1.62277503554
90,1.7931645191
91,1.18082083265
92,1.90494639128
93,1.98380316585
94,0.582316253723
95,0.347684541056
96,0.749229871207
97,1.17662673194
98,1.7695180864
99,1.95153013274
100,1.93116699447
101,1.17756490633
102,2.1215288981
103,0.419428824886
104,1.21239162312
105,0.682539798419
106,1.50755414825
107,0.275926680929
108,0.70196937567
109,1.13054005153
110,0.400832324474
111,2.08856844252
112,1.79106323973
113,2.02721482626
114,0.43718644762
115,1.93678804059
116,1.68706880951
117,2.04001739008
118,0.323594566094
119,0.0771387449863
120,1.63101668855
121,1.9197313423
122,0.828213578612
123,1.05293665646
124,1.26830034127
125,1.46091311477
126,0.0
127,0.944815321965
128,1.2093217788
129,2.01037590777
130,0.743416145538
131,2.22926603789
132,2.02559821272
133,0.48859781157
134,1.18757595952
135,1.37660484168
136,1.03366970452
137,0.336833863368
138,1.87404095122
139,1.50849544754
140,0.922637843699
141,1.6901404943
142,1.42561734771
143,2.11504632648
144,0.0
145,0.168849665935
146,1.93988521916
147,0.366182121318
148,0.66270413182
149,1.51748344485
150,1.23930954302
151,1.77295002951
152,1.70893254348
153,0.683830781734
154,1.42458149675
155,1.74120263819
156,0.0
157,1.69656792473
158,1.48577905512
159,1.00985661956
160,1.44268006802
161,1.56733998388
162,1.91393343164
163,1.59961142242
164,1.83250618035
165,0.505203251541
166,2.07495334655
167,1.93912748194
168,1.99904150706
169,1.12683500513
170,1.88403190573
171,1.94256419718
172,2.11867561213
173,0.0366779387501
174,1.18319436633
175,1.64543366494
176,1.48579840433
177,1.02293412472
178,1.61938229109
179,1.48753322771
