res_num,entropy
1,2.35005529254
2,1.80846695851
3,1.6466336183
4,1.15137060937
5,0.14252164753
6,1.10483399103
7,1.55838381904
8,0.367933021231
9,2.12521319286
10,2.27999593343
11,2.05993499313
12,1.48355043437
13,0.0
14,1.33210912467
15,0.855740530638
16,1.36927030358
17,1.91831114045
18,2.2142668606
19,1.93464126517
20,2.03752253354
21,1.02213331891
22,1.21107742205
23,1.92794778435
24,1.54384383454
25,1.48268745538
26,1.69414676976
27,1.60683629356
28,2.21384048857
29,2.4078859116
30,2.16820824974
31,1.92201764572
32,1.39210281436
33,1.97943508487
34,2.15331120321
35,1.40090841196
36,1.65742601796
37,1.36284300692
38,2.27018766256
39,0.859270981471
40,1.90273890949
41,2.44319569832
42,0.0
43,1.6896944633
44,1.01038291169
45,0.731399122078
46,1.41731353466
47,1.95608866602
48,1.21964517066
49,1.89350464833
50,1.89565379558
51,2.19783568004
52,0.347660886397
53,0.941931792767
54,0.85497733165
55,1.83775197413
56,0.331460730568
57,1.82620559896
58,1.66545699024
59,1.13846756941
60,1.20702732884
61,0.118614845317
62,1.69372437506
63,1.03422465291
64,0.080957829996
65,1.67974401201
66,1.01800215459
67,2.20303954678
68,1.62484823261
69,0.0
70,2.41205817776
71,2.17610798583
72,0.675451222525
73,0.0
74,2.30537572653
75,2.41500146583
76,0.0366779387501
77,1.59033324785
78,1.92689001101
79,2.2897652375
80,1.79193260487
81,1.96263211861
82,1.95712158222
83,1.77492874459
84,2.02287428255
85,2.01081320157
86,0.982737304061
87,1.87797138933
88,2.13778451285
89,1.06384637669
90,1.15512263015
91,1.93286608586
92,2.19740028573
93,0.889797321342
94,1.64973264724
95,2.04323655406
96,1.57354611573
97,0.692635093143
98,0.613463540488
99,1.64448430081
100,0.813033139313
101,0.6801109457
102,0.161780200961
103,1.52710571932
104,1.94157331883
105,2.19978897169
106,2.06423312111
107,1.99763722826
108,0.867526622511
109,1.65975544649
110,2.02571599328
111,2.41681631262
112,0.0521396016666
113,1.95810806345
114,1.90118894406
115,2.22732173143
116,2.17076519344
117,1.49633065696
118,2.21752399428
119,1.62077208833
120,1.90508791518
121,1.80093658593
122,1.88208188254
123,0.983439636257
124,1.32979920371
125,1.84236187734
126,0.237133041395
127,0.0610055585902
128,1.75989123143
129,2.07255637465
130,0.69276206209
131,0.82290732002
132,0.865499915572
133,0.966816735807
134,0.0726400638293
135,0.844594539996
136,0.923273051772
137,1.20781890622
138,2.00290791077
139,1.48257145745
140,2.26904978442
141,2.2713052452
142,2.16191089546
143,1.82635316996
144,1.33615889929
145,1.98811852181
146,0.0726400638293
147,1.1415615293
148,1.72064086446
149,0.74832552095
150,1.37565702045
151,1.34636115837
152,1.64432649062
153,0.724794490365
154,2.27718675817
155,1.48713611414
156,0.456463373284
157,0.697749067977
158,2.16418139893
159,1.35676875805
160,0.868533956315
161,1.27792010473
162,1.34854146317
163,2.18175334704
164,1.85842051004
165,0.232240856895
166,1.90359757568
167,2.24938589601
168,2.21943613569
169,2.51398999476
170,1.92025042771
171,2.0139553011
172,1.03164889903
173,0.609711254099
174,0.271562316791
175,1.18387140163
176,1.09588413415
