res_num,entropy
1,1.61588094273
2,0.752085466022
3,1.91990923049
4,1.18181810235
5,1.61735255742
6,1.73624771393
7,1.4042965389
8,1.56084668113
9,1.36973937854
10,1.84042376268
11,1.61022905899
12,2.43363105262
13,0.67146479208
14,1.03271064297
15,1.7403655595
16,1.8629616225
17,1.43586480672
18,1.75033729201
19,2.02481173332
20,2.18947190238
21,1.5783195277
22,1.94600406627
23,1.94703439824
24,1.89254498165
25,1.54158955975
26,2.2606679864
27,1.60496009217
28,1.68000579983
29,0.644033826226
30,1.55926517781
31,1.47107952207
32,1.68451293335
33,1.13645274529
34,0.823926997903
35,2.02111877234
36,2.19314046986
37,0.909100666372
38,0.507991749536
39,1.70421049258
40,0.881513400907
41,0.0
42,0.497325741034
43,0.592875736802
44,1.31034265305
45,0.331933940317
46,1.70972801767
47,1.72707712913
48,0.579659814759
49,0.0144272148622
50,1.53083874515
51,0.722372623702
52,0.456290317014
53,0.280603771903
54,0.744704699015
55,0.711045183302
56,0.918714201833
57,1.78952336392
58,1.43616673738
59,0.932026587026
60,1.0885036826
61,0.784315689626
62,0.265183509778
63,2.08420816687
64,0.0
65,1.63223994542
66,0.918285497308
67,1.22636582628
68,0.260687050034
69,2.36997179158
70,1.38410324972
71,0.399506479378
72,1.13725639152
73,2.04338400012
74,1.54967864993
75,1.80738685825
76,0.74143871648
77,0.916620051673
78,2.1323645545
79,2.13742131783
80,2.06336142563
81,1.97685761059
82,1.38863179531
83,1.86282942626
84,1.8048112398
85,0.656316783996
86,0.671586843079
87,1.79509935407
88,2.54066949148
89,1.44132900726
90,1.7091166691
91,0.527078354646
92,1.59329343071
93,0.314353840923
94,2.16424345193
95,1.73468129848
96,1.07512366728
97,1.51998477434
98,1.01154871609
99,1.47939639462
100,0.225854469673
101,0.0
102,2.0841705528
103,0.959999397028
104,1.88784510209
105,0.432362446594
106,0.863814289194
107,0.0
108,1.9543867016
109,0.991411790857
110,1.78768541091
111,2.25585423233
112,0.0144272148622
113,0.0980391132797
114,1.39198538912
115,2.24871056868
116,0.826656015293
117,1.94263443804
118,0.960167643255
119,2.15478035698
120,0.538836430378
121,1.80266337572
122,1.30980782254
123,0.315538780148
124,1.78810663683
125,0.0432696124821
126,1.1115355742
127,0.551017057725
128,1.88133459683
129,1.71948117991
130,2.27145531026
131,2.2559308313
132,1.88674654424
133,1.75433522544
134,0.0144272148622
135,1.38035764105
136,1.51775699699
137,1.81102727626
138,1.62152833873
139,2.12213604384
140,1.62078268299
141,2.21046629052
142,0.824492277135
