res_num,entropy
1,1.62291109142
2,1.79290410639
3,1.08532554329
4,0.921439009376
5,2.12215638958
6,1.50421871036
7,1.97081835854
8,1.49585205934
9,1.72203415418
10,0.435560567633
11,1.37479779396
12,2.04942298903
13,2.0153896053
14,0.996557754663
15,0.429721226362
16,2.28283658979
17,1.18716151976
18,1.85830855138
19,0.99256440678
20,2.28031466058
21,0.5881359673
22,1.32745536567
23,0.962584379175
24,1.79627306666
25,2.39426678002
26,0.570747465868
27,2.07336795083
28,0.889252318346
29,2.17339522794
30,1.35201660948
31,2.19216550719
32,0.0510931053791
33,2.21922058117
34,1.07311112816
35,0.0
36,0.865398993509
37,0.769686613309
38,0.561933146409
39,2.4686659513
40,1.2680270739
41,1.48046280701
42,1.98933224992
43,0.742147271264
44,1.09785238973
45,1.68729826355
46,1.30863457866
47,0.525553560538
48,1.96096910946
49,0.593245485643
50,0.35193924308
51,1.77339838607
52,1.15665154144
53,1.9038552316
54,1.7783406102
55,1.12352658232
56,1.42018125963
57,0.67072872515
58,0.873206975367
59,2.14400003791
60,0.0
61,1.83505074458
62,1.99853463665
63,1.80843353802
64,2.06448332422
65,1.13587706277
66,1.2841709167
67,2.48730981437
68,2.08357036662
69,0.0
70,2.12450691874
71,1.84308733507
72,1.8661793184
73,1.0691690895
74,0.664754166934
75,1.11330941764
76,1.1454096899
77,2.32374016931
78,0.849693985656
79,1.99032028142
80,1.02222445263
81,2.30288263284
82,0.867049404519
83,2.1561007806
84,0.463129306369
85,1.88764843934
86,2.01821631699
87,0.304919351376
88,2.23516277343
89,2.35143860992
90,0.0610055585902
91,0.333345174485
92,2.36773652049
93,1.11382962695
94,2.06042898797
95,1.19543784593
96,2.06226323759
97,1.65494482251
98,0.750141503432
99,0.159676914846
100,0.0288504217056
101,0.649456069467
102,1.90747445581
103,1.21554204108
104,0.0
105,0.743124804772
106,0.0288504217056
107,1.52086998284
108,0.420350424188
109,0.368536239413
110,1.79089420057
111,2.1391587136
112,2.33173894164
113,1.7584863133
114,0.85354139357
115,1.16436459155
116,0.596606910201
117,1.99690873866
118,2.07500381566
119,0.829715665768
120,1.9739245871
121,2.03127929414
