res_num,entropy
1,1.29167669404
2,1.1265455113
3,1.35992010479
4,1.41033839236
5,1.45684990233
6,1.58280184673
7,1.55122988459
8,2.22133435153
9,1.63077338392
10,0.454178548989
11,1.22482036048
12,1.11641422161
13,2.09163145712
14,1.43315191008
15,0.955845026027
16,1.63971428811
17,2.20152355452
18,1.81427926917
19,1.45866237205
20,1.33700400023
21,1.74618070366
22,1.47259113319
23,2.35398238191
24,1.47744932543
25,1.88423149276
26,1.80637726777
27,2.08510561529
28,2.34914771181
29,1.44449587559
30,2.02001569009
31,1.7876909476
32,1.67301037602
33,1.58305646259
34,1.79650800804
35,1.84558141551
36,0.0
37,2.21394330963
38,1.75151269356
39,1.13207884689
40,1.98843650377
41,0.273434273921
42,1.98185122262
43,0.0
44,0.893548962696
45,1.43425664306
46,0.232998916052
47,1.96763378926
48,1.5619740285
49,1.63473065108
50,0.0
51,2.20250023041
52,1.55381818695
53,1.77024078688
54,2.1340709186
55,0.0877227053521
56,1.63150435266
57,0.73428474257
58,1.81392295517
59,2.11941638689
60,1.7597350613
61,1.73844689949
62,0.0404970237599
63,2.06264504734
64,1.24761877508
65,2.12667614254
66,1.99319173436
67,0.0366779387501
68,1.51890111075
69,0.911370140694
70,2.23785874669
71,1.81502981695
72,0.87861477966
73,0.652185857638
74,1.35678112876
75,0.861558670225
76,2.15484821355
77,0.602338171452
78,1.24921304332
79,0.0
80,0.0
81,1.44149617138
82,0.545624623789
83,2.11593126662
84,1.6699683827
85,0.0610055585902
86,1.96539581326
87,2.11804564343
88,2.30090666953
89,0.500837684775
90,1.14563083195
91,0.691508317561
92,1.49558211737
93,0.907767296221
94,1.90692549849
95,0.496145249266
96,1.60402197378
97,1.21977867188
98,1.8609582726
99,0.466529921427
100,1.59958662132
101,1.97709626701
102,0.228066153454
103,0.794983418769
104,1.91193864246
105,1.92860904136
106,0.222882891498
107,1.25229018063
108,2.11552330198
109,1.93925080774
110,1.28684096369
111,1.37831443506
112,0.0
113,0.349923989923
114,1.5592121955
115,0.563094714515
116,1.9013140533
117,0.889888365946
118,2.07923539608
119,1.33222969393
120,1.75315846844
121,2.35657397402
122,2.26455193905
123,0.684593552979
124,1.73971896598
125,2.20238140759
126,2.18497410762
127,0.627992270917
128,0.0781852412738
129,0.544348136179
130,1.0529407945
131,1.13749114801
132,1.88090137589
133,2.03956015516
134,0.858193198769
135,1.15655332681
136,1.97548229448
137,1.87500617387
138,1.2983704026
139,1.72344771069
140,0.977129525436
141,2.05122825102
142,0.692553824328
143,0.111902056891
144,1.77384041399
145,1.23939188906
146,0.0
