res_num,entropy
1,1.50669681893
2,2.11771380224
3,1.30022087657
4,1.27478760781
5,1.47533169411
6,1.05738189881
7,0.99277221875
8,1.92262819073
9,2.35204075467
10,2.35230344001
11,0.0404970237599
12,0.371713241365
13,1.16826145383
14,1.60708186138
15,1.55634612391
16,2.3188932872
17,2.03670457314
18,1.74349280004
19,1.97804792522
20,1.10295031259
21,1.94729863003
22,1.92900213969
23,2.37015665534
24,0.70123577534
25,2.382198287
26,2.07631792295
27,2.35661013568
28,0.876833521988
29,1.27325084573
30,1.00899222681
31,1.63501499836
32,0.929244366385
33,1.40745534321
34,1.15872840719
35,1.72986856008
36,1.91919201162
37,1.59659025784
38,1.84197064862
39,1.86231590714
40,1.08470826686
41,0.0
42,2.43796304627
43,1.884199066
44,2.24210613868
45,1.82488673411
46,1.75612203446
47,1.08142659367
48,1.75372996462
49,1.48913854219
50,1.84907466109
51,1.11304540271
52,1.32170695257
53,0.0560015343548
54,0.0
55,1.32335193408
56,1.61077119907
57,1.40056681317
58,1.71301605347
59,0.722689753139
60,1.67856528929
61,1.33739409792
62,1.36124757349
63,2.16631017645
64,2.02115356745
65,1.99199060845
66,1.81585103667
67,0.333745966587
68,0.891941781194
69,2.32428230264
70,1.61627110949
71,1.07996398088
72,1.76432590978
73,1.88293252976
74,0.288051323958
75,2.25183134728
76,0.102457222841
77,0.414986550648
78,0.240406190867
79,1.65459877784
80,1.27803546075
81,0.764188523083
82,2.10029715185
83,1.73925273295
84,1.49136532375
85,1.71913990514
86,1.9788449861
87,1.77419364865
88,1.99275976925
89,1.37911789747
90,0.474376005333
91,2.03241524719
92,1.33107640457
93,1.16815446977
94,0.70988003779
95,1.14360638919
96,1.7000229546
97,2.17294653209
98,2.12000301742
99,0.388207915475
100,2.45433131049
101,1.40286914371
102,1.28419651236
103,2.15360683743
104,1.86765146739
105,1.70303230559
106,1.96399990109
107,2.04626911296
108,1.79839725574
109,0.259792365755
110,2.34002549453
111,1.77488236393
112,1.91237850919
113,0.912890349134
114,1.67452434056
115,1.51892337866
116,1.29134493876
117,1.13440634164
118,0.486676704603
119,0.0
120,1.15956133216
121,1.29824740267
122,1.87059365722
123,1.43483467707
124,1.59172188625
125,1.52837647181
126,1.65812168391
127,0.589590822606
128,1.39532211232
129,0.681097485662
130,1.97654664775
131,0.168510317631
132,1.98679682962
133,0.83273341797
134,2.30075369825
135,1.15811124615
136,2.12834278833
137,0.724889601397
138,0.74651579327
139,1.70203818957
140,1.07953617078
141,0.982533717623
142,1.63732301505
143,1.48055548253
144,2.09247765424
145,1.97723342879
146,1.34342544329
147,1.2980110339
148,0.899942816583
149,0.0
150,1.86316934978
151,1.14662287622
152,0.852255155922
153,1.3314839926
154,0.20819548645
155,1.93771910592
156,1.70664167777
157,1.96832836156
158,1.88968604764
159,1.41576382025
160,1.62943853141
161,0.731260826291
162,1.96924776137
163,2.18509066169
164,2.34872997246
165,2.19617246533
166,0.264291046912
167,1.72592550963
168,1.97160312736
169,1.90421049925
170,1.14581028114
171,1.66191663352
172,1.3876911401
173,0.0
174,0.088062299307
175,2.0706446231
176,1.10348890638
177,2.21886071818
178,0.822895215173
179,1.98557361436
180,1.12419545143
181,0.45172887549
182,1.6189989125
183,1.21958631546
184,1.06260068957
185,1.23865641193
186,1.50632419011
187,1.96233816663
188,1.56630520264
189,2.36913660237
190,1.82710682522
191,1.46892059923
192,2.49474129224
193,1.37810358612
194,0.272759714676
