res_num,entropy
1,1.5019181555
2,2.01249553723
3,0.493024176536
4,0.721641508818
5,1.06817771517
6,1.56056315831
7,1.10701121106
8,0.196757590629
9,0.792356459456
10,2.06673964845
11,0.358896852398
12,0.170747939906
13,1.70257366424
14,2.05262789497
15,1.84091165583
16,2.09103194207
17,0.583129943005
18,2.11821821724
19,2.54038817159
20,1.62225823662
21,1.70625970475
22,1.9206650735
23,1.71473561693
24,0.48843168842
25,1.83698960495
26,1.8699741571
27,1.78485320003
28,0.0144272148622
29,0.740406577192
30,2.18934046929
31,1.69690250614
32,1.82603499023
33,2.05432691694
34,0.749046997403
35,1.04277621221
36,1.59255827916
37,1.59420844989
38,1.47556386928
39,1.60079949615
40,1.04240527697
41,0.257461329802
42,1.59571617911
43,1.26883504037
44,0.999539360775
45,1.7115012072
46,2.49475511734
47,1.51360666592
48,1.19383846962
49,1.37159239715
50,1.1777979956
51,1.52227424319
52,1.93027904668
53,1.06901728572
54,1.94853200694
55,1.65376920819
56,1.30342283841
57,1.55059017972
58,2.04863158553
59,1.87818510716
60,0.931484627623
61,1.15057890841
62,1.93430580198
63,2.33704934765
64,1.6586535552
65,0.0820339767269
66,1.39704153807
67,1.63729609247
68,1.82902270832
69,0.842045883862
70,1.92242675641
71,1.25419086024
72,0.99461023615
73,0.940923597472
74,1.50850389206
75,0.595924372095
76,1.54322146028
77,0.0
78,0.618618446732
79,0.751854120528
80,2.21130505891
81,1.52457686235
82,0.684137951989
83,1.90138181061
84,1.89778836766
85,0.722531211866
86,2.06916668415
87,1.79662353511
88,1.04435690628
89,1.36942703594
90,0.178833464281
91,1.61325324279
92,2.03200229522
93,1.81472435151
94,1.03959700946
95,2.41104086892
96,2.27264351932
97,0.724031289416
98,0.583850913618
99,1.76835474492
100,0.529320549497
101,1.2331288323
102,0.345239783775
103,1.53393473282
104,0.928066668477
105,1.00949153864
106,2.29551507938
107,1.85442253437
108,1.4480847786
109,1.82950771807
110,2.29040565552
111,0.134044020198
112,2.10671025754
113,1.6850952316
114,0.0
115,1.94233711534
116,1.01075996026
117,0.420788338312
118,1.54883706617
119,2.01105599715
120,1.18739784307
121,0.258249799512
122,0.752487818854
123,0.869309800074
124,1.83630800942
125,1.54193473816
126,0.268828341719
127,0.982031898185
128,0.151874785298
129,1.84478308829
130,1.76304415492
131,0.40302943312
132,1.26944311259
133,2.0315557642
134,1.63145791772
135,1.81237067468
136,1.86248580719
137,1.61254809106
138,1.56648813612
139,0.890577955654
140,1.67006180925
141,1.06613880809
142,2.09878109703
143,0.0
144,0.635683088594
145,1.29864119003
146,0.594121204384
147,1.55394510245
148,1.6179759328
149,1.50305276084
150,1.5370234339
151,0.120550159246
152,1.97577535209
153,1.39802952243
154,1.54924358637
155,1.46239774465
156,0.774544200393
157,1.5227520399
158,0.752320432355
159,2.15753703964
160,0.632641039607
161,2.02402317021
162,1.84866878897
163,1.01273967094
164,1.97578368808
165,1.75854170127
166,1.20173845799
167,0.416796156832
168,1.78670355698
169,1.31154058993
170,0.336443988523
171,0.397072377183
172,2.17414319762
173,0.178753029416
174,0.544982563147
175,0.0144272148622
176,1.30414969839
177,0.0576847791111
178,1.38122955823
179,1.460221678
