res_num,entropy
1,0.913102241315
2,1.63948156759
3,2.16064684419
4,1.30985495865
5,1.2698059782
6,1.42006084852
7,0.934049477971
8,1.63164836566
9,1.78845127546
10,1.86637309391
11,2.10050733682
12,1.92075294717
13,2.20222505312
14,2.11479390642
15,1.92602256675
16,1.88229159507
17,1.6875093519
18,2.08826418171
19,1.68986771972
20,1.4457877205
21,1.71865510143
22,1.9089551473
23,2.18212525048
24,1.72191152131
25,2.0912342948
26,1.99284236525
27,1.90590825538
28,1.73923842903
29,0.396626033179
30,1.16690345615
31,2.08489784032
32,1.89816336263
33,1.10587525101
34,1.57075254862
35,1.77250662555
36,2.39736896595
37,1.40445149755
38,1.14493365499
39,1.16137296533
40,1.67475212946
41,0.406772604376
42,1.37298181768
43,0.942695456353
44,1.57457690535
45,0.895158178781
46,1.19892745385
47,0.527381685092
48,1.43734082494
49,0.461669829489
50,0.781207229901
51,1.46193148535
52,1.62245154893
53,1.55512028444
54,0.657838249066
55,2.14032284981
56,1.03793727332
57,2.13272843423
58,0.631841134113
59,1.86763016904
60,1.55883952974
61,1.70284433704
62,1.40171322928
63,1.86353446174
64,1.63723906976
65,0.754035758994
66,1.48227744765
67,1.44751172588
68,1.779763091
69,1.69325819399
70,0.352004961032
71,0.350317763028
72,1.73234987546
73,1.82373271002
74,0.466016098796
75,0.77949536311
76,0.0576847791111
77,1.8264805446
78,2.64332115686
79,1.73692919452
80,1.1014045184
81,1.52162996839
82,2.371614058
83,2.31473440677
84,1.4386364376
85,1.77605385015
86,1.04298035709
87,2.02788300991
88,0.714008410043
89,1.33817017518
90,0.832566426452
91,0.861165872037
92,1.92694452529
93,1.95687903464
94,0.950547172517
95,1.79619111182
96,1.73947696537
97,1.8886826548
98,1.2459982635
99,0.231194360607
100,0.879536644347
101,1.56023766158
102,0.304755825853
103,1.02033753418
104,1.01625328355
105,0.571707392414
106,1.17980611421
107,2.15247717495
108,0.73315361709
109,0.445063273025
110,0.4653403941
111,1.26563608798
112,0.766835325545
113,1.30090424191
114,1.25129808005
115,2.09240018319
116,0.695986187537
117,1.63010072819
118,1.44238442602
119,0.0
120,2.4576864485
121,0.5602431265
122,2.55765314078
123,2.03731242491
124,2.55854466834
125,2.30775811457
126,1.67359998165
127,0.405422152119
128,1.78257154362
129,1.72380728683
130,1.03239324116
131,1.17451234353
132,2.18695327633
133,0.50424760758
134,1.66638394094
135,0.480216015085
136,1.18294624152
137,0.837785775374
138,2.18067220346
139,1.02180277507
140,0.543654732348
141,1.15976651995
142,1.94067775994
143,2.06295280634
144,0.664375327747
145,1.59182436793
146,1.69771660922
147,1.17895049662
148,0.255499096402
149,1.59892513034
150,1.60179129613
151,2.30235709075
152,0.688000178119
153,1.48074879063
154,2.19724143067
155,1.21948775849
156,1.41987505709
157,0.424705271403
158,1.38930637336
159,2.07807140735
160,0.690989713507
161,0.827279542519
162,1.54485387467
163,1.63936628499
164,1.57289323421
