res_num,entropy
1,2.06630197183
2,2.19797927006
3,2.1692869981
4,2.1702566297
5,0.796776150128
6,1.35353949174
7,0.710499781803
8,1.17819376218
9,1.75902180576
10,0.414614570656
11,1.83218938132
12,2.0210682015
13,1.80620475543
14,1.52790952092
15,1.93724464948
16,1.5461893508
17,2.25603182375
18,1.79846098915
19,1.61179446701
20,0.0
21,1.01947663218
22,1.40189532408
23,0.279722245596
24,1.43768467305
25,1.47096029028
26,1.92507535457
27,1.97222576535
28,0.318693279743
29,0.705063569784
30,0.469833476531
31,0.608077955017
32,2.51857810718
33,0.276240047101
34,2.4840097347
35,0.665905559871
36,1.74040124412
37,1.13393094951
38,1.42989633447
39,1.42663329855
40,2.32733245481
41,2.13990753967
42,1.46782739189
43,1.89987511129
44,0.878123540773
45,1.43687552949
46,1.70736483292
47,1.53242117015
48,1.57199299008
49,1.90242490591
50,1.73949962828
51,1.01562787871
52,0.496925599453
53,1.44423110593
54,0.0655042397472
55,1.40877053582
56,2.3978878638
57,2.05416738741
58,1.80119356617
59,1.37225926047
60,0.49404462185
61,1.27660486236
62,1.57640287603
63,1.68066492716
64,1.86032082558
65,1.35915801674
66,1.61599579173
67,2.21774409325
68,1.09928209289
69,0.0144272148622
70,0.386175303145
71,1.6972158233
72,1.05563170025
73,1.52182202805
74,1.3883054806
75,1.16072981761
76,1.90389064142
77,0.923439079255
78,0.491442471223
79,2.28474874367
80,1.42755091944
81,1.29145370478
82,1.74149172065
83,1.316818366
84,1.04641020737
85,2.15316992579
86,1.71339834838
87,2.2318849799
88,2.34345898584
89,2.27989523076
90,1.79056430356
91,2.27844138934
92,2.2786239185
93,1.84746816557
94,2.06224220688
95,1.52659301473
96,1.18626216507
97,0.0
98,1.92893986497
99,1.93225363566
100,0.590074589648
101,2.03877979951
102,1.47666000303
103,1.50862769264
104,2.14771282224
105,1.66528449621
106,1.41547975579
107,2.31148830085
108,0.0
109,2.16966984537
110,2.22309223535
111,1.77692411408
112,1.80794460855
113,2.25287640659
114,2.29566727601
115,2.3578322447
116,2.21001389344
117,1.87109027853
118,0.96725019169
119,1.90256535274
120,1.87061694943
121,1.33849185712
122,1.66764349246
123,0.585414695657
124,0.952277963133
125,1.87059043202
126,1.99452556328
127,1.44076630247
128,0.468178421206
129,1.80495138983
130,2.55332957872
131,1.49163143987
132,2.11628865841
133,1.41461719027
134,1.59442784652
135,0.813028613328
136,2.11963232323
137,1.84307662802
138,1.56508751958
139,2.20293057635
140,2.56514520508
141,1.07637552175
142,2.36106207648
143,2.01188064447
144,2.21011477994
145,0.775136858339
146,1.67767723654
147,0.963389357982
148,1.46874612
149,1.20274130677
150,2.06220293509
151,1.363817363
152,1.56671941841
153,2.23110361149
154,2.04983874659
155,1.49144159137
156,2.2367248233
157,1.56118032161
158,2.21679174251
159,2.28566279475
160,0.557122518763
161,0.260120800576
162,0.953869775234
163,1.76335304477
164,0.0
165,1.17611093862
166,0.124315793944
167,1.21094398286
168,1.81253613227
169,0.228836975406
170,1.76826131074
171,0.85507866857
172,1.68011051511
173,0.110832997081
174,1.99198989016
175,1.04647810959
176,2.01466507704
177,0.29704289081
178,2.18639527158
179,2.00758157423
180,2.36313994347
181,1.25241901289
182,1.92738689919
183,2.04941215505
184,1.77343172974
185,2.17213425086
186,0.0144272148622
187,2.62732176264
188,2.13001417428
189,2.40579077302
190,1.42180043879
191,1.96201142164
192,0.310937818754
193,1.82153550756
194,1.73850220402
