"site","rate"
1,NA
2,NA
3,NA
4,NA
5,NA
6,NA
7,NA
8,NA
9,NA
10,NA
11,NA
12,NA
13,NA
14,NA
15,NA
16,NA
17,0.08196
18,0.5886
19,0.2725
20,0.3077
21,0.1613
22,0.6988
23,0.5189
24,0.5491
25,0.08763
26,0.08047
27,0.2784
28,0.07714
29,0.2478
30,0.07423
31,0.09294
32,0.07423
33,0.4942
34,0.09294
35,0.07423
36,0.4963
37,0.4985
38,0.367
39,0.6606
40,0.07714
41,0.07944
42,0.2679
43,0.07944
44,0.07423
45,0.3101
46,0.2478
47,0.7029
48,0.2777
49,0.4977
50,0.1379
51,0.1018
52,1.923
53,1.795
54,0.08607
55,0.2788
56,0.1416
57,0.6606
58,0.1379
59,0.1587
60,1.108
61,0.4976
62,0.9375
63,0.1416
64,2.013
65,0.2845
66,0.128
67,0.8586
68,0.5783
69,0.1379
70,0.1416
71,0.7209
72,0.1587
73,0.2534
74,0.6988
75,0.07903
76,0.1416
77,0.903
78,1.184
79,0.1379
80,0.1416
81,0.07714
82,0.128
83,0.3673
84,0.1587
85,0.6359
86,1.331
87,0.1379
88,1.981
89,2.123
90,2.168
91,2.634
92,0.428
93,0.2534
94,0.2483
95,0.537
96,0.6865
97,1.128
98,5.802
99,2.637
100,1.043
101,2.315
102,0.6706
103,1.161
104,0.07714
105,0.1416
106,0.2671
107,0.1587
108,0.1499
109,0.128
110,0.1416
111,4.145
112,0.1436
113,2.085
114,1.059
115,0.1499
116,0.9026
117,0.1018
118,0.1379
119,1.082
120,0.1018
121,0.578
122,0.1379
123,0.9871
124,0.06889
125,1.58
126,0.06889
127,0.4281
128,0.5177
129,1.17
130,0.3469
131,0.1436
132,0.1018
133,0.4831
134,0.1436
135,0.128
136,0.383
137,2.7
138,1.388
139,0.2479
140,0.2534
141,1.131
142,5.61
143,0.3099
144,1.163
145,1.758
146,0.4716
147,2.745
148,0.1416
149,0.4949
150,0.6224
151,0.9059
152,0.6324
153,0.1587
154,0.4606
155,1.044
156,1.327
157,0.1416
158,5.868
159,2.292
160,0.2479
161,0.1436
162,0.1499
163,1.876
164,0.07714
165,0.1379
166,1.543
167,0.2534
168,0.1379
169,0.2799
170,5.907
171,0.9567
172,1.67
173,0.4769
174,1.313
175,0.1499
176,0.128
177,5.507
178,0.8553
179,1.899
180,2.027
181,0.2478
182,0.1499
183,1.978
184,0.2778
185,0.4811
186,0.9476
187,5.426
188,0.1062
189,0.6338
190,0.7029
191,0.1379
192,0.4944
193,1.211
194,0.2534
195,0.5112
196,0.9254
197,0.08607
198,0.7583
199,0.4614
200,1.838
201,1.507
202,1.355
203,5.907
204,5.907
205,0.3347
206,5.634
207,2.665
208,1.118
209,0.1499
210,1.981
211,1.109
212,1.158
213,0.4937
214,0.6983
215,1.695
216,0.912
217,0.4521
218,0.07944
219,1.463
220,0.2478
221,0.4281
222,1.252
223,0.1499
224,1.197
225,1.112
226,0.8933
227,0.1436
228,1.292
229,0.804
230,0.1018
231,0.6867
232,1.53
233,2.527
234,0.09444
235,0.4616
236,0.1062
237,0.4953
238,0.3408
239,5.907
240,1.551
241,1.971
242,0.144
243,0.09444
244,0.717
245,1.089
246,0.5644
247,1.365
248,0.2571
249,0.4698
250,0.4976
251,0.8231
252,1.181
253,0.7931
254,5.271
255,0.8301
256,0.4649
257,0.6999
258,1.16
259,0.8933
260,0.3674
261,0.4925
262,NA
263,NA
264,NA
265,NA
266,NA
267,1.723
268,0.8773
269,0.07714
270,0.1403
271,0.7235
272,0.4981
273,0.128
274,1.597
275,0.9304
276,0.07903
277,0.1436
278,0.4915
279,1.526
280,1.778
281,0.8347
282,1.614
283,2.782
284,1.613
285,0.4282
286,0.5189
287,0.2847
288,0.2861
289,1.516
290,0.06889
291,1.323
292,1.575
293,3.584
294,1.645
295,NA
296,NA
297,NA
298,3.939
299,3.286
300,0.1587
301,1.058
302,1.735
303,0.6431
304,0.5731
305,0.09291
306,0.07423
307,0.128
308,2.54
309,0.1416
310,0.4934
311,0.4832
312,0.07714
313,0.6228
314,0.4291
315,0.4976
316,0.128
317,0.1436
318,0.09291
319,0.07714
320,1.147
321,0.08607
322,0.128
323,1.127
324,0.4618
325,0.0776
326,0.5142
327,0.3673
328,0.1587
329,0.128
330,0.6748
331,0.9317
332,0.2861
333,0.5996
334,0.06889
335,1.497
336,0.6621
337,0.1379
338,0.588
339,1.168
340,1.13
341,0.2673
342,0.1416
343,0.4976
344,0.09444
345,0.2776
346,0.6873
347,0.4615
348,0.2478
349,1.097
350,0.3348
351,0.4279
352,0.09444
353,0.1416
354,0.4976
355,1.266
356,0.1416
357,0.07903
358,0.2796
359,0.07903
360,0.1416
361,0.1436
362,0.4834
363,0.1018
364,0.5109
365,0.1416
366,0.2534
367,0.656
368,0.1416
369,0.3014
370,0.9186
371,0.09294
372,0.1416
373,0.2534
374,0.1499
375,0.1416
376,0.1499
377,0.3098
378,0.08607
379,0.09291
380,0.07714
381,0.654
382,0.3347
383,0.1416
384,0.4282
385,0.5104
386,0.1499
387,0.07903
388,0.07903
389,0.09294
390,0.8285
391,0.6607
392,0.06889
393,0.07423
394,0.09291
395,0.4803
396,0.2849
397,0.0776
398,1.333
399,0.8801
400,0.4827
401,0.2677
402,0.8841
403,0.1062
404,0.2862
405,0.2776
406,0.4279
407,2.364
408,0.2795
409,0.9016
410,0.1062
411,0.08298
412,0.07714
413,0.6593
414,0.09291
415,0.1436
416,0.07423
417,0.07903
418,0.07944
419,0.8806
420,0.3834
421,0.9031
422,0.5178
423,0.8835
424,2.035
425,0.1379
426,0.1018
427,2.352
428,0.09444
429,0.7363
430,0.367
431,0.6828
432,0.1379
433,0.6812
434,0.9356
435,0.3827
436,0.2865
437,0.09294
438,0.09294
439,0.5106
440,0.1436
441,0.382
442,0.09294
443,1.104
444,0.2534
445,0.07423
446,0.1499
447,0.07714
448,0.07903
449,0.1018
450,0.4974
451,0.1379
452,0.2861
453,0.1379
454,0.1379
455,0.1018
456,0.07714
457,0.636
458,0.09444
459,0.4613
460,0.1379
461,0.823
462,1.663
463,0.08607
464,2.035
465,0.248
466,0.4822
467,0.9137
468,0.3826
469,1.712
470,0.5012
471,0.1499
472,0.6339
473,0.1062
474,0.07944
475,1.207
476,4.49
477,0.09291
478,0.1379
479,2.111
480,0.07714
481,0.07714
482,0.07903
483,0.1062
484,0.1018
485,0.488
486,0.1416
487,0.2782
488,0.8799
489,0.1587
490,0.5172
491,0.1018
492,0.5178
493,0.1499
494,0.3104
495,0.1062
496,0.1587
497,1.347
498,2.206
499,0.9685
500,0.1587
501,0.5164
502,0.1018
503,0.06889
504,0.2872
505,0.9613
506,0.2776
507,0.5107
508,0.2673
509,0.15
510,0.3355
511,0.15
512,0.7971
513,0.6611
514,0.15
515,0.06893
516,1.716
517,0.1019
518,0.4335
519,1.228
520,0.138
521,1.083
522,0.8369
523,0.9053
524,1.779
525,0.07765
526,0.5788
527,0.5109
528,NA
529,NA
530,NA
531,NA
532,NA
533,NA
534,NA
535,NA
536,NA
537,NA
538,NA
539,NA
540,NA
541,NA
542,NA
543,NA
544,NA
545,NA
546,NA
547,NA
548,NA
549,NA
550,NA
551,NA
552,NA
553,NA
554,NA
555,NA
556,NA
557,NA
558,NA
559,NA
560,NA
561,NA
562,NA
563,NA
564,NA
565,NA
566,NA
567,NA
568,NA
569,NA
570,NA
571,NA
572,NA
573,NA
574,NA
575,NA
576,NA
577,NA
578,NA
579,NA
580,NA
581,NA
582,NA
583,NA
584,NA
585,NA
586,NA
587,NA
588,NA
589,NA
590,NA
