"site","rate"
1,NA
2,NA
3,NA
4,NA
5,NA
6,NA
7,NA
8,NA
9,NA
10,NA
11,NA
12,NA
13,NA
14,NA
15,NA
16,NA
17,NA
18,NA
19,NA
20,NA
21,NA
22,NA
23,NA
24,NA
25,NA
26,NA
27,NA
28,NA
29,NA
30,NA
31,NA
32,NA
33,NA
34,NA
35,NA
36,NA
37,NA
38,NA
39,NA
40,NA
41,NA
42,NA
43,NA
44,NA
45,NA
46,NA
47,NA
48,NA
49,NA
50,NA
51,NA
52,NA
53,NA
54,NA
55,0.1973
56,0.2963
57,0.1143
58,0.4836
59,NA
60,NA
61,NA
62,NA
63,NA
64,NA
65,NA
66,NA
67,NA
68,NA
69,NA
70,NA
71,NA
72,NA
73,NA
74,NA
75,NA
76,NA
77,NA
78,NA
79,NA
80,NA
81,NA
82,NA
83,NA
84,NA
85,NA
86,NA
87,NA
88,NA
89,NA
90,NA
91,NA
92,NA
93,NA
94,NA
95,NA
96,NA
97,NA
98,NA
99,NA
100,NA
101,NA
102,NA
103,NA
104,NA
105,NA
106,NA
107,NA
108,NA
109,NA
110,NA
111,NA
112,NA
113,NA
114,NA
115,NA
116,NA
117,NA
118,NA
119,NA
120,NA
121,NA
122,NA
123,NA
124,NA
125,NA
126,NA
127,NA
128,NA
129,NA
130,NA
131,NA
132,NA
133,NA
134,NA
135,NA
136,NA
137,NA
138,NA
139,NA
140,NA
141,NA
142,NA
143,NA
144,NA
145,NA
146,NA
147,NA
148,NA
149,NA
150,NA
151,NA
152,NA
153,NA
154,NA
155,NA
156,NA
157,NA
158,NA
159,NA
160,NA
161,NA
162,NA
163,NA
164,NA
165,NA
166,NA
167,NA
168,NA
169,NA
170,NA
171,NA
172,2.478
173,1.819
174,NA
175,1.285
176,4.293
177,0.8695
178,1.321
179,0.9473
180,0.3767
181,1.944
182,0.8619
183,1.27
184,0.2
185,2.01
186,0.3927
187,3.152
188,1.606
189,0.5031
190,0.107
191,1.243
192,0.1189
193,0.3472
194,0.5042
195,0.1232
196,0.1796
197,0.1973
198,0.2853
199,0.1973
200,0.6407
201,0.4573
202,0.8809
203,1.502
204,0.864
205,0.5042
206,0.1796
207,0.6665
208,0.655
209,1.237
210,0.3508
211,0.6131
212,0.2954
213,1.489
214,1.899
215,0.5694
216,2.496
217,1.434
218,0.1347
219,0.4554
220,0.1928
221,0.4728
222,0.1928
223,0.1136
224,0.1796
225,0.2792
226,0.1347
227,0.1143
228,0.1143
229,0.2963
230,0.4657
231,0.1448
232,0.3091
233,0.3541
234,0.1448
235,0.2963
236,0.5031
237,0.8769
238,0.1973
239,1.754
240,0.1796
241,0.4725
242,0.1347
243,0.2081
244,0.1326
245,0.107
246,0.7933
247,0.2954
248,1.104
249,1.829
250,2.021
251,1.323
252,0.3204
253,0.107
254,0.1973
255,1.696
256,0.1448
257,0.1117
258,0.2975
259,0.3471
260,0.1928
261,0.1189
262,0.5715
263,0.1232
264,0.4799
265,0.6284
266,0.2
267,0.107
268,0.699
269,0.5741
270,0.8171
271,0.1928
272,0.09955
273,0.7113
274,1.7
275,0.1347
276,0.2992
277,0.7571
278,0.111
279,0.2081
280,0.111
281,0.4298
282,0.8389
283,1.402
284,0.5021
285,0.1327
286,0.1448
287,0.1136
288,0.1232
289,0.5219
290,0.4528
291,0.1327
292,0.4686
293,1.585
294,0.4221
295,0.4768
296,0.2955
297,0.4823
298,0.3534
299,0.1973
300,0.2081
301,0.1117
302,0.09955
303,0.107
304,0.3513
305,0.1143
306,0.4545
307,0.1189
308,0.1973
309,0.1448
310,0.2953
311,0.48
312,0.3433
313,0.1117
314,0.5216
315,0.1189
316,0.2778
317,0.1136
318,0.2779
319,0.1796
320,0.4699
321,0.1973
322,1.304
323,4.516
324,0.8472
325,1.05
326,0.2
327,0.1796
328,0.345
329,0.09955
330,0.2896
331,0.6688
332,3.234
333,0.1117
334,4.585
335,0.1327
336,1.421
337,0.1448
338,3.164
339,0.3825
340,0.1117
341,0.1796
342,0.378
343,0.1347
344,0.09955
345,0.3357
346,0.8272
347,1.26
348,0.1973
349,2.367
350,2.198
351,0.3357
352,0.8519
353,0.2779
354,1.232
355,0.8528
356,4.695
357,0.1973
358,1.373
359,0.4523
360,0.2974
361,0.3357
362,0.2
363,0.2979
364,0.1796
365,0.2585
366,0.4751
367,0.4043
368,1.19
369,0.1973
370,0.4692
371,0.7839
372,0.2908
373,0.4798
374,0.5056
375,0.5716
376,0.1928
377,1.02
378,0.3927
379,0.4665
380,0.8335
381,0.6381
382,2.508
383,0.1143
384,1.21
385,0.1326
386,0.1928
387,0.09955
388,0.1347
389,0.3927
390,0.107
391,0.8445
392,1.286
393,1.144
394,0.1448
395,0.2081
396,3.364
397,0.3927
398,0.2779
399,2.036
400,2.116
401,1.032
402,0.3458
403,0.3357
404,0.1327
405,0.5309
406,0.2975
407,0.6739
408,0.107
409,0.107
410,0.1327
411,0.1117
412,0.09955
413,0.6137
414,0.1189
415,0.1973
416,0.2955
417,0.111
418,0.5214
419,1.999
420,0.6645
421,1.784
422,0.1347
423,0.1143
424,0.2908
425,0.3475
426,0.469
427,0.1347
428,0.1347
429,0.2193
430,0.7031
431,0.3928
432,0.1796
433,0.485
434,0.1117
435,2.064
436,0.6941
437,1.646
438,0.5146
439,1.893
440,0.3792
441,0.3512
442,0.1143
443,0.6554
444,0.1928
445,0.1136
446,0.1973
447,0.1796
448,0.703
449,0.4682
450,0.8718
451,0.2779
452,1.189
453,0.6493
454,0.2586
455,0.1136
456,0.1136
457,0.1326
458,0.1347
459,0.3508
460,0.1973
461,0.1347
462,1.626
463,0.5147
464,0.1347
465,0.8289
466,4.439
467,2.985
468,0.5858
469,0.614
470,0.7903
471,0.3458
472,0.1326
473,0.2081
474,1.952
475,1.535
476,1.776
477,0.1973
478,0.5913
479,0.1796
480,1.439
481,1.194
482,0.834
483,0.3463
484,0.8503
485,0.5616
486,0.3778
487,0.1136
488,0.7198
489,0.3357
490,0.5112
491,0.3776
492,0.4811
493,0.1506
494,0.3109
495,0.1928
496,0.5018
497,0.5627
498,0.484
499,0.8495
500,0.7105
501,0.107
502,0.1796
503,0.1448
504,0.5147
505,0.1117
506,0.661
507,0.1796
508,0.6458
509,1.513
510,0.5217
511,1.391
512,0.1796
513,0.3958
514,0.3529
515,0.851
516,0.637
517,1.401
518,1.237
519,0.4844
520,1.581
521,0.5747
522,0.5147
523,0.3779
524,1.214
525,0.1347
526,0.5033
527,0.5902
528,0.1973
529,0.1448
530,0.9068
531,0.1347
532,0.8832
533,0.2778
534,0.5225
535,0.4893
536,1.313
537,0.1928
538,0.5025
539,1.012
540,0.3536
541,0.1973
542,0.7918
543,0.4987
544,0.4677
545,0.1143
546,1.407
547,0.1928
548,0.8283
549,4.688
550,2.093
551,0.4936
552,0.6729
553,0.7789
554,0.6137
555,0.1973
556,0.9878
557,1.389
558,0.2081
559,2.766
560,0.1327
561,0.3499
562,2.7
563,0.8656
564,0.572
565,0.8479
566,0.8291
567,0.5159
568,3.81
569,2.192
570,0.2884
571,0.6476
572,0.3452
573,0.4816
574,0.1928
575,0.3783
576,0.3777
577,0.2882
578,2.194
579,0.6187
580,0.2977
581,0.3776
582,0.6783
583,0.3357
584,1.163
585,1.617
586,0.6155
587,0.5147
588,NA
589,1.091
590,4.033
591,0.6402
592,1.617
593,0.8195
594,0.5963
595,0.7618
596,1.472
597,0.3357
598,0.5034
599,0.346
600,0.6838
601,0.8048
602,1.442
603,0.2081
604,0.4323
605,0.3459
606,0.1796
607,1.667
608,0.6652
609,0.5033
610,0.8623
611,0.3767
612,0.8449
613,0.1506
614,0.6158
615,0.2
616,0.6688
617,0.6676
618,0.5245
619,0.1347
620,1.342
621,NA
622,NA
