"site","rate"
1,NA
2,NA
3,NA
4,NA
5,NA
6,NA
7,NA
8,NA
9,NA
10,NA
11,NA
12,NA
13,NA
14,NA
15,NA
16,NA
17,NA
18,NA
19,NA
20,NA
21,NA
22,NA
23,NA
24,NA
25,NA
26,NA
27,NA
28,NA
29,NA
30,NA
31,NA
32,NA
33,NA
34,NA
35,NA
36,NA
37,NA
38,NA
39,NA
40,NA
41,NA
42,NA
43,NA
44,NA
45,NA
46,NA
47,NA
48,NA
49,NA
50,NA
51,NA
52,NA
53,NA
54,NA
55,NA
56,NA
57,NA
58,NA
59,NA
60,NA
61,NA
62,NA
63,NA
64,NA
65,NA
66,NA
67,NA
68,NA
69,NA
70,NA
71,NA
72,NA
73,NA
74,NA
75,NA
76,NA
77,NA
78,NA
79,NA
80,NA
81,NA
82,NA
83,NA
84,NA
85,NA
86,NA
87,NA
88,NA
89,NA
90,NA
91,NA
92,NA
93,NA
94,NA
95,NA
96,NA
97,NA
98,NA
99,NA
100,NA
101,NA
102,NA
103,NA
104,NA
105,NA
106,NA
107,NA
108,NA
109,NA
110,NA
111,NA
112,NA
113,NA
114,NA
115,NA
116,NA
117,NA
118,NA
119,NA
120,NA
121,NA
122,NA
123,NA
124,NA
125,NA
126,NA
127,NA
128,NA
129,NA
130,NA
131,NA
132,NA
133,NA
134,NA
135,NA
136,NA
137,NA
138,NA
139,NA
140,NA
141,NA
142,NA
143,NA
144,NA
145,NA
146,NA
147,NA
148,NA
149,NA
150,NA
151,NA
152,NA
153,NA
154,NA
155,NA
156,NA
157,NA
158,NA
159,NA
160,NA
161,NA
162,NA
163,NA
164,NA
165,NA
166,NA
167,NA
168,NA
169,NA
170,NA
171,NA
172,NA
173,NA
174,NA
175,NA
176,NA
177,NA
178,NA
179,NA
180,NA
181,0.6126
182,5.038
183,0.4868
184,0.6344
185,2.024
186,0.5586
187,1.964
188,1.939
189,3.331
190,0.456
191,0.4756
192,0.6344
193,0.5201
194,0.6344
195,1.878
196,0.6126
197,0.6415
198,1.64
199,0.6415
200,0.5586
201,0.456
202,1.957
203,0.5586
204,0.4689
205,0.6344
206,0.6126
207,0.5194
208,1.748
209,0.4689
210,2.158
211,0.5201
212,0.4736
213,0.4689
214,0.5194
215,0.5194
216,3.412
217,0.6344
218,1.957
219,0.456
220,0.4736
221,0.4756
222,0.6344
223,0.4736
224,0.6126
225,0.456
226,0.5244
227,0.4756
228,0.4756
229,0.4736
230,0.4736
231,0.5466
232,0.4868
233,0.4736
234,0.5466
235,3.132
236,0.6344
237,1.959
238,0.6415
239,0.6344
240,0.6126
241,0.4756
242,0.5244
243,0.6577
244,0.5194
245,0.456
246,NA
247,NA
248,NA
249,NA
250,NA
251,NA
252,NA
253,NA
254,0.6415
255,0.4665
256,2.045
257,0.4689
258,0.4756
259,0.5201
260,0.4756
261,0.4868
262,0.6734
263,0.4972
264,0.4736
265,0.456
266,0.6344
267,0.456
268,0.4972
269,0.5244
270,0.6344
271,1.815
272,0.4356
273,2.272
274,0.4665
275,NA
276,0.4756
277,0.6126
278,0.4665
279,0.6577
280,0.4665
281,0.6344
282,0.6456
283,0.4756
284,0.4868
285,0.5201
286,0.5466
287,0.4736
288,0.4972
289,0.6456
290,0.456
291,0.5201
292,0.6126
293,0.4736
294,1.641
295,0.4689
296,0.4736
297,0.4736
298,0.5244
299,0.6415
300,0.6577
301,0.4689
302,1.778
303,0.456
304,2.109
305,0.4756
306,0.5466
307,0.6344
308,0.6415
309,0.5466
310,0.4736
311,0.4736
312,0.4736
313,0.4689
314,2.383
315,0.4868
316,0.456
317,0.4736
318,0.456
319,2.263
320,0.6126
321,2.372
322,0.456
323,1.695
324,0.5201
325,0.6126
326,2.38
327,0.6126
328,0.5201
329,0.4356
330,1.734
331,1.77
332,0.6126
333,0.4689
334,0.4972
335,0.5201
336,0.6344
337,0.5194
338,0.5201
339,2.046
340,3.158
341,0.6162
342,0.5239
343,1.973
344,1.763
345,0.7939
346,0.4356
347,0.4356
348,0.6415
349,NA
350,NA
351,NA
352,NA
353,0.6577
354,3.537
355,0.7939
356,1.751
357,1.698
358,3.499
359,0.6577
360,4.365
361,0.6415
362,0.5586
363,0.456
364,0.4756
365,0.7939
366,0.6456
367,0.4756
368,0.4736
369,0.4356
370,0.4756
371,2.082
372,0.4868
373,0.6415
374,0.4665
375,0.5466
376,0.4689
377,1.817
378,1.883
379,0.6734
380,0.6344
381,0.5194
382,0.5244
383,0.4736
384,0.6415
385,0.5586
386,4.662
387,1.834
388,3.165
389,0.5194
390,0.6344
391,1.733
392,0.5244
393,2.096
394,1.64
395,0.6577
396,0.5201
397,0.456
398,0.5466
399,0.6577
400,0.6126
401,0.5586
402,2.445
403,0.5586
404,0.4665
405,0.6415
406,1.981
407,2.812
408,0.5201
409,0.6456
410,0.4756
411,0.4689
412,0.456
413,0.456
414,0.5201
415,0.4689
416,0.4356
417,NA
418,NA
419,NA
420,0.4736
421,0.4665
422,0.6456
423,0.6415
424,0.4736
425,0.4356
426,0.5244
427,0.4756
428,0.4689
429,0.5201
430,0.6734
431,0.5244
432,0.5586
433,0.4356
434,0.4756
435,2.084
436,0.6126
437,3.025
438,0.4689
439,0.6344
440,0.5466
441,2.05
442,2.379
443,0.5466
444,0.6415
445,0.5244
446,0.4756
447,1.782
448,0.6344
449,2.315
450,0.4665
451,0.6126
452,0.4356
453,0.6126
454,0.4689
455,0.456
456,1.618
457,0.4736
458,0.4356
459,0.4736
460,0.4736
461,0.5194
462,0.5244
463,0.5244
464,0.6415
465,0.5244
466,0.4756
467,2.368
468,0.5244
469,0.4665
470,0.6126
471,3.105
472,0.5194
473,0.4756
474,0.6415
475,0.5201
476,0.5466
477,0.6577
478,1.962
479,0.6577
480,0.6415
481,0.6415
482,4.364
483,1.709
484,0.4356
485,0.5466
486,4.525
487,0.5201
488,4.979
489,0.4665
490,0.6344
491,0.4736
492,0.4972
493,0.7939
494,0.456
495,0.5466
496,0.4736
497,0.5586
498,0.4689
499,1.833
500,0.6344
501,0.5201
502,0.4665
503,0.4689
504,0.4972
505,3.291
506,0.6126
507,0.4665
508,0.6415
509,0.6344
510,0.4756
511,1.769
512,0.5194
513,0.6344
514,0.6577
515,0.6415
516,0.6126
517,0.5466
518,0.5244
519,3.522
520,0.5586
521,0.4736
522,3.899
523,0.456
524,0.4868
525,0.5201
526,2.388
527,0.5466
528,0.6577
529,0.5244
530,0.6344
531,0.5244
532,0.6415
533,0.5466
534,0.5466
535,2.082
536,0.5586
537,0.4665
538,0.6456
539,0.6344
540,0.5466
541,0.6344
542,2.333
543,0.5244
544,0.456
545,0.4736
546,0.5201
547,0.6344
548,0.6126
549,0.4756
550,0.7939
551,0.6344
552,0.4736
553,0.6577
554,2.082
555,0.4756
556,0.4736
557,2.91
558,1.74
559,0.6415
560,1.748
561,0.5194
562,0.6577
563,0.456
564,0.5201
565,0.5244
566,4.663
567,0.7939
568,0.6734
569,0.6456
570,0.5201
571,0.6415
572,0.6126
573,0.5244
574,0.456
575,0.4665
576,0.4736
577,0.4689
578,0.6344
579,0.5466
580,0.5201
581,5.485
582,3.04
583,0.5466
584,0.4756
585,0.5466
586,0.4689
587,1.776
588,0.456
589,0.5244
590,3.221
591,0.6415
592,0.5466
593,0.5244
594,0.5586
595,3.191
596,0.6344
597,0.5586
598,0.6126
599,0.5244
600,0.7939
601,0.6344
602,1.947
603,0.4736
604,0.5244
605,0.4756
606,0.6577
607,0.4736
608,0.5201
609,0.4972
610,0.5194
611,1.764
612,0.6344
613,0.5586
614,0.7939
615,0.6456
616,0.5586
617,1.952
618,0.6456
619,0.4736
620,1.763
621,0.6415
622,0.5586
623,NA
