"site","rate"
1,NA
2,NA
3,NA
4,NA
5,NA
6,NA
7,NA
8,NA
9,NA
10,NA
11,NA
12,NA
13,NA
14,NA
15,NA
16,NA
17,NA
18,NA
19,NA
20,NA
21,NA
22,NA
23,NA
24,NA
25,NA
26,NA
27,NA
28,NA
29,NA
30,NA
31,NA
32,NA
33,NA
34,NA
35,NA
36,NA
37,NA
38,NA
39,NA
40,NA
41,NA
42,NA
43,0.02239
44,0.1448
45,0.02236
46,0.05328
47,0.8917
48,0.1014
49,0.00810
50,0.1157
51,0.1005
52,0.3957
53,2.029
54,0.00811
55,0.138
56,0.09646
57,0.629
58,0.185
59,0.03448
60,0.1107
61,0.8341
62,0.2425
63,0.05467
64,0.1065
65,0.1868
66,0.2619
67,0.3738
68,0.08581
69,0.06999
70,0.04924
71,0.1474
72,0.04857
73,0.2577
74,0.03159
75,0.6238
76,0.1083
77,0.02525
78,0.9269
79,0.2766
80,0.01728
81,0.4006
82,0.02424
83,0.0751
84,0.1344
85,0.0988
86,0.0715
87,0.02597
88,2.867
89,2.845
90,0.01042
91,0.07353
92,0.4561
93,0.08661
94,0.00870
95,0.04136
96,0.08623
97,0.09705
98,0.01042
99,2
100,0.01024
101,0.2845
102,0.392
103,0.01025
104,2.513
105,0.6209
106,0.09042
107,1.204
108,0.7815
109,0.3633
110,0.3977
111,0.245
112,0.0821
113,0.8532
114,0.06133
115,0.8568
116,0.2068
117,0.00864
118,0.05401
119,1.247
120,0.00870
121,0.5307
122,0.04449
123,2.009
124,0.4456
125,0.01575
126,0.3775
127,1.787
128,0.03441
129,0.1812
130,0.02599
131,0.0569
132,1.468
133,0.04855
134,0.05948
135,0.07538
136,0.2273
137,0.1085
138,0.00750
139,0.04437
140,5.406
141,0.02237
142,0.2397
143,0.4182
144,0.04994
145,0.2778
146,0.1702
147,0.06276
148,0.2158
149,0.1223
150,0.04489
151,0.01042
152,1.557
153,0.2763
154,0.3613
155,1.07
156,1.273
157,0.00864
158,2.844
159,2.893
160,0.04907
161,0.06184
162,2.047
163,0.02247
164,0.00870
165,0.1015
166,2.875
167,0.03109
168,0.01575
169,0.4705
170,0.1319
171,0.07527
172,1.845
173,2.01
174,0.04137
175,0.1381
176,0.2314
177,1.168
178,NA
179,0.04142
180,0.1801
181,0.7141
182,0.04657
183,0.1368
184,0.03602
185,0.3423
186,0.03441
187,0.1005
188,0.05073
189,0.3929
190,0.8389
191,0.9378
192,0.3861
193,NA
194,NA
195,NA
196,0.0162
197,0.1238
198,0.04062
199,1.361
200,0.05119
201,0.1054
202,0.2904
203,0.06159
204,0.05085
205,1.929
206,0.04366
207,0.08323
208,0.01575
209,NA
210,NA
211,NA
212,NA
213,NA
214,0.5812
215,0.02622
216,0.01042
217,0.0649
218,0.01842
219,NA
220,NA
221,NA
222,NA
223,NA
224,0.06572
225,0.06266
226,0.3231
227,0.04627
228,0.08539
229,0.2307
230,0.2173
231,1.13
232,0.3581
233,1.732
234,0.4302
235,0.1559
236,0.2385
237,5.406
238,0.254
239,0.6566
240,0.08797
241,0.04984
242,2.03
243,0.2256
244,0.1493
245,0.04995
246,0.1345
247,0.01136
248,0.1445
249,0.02284
250,0.1053
251,2.053
252,0.1216
253,0.03848
254,0.00871
255,0.6297
256,0.6201
257,0.05375
258,0.08276
259,2.05
260,0.7481
261,0.1129
262,0.9959
263,0.9862
264,0.08676
265,2.877
266,5.375
267,0.07777
268,0.1334
269,0.08479
270,0.2053
271,0.7934
272,NA
273,NA
274,0.01731
275,0.1104
276,0.06713
277,0.05784
278,0.1418
279,0.1227
280,0.05438
281,0.0398
282,0.06429
283,0.07119
284,0.00811
285,NA
286,NA
287,NA
288,NA
289,NA
290,0.1122
291,2.879
292,0.03112
293,0.06171
294,0.249
295,0.7048
296,0.06846
297,0.2409
298,0.432
299,0.1517
300,0.06047
301,NA
302,NA
303,0.1866
304,0.6105
305,0.09646
306,0.2526
307,0.08272
308,0.6273
309,0.3492
310,0.5174
311,0.08461
312,0.6026
313,1.154
314,0.9884
315,0.04841
316,1.752
317,0.1717
318,0.0486
319,0.06723
320,0.1214
321,0.01044
322,0.04956
323,0.01731
324,1.327
325,NA
326,NA
327,NA
328,0.01622
329,0.01622
330,0.01448
331,0.3147
332,0.8584
333,0.05046
334,0.02236
335,1.386
336,0.05545
337,0.1613
338,0.8217
339,0.06323
340,0.01794
341,0.3036
342,0.08157
343,0.03373
344,0.05688
345,0.05522
346,0.07253
347,0.08566
348,0.1543
349,0.06368
350,0.282
351,0.1228
352,0.08595
353,0.0906
354,0.5228
355,0.09722
356,0.02566
357,0.0456
358,0.8721
359,0.04798
360,0.1018
361,0.2651
362,0.2965
363,0.06252
364,0.06529
365,5.406
366,0.04492
367,0.0654
368,0.4059
369,0.4887
370,0.1034
371,0.06751
372,0.7435
373,NA
374,NA
375,NA
376,NA
377,NA
378,NA
379,NA
380,NA
381,NA
382,NA
383,NA
384,NA
385,NA
386,NA
387,NA
388,NA
389,NA
390,NA
391,NA
392,NA
393,NA
394,NA
395,NA
396,NA
397,NA
398,NA
399,NA
400,NA
401,NA
402,NA
403,NA
404,NA
405,NA
406,NA
407,NA
408,NA
409,NA
410,NA
411,NA
412,NA
413,NA
414,NA
415,NA
416,NA
417,NA
418,NA
419,NA
420,NA
421,NA
422,NA
423,NA
424,NA
425,NA
426,NA
427,NA
428,NA
429,NA
430,NA
431,NA
432,NA
433,NA
434,NA
435,NA
436,NA
437,NA
438,NA
439,NA
440,NA
441,NA
442,NA
443,NA
444,NA
445,NA
446,NA
447,NA
448,NA
449,NA
450,NA
451,NA
452,NA
453,NA
454,NA
455,0.2343
456,2.897
457,1.822
458,0.8503
459,0.7801
460,0.1545
461,0.04852
462,0.06448
463,0.2729
464,0.04988
465,0.05584
466,0.03856
467,NA
468,NA
469,NA
470,NA
471,0.08529
472,0.08319
473,0.1854
474,0.1244
475,0.4166
476,0.1318
477,0.09552
478,0.9636
479,NA
480,NA
481,NA
482,NA
483,NA
484,NA
485,NA
486,0.0162
487,0.2502
488,0.7845
489,0.09286
490,0.07496
491,1.018
492,0.3411
493,1.662
494,0.08715
495,0.1662
496,0.6305
497,0.09205
498,0.1399
499,0.2506
500,0.02881
501,0.01007
502,0.04139
503,0.0316
504,0.05345
505,0.05652
506,NA
507,0.1102
508,0.1065
509,0.01448
510,0.04987
511,0.05297
512,0.9543
513,0.0444
514,NA
515,NA
516,NA
517,NA
518,NA
519,1.076
520,0.2011
521,0.4991
522,0.1504
523,0.03468
524,0.0826
525,0.09595
526,0.3986
527,0.07142
528,0.1171
529,0.00829
530,0.107
531,0.04227
532,0.04235
533,0.00932
534,0.04928
535,0.02482
536,0.02899
537,0.06929
538,0.5356
539,0.1314
540,1.719
541,2.504
542,0.05538
543,0.6406
544,0.1587
545,0.2442
546,0.01913
547,0.2631
548,0.05367
549,0.02692
550,0.05952
551,0.08242
552,0.1381
553,0.5733
554,0.449
555,0.1071
556,1.03
557,0.4944
558,0.03508
559,0.049
560,0.02881
561,0.1015
562,0.09497
563,NA
564,NA
565,NA
566,NA
567,NA
568,NA
569,NA
570,NA
571,NA
572,0.05845
573,0.4921
574,0.6397
575,0.1467
576,0.1353
577,0.1063
578,0.8598
579,0.1044
580,0.05596
581,0.3817
582,NA
583,NA
584,NA
585,NA
586,NA
587,NA
588,NA
589,NA
590,NA
591,NA
592,NA
593,NA
594,NA
595,NA
596,NA
597,NA
598,NA
599,NA
600,NA
601,NA
602,NA
603,NA
604,NA
605,NA
606,NA
607,NA
608,NA
609,NA
610,NA
611,NA
612,NA
613,NA
614,NA
615,NA
616,NA
617,NA
618,NA
619,NA
620,NA
621,NA
622,NA
623,NA
624,NA
625,NA
626,NA
627,NA
628,NA
629,NA
630,NA
631,NA
632,NA
633,NA
634,NA
635,NA
636,NA
637,NA
638,NA
639,NA
640,NA
641,NA
642,NA
643,NA
644,NA
645,NA
646,NA
647,NA
648,NA
649,NA
650,NA
651,NA
652,NA
653,NA
654,NA
655,NA
656,NA
657,NA
658,NA
659,NA
660,NA
661,NA
662,NA
663,NA
664,NA
665,NA
666,NA
667,NA
668,NA
669,NA
670,NA
671,NA
672,NA
673,NA
674,NA
675,NA
676,NA
677,NA
678,NA
679,NA
680,NA
681,NA
682,NA
683,NA
684,NA
685,NA
686,NA
687,NA
688,NA
689,NA
690,NA
691,NA
692,NA
693,NA
694,NA
695,NA
696,NA
697,NA
698,NA
699,NA
700,NA
701,NA
702,NA
703,NA
704,NA
705,NA
706,NA
707,NA
708,NA
709,NA
710,0.04852
711,0.0162
712,0.06904
713,NA
714,NA
715,0.07948
716,0.118
717,0.2142
718,0.6808
719,0.0702
720,0.04443
721,0.1539
722,0.2576
723,0.03253
724,NA
725,NA
726,NA
727,NA
728,NA
729,1.427
730,0.03159
731,0.2689
732,0.8171
733,1.113
734,0.8947
735,0.1578
736,NA
737,NA
738,NA
739,NA
740,NA
741,0.00944
742,0.2177
743,0.08612
744,0.5777
745,NA
746,NA
747,NA
748,NA
749,NA
750,NA
751,NA
752,0.4482
753,0.04852
754,1.559
755,0.6499
756,0.1457
757,0.2436
758,0.3997
759,0.04852
760,0.813
761,NA
762,NA
763,NA
764,NA
765,NA
766,NA
767,NA
768,NA
769,NA
770,NA
771,NA
772,NA
773,NA
774,NA
775,0.6071
776,0.405
777,0.1508
778,NA
779,0.2723
780,0.2103
781,0.2406
782,0.2394
783,0.01728
784,0.1547
785,0.1268
786,1.527
787,0.3002
788,0.054
789,0.3109
790,0.6004
791,0.0791
792,0.04852
793,0.0612
794,0.3685
795,0.04366
796,1.804
797,0.07968
798,0.06778
799,0.5847
800,0.03159
801,0.3598
802,0.02845
803,0.1182
804,0.09413
805,0.4736
806,0.02953
807,0.01823
808,0.1833
809,0.1281
810,0.01046
811,0.2396
812,0.01913
813,0.09429
814,0.04931
815,1.047
816,0.03808
817,0.1037
818,0.04733
819,0.03525
820,0.00961
821,0.1333
822,0.9036
823,0.5237
824,0.01742
825,0.01153
826,0.0399
827,0.01742
828,0.01794
829,0.2494
830,0.04441
831,0.01448
832,0.04853
833,0.01042
834,1.136
835,0.1015
836,0.1224
837,0.06709
838,0.01042
839,0.00864
840,0.05381
841,1.537
842,0.1768
843,0.01042
844,0.00864
845,2.728
846,0.01575
847,0.3035
848,0.2669
849,0.5389
850,0.04991
851,0.1193
852,1.26
853,0.04453
854,0.1434
855,2.027
856,0.05687
857,0.01622
858,2.201
859,0.05331
860,0.04529
861,0.05071
862,0.07856
863,0.03253
864,0.02597
865,0.1009
866,2.897
867,0.04137
868,0.03602
869,0.3768
870,0.5159
871,0.01575
872,0.04136
873,0.07539
874,0.2114
875,1.043
876,0.6599
877,0.04436
878,2.897
879,NA
880,NA
881,NA
882,0.08257
883,0.03817
884,2.948
885,0.03253
886,0.01646
887,0.8288
888,0.2165
889,0.08465
890,0.6566
891,0.8823
892,0.08481
893,0.1383
894,0.05301
895,0.327
896,0.5288
897,0.04867
898,0.05525
899,NA
900,NA
901,NA
902,NA
903,NA
904,NA
905,NA
906,NA
907,NA
908,NA
909,NA
910,NA
911,NA
912,NA
913,NA
914,NA
915,NA
916,NA
917,NA
918,NA
919,NA
920,NA
921,NA
