"site","rate"
1,0.793
2,0.8135
3,0.7792
4,0.8842
5,0.8134
6,0.8289
7,0.8736
8,2.065
9,2.041
10,0.8134
11,0.8788
12,0.7839
13,0.7839
14,2.112
15,0.7839
16,0.785
17,NA
18,0.8163
19,0.7792
20,0.8289
21,0.7805
22,0.8289
23,0.8134
24,0.9374
25,0.785
26,0.8163
27,0.8289
28,0.8788
29,0.7839
30,0.8842
31,0.8134
32,0.877
33,0.8788
34,0.8135
35,0.7839
36,0.8163
37,0.8163
38,0.785
39,0.7805
40,0.8289
41,0.8736
42,0.8736
43,2.158
44,2.112
45,3.32
46,0.877
47,0.877
48,2.048
49,2.117
50,0.9374
51,0.8289
52,0.8356
53,0.8135
54,0.7839
55,0.8356
56,0.8356
57,0.793
58,0.7805
59,0.785
60,0.8736
61,0.7839
62,0.8736
63,0.7717
64,0.8163
65,0.877
66,0.7792
67,0.8356
68,0.8635
69,0.8163
70,0.8163
71,0.793
72,0.793
73,0.793
74,0.8356
75,0.793
76,0.7565
77,0.8356
78,0.8289
79,0.877
80,0.8356
81,2.048
82,0.7717
83,0.785
84,0.8289
85,2.048
86,0.8736
87,0.7805
88,0.7792
89,3.231
90,0.8842
91,0.8356
92,0.8736
93,0.8356
94,0.8289
95,0.877
96,0.7792
97,0.8635
98,0.7565
99,0.8163
100,0.8135
101,0.8289
102,0.8736
103,0.7717
104,0.8736
105,0.7565
106,0.8163
107,0.785
108,0.7839
109,0.7839
110,0.7839
111,0.8736
112,0.7839
113,0.877
114,2.357
115,0.7717
116,0.8912
117,0.8134
118,0.7839
119,0.8736
120,0.785
121,0.785
122,0.8736
123,0.7565
124,0.8289
125,0.9374
126,0.8736
127,0.8635
128,2.05
129,0.7717
130,0.877
131,0.7717
132,0.7717
133,0.793
134,0.8135
135,0.877
136,0.8736
137,0.7565
138,2.219
139,2.048
140,2.258
141,0.8635
142,0.8163
143,0.7998
144,0.793
145,0.793
146,0.7998
147,2.213
148,0.7565
149,0.8788
150,0.7839
151,0.877
152,0.793
153,0.785
154,0.8135
155,0.8635
156,0.7565
157,0.8736
158,0.8635
159,2.16
160,0.8135
161,2.255
162,0.8736
163,0.8163
164,0.7839
165,0.7805
166,0.8736
167,0.8135
168,0.7839
169,0.7998
170,0.7565
171,0.8736
172,0.8842
173,0.8736
174,0.8736
175,0.8134
176,0.8788
177,0.7565
178,0.8163
179,0.785
180,0.7805
181,0.7792
182,0.8635
183,0.7792
184,0.8736
185,0.8163
186,0.877
187,2.119
188,2.023
189,0.8356
190,0.8289
191,0.8289
192,2.05
193,0.7839
194,0.7839
195,0.7717
196,0.8788
197,0.7717
198,0.8134
199,0.8635
200,0.793
201,0.7792
202,0.7839
203,0.7839
204,0.785
205,0.7792
206,0.7565
207,2.036
208,0.8788
209,0.7805
210,0.7565
211,0.7998
212,0.8289
213,0.8356
214,0.8163
215,0.8163
216,3.232
217,0.8788
218,0.8736
219,2.157
220,0.7839
221,0.8788
222,0.877
223,0.8736
224,0.785
225,0.8135
226,0.7565
227,0.7792
228,0.877
229,0.8356
230,0.8635
231,0.7565
232,0.8248
233,0.8248
234,0.8257
235,3.235
236,0.8248
237,2.137
238,2.135
239,0.8497
240,0.8248
241,0.9081
242,3.297
243,0.8143
244,0.8248
245,0.8248
