"site","rate"
1,NA
2,NA
3,NA
4,NA
5,NA
6,NA
7,NA
8,NA
9,NA
10,NA
11,NA
12,NA
13,NA
14,NA
15,NA
16,NA
17,NA
18,NA
19,NA
20,NA
21,NA
22,NA
23,NA
24,NA
25,NA
26,NA
27,NA
28,2.687
29,0.1639
30,0.9623
31,0.2056
32,0.1612
33,0.1923
34,0.5909
35,0.1446
36,0.1647
37,0.2728
38,4.346
39,0.1713
40,3.859
41,5.897
42,0.2728
43,0.1612
44,0.2728
45,0.6953
46,0.276
47,0.2861
48,0.1612
49,0.1896
50,0.1713
51,0.2999
52,0.1548
53,0.2056
54,0.9591
55,0.7675
56,0.9589
57,1.729
58,1.173
59,2.575
60,0.7395
61,0.2728
62,0.1923
63,0.2669
64,0.5814
65,0.1896
66,0.1603
67,0.1446
68,1.504
69,0.1548
70,3.197
71,0.2056
72,0.6948
73,0.1713
74,0.1647
75,0.9604
76,0.1446
77,0.1639
78,0.276
79,0.1896
80,0.7399
81,0.1923
82,0.1923
83,0.1603
84,2.443
85,0.2861
86,0.2669
87,0.2056
88,NA
89,NA
90,NA
91,NA
92,NA
93,NA
94,NA
95,NA
96,NA
97,0.7671
98,0.2133
99,0.1548
100,0.2728
101,0.2728
102,0.2506
103,0.5814
104,0.2861
105,3.804
106,1.198
107,2.877
108,5.712
109,5.84
110,0.2133
111,0.4366
112,5.718
113,0.1923
114,2.356
115,0.2669
116,3.286
117,0.2669
118,0.2861
119,0.1896
120,0.2133
121,0.7398
122,0.2056
123,1.002
124,0.1923
125,0.1923
126,1.006
127,0.4366
128,0.1923
129,1.174
130,0.1639
131,0.1603
132,0.5779
133,0.9794
134,2.734
135,0.1896
136,0.5911
137,3.586
138,1.022
139,0.9795
140,0.2669
141,0.1548
142,0.177
143,3.489
144,0.1713
145,0.1612
146,0.4366
147,0.177
148,0.1446
149,0.1603
150,0.2669
151,0.1603
152,0.1896
153,2.612
154,0.5583
155,0.2861
156,0.1896
157,0.1923
158,0.1548
159,0.1923
160,0.1639
161,0.2669
162,0.1647
163,0.1923
164,0.5584
165,0.2728
166,1.504
167,0.1896
168,0.2506
169,0.1923
170,0.1713
171,0.2999
172,0.1446
173,0.2669
174,0.1713
175,0.1896
176,0.2728
177,0.1446
178,0.1548
179,0.2669
180,0.2506
181,0.1923
182,0.1923
183,0.1446
184,0.2728
185,0.1639
186,0.5909
187,0.2728
188,0.5909
189,0.5909
190,0.5939
191,0.2133
192,0.2728
193,1.864
194,0.2728
195,0.1548
196,2.897
197,1.026
198,0.7715
199,0.2056
200,0.2669
201,0.583
202,0.6932
203,0.6175
204,0.5822
205,0.7671
206,0.1923
207,0.2728
208,2.228
209,NA
210,NA
211,NA
212,NA
213,NA
214,NA
215,NA
216,NA
217,NA
218,NA
219,NA
220,0.1923
221,4.546
222,0.1548
223,0.1923
224,3.885
225,0.1639
226,0.2861
227,0.7398
228,0.1923
229,0.6173
230,0.2999
231,0.1603
232,0.5814
233,0.2669
234,0.2133
235,0.2728
236,0.2133
237,0.276
238,0.1896
239,0.1548
240,0.5934
241,0.1639
242,0.1896
243,4.321
244,0.5911
245,0.1713
246,2.414
247,0.1896
248,0.1896
249,0.1647
250,0.1923
251,0.2056
252,0.1446
253,0.1923
254,1.408
255,0.2506
256,0.2728
257,0.1603
258,0.5909
259,0.2056
260,1.504
261,0.2056
262,0.683
263,0.2669
264,1.789
265,0.276
266,0.95
267,0.1639
268,0.1923
269,0.1446
270,0.5909
271,0.2669
272,1.417
273,0.96
274,0.1923
275,0.2728
276,0.5214
277,0.5939
278,0.5918
279,0.177
280,0.2133
281,0.1446
282,0.2999
283,0.2669
284,0.2506
285,0.1639
286,0.2999
287,2.304
288,0.2861
289,0.2728
290,1.578
291,1.023
292,1.023
293,1.023
294,0.5213
295,0.2728
296,0.9877
297,5.726
298,0.276
299,1.273
300,0.7454
301,0.2056
302,0.2728
303,0.2861
304,0.1446
305,0.9594
306,0.1647
307,0.2728
308,1.012
309,0.6831
310,0.2506
311,0.276
312,1.295
313,0.2669
314,0.2669
315,0.1896
316,3.07
317,0.1446
318,0.6826
319,1.445
320,1.044
321,0.1446
322,0.2669
323,0.1612
324,0.1923
325,0.8992
326,0.5785
327,0.2056
328,0.1603
329,0.2506
330,2.312
331,0.6384
332,0.2133
333,0.1446
334,0.1896
335,0.2669
336,1.026
337,0.4366
338,0.1713
339,0.1639
340,0.2999
341,2.292
342,2.368
343,0.5911
344,0.1639
345,0.9931
346,0.7428
347,0.1896
348,0.9588
349,0.6927
350,1.93
351,1.722
352,0.5251
353,0.276
354,0.1612
355,0.695
356,0.2728
357,1.397
358,3.037
359,0.1647
360,5.495
361,0.2506
362,0.1923
363,0.2728
364,3.917
365,0.2669
366,0.5215
367,0.5589
368,0.1923
369,0.2728
370,1.023
371,0.1896
372,0.5814
373,0.1639
374,0.1446
375,0.5783
376,0.2056
377,0.1603
378,1.069
379,1.199
380,3.823
381,1.46
382,5.684
383,0.1446
384,2.444
385,0.1548
386,0.2669
387,0.2056
388,0.2669
389,0.1923
390,0.1446
391,5.324
392,0.2861
393,0.4366
394,0.1639
395,0.1612
396,0.1923
397,0.1548
398,1.199
399,0.1446
400,NA
401,NA
402,NA
403,NA
404,NA
405,NA
406,NA
407,NA
408,NA
409,NA
410,NA
411,NA
412,NA
413,NA
414,NA
415,NA
416,NA
417,NA
418,NA
419,NA
420,NA
421,NA
422,NA
423,NA
424,NA
425,NA
426,NA
427,NA
428,NA
429,NA
430,NA
431,NA
432,NA
433,NA
434,NA
435,NA
436,NA
437,NA
438,NA
439,NA
440,NA
441,NA
442,NA
443,NA
444,NA
445,0.1446
446,0.1896
447,0.1713
448,0.1923
449,1.418
450,0.2056
451,1.013
452,0.1612
453,5.009
454,1.961
455,0.1713
456,0.2056
457,5.901
458,NA
459,NA
460,NA
461,NA
462,NA
463,NA
464,NA
465,NA
466,NA
467,0.2728
468,0.1923
469,0.2728
470,0.1647
471,0.276
472,0.2056
473,0.9597
474,0.1446
475,0.6832
476,1.274
477,3.624
478,1.019
479,3.678
480,2.209
481,0.9003
482,0.5814
483,0.1686
484,0.2559
485,0.1481
486,0.2816
487,0.194
488,0.1753
489,2.435
490,0.1642
491,0.7563
492,0.2783
493,0.1481
494,0.2918
495,0.2823
496,0.2923
497,0.2889
498,0.2023
499,0.1715
500,0.1753
501,1.351
502,0.7895
503,1.097
504,0.2032
505,3.538
506,NA
