"site","entropy"
2,1.05467584421
3,2.59978426405
4,1.25638295311
5,1.29728269002
6,0.0771387449863
7,0.603502990227
8,2.16679857085
9,1.30097886102
10,1.82608292535
11,2.38741549181
12,2.40016001513
14,2.08084076468
15,2.40794014413
16,0.192583717337
17,2.04523786825
18,1.97358762342
19,0.731897308603
20,2.19043676523
21,1.24373505163
22,0.0
23,1.68200886153
24,1.55391673908
25,1.48829783905
26,0.147127831817
27,2.18173360837
28,1.65359458763
29,1.23026525278
30,0.0144272148622
31,1.92918534027
32,1.41367348686
34,2.21357366576
35,1.87353280446
36,0.321173373161
37,0.900125185968
38,1.09967822151
39,1.73879499554
40,2.07488334491
41,1.9117967092
42,1.90931115857
43,1.96759876148
44,2.11732719536
45,2.24789553992
46,2.23718360163
47,1.60340080505
48,1.30287749248
49,0.0
50,0.5838471387
51,2.43311794817
52,1.66501183186
53,1.20601975941
54,0.0
55,1.45568811339
56,2.35848471945
57,1.18456402677
58,0.874133965651
59,1.88792171248
60,0.639724621269
61,1.70016090852
62,2.15495799084
63,1.64506106223
64,0.0144272148622
65,1.64917418671
66,0.917944661747
67,0.546687009583
68,1.90091921599
69,1.48595880275
70,0.806001144787
71,0.411363993739
72,1.32049929588
73,2.13950943594
74,0.299758261352
75,1.92263537119
76,0.0
77,0.971635013807
78,1.49715018855
79,1.11427949009
80,0.0144272148622
81,1.04311359955
82,1.98510804699
83,0.840427724088
84,1.34721285212
85,2.19481250477
86,1.64723284023
87,1.30609532906
88,2.41851713138
89,1.873526818
90,2.43117430143
91,1.85556144961
92,2.44459172522
93,2.05619798578
94,0.0
95,1.68254424252
97,2.45666211413
98,1.8894334082
99,2.43018620529
100,2.04932480601
101,2.36449733336
102,0.0
103,1.66009284268
104,0.0771387449863
105,1.71201800246
106,1.80973179515
107,1.91515869511
108,1.96056513979
109,1.58451035325
110,2.02372559413
111,1.48180994911
112,1.99456669514
113,1.8447144605
114,1.57089024528
115,0.0144272148622
117,0.589606140874
118,1.67207085976
119,0.301503603605
120,2.03935038151
121,1.46791867707
122,1.77482015054
123,1.63187032471
124,1.45622726769
125,1.92727668078
126,0.180454370213
127,0.0799113337085
128,1.72473062439
129,1.1191042617
