"site","entropy"
7,1.41521206462
8,2.13203899607
9,1.97716380672
10,1.88221632734
11,1.8779933576
12,1.00757328243
13,1.93953836532
14,1.71321340245
15,1.63439691753
16,2.09672096875
17,2.00553552969
18,2.03796555179
19,1.55399176048
20,0.891892879256
21,2.23500281492
22,2.23525260503
24,2.23299744497
25,1.21021549452
26,2.12794259632
27,2.11504347923
28,0.852553045093
29,0.59872358649
30,1.9404283112
31,2.14892038632
32,1.63055842401
33,2.21790136564
34,2.14275352259
35,1.74866143157
36,1.68551092892
37,1.78074811668
38,1.19922701853
39,1.45702040633
40,1.76852549098
41,1.36175677797
42,0.775380284921
43,1.52051260567
44,1.95578559923
45,2.34071636475
46,1.71268991714
47,0.89371980781
48,1.74881022745
49,1.97972399837
50,0.0144272148622
51,1.66168943752
52,1.27626603981
53,1.17577212858
54,1.19406751606
55,0.765767915209
56,1.78393040356
57,1.82074550331
58,0.340381389279
59,1.85922981508
60,2.024402136
61,2.1999688469
62,1.86346601639
63,1.87660043845
64,2.00177995439
65,2.2928623456
66,2.40973996121
67,2.18409402077
68,1.56301723874
69,0.674266444749
70,1.6235610283
71,2.02836725772
72,1.78435202175
73,1.86892097546
74,1.79881413272
75,1.38953650672
76,2.02992239103
77,1.69272662925
78,1.7687917561
79,0.222192221604
80,1.77209373627
81,1.95222800772
82,2.04728013915
83,0.632195160039
84,1.35728583267
85,1.49203209133
86,0.155016589193
87,2.49024942779
88,2.57220545657
89,1.59902452738
90,1.16412261549
91,1.1958936184
92,1.56666336765
93,0.965925415079
94,1.5871382403
95,1.13709557645
96,0.228054746451
97,1.92482279607
98,2.17980898922
99,2.12363484258
100,1.59895983819
101,1.95167325279
102,2.43442071697
103,0.694716542412
104,1.18133354069
105,1.88951079832
106,2.09224692004
107,0.0
108,1.03839815749
109,0.355484851157
110,2.22757287999
111,1.26699077394
112,1.80290991721
113,1.53395867463
114,2.00465307447
115,1.83288585343
116,1.58274532229
117,0.249713155543
118,2.13703679621
119,1.41416224153
120,1.98054439235
121,1.47764494457
122,1.92515266243
123,1.40379566923
124,1.54608917169
125,1.46380089169
126,1.89462375376
127,1.95369962574
128,2.14095532757
129,1.63797979158
130,1.81314086992
131,1.80332852508
132,0.107013912072
133,1.43522935349
134,1.76419580913
135,1.92321984684
136,1.08536206744
137,0.99673947146
138,1.90612780914
139,1.93852450777
140,0.637630209651
141,1.26200534506
