"site","entropy"
17,1.53076612598
18,2.01458021515
19,1.40950717284
20,0.962643371052
21,1.25011297691
22,0.897885660564
23,0.287858676887
24,1.98819325896
25,1.65518275655
26,0.449741497814
27,1.76811622879
28,1.53654587224
29,1.78954303428
30,1.74075136619
31,0.0
32,0.63746297863
33,2.13629184897
34,1.68280086666
35,0.328562885276
36,0.794426428557
37,0.324942551495
38,1.07887142594
39,1.08522458407
40,1.60067938548
41,0.26097730498
42,1.69098378931
43,0.878657140039
44,0.753102341918
45,1.2226568015
46,0.0
47,1.41308661118
48,0.290755457115
49,0.0
50,1.59237903995
51,1.52998679029
52,0.0837304187183
53,0.408324049846
54,2.28897499862
55,0.771963632357
56,0.501995209258
57,1.80738556419
58,2.22482862311
59,0.362822438157
60,1.19128339991
61,2.02415055071
62,2.39290884918
63,0.76836480503
64,0.0
65,1.59995229966
66,0.994809043504
67,0.300933703957
68,1.33784057756
69,0.529803689423
70,0.85549248749
71,0.172329402641
72,0.0144272148622
73,1.46585448613
74,0.167239818495
75,0.0432696124821
76,2.08623778448
77,1.67017891643
78,2.02609224468
79,1.65926416037
80,1.97723808944
81,1.58863949038
82,1.61003121418
83,2.04932358056
84,2.22485883859
85,1.94401560666
86,1.43415535059
87,0.947160067789
88,1.93219079889
89,0.251751485464
90,0.926537260415
91,1.61346519156
92,2.08710413532
93,1.64247297783
94,1.32190025861
95,1.7202880456
96,1.62939590974
97,1.37632438444
98,1.82369463954
99,1.79735950253
100,2.20930178556
101,1.65327241796
102,1.46549479701
103,2.10339408209
104,2.29780545701
105,0.259260173338
106,2.10812239882
107,2.00284678492
108,2.17658024782
109,0.0
110,0.758721336434
111,0.569678540521
112,0.279867001871
113,1.93627833235
114,0.408915352491
115,1.84434250759
116,1.55433327067
117,0.898818972608
118,0.0
119,1.20384342797
120,0.727003946
121,2.17388226963
122,0.0
123,0.0404970237599
124,1.08903085307
125,1.49379781196
126,1.23245256705
127,0.955163847712
128,1.88365569503
129,0.957326982257
130,1.63656452055
131,1.47750142465
132,2.29009753258
133,0.743789803897
134,1.83530797628
135,1.93439384678
136,1.81825040311
137,1.27128145998
138,1.38944883885
139,1.88672497489
140,1.99298877203
141,0.620503007816
142,0.980361227739
143,0.579075269967
144,1.64207242889
145,0.945002789187
146,0.346742386462
147,0.755355325765
148,1.06666129159
149,0.82928032353
150,2.46966398666
151,2.04684698184
152,1.25274345033
153,1.76495696466
154,2.07102358544
155,2.04561344981
156,0.772519268438
157,0.209268711235
158,1.93895113729
159,0.429978361787
160,0.600011990654
161,0.966729853926
162,0.640996575109
163,1.40663163344
164,2.06116808805
165,1.41033077188
166,0.918778608016
167,1.73008683921
168,1.40028675024
169,1.10951755584
170,0.410724828978
171,0.136838027147
172,2.0548388634
173,1.68614705581
174,0.0
175,0.240313082958
176,1.82421579798
177,1.91676155353
178,0.163879380298
179,1.89646073193
180,0.0260778329834
181,1.9444377156
182,2.21111982429
183,1.98140329946
184,2.21520454141
185,1.67736193862
186,0.739790962509
187,1.93567925528
188,1.33741967534
189,2.1327540379
190,1.7335733311
191,0.238725433461
192,1.85931917705
193,0.708624894486
194,1.97917755295
195,0.417046792421
196,1.88671507222
197,1.36156322498
198,1.74237103941
199,0.974545778274
200,0.978162424912
201,1.71356331439
202,0.685080155115
203,0.710371022752
204,2.02985926775
205,2.13766601063
206,1.79578120388
207,2.32994372717
208,2.39033302892
209,1.91023594377
210,1.83507447844
211,2.45951888538
212,0.0
213,2.05782069162
