"site","entropy"
1,1.42789938493
2,1.48969193398
3,1.65168166131
4,2.06905830338
5,0.0
6,1.90357481443
7,1.31996232903
8,1.02796012488
9,0.978992659278
10,0.0260778329834
11,1.50295258805
12,0.0465944242221
13,0.0144272148622
14,1.180396733
15,0.294758169837
16,0.803771866974
17,0.644162627195
18,2.0414017563
19,0.503379480732
20,1.32314782729
21,0.683278766367
22,0.275735377122
23,1.76113307845
24,1.70305376165
25,1.2829577086
26,2.22575550842
27,1.27319984172
28,1.62824343414
29,2.2637571848
30,1.01975851982
31,1.57014029376
32,2.02654993693
33,0.778695770517
34,0.913247741345
35,1.74374332357
36,1.47231244911
37,1.18731360297
38,0.151220705741
39,2.09530178637
40,1.7987987835
41,0.156456303491
42,0.0560015343548
43,1.14318684576
44,0.702998693655
45,0.694543496635
46,1.77959583057
47,0.932840558511
48,1.63809482345
49,1.11650128299
50,0.384491307884
51,1.24243696803
52,1.44689410898
53,1.09043574712
54,1.16880835061
55,1.15807718846
56,2.10907426509
57,0.535328824194
58,1.3863947613
59,1.57053605871
60,1.89743657284
61,0.278817550749
62,1.85138242287
63,0.0
64,0.0144272148622
65,1.85293964359
66,0.660491306846
67,2.25984538199
68,0.949082183849
69,0.0
70,0.862126670325
71,1.43880434357
72,0.125223847293
73,0.0
74,1.89699210592
75,1.87297517662
76,2.13065869718
77,1.33703355035
78,2.20204529186
79,1.57989048221
80,1.25707724179
81,1.94967367941
82,0.556837536913
83,0.0
84,0.0144272148622
85,2.10845322336
86,0.406814611566
87,2.13215096527
88,0.122433930327
89,2.19870424806
90,1.53204482274
91,1.68614587934
92,0.773753594881
93,1.67372253244
94,1.16534152539
95,2.05409226699
96,1.06800150374
97,1.45518456206
98,1.53102852942
99,0.0
100,0.954849874261
101,1.4725421912
102,1.56973852675
103,0.186248865418
104,2.20450052991
105,1.23018975557
106,1.22865032495
107,2.00232266721
108,1.78575612702
109,0.526376834323
110,1.80810057669
111,1.31114199366
112,0.160888636704
113,0.716389977856
114,2.09779677954
115,0.881037856493
116,1.7257683677
117,1.72198674574
118,1.60219043019
119,1.4622674837
120,0.616934557622
121,1.76630863993
122,0.760119795299
123,1.53659487037
124,2.04210043986
125,1.6642236112
126,1.77183086131
127,2.4799957957
128,0.2210655193
129,1.9296953487
130,1.769577908
131,2.43906261938
132,1.83544824765
133,1.5743426837
134,0.973053315494
135,1.86104447423
136,1.85611931722
137,2.33882273423
138,0.0
139,2.08328881449
140,1.48766233728
141,0.26363141825
142,2.03281431637
143,0.885746934842
144,1.31386515051
145,0.0288504217056
146,1.3029988926
147,0.743944703327
148,0.851512019056
149,2.10823143773
150,1.00933368497
151,1.00397760607
152,0.742396750195
153,1.90399394999
154,1.84574069796
155,0.248434571743
156,1.86873213638
157,2.14306738194
158,1.32855035827
159,0.0
160,1.43213387852
161,1.53730631654
162,1.61284134685
163,0.293312933373
164,0.51850258329
165,1.61178176084
166,0.835526808278
167,1.60103677088
168,2.11149545616
169,1.78455554176
170,0.0366779387501
171,0.991168082648
172,1.32470185135
173,0.648481734884
174,2.03553626036
175,1.91092532487
176,1.02480939668
177,1.69338546007
178,1.83522681084
179,1.57396738711
180,1.6466415839
181,1.59309619242
182,1.10453424798
183,1.74554668195
184,1.535630903
185,1.93343081172
186,0.0
187,0.711430565456
188,1.64484048716
189,1.48598824475
190,0.87295614119
191,1.57251664442
192,0.984705401686
193,1.0764965648
194,0.861686494578
195,1.03339259065
196,1.57159815107
197,1.39833254477
198,0.0560015343548
199,1.03125231197
200,1.38963358308
