"site","entropy"
152,0.775312187869
153,1.76226824604
154,1.8081903604
155,1.93034787252
156,2.27776057599
157,1.85661746313
158,2.00178510059
159,1.42046459985
160,1.83055673662
161,1.4102939646
162,1.51556446495
163,1.42378523311
164,0.684084904624
165,2.02829892691
166,0.0288504217056
167,0.54068492353
168,2.17018348635
169,1.40423029628
170,1.67163091909
171,1.57604055474
172,2.02687104107
173,2.46656688535
174,1.85664376687
175,1.19263090788
176,1.75359190798
177,1.93089190495
178,1.88371098973
179,1.24477802167
180,1.77878470747
181,1.25395907777
182,1.36185250371
183,1.59096018859
184,0.956771424784
185,1.68040899525
186,1.54951117453
187,1.47902528784
188,1.3211099573
189,2.1504618046
190,2.02179879775
191,1.46663519165
192,0.961890981682
193,0.366431970734
194,0.0
195,1.62680896078
196,1.22087707025
197,2.18369171468
198,1.48712566352
199,1.98308174882
200,0.170347133366
201,1.78881816607
202,2.14658194418
203,1.54009920214
204,1.68611478805
205,1.87030839144
206,2.33318179076
207,1.66300961187
208,2.24929907819
209,1.627061649
210,1.89238782323
211,0.475669507878
212,0.78539476332
213,1.6156910104
214,0.460705392254
215,1.91129963723
216,1.52833044002
217,0.0144272148622
218,2.23461843423
219,2.01485153726
220,1.12719512384
221,1.46552405165
222,1.57726152963
223,0.0
224,1.82798971988
225,1.34228385974
226,0.339299244687
227,1.23626627204
228,0.574455406742
229,1.22017610831
230,0.0144272148622
231,0.675461859109
232,1.60477935396
233,1.13653985319
234,1.4248106604
235,2.16770308726
236,1.97050581817
237,1.92281520381
238,1.76291030766
239,1.27919653172
240,0.0
241,1.33318975991
242,2.27646607841
243,2.12712679118
244,1.79857860793
245,1.78075040965
246,2.33380498347
247,1.47181428942
248,1.69617932782
249,2.0750936735
250,1.83723436887
251,0.691994737784
252,0.0650018938098
253,2.00285500507
254,1.10604331956
255,0.511294736087
256,1.72377442129
257,0.248924692608
258,0.241663324108
259,0.657889688976
260,1.38223545415
261,1.60183973437
262,1.94535082852
263,0.933431327535
264,1.52894521224
265,2.11175288822
266,0.315996188691
267,1.14398713289
268,0.483373534282
269,1.95844680669
270,1.45435794794
271,2.47944227312
272,0.0976230127728
273,2.03651097373
274,1.92124501366
275,1.5790350557
276,0.772406114102
277,2.08666934963
278,1.62396327323
279,1.3408195175
280,1.58734383715
281,0.297158761377
282,0.0
283,1.93244795492
284,0.0
285,1.38045136441
286,0.127719710762
287,0.0
288,0.846925584081
289,1.67885934853
290,0.0
291,1.09500340874
292,1.93167812524
293,2.42913452923
294,1.31151974234
295,0.936718699524
296,2.11496127153
297,1.0157906296
298,0.0144272148622
299,0.655706287606
300,1.93718930434
301,1.01557894764
302,1.07243855008
303,0.835177414123
304,1.08079490638
305,1.5039472833
306,0.902379398781
307,1.48107877453
308,1.28623837847
309,0.326381746675
310,1.48923279242
311,1.80358472446
312,0.917860781185
313,0.833637121837
314,1.33917468578
315,0.673276367607
316,1.11889597228
317,1.55244718712
318,0.624141078508
319,1.93658319869
320,2.12184512638
321,2.18827251251
322,0.148382757296
323,0.246015386968
324,1.08875811869
325,1.76375451901
326,1.53300866883
327,1.53106471051
328,1.71140437349
329,2.09604507498
330,1.74545682842
331,1.81212128142
332,2.29670368433
333,1.60056530504
334,1.68314411983
335,2.08889846318
336,2.29648954884
337,1.75927671587
338,2.35078767043
339,2.15799658343
340,2.43527300033
341,1.48792537081
342,2.17950667018
343,1.08137634398
344,0.0144272148622
345,0.856873439995
346,2.17959015476
347,1.81433671692
348,1.58001876182
349,0.884689511302
