"site","entropy"
492,1.16741064181
493,1.02805022887
494,2.46376881576
495,1.82163177019
496,0.637269517562
497,2.34504834148
498,1.33235486732
499,2.05895874989
500,1.69998427014
501,1.50499083222
502,2.32777308197
503,1.8523411486
504,1.14618815301
505,0.76659320801
506,1.5513456104
507,0.56312376953
508,1.88083617815
509,1.94022231075
510,2.15290030853
511,2.43207783962
512,1.97989276684
513,2.02703020286
514,1.64459520116
515,0.855629851029
516,1.60322378172
517,1.96195093431
518,1.03775469536
519,2.04932878178
520,1.86889466882
521,1.54057992894
522,0.838345281263
523,1.76733839189
524,2.30514828363
525,1.86203424381
526,1.78091291458
527,0.82863603537
528,1.75792101198
529,2.50606257026
530,1.66984455419
531,1.9211519535
532,1.60051558069
533,1.82378774576
534,0.591425202824
535,1.64089953761
536,1.86669881723
537,2.24429939195
538,1.55965815368
539,1.64109142769
540,1.2223867477
541,0.196531506428
542,1.57197386991
543,2.18882446825
544,1.91088879175
545,1.57721310046
546,0.455854749383
547,1.81343743385
548,1.41663289939
549,1.2252987262
550,2.31714568795
551,0.955481208607
552,0.314849022745
553,2.23491840211
554,1.58741600035
555,1.35413198452
556,0.0521396016666
557,0.177159195503
558,1.5604177992
559,1.57071242706
560,0.136976470085
561,2.19065191152
562,1.87918283518
563,0.795393855566
564,1.48001003455
565,1.42350822725
566,2.13796160731
567,0.0
568,1.0611343038
569,1.43994595378
570,1.87785001017
571,1.49861595291
572,2.12773191426
573,1.44809837332
574,2.46080379659
575,1.18019369548
576,1.23993564474
577,1.14774185711
578,2.1725274582
579,1.60033483679
580,1.56825132558
581,1.31623346751
582,0.458374975263
583,1.99648924556
584,0.099684634119
585,2.29259472534
586,2.28531003239
587,1.90290683204
588,1.85015436536
589,1.69932398113
590,2.22830641889
591,1.74741777269
592,1.53131489202
593,0.854468625086
594,2.20756716627
595,1.90479246849
596,1.82192848477
597,1.48070445931
598,1.73237549874
599,1.60842991124
600,1.97173412373
601,0.510203866936
602,0.800346033189
603,0.905971168643
604,1.97729887263
605,2.03095729623
606,2.09743655674
607,1.38474402355
608,0.946525306511
609,0.73477212309
610,2.1061251467
611,1.82216665838
612,1.66116223091
613,2.07221576064
614,1.90015893545
615,1.2565427593
616,2.23925721098
617,2.01706318654
618,1.83905050487
619,1.72100543054
620,2.12560422846
621,0.0
622,1.20082718834
623,1.42928009449
624,2.00827759228
625,1.90778278407
626,1.6478853518
627,2.12949414035
628,2.14273271745
629,1.66060442759
630,1.9583241517
631,1.57268958798
632,2.01223829353
633,1.45335876004
634,2.22759536483
635,0.0
636,1.46471957848
637,1.5258139065
638,2.25043217335
639,1.71098426754
640,1.97750894452
641,1.76423204363
642,1.64784073863
643,1.95129559595
644,1.69108357738
645,1.98067179931
646,0.954348287943
647,2.01893396553
648,2.13350579019
649,2.20833750044
650,1.08446902065
651,0.564989731401
652,0.138494986822
653,1.76997183214
