"site","entropy"
2,1.62213721313
3,1.31199886214
4,1.61868306323
5,2.00158903011
6,1.52307396643
7,1.76302824141
8,1.48208607792
9,0.944720579693
10,1.39409192901
11,0.57740942684
12,0.841952469936
13,1.07705070058
14,1.78856870999
15,2.29758805529
16,1.08919006802
17,0.974903280357
18,2.08297336705
19,1.77140160812
20,0.398634150771
21,1.45302132057
22,0.738378471861
23,0.752586847416
24,2.19678358711
25,0.691145991901
26,0.821200196443
27,0.365922663556
28,1.94064352919
29,1.62854472133
30,2.40583487612
31,0.966835379605
32,2.12507808804
33,2.29445606495
34,2.23926698936
35,0.69631875314
36,1.23295036283
37,2.20729370167
38,1.99368337696
39,1.87952170931
40,0.452903122015
41,1.37984756567
42,1.69183069104
43,0.833109150118
44,2.06948341884
45,0.874393621666
46,1.67480644812
47,0.101607177565
48,1.70920468776
49,2.10022120143
50,1.58387173287
51,2.31232829073
52,1.76662307864
53,1.64424250134
54,0.0144272148622
55,1.87998433515
56,1.49871874243
57,0.596412546591
58,0.93257847274
59,1.63591826667
60,2.13335472228
61,0.981365576282
62,1.77059101128
63,1.84112428381
64,1.81045939913
65,0.710753965973
66,1.58760541584
67,2.2270251651
68,1.62274967348
69,0.374819669187
70,1.17339925897
71,2.03757272044
72,1.7633583659
73,1.41887957311
74,1.64195992316
75,1.70750446024
76,0.157426149504
77,2.20272787695
78,1.73097610786
79,2.27430095098
80,1.51325712625
81,2.09341881429
82,1.50062640133
83,1.36377365949
84,0.950506056061
85,2.08369822314
86,1.58369076088
87,0.741858645335
88,1.08015219856
89,1.15169286463
90,1.53149194413
91,1.91463500749
92,0.845962742123
93,2.0218628983
94,1.72008882661
95,1.87346997184
96,1.76617641307
97,1.8996726725
98,2.32257551965
99,1.60820201506
100,2.29956299995
101,0.553726811111
102,2.09309457051
103,1.9063426483
104,1.9336993886
105,2.30606600555
106,1.59129819856
107,1.40181751024
108,0.142090068984
109,1.13807067918
110,2.14740009713
111,0.75123127515
112,1.69001434045
113,1.12964368549
114,2.02339479776
115,1.89931419086
116,1.53122802527
117,0.105426262575
118,0.610849508067
119,1.98164253027
120,1.31885983848
121,2.14673002886
122,1.08350413744
123,1.87282844419
124,0.0144272148622
125,2.26630696483
126,1.76219030614
127,2.23441652219
128,2.10976061496
129,2.12718519294
130,1.61790649885
131,2.40987219327
132,1.01710857428
133,1.47980553778
134,1.58941671809
135,0.966270410661
136,0.123636197796
137,1.56703100878
138,2.04773799595
139,1.97318580491
140,2.00003737227
141,2.10530167201
142,2.03240279542
143,1.91997231777
144,1.27487771564
145,1.78793227094
146,1.46644936896
147,1.81902481763
148,1.67830485317
149,2.44039751894
150,1.91556218517
151,1.45005954671
152,1.09917519941
153,1.91852313071
154,2.38594138851
155,1.07739817016
156,0.978750577688
157,1.78755743384
158,2.13416644636
159,2.02362415494
160,0.697656182862
