"site","entropy"
1,0.669719700767
2,0.798406118094
3,1.80982386992
4,1.22788317602
5,2.0119495928
6,1.31743053479
7,1.50758614483
8,1.94994702716
9,1.34290781907
10,0.0
11,1.85465084352
12,0.955987939481
13,2.09625133717
14,2.08583956584
15,1.20379258696
16,0.37646502534
17,1.29825238595
18,1.84062082255
19,0.0
20,2.00718554889
21,2.14573884225
22,1.79252016812
23,1.48710921704
24,2.19841740398
25,1.23773159114
26,1.5942016087
27,1.85155593559
28,2.56183107876
29,2.17555270923
30,2.05955626521
31,2.22585611614
32,1.9774105269
33,0.0404970237599
34,1.95527663547
35,2.09938172915
36,2.29616502029
37,1.93689646591
38,1.08077653757
39,1.21758334704
40,2.1309313108
41,2.12023520713
42,1.89020244139
43,0.726839238039
44,2.0036375836
45,1.16288520598
46,2.02929836952
47,1.94234015455
48,1.2337458962
49,2.34049926232
50,1.35957665529
51,0.0
52,1.93076155929
53,1.20606574663
54,1.58520404307
55,1.45908614908
56,1.93718677329
57,1.62958087374
58,0.209295568264
59,2.38610719424
60,1.9560076792
61,2.25055806746
62,0.287793648154
63,2.2684920467
64,1.61908731769
65,1.70716722547
66,1.98736212738
67,0.900218110221
68,1.27616070115
69,0.0
70,0.65912211878
71,0.758733401637
72,1.33601664864
73,1.89016574506
74,1.27463368976
75,1.86676185694
76,0.884159806514
77,0.983037339577
78,0.814008038126
79,1.42979967858
80,2.28077198983
81,0.911181350853
82,1.48558660875
83,0.0560015343548
84,2.11367569094
85,1.69503437284
86,0.0288504217056
87,2.03966830508
88,0.164120475394
89,0.0
90,2.09424755496
91,1.85676887868
92,1.66771553021
93,0.130384796353
94,0.930235248339
95,2.1590981747
96,2.28159730346
97,1.39490953167
98,1.94828796754
99,2.33694371564
100,0.917555206559
101,1.60367737204
102,1.51751062955
103,1.38470827666
104,0.996062168254
105,1.56390518503
106,0.711990711841
107,1.77153270104
