"site","entropy"
4,1.36609659998
5,1.58620983139
6,1.70469676196
7,1.01990455895
8,2.16189205209
9,1.25764702619
10,0.748339551223
11,1.11645085139
12,1.47486121651
13,0.333033739233
14,1.49488349243
15,0.947423324039
16,2.21535163865
17,0.818432581894
18,2.52890457341
19,2.24966373592
20,1.518937844
21,1.96905898886
22,1.6276116334
23,2.11031226128
24,1.8397700762
25,2.12073394177
26,0.999521958881
27,1.87927250253
28,1.35456203092
29,0.95544514222
30,1.96431830003
31,1.66790449318
32,1.34380545484
33,1.97064256332
34,0.909966167124
35,0.726330296042
36,1.90397295186
37,1.41678524918
38,2.22467252941
39,1.76596314813
40,0.382784374304
41,0.488798199201
42,1.95937453044
43,1.56602256122
44,0.0288504217056
45,1.09723768738
46,2.37541308212
47,0.582035328202
48,2.17846890038
49,0.627294933458
50,1.75663225558
51,1.77952892478
52,0.933968150274
53,1.87502523152
54,1.57808090001
55,1.88375841003
56,2.33179109787
57,2.27683044764
58,1.84067293182
59,0.609576465469
60,0.890966604035
61,1.25862145916
62,0.836658196975
63,0.527085763054
64,1.94067004438
65,1.05390449802
66,1.76601172299
67,2.20157742024
68,0.0260778329834
69,2.17186777778
70,0.303758776051
71,0.224876379874
72,2.29364277112
73,0.088062299307
74,0.948432076941
75,1.57616296404
76,2.32241748268
77,1.92535953607
78,1.59368978315
79,0.267939663621
80,1.13980294159
81,1.91577123623
82,1.62334826989
83,2.41453842293
84,1.57582873927
85,1.7785437479
86,1.86565801181
87,2.2650597115
88,1.18172351057
89,0.271361643457
90,1.74638112673
91,2.10641650321
92,1.47910708386
93,0.764805502105
94,1.50373988923
95,0.0
96,1.70489510754
97,1.66032519683
98,1.41080959005
99,1.91081835973
100,1.84716338547
101,0.820388312268
102,1.09757350442
103,1.97678483339
104,2.0283935215
105,2.19285722115
106,2.15394860776
107,2.14191278136
108,1.09434571106
109,1.37967631981
110,1.69111357064
111,0.0404970237599
112,1.94386638573
113,2.23815313469
114,2.36664023803
115,2.32274364273
116,1.62233252256
117,2.07788910262
118,1.87573478979
119,0.795062611878
120,1.659501128
121,0.781120124231
122,1.07633441861
123,1.59020914154
124,1.78413323906
125,2.18872953906
126,2.10518505151
127,0.85463805125
128,1.83954889127
129,1.67857786273
130,0.643224936151
131,2.40031264462
132,0.927770756985
133,1.472690155
134,1.54230624828
135,1.64655379005
136,2.12888168237
138,1.88470226006
139,0.934617840627
140,2.12500785791
141,1.50975427631
142,1.18478210101
143,2.21271735711
144,2.13998052604
145,1.77572579645
146,2.07763989429
147,2.48525218926
148,2.29661572884
149,1.72164371013
150,2.50080380537
151,2.11133198181
152,2.31421923083
153,1.8611405044
154,1.68810546223
155,0.671633497091
156,1.37882621711
157,1.90330088317
158,2.02418738435
159,1.38983087578
160,1.97012337267
161,2.04878640738
163,1.62564452257
165,1.73971766219
166,2.48274802403
167,2.28998569376
168,1.75774188975
169,1.57550402975
170,1.28972953082
171,0.873391824096
172,2.17467949866
173,1.97814266278
174,1.5388262913
175,0.968111036099
176,2.20713231402
177,1.91844544499
178,0.977362527047
179,1.04533945299
180,1.85827409653
181,0.550210855595
