"site","entropy"
2,1.29645653709
3,1.77962171896
4,2.42076940456
5,0.314097814624
6,0.457897550267
7,0.796047432756
8,1.01475183726
9,0.56310100708
10,1.27098458591
11,1.41653904163
12,0.884899187901
13,1.93757727477
14,1.16307564093
15,1.96871950533
16,2.0617204914
17,0.19602616335
18,0.141627069609
19,0.0
20,2.11164152794
21,1.67693854426
22,0.766085501443
23,0.871833050726
24,1.28729544318
25,0.795244284717
26,0.501507068869
27,2.00840103221
28,1.82546888002
29,1.6274363668
30,1.35383215163
31,1.09142095968
32,1.38573834
33,1.27444676428
34,1.9454081695
35,0.755540888781
36,1.99397875451
37,0.871555463474
38,1.70982552625
39,2.01561520059
40,1.4494675519
41,1.80059878688
42,1.93477656081
43,2.28444385983
44,0.508608519981
45,2.00284025446
46,1.98068592211
47,0.638954213321
48,0.730217911174
49,1.8880135792
50,1.62315462175
51,2.11797120837
52,1.8167629424
53,0.920798882079
54,0.962076107445
55,2.01399387059
56,1.85756949235
57,0.918076547667
58,0.0
59,1.54446818083
60,0.225922876162
61,0.861074283151
62,0.949700598869
63,1.81554817129
64,1.41188184295
65,0.174248983718
66,0.0
67,0.923102455325
68,1.88766555905
69,0.540490868229
70,0.388411735152
71,1.8176305426
72,1.26240910453
73,1.53192139968
74,1.33625166905
75,0.839463140254
76,1.78109176162
77,1.22051540541
78,1.78364241769
79,0.660119388426
80,1.66249513039
81,1.69614620744
82,1.72609863194
83,1.42618183224
84,1.81791782529
85,1.43438987153
86,0.624167331148
87,1.13365150878
88,1.32241058826
89,1.26979564085
90,1.62277503554
91,1.7931645191
92,1.18082083265
93,1.90494639128
94,1.98380316585
95,0.582316253723
96,0.347684541056
97,0.749229871207
98,1.17662673194
99,1.7695180864
100,1.95153013274
101,1.93116699447
102,1.17756490633
103,2.1215288981
104,0.419428824886
105,1.21239162312
106,0.682539798419
107,1.50755414825
108,0.275926680929
109,0.70196937567
110,1.13054005153
111,0.400832324474
112,2.08856844252
113,1.79106323973
114,2.02721482626
115,0.43718644762
116,1.93678804059
117,1.68706880951
118,2.04001739008
119,0.323594566094
120,0.0771387449863
121,1.63101668855
122,1.9197313423
123,0.828213578612
124,1.05293665646
125,1.26830034127
126,1.46091311477
127,0.0
128,0.944815321965
129,1.2093217788
130,2.01037590777
131,0.743416145538
132,2.22926603789
133,2.02559821272
134,0.48859781157
135,1.18757595952
136,1.37660484168
137,1.03366970452
138,0.336833863368
139,1.87404095122
140,1.50849544754
141,0.922637843699
142,1.6901404943
143,1.42561734771
144,2.11504632648
145,0.0
146,0.168849665935
147,1.93988521916
148,0.366182121318
149,0.66270413182
150,1.51748344485
151,1.23930954302
152,1.77295002951
153,1.70893254348
154,0.683830781734
155,1.42458149675
156,1.74120263819
157,0.0
158,1.69656792473
159,1.48577905512
160,1.00985661956
161,1.44268006802
162,1.56733998388
163,1.91393343164
164,1.59961142242
165,1.83250618035
166,0.505203251541
167,2.07495334655
168,1.93912748194
169,1.99904150706
170,1.12683500513
171,1.88403190573
172,1.94256419718
173,2.11867561213
174,0.0366779387501
175,1.18319436633
176,1.64543366494
177,1.48579840433
178,1.02293412472
179,1.61938229109
180,1.48753322771
