"site","entropy"
1,2.35005529254
2,1.80846695851
3,1.6466336183
4,1.15137060937
5,0.14252164753
6,1.10483399103
7,1.55838381904
8,0.367933021231
9,2.12521319286
11,2.27999593343
12,2.05993499313
13,1.48355043437
14,0.0
15,1.33210912467
16,0.855740530638
17,1.36927030358
18,1.91831114045
19,2.2142668606
20,1.93464126517
21,2.03752253354
22,1.02213331891
23,1.21107742205
24,1.92794778435
25,1.54384383454
26,1.48268745538
27,1.69414676976
28,1.60683629356
29,2.21384048857
30,2.4078859116
31,2.16820824974
33,1.92201764572
34,1.39210281436
35,1.97943508487
36,2.15331120321
37,1.40090841196
38,1.65742601796
39,1.36284300692
40,2.27018766256
41,0.859270981471
42,1.90273890949
43,2.44319569832
44,0.0
45,1.6896944633
46,1.01038291169
47,0.731399122078
48,1.41731353466
49,1.95608866602
50,1.21964517066
51,1.89350464833
52,1.89565379558
53,2.19783568004
54,0.347660886397
55,0.941931792767
56,0.85497733165
57,1.83775197413
58,0.331460730568
59,1.82620559896
60,1.66545699024
61,1.13846756941
62,1.20702732884
63,0.118614845317
64,1.69372437506
65,1.03422465291
66,0.080957829996
67,1.67974401201
68,1.01800215459
69,2.20303954678
70,1.62484823261
71,0.0
72,2.41205817776
73,2.17610798583
74,0.675451222525
75,0.0
76,2.30537572653
77,2.41500146583
78,0.0366779387501
79,1.59033324785
80,1.92689001101
81,2.2897652375
82,1.79193260487
83,1.96263211861
84,1.95712158222
85,1.77492874459
86,2.02287428255
87,2.01081320157
88,0.982737304061
89,1.87797138933
90,2.13778451285
91,1.06384637669
92,1.15512263015
93,1.93286608586
94,2.19740028573
95,0.889797321342
96,1.64973264724
97,2.04323655406
98,1.57354611573
99,0.692635093143
100,0.613463540488
101,1.64448430081
102,0.813033139313
103,0.6801109457
104,0.161780200961
105,1.52710571932
106,1.94157331883
107,2.19978897169
108,2.06423312111
109,1.99763722826
110,0.867526622511
111,1.65975544649
112,2.02571599328
113,2.41681631262
114,0.0521396016666
115,1.95810806345
116,1.90118894406
117,2.22732173143
118,2.17076519344
119,1.49633065696
120,2.21752399428
121,1.62077208833
122,1.90508791518
123,1.80093658593
124,1.88208188254
125,0.983439636257
126,1.32979920371
127,1.84236187734
128,0.237133041395
129,0.0610055585902
130,1.75989123143
131,2.07255637465
132,0.69276206209
133,0.82290732002
134,0.865499915572
135,0.966816735807
136,0.0726400638293
137,0.844594539996
138,0.923273051772
139,1.20781890622
140,2.00290791077
141,1.48257145745
142,2.26904978442
143,2.2713052452
144,2.16191089546
145,1.82635316996
146,1.33615889929
147,1.98811852181
148,0.0726400638293
149,1.1415615293
150,1.72064086446
151,0.74832552095
152,1.37565702045
153,1.34636115837
154,1.64432649062
155,0.724794490365
156,2.27718675817
157,1.48713611414
158,0.456463373284
159,0.697749067977
160,2.16418139893
161,1.35676875805
162,0.868533956315
163,1.27792010473
164,1.34854146317
165,2.18175334704
166,1.85842051004
167,0.232240856895
168,1.90359757568
169,2.24938589601
170,2.21943613569
171,2.51398999476
172,1.92025042771
173,2.0139553011
174,1.03164889903
175,0.609711254099
176,0.271562316791
177,1.18387140163
178,1.09588413415
