"site","entropy"
1,0.819841148983
2,1.52156931908
3,2.30054082933
4,1.10311647235
5,1.9693572901
6,1.18446516637
7,1.99877076077
8,2.05832373023
9,0.713021645624
10,2.33468853498
11,0.964550380698
12,2.20650106751
13,1.6342658016
14,1.86360803887
15,0.168510317631
16,1.32133235565
17,1.42662948158
18,1.51284969429
19,1.92138446255
20,1.70519692904
21,1.84687000919
22,2.08838425993
23,1.00638097496
24,1.88858023592
25,2.05855333855
26,1.3616387001
27,1.67353990635
28,2.16986551247
29,2.5200420017
30,0.369605162492
31,1.76894361561
32,1.7263340521
33,2.19728943267
34,1.11157773804
35,1.7661834023
36,0.33552403522
37,0.591838810419
38,2.27844690126
39,0.371521222208
40,1.99525824393
41,0.337477479576
42,1.86607883267
43,1.03517786994
44,1.78168363091
45,1.91406720128
46,0.900040242387
47,2.25576882821
48,0.897741801351
49,0.203017083682
50,1.9165081352
51,1.65514319741
52,1.257299433
53,2.2584815218
54,1.82930400344
55,1.03574644696
56,0.174567024916
57,2.16514482044
58,1.84758462417
59,2.02187108517
60,0.0144272148622
61,2.06231898688
62,2.05272856405
63,1.02717393463
64,0.0
65,1.69827315424
66,1.91184005468
67,2.13143912526
68,1.21051880151
69,0.648829557211
70,1.55269131289
71,1.58772171607
72,1.44707170198
73,1.78676015245
74,0.870815211724
75,1.47595490073
76,2.2470578082
77,1.10244293742
78,2.20731140971
79,1.32389103501
80,0.0
81,0.505823220457
82,0.673977097489
83,0.693911062436
84,1.61379213145
85,2.08488331335
86,1.73043610685
87,0.848806645331
88,0.514382850546
89,1.07187896986
90,1.42288395411
91,0.689907220478
92,1.92379415043
93,2.03319575512
94,2.04690812169
95,1.04641315314
96,1.36866597203
97,2.0900196815
98,1.77518213006
99,1.89803343462
100,1.70964048005
101,1.88803332415
102,2.01610826301
103,2.37967145589
104,1.87755974009
105,2.0169562693
106,2.30131487727
107,2.45497762682
108,1.21927379825
109,1.36262983771
110,1.79104926201
111,1.61702236963
112,1.92468626464
113,0.882185793064
114,1.76011740752
115,1.13011912477
116,2.4597755979
117,2.19850895566
118,1.28259558839
119,1.56431035553
120,1.16082157254
121,1.61050789068
122,0.684529253835
123,1.51874825416
124,1.94492552336
125,1.19514894684
126,1.70791992355
127,0.663233917608
128,1.13727992364
129,1.56323293507
130,1.19104454313
131,0.879799230973
132,1.76108786401
133,1.71867497357
134,1.89172097026
135,0.626303564655
136,1.32938645194
137,1.83018812271
138,2.17899935259
139,1.06164870052
140,1.35694258524
141,1.89490695406
142,2.2844710194
143,1.33756379915
144,1.26235762699
145,1.26907403381
146,1.5445814809
147,2.19000532416
148,0.0820339767269
149,2.04090532006
150,1.89394070001
151,1.08367387035
152,1.7268031173
153,1.60035286109
154,2.11530496377
155,1.75496474044
156,1.1407806267
157,2.04086324622
158,0.108198851297
159,1.99883467438
160,2.10224151834
161,2.44340015303
162,0.844704776828
163,1.98143042841
164,1.11849268063
165,0.0366779387501
166,1.4370683374
167,0.898172041694
168,1.41197125044
169,1.5680829077
170,1.73571393408
171,2.27791694847
172,1.97955250752
173,2.15896495397
174,2.13568107698
175,2.11090459333
176,1.81650963127
177,0.0
178,2.05293259852
179,0.161750577592
180,1.16868620922
181,0.478922841065
