"site","entropy"
378,1.61588094273
379,0.752085466022
380,1.91990923049
381,1.18181810235
382,1.61735255742
383,1.73624771393
384,1.4042965389
385,1.56084668113
386,1.36973937854
387,1.84042376268
388,1.61022905899
389,2.43363105262
390,0.67146479208
391,1.03271064297
392,1.7403655595
393,1.8629616225
394,1.43586480672
395,1.75033729201
396,2.02481173332
397,2.18947190238
398,1.5783195277
399,1.94600406627
400,1.94703439824
401,1.89254498165
402,1.54158955975
403,2.2606679864
404,1.60496009217
405,1.68000579983
406,0.644033826226
407,1.55926517781
408,1.47107952207
409,1.68451293335
410,1.13645274529
411,0.823926997903
412,2.02111877234
413,2.19314046986
414,0.909100666372
415,0.507991749536
416,1.70421049258
417,0.881513400907
418,0.0
419,0.497325741034
420,0.592875736802
421,1.31034265305
422,0.331933940317
423,1.70972801767
424,1.72707712913
425,0.579659814759
426,0.0144272148622
427,1.53083874515
428,0.722372623702
429,0.456290317014
430,0.280603771903
431,0.744704699015
432,0.711045183302
433,0.918714201833
434,1.78952336392
435,1.43616673738
436,0.932026587026
437,1.0885036826
438,0.784315689626
439,0.265183509778
440,2.08420816687
441,0.0
442,1.63223994542
443,0.918285497308
444,1.22636582628
445,0.260687050034
446,2.36997179158
447,1.38410324972
448,0.399506479378
449,1.13725639152
450,2.04338400012
451,1.54967864993
452,1.80738685825
453,0.74143871648
454,0.916620051673
455,2.1323645545
456,2.13742131783
457,2.06336142563
458,1.97685761059
459,1.38863179531
460,1.86282942626
461,1.8048112398
462,0.656316783996
463,0.671586843079
465,1.79509935407
466,2.54066949148
467,1.44132900726
468,1.7091166691
469,0.527078354646
470,1.59329343071
471,0.314353840923
472,2.16424345193
473,1.73468129848
474,1.07512366728
475,1.51998477434
476,1.01154871609
477,1.47939639462
478,0.225854469673
479,0.0
480,2.0841705528
481,0.959999397028
482,1.88784510209
483,0.432362446594
484,0.863814289194
485,0.0
486,1.9543867016
487,0.991411790857
488,1.78768541091
489,2.25585423233
490,0.0144272148622
491,0.0980391132797
492,1.39198538912
493,2.24871056868
494,0.826656015293
495,1.94263443804
496,0.960167643255
497,2.15478035698
498,0.538836430378
499,1.80266337572
500,1.30980782254
501,0.315538780148
502,1.78810663683
503,0.0432696124821
504,1.1115355742
505,0.551017057725
506,1.88133459683
507,1.71948117991
508,2.27145531026
510,2.2559308313
511,1.88674654424
512,1.75433522544
513,0.0144272148622
514,1.38035764105
515,1.51775699699
516,1.81102727626
517,1.62152833873
518,2.12213604384
519,1.62078268299
520,2.21046629052
521,0.824492277135
