"site","entropy"
4,1.62291109142
5,1.79290410639
6,1.08532554329
7,0.921439009376
8,2.12215638958
9,1.50421871036
10,1.97081835854
11,1.49585205934
12,1.72203415418
13,0.435560567633
14,1.37479779396
15,2.04942298903
16,2.0153896053
17,0.996557754663
18,0.429721226362
19,2.28283658979
20,1.18716151976
21,1.85830855138
22,0.99256440678
23,2.28031466058
24,0.5881359673
25,1.32745536567
26,0.962584379175
27,1.79627306666
28,2.39426678002
29,0.570747465868
30,2.07336795083
31,0.889252318346
32,2.17339522794
33,1.35201660948
34,2.19216550719
35,0.0510931053791
36,2.21922058117
37,1.07311112816
38,0.0
39,0.865398993509
40,0.769686613309
41,0.561933146409
42,2.4686659513
43,1.2680270739
44,1.48046280701
45,1.98933224992
46,0.742147271264
47,1.09785238973
48,1.68729826355
49,1.30863457866
50,0.525553560538
51,1.96096910946
52,0.593245485643
53,0.35193924308
54,1.77339838607
55,1.15665154144
56,1.9038552316
57,1.7783406102
58,1.12352658232
59,1.42018125963
60,0.67072872515
61,0.873206975367
62,2.14400003791
63,0.0
64,1.83505074458
65,1.99853463665
66,1.80843353802
67,2.06448332422
68,1.13587706277
69,1.2841709167
70,2.48730981437
71,2.08357036662
72,0.0
73,2.12450691874
74,1.84308733507
75,1.8661793184
76,1.0691690895
77,0.664754166934
78,1.11330941764
79,1.1454096899
80,2.32374016931
81,0.849693985656
82,1.99032028142
83,1.02222445263
84,2.30288263284
85,0.867049404519
86,2.1561007806
87,0.463129306369
88,1.88764843934
89,2.01821631699
90,0.304919351376
91,2.23516277343
92,2.35143860992
93,0.0610055585902
94,0.333345174485
95,2.36773652049
96,1.11382962695
97,2.06042898797
98,1.19543784593
99,2.06226323759
100,1.65494482251
101,0.750141503432
102,0.159676914846
103,0.0288504217056
104,0.649456069467
105,1.90747445581
106,1.21554204108
107,0.0
108,0.743124804772
109,0.0288504217056
110,1.52086998284
111,0.420350424188
112,0.368536239413
113,1.79089420057
114,2.1391587136
115,2.33173894164
116,1.7584863133
117,0.85354139357
118,1.16436459155
119,0.596606910201
120,1.99690873866
121,2.07500381566
122,0.829715665768
123,1.9739245871
124,2.03127929414
