"site","entropy"
1,1.29167669404
6,1.1265455113
7,1.35992010479
8,1.41033839236
9,1.45684990233
10,1.58280184673
11,1.55122988459
12,2.22133435153
13,1.63077338392
14,0.454178548989
15,1.22482036048
16,1.11641422161
17,2.09163145712
18,1.43315191008
19,0.955845026027
20,1.63971428811
21,2.20152355452
22,1.81427926917
23,1.45866237205
24,1.33700400023
25,1.74618070366
26,1.47259113319
27,2.35398238191
28,1.47744932543
29,1.88423149276
30,1.80637726777
31,2.08510561529
32,2.34914771181
33,1.44449587559
34,2.02001569009
35,1.7876909476
36,1.67301037602
37,1.58305646259
38,1.79650800804
39,1.84558141551
40,0.0
41,2.21394330963
42,1.75151269356
43,1.13207884689
44,1.98843650377
45,0.273434273921
46,1.98185122262
47,0.0
48,0.893548962696
49,1.43425664306
50,0.232998916052
51,1.96763378926
52,1.5619740285
53,1.63473065108
54,0.0
55,2.20250023041
56,1.55381818695
57,1.77024078688
58,2.1340709186
59,0.0877227053521
60,1.63150435266
61,0.73428474257
62,1.81392295517
63,2.11941638689
64,1.7597350613
65,1.73844689949
66,0.0404970237599
67,2.06264504734
68,1.24761877508
69,2.12667614254
70,1.99319173436
71,0.0366779387501
72,1.51890111075
73,0.911370140694
74,2.23785874669
75,1.81502981695
76,0.87861477966
77,0.652185857638
78,1.35678112876
79,0.861558670225
80,2.15484821355
81,0.602338171452
82,1.24921304332
83,0.0
84,0.0
85,1.44149617138
86,0.545624623789
87,2.11593126662
88,1.6699683827
89,0.0610055585902
90,1.96539581326
91,2.11804564343
92,2.30090666953
93,0.500837684775
94,1.14563083195
95,0.691508317561
96,1.49558211737
97,0.907767296221
98,1.90692549849
99,0.496145249266
100,1.60402197378
101,1.21977867188
102,1.8609582726
103,0.466529921427
104,1.59958662132
105,1.97709626701
106,0.228066153454
107,0.794983418769
108,1.91193864246
109,1.92860904136
110,0.222882891498
111,1.25229018063
112,2.11552330198
113,1.93925080774
114,1.28684096369
115,1.37831443506
116,0.0
117,0.349923989923
118,1.5592121955
119,0.563094714515
120,1.9013140533
121,0.889888365946
122,2.07923539608
123,1.33222969393
124,1.75315846844
125,2.35657397402
126,2.26455193905
127,0.684593552979
128,1.73971896598
129,2.20238140759
130,2.18497410762
131,0.627992270917
132,0.0781852412738
133,0.544348136179
134,1.0529407945
135,1.13749114801
136,1.88090137589
137,2.03956015516
138,0.858193198769
139,1.15655332681
140,1.97548229448
141,1.87500617387
142,1.2983704026
143,1.72344771069
144,0.977129525436
145,2.05122825102
146,0.692553824328
147,0.111902056891
148,1.77384041399
149,1.23939188906
150,0.0
