"site","entropy"
2,0.14026879379
3,2.01094341305
4,1.91068840165
5,2.09353516067
6,1.70760790207
7,1.89772194151
8,0.683296763881
9,1.82799910146
10,1.42472565011
11,1.97586363444
12,1.5371669673
13,1.07709842336
14,1.90503270433
15,1.59699053304
16,1.70644728733
17,0.679657264715
18,1.58178669114
19,1.58929127797
20,0.0837304187183
21,1.93208305996
22,0.842973541996
23,1.58108784944
24,0.821458825142
25,2.09838294069
26,1.76148903366
27,0.818558315293
28,0.532726723748
29,0.672795898669
30,1.85004373475
31,2.16075955183
32,1.22017883095
33,2.02428184149
34,1.22634225872
35,1.78657313903
36,1.12083327866
37,1.87420784813
38,0.708797790846
39,2.52675425906
40,2.17746436615
41,2.3106547974
42,2.45142481238
43,0.0
44,1.31114305678
45,1.5380107848
46,0.171794436193
47,1.89992132743
48,0.25796148287
49,1.34663249535
50,1.30196286183
51,1.88899016186
52,1.38902487414
53,1.8206454185
54,1.16866567799
55,2.36369412755
56,0.320666168976
57,0.72954079322
58,0.740994320637
59,2.00746023192
60,0.878418406202
61,0.987670613945
62,2.30936994598
63,1.6139825201
64,1.71362678359
65,2.18776393157
66,1.70990160456
67,2.50338729727
68,2.15529017583
69,1.93735365823
70,1.74918478589
71,1.99566517794
72,2.20197515078
73,1.65536146221
74,1.80851882
75,0.485939471245
76,1.50594466472
77,1.65154681188
78,0.9430455569
79,1.16467586107
80,1.88502927194
81,0.812300876972
82,1.65938455722
83,2.11264556031
84,2.12328504172
85,0.946114132773
86,2.1727262763
87,1.90581185644
88,1.82510136422
89,2.1795368453
90,1.09467511686
91,1.38223912882
92,1.31750571223
93,1.11559944749
94,0.531924207704
95,1.76387231648
96,0.747820912092
97,1.77137957777
98,2.4539410614
99,1.9768973065
100,1.75463679824
101,2.45279324453
102,2.04972792749
103,1.30019401245
104,1.68808064991
105,1.90968435666
106,1.19254731778
107,2.10071924398
108,0.0366779387501
109,1.68241285282
110,1.62722001694
111,1.55326980696
112,1.32936215086
113,1.83140952271
114,2.17210614225
115,1.64649951271
116,1.61105133045
117,1.02515190115
118,1.21411113082
119,1.40401678463
120,2.08658170382
121,0.507547766311
122,1.39475878368
123,1.59944588154
124,2.11559288279
125,0.661750124586
126,1.97450544536
127,1.80893614749
128,2.39756336917
129,1.33572163672
130,1.51719647596
131,1.63725918313
