"site","entropy"
1,1.14607453409
2,0.7545361658
3,1.87568603934
4,2.04518338307
5,1.26320605623
6,1.46847022565
7,1.70970426684
8,1.33605969754
9,0.654762698825
10,0.946780890818
11,1.26826451589
12,1.33753399877
13,1.08357219435
14,0.643482329078
15,1.76716687395
16,1.56566103146
17,2.08276588773
18,1.77231629353
19,1.2821917201
20,1.47071993353
21,2.24395716552
22,2.32418969067
23,1.31058691158
24,1.17159234319
25,2.02300232218
26,1.94701158744
27,0.0260778329834
28,1.05902560294
29,0.623031045748
30,1.07057270137
31,0.676648371663
32,1.46451472483
33,1.2249039889
34,2.00268625615
35,1.29351813687
36,1.9962859387
37,0.618785321145
38,0.333524548637
39,2.22859037121
40,1.24495729477
41,1.07229332276
42,1.4498643971
43,2.29935289697
44,0.146087031267
45,0.0
46,0.806823530996
47,1.19359448303
48,1.31063158354
49,1.55427957333
50,2.40200721281
51,0.362748945689
52,1.89108810551
53,0.206076206368
54,1.88469053475
55,1.64370815686
56,0.891953011127
57,2.07442549342
58,1.78417323445
59,1.37143808512
60,1.24808000306
61,1.85131562813
62,0.759470174362
63,1.04440968018
64,1.90726694382
65,0.327015849917
66,2.14716596044
67,1.26601107862
68,2.07770732017
69,1.88397849052
70,0.645685412386
71,1.87177436755
72,1.47004794503
73,0.57739490305
74,2.02258451171
75,1.84022545185
76,1.90962181705
77,2.39364902142
78,1.87617420166
79,1.30619161091
80,1.73463599474
81,1.96161275429
82,2.2912619847
83,1.51453206992
84,1.42601869952
85,1.63004623971
86,2.11413798659
87,1.80413796427
88,0.122589701509
89,0.389539796146
90,1.82660655043
91,1.73570599769
92,1.62745122778
93,1.95092017051
94,1.50205787989
95,1.99831869046
96,1.73543410264
97,1.87905958039
98,1.56652341301
99,1.16331111143
100,1.36876716214
101,0.0733196599765
102,1.80011521869
103,0.790807678838
104,1.72003957666
105,1.5163708016
106,1.4112842056
107,0.811476542424
108,0.0
109,2.19147439333
110,1.73041182397
111,1.60827099415
112,0.909620087434
113,1.05848754675
114,2.32183332438
115,1.04111923195
116,1.57656597013
117,1.17671613752
118,0.911392690318
119,1.50277420181
120,0.648711098601
121,1.40474439233
122,1.4596019717
123,1.71327943289
124,0.0
125,1.99158061684
126,1.03387551885
127,1.36559906642
128,2.25875356734
129,1.65820042415
130,1.61110055427
131,0.0
132,1.47808932086
133,0.515239523556
134,1.73891875696
135,1.14642627652
136,1.4497653481
137,0.740774151992
138,1.5862018343
139,2.01838060419
140,1.48802249024
141,1.01954808812
142,1.21515582517
143,1.3085681378
144,1.73834937376
145,1.643372094
146,1.68251021601
147,1.87021930395
148,1.59434367857
149,2.09373641495
150,1.4370687706
151,1.83727080473
152,0.652013021807
153,1.65916079926
154,1.86351071988
155,2.16404961375
156,1.58631722012
157,1.75159060587
158,2.22555103627
159,1.5537035666
160,1.53411916405
161,2.16301947716
162,2.18843234968
163,1.15718889302
164,1.67205967377
165,0.588335509449
