"site","entropy"
3,0.878092015728
4,1.31434301931
5,1.3268992283
6,1.9786422654
7,1.97530956621
8,1.32028939143
9,0.403199976675
10,1.69726386756
11,0.831522042647
12,1.4310371655
13,0.361211134001
14,0.450567388303
15,1.42160358197
16,2.48500521112
17,1.25367657209
18,1.12684515557
19,1.81643270102
20,1.84246272002
21,1.58286993364
22,1.6377723566
23,2.01961183812
24,1.34647437333
25,2.25786055167
26,1.49853050979
27,0.795302756745
28,0.0
29,0.307140834124
30,0.848020848968
31,1.92618374828
32,1.85501404574
33,1.57374690156
34,1.98137543114
35,1.3438895217
36,0.0794049391854
37,1.79092687018
38,1.63352565628
39,1.0045407589
40,2.29877250228
41,0.115998027777
42,2.13525370973
43,1.67718070263
44,1.2632846259
45,1.94733761544
46,0.080957829996
47,0.209124433246
48,2.25749097692
49,2.0506093868
50,2.02790222979
51,2.31635604677
52,0.0366779387501
53,1.8967175462
54,0.90024525838
55,1.09979632453
56,2.33704703364
57,0.664587153402
58,2.35268962618
59,0.913314182881
60,2.50938167199
61,2.08706922147
62,2.10426288776
63,1.35054121335
64,1.95951560315
65,1.55661759051
66,1.93901485738
67,2.30624643593
68,0.0260778329834
69,1.71499682823
70,2.39684347263
71,1.88055271637
72,1.40222586675
73,0.969032093492
74,2.39889973028
75,0.302519103813
76,2.21412646099
77,1.50007678524
78,0.25212947398
79,1.66452440356
80,2.13265824802
81,0.873239795057
82,1.60562283411
83,0.142090068984
84,1.0466536498
85,1.44061352838
86,0.592621001804
87,1.52739492646
88,1.66705823994
89,2.05473899667
90,0.447678790667
91,1.48981006905
92,1.78296633354
93,0.714547473509
94,0.311532854451
95,2.05848459502
96,1.18762817574
97,0.417411426424
