"site","entropy"
34,1.50669681893
35,2.11771380224
36,1.30022087657
37,1.27478760781
38,1.47533169411
39,1.05738189881
40,0.99277221875
41,1.92262819073
42,2.35204075467
43,2.35230344001
44,0.0404970237599
45,0.371713241365
46,1.16826145383
47,1.60708186138
48,1.55634612391
49,2.3188932872
50,2.03670457314
51,1.74349280004
52,1.97804792522
53,1.10295031259
54,1.94729863003
55,1.92900213969
56,2.37015665534
57,0.70123577534
58,2.382198287
59,2.07631792295
60,2.35661013568
61,0.876833521988
62,1.27325084573
63,1.00899222681
64,1.63501499836
65,0.929244366385
66,1.40745534321
67,1.15872840719
68,1.72986856008
69,1.91919201162
70,1.59659025784
71,1.84197064862
72,1.86231590714
73,1.08470826686
74,0.0
75,2.43796304627
76,1.884199066
77,2.24210613868
78,1.82488673411
79,1.75612203446
80,1.08142659367
81,1.75372996462
82,1.48913854219
83,1.84907466109
84,1.11304540271
85,1.32170695257
86,0.0560015343548
87,0.0
88,1.32335193408
89,1.61077119907
90,1.40056681317
91,1.71301605347
92,0.722689753139
93,1.67856528929
94,1.33739409792
95,1.36124757349
96,2.16631017645
97,2.02115356745
98,1.99199060845
99,1.81585103667
100,0.333745966587
101,0.891941781194
102,2.32428230264
103,1.61627110949
104,1.07996398088
105,1.76432590978
106,1.88293252976
107,0.288051323958
108,2.25183134728
109,0.102457222841
110,0.414986550648
111,0.240406190867
112,1.65459877784
113,1.27803546075
114,0.764188523083
115,2.10029715185
116,1.73925273295
117,1.49136532375
118,1.71913990514
119,1.9788449861
120,1.77419364865
121,1.99275976925
122,1.37911789747
123,0.474376005333
124,2.03241524719
125,1.33107640457
126,1.16815446977
127,0.70988003779
128,1.14360638919
129,1.7000229546
130,2.17294653209
131,2.12000301742
132,0.388207915475
133,2.45433131049
134,1.40286914371
135,1.28419651236
136,2.15360683743
137,1.86765146739
138,1.70303230559
139,1.96399990109
140,2.04626911296
141,1.79839725574
142,0.259792365755
143,2.34002549453
144,1.77488236393
145,1.91237850919
146,0.912890349134
147,1.67452434056
148,1.51892337866
149,1.29134493876
150,1.13440634164
151,0.486676704603
152,0.0
153,1.15956133216
154,1.29824740267
155,1.87059365722
156,1.43483467707
157,1.59172188625
158,1.52837647181
159,1.65812168391
160,0.589590822606
161,1.39532211232
162,0.681097485662
163,1.97654664775
164,0.168510317631
165,1.98679682962
166,0.83273341797
167,2.30075369825
168,1.15811124615
169,2.12834278833
170,0.724889601397
171,0.74651579327
172,1.70203818957
173,1.07953617078
174,0.982533717623
175,1.63732301505
176,1.48055548253
177,2.09247765424
178,1.97723342879
179,1.34342544329
180,1.2980110339
181,0.899942816583
182,0.0
183,1.86316934978
184,1.14662287622
185,0.852255155922
186,1.3314839926
187,0.20819548645
188,1.93771910592
189,1.70664167777
190,1.96832836156
191,1.88968604764
192,1.41576382025
193,1.62943853141
194,0.731260826291
195,1.96924776137
196,2.18509066169
197,2.34872997246
198,2.19617246533
199,0.264291046912
200,1.72592550963
201,1.97160312736
202,1.90421049925
203,1.14581028114
204,1.66191663352
205,1.3876911401
206,0.0
207,0.088062299307
208,2.0706446231
209,1.10348890638
210,2.21886071818
211,0.822895215173
212,1.98557361436
213,1.12419545143
214,0.45172887549
215,1.6189989125
216,1.21958631546
217,1.06260068957
218,1.23865641193
219,1.50632419011
220,1.96233816663
221,1.56630520264
222,2.36913660237
223,1.82710682522
224,1.46892059923
225,2.49474129224
226,1.37810358612
227,0.272759714676
