"site","entropy"
3,1.5019181555
4,2.01249553723
5,0.493024176536
6,0.721641508818
7,1.06817771517
8,1.56056315831
9,1.10701121106
10,0.196757590629
11,0.792356459456
12,2.06673964845
13,0.358896852398
14,0.170747939906
15,1.70257366424
16,2.05262789497
17,1.84091165583
18,2.09103194207
19,0.583129943005
20,2.11821821724
21,2.54038817159
22,1.62225823662
23,1.70625970475
24,1.9206650735
25,1.71473561693
26,0.48843168842
27,1.83698960495
28,1.8699741571
29,1.78485320003
30,0.0144272148622
31,0.740406577192
32,2.18934046929
33,1.69690250614
34,1.82603499023
35,2.05432691694
36,0.749046997403
37,1.04277621221
38,1.59255827916
39,1.59420844989
40,1.47556386928
41,1.60079949615
42,1.04240527697
43,0.257461329802
44,1.59571617911
45,1.26883504037
46,0.999539360775
47,1.7115012072
48,2.49475511734
49,1.51360666592
50,1.19383846962
51,1.37159239715
52,1.1777979956
53,1.52227424319
54,1.93027904668
55,1.06901728572
56,1.94853200694
57,1.65376920819
58,1.30342283841
59,1.55059017972
60,2.04863158553
61,1.87818510716
62,0.931484627623
63,1.15057890841
64,1.93430580198
65,2.33704934765
66,1.6586535552
67,0.0820339767269
68,1.39704153807
69,1.63729609247
70,1.82902270832
71,0.842045883862
72,1.92242675641
73,1.25419086024
74,0.99461023615
75,0.940923597472
76,1.50850389206
77,0.595924372095
78,1.54322146028
79,0.0
80,0.618618446732
81,0.751854120528
82,2.21130505891
83,1.52457686235
84,0.684137951989
85,1.90138181061
86,1.89778836766
87,0.722531211866
88,2.06916668415
89,1.79662353511
90,1.04435690628
91,1.36942703594
92,0.178833464281
93,1.61325324279
94,2.03200229522
95,1.81472435151
96,1.03959700946
97,2.41104086892
98,2.27264351932
99,0.724031289416
100,0.583850913618
101,1.76835474492
102,0.529320549497
103,1.2331288323
104,0.345239783775
105,1.53393473282
106,0.928066668477
107,1.00949153864
108,2.29551507938
109,1.85442253437
110,1.4480847786
111,1.82950771807
112,2.29040565552
113,0.134044020198
114,2.10671025754
115,1.6850952316
116,0.0
117,1.94233711534
118,1.01075996026
119,0.420788338312
120,1.54883706617
121,2.01105599715
122,1.18739784307
123,0.258249799512
124,0.752487818854
125,0.869309800074
126,1.83630800942
127,1.54193473816
128,0.268828341719
129,0.982031898185
130,0.151874785298
131,1.84478308829
132,1.76304415492
133,0.40302943312
134,1.26944311259
135,2.0315557642
136,1.63145791772
137,1.81237067468
138,1.86248580719
139,1.61254809106
140,1.56648813612
141,0.890577955654
142,1.67006180925
143,1.06613880809
144,2.09878109703
145,0.0
146,0.635683088594
147,1.29864119003
148,0.594121204384
149,1.55394510245
150,1.6179759328
151,1.50305276084
152,1.5370234339
153,0.120550159246
154,1.97577535209
155,1.39802952243
156,1.54924358637
157,1.46239774465
158,0.774544200393
159,1.5227520399
160,0.752320432355
161,2.15753703964
162,0.632641039607
163,2.02402317021
164,1.84866878897
165,1.01273967094
166,1.97578368808
167,1.75854170127
168,1.20173845799
169,0.416796156832
170,1.78670355698
171,1.31154058993
172,0.336443988523
173,0.397072377183
174,2.17414319762
175,0.178753029416
176,0.544982563147
177,0.0144272148622
178,1.30414969839
179,0.0576847791111
180,1.38122955823
181,1.460221678
