"site","entropy"
1,1.366359489
2,2.24904173869
3,0.588530000902
4,1.12740278687
5,2.24169319671
6,2.0813255274
7,1.84103151528
8,1.43206398109
9,2.23532137649
10,1.59587746087
11,0.348788679506
12,2.38747619039
13,1.03772662033
14,2.32489963498
15,0.244270610906
16,1.28586712317
17,2.27017521666
18,0.887354014576
19,1.4086073368
20,0.87321470633
21,0.0404970237599
22,2.16792365513
23,0.0650018938098
24,1.75474493525
25,2.60288459676
26,2.55304145364
27,1.87201210448
28,2.2829295511
29,1.58242550635
30,0.681206814808
31,1.33903643346
32,0.435665789462
33,2.41133387506
34,2.38338415196
35,1.92392583942
36,2.25526467987
37,2.20482508121
38,0.0
39,1.50232052547
40,1.42839288527
41,2.14308686894
42,1.18158071643
43,1.76633721119
44,2.12020093092
45,2.02977002929
46,2.24201875796
47,2.12606113275
48,1.83759887842
49,2.37164282551
50,2.06889428614
51,0.882805159989
52,1.94068884819
53,2.18949947006
54,2.40641266605
55,1.70355500363
56,2.02368546442
57,1.91532672352
58,2.0371173071
59,2.43164862703
60,1.72804669691
61,1.7662755539
62,2.22615478522
63,2.54837480903
64,1.8441092507
65,1.87690083491
66,1.70201780812
67,2.2083868813
68,2.14094869647
69,2.0579286439
70,2.21364973514
71,0.416389318604
72,1.9868954017
73,2.39103176727
74,2.46975594066
75,1.90033028467
76,2.14560599919
77,2.36083717635
78,2.53507994298
79,2.49730301609
80,2.38698763652
81,2.32288432272
82,2.5289174222
83,1.63291233158
84,2.15830089147
85,2.40955107986
86,1.91889673773
87,1.97413250436
88,2.16456698437
89,0.0
90,1.96451821549
91,1.97566876818
92,1.57736530495
93,1.79109718209
94,1.61921906457
95,0.954907044015
96,1.92812364876
97,1.09262773577
98,2.38356933089
99,2.16005083124
100,1.36058768618
101,2.22417856672
102,2.42592523517
103,2.25159605918
104,2.50291768239
105,2.12573929321
106,2.05990860591
107,2.04656274501
108,2.54411144791
109,2.00498332614
110,1.9400640189
111,2.25105890211
112,2.11152923751
113,2.23890230632
114,1.85406272998
115,1.39581594911
116,1.46740275037
117,1.60976599033
118,1.91425394809
119,2.1786711465
120,2.06883069631
121,2.50844956053
122,1.71857319133
123,0.54962145801
124,0.126408786519
125,1.19805160895
126,1.98282188291
127,2.23559066996
128,0.13474216818
129,2.45093078188
130,2.25277208927
131,2.23379883437
132,2.32123719733
133,1.09962570812
134,2.1938381511
135,1.79140229057
136,2.17884283134
137,0.411445120036
138,2.08126766586
139,2.07406963281
140,1.15626132649
141,1.34456486777
142,1.66162837926
143,1.67913786506
144,0.812096698281
145,1.70641292974
146,2.04284971591
147,1.86114404721
148,0.448214479308
149,1.78630485511
150,2.19620929445
151,1.83988546771
152,1.96479000173
153,1.13586920897
154,1.01142831577
155,1.35210064462
