"site","entropy"
123,2.06630197183
124,2.19797927006
125,2.1692869981
126,2.1702566297
127,0.796776150128
128,1.35353949174
129,0.710499781803
130,1.17819376218
131,1.75902180576
132,0.414614570656
133,1.83218938132
134,2.0210682015
135,1.80620475543
136,1.52790952092
137,1.93724464948
138,1.5461893508
139,2.25603182375
140,1.79846098915
141,1.61179446701
142,0.0
143,1.01947663218
144,1.40189532408
145,0.279722245596
146,1.43768467305
147,1.47096029028
148,1.92507535457
149,1.97222576535
150,0.318693279743
151,0.705063569784
152,0.469833476531
153,0.608077955017
154,2.51857810718
155,0.276240047101
156,2.4840097347
157,0.665905559871
158,1.74040124412
159,1.13393094951
160,1.42989633447
161,1.42663329855
162,2.32733245481
163,2.13990753967
164,1.46782739189
165,1.89987511129
166,0.878123540773
167,1.43687552949
168,1.70736483292
169,1.53242117015
170,1.57199299008
171,1.90242490591
172,1.73949962828
173,1.01562787871
174,0.496925599453
175,1.44423110593
176,0.0655042397472
177,1.40877053582
178,2.3978878638
179,2.05416738741
180,1.80119356617
181,1.37225926047
182,0.49404462185
183,1.27660486236
184,1.57640287603
185,1.68066492716
186,1.86032082558
187,1.35915801674
188,1.61599579173
189,2.21774409325
190,1.09928209289
191,0.0144272148622
192,0.386175303145
193,1.6972158233
194,1.05563170025
195,1.52182202805
196,1.3883054806
197,1.16072981761
198,1.90389064142
199,0.923439079255
200,0.491442471223
201,2.28474874367
202,1.42755091944
203,1.29145370478
204,1.74149172065
205,1.316818366
206,1.04641020737
207,2.15316992579
208,1.71339834838
209,2.2318849799
210,2.34345898584
211,2.27989523076
212,1.79056430356
213,2.27844138934
215,2.2786239185
216,1.84746816557
217,2.06224220688
218,1.52659301473
219,1.18626216507
220,0.0
221,1.92893986497
222,1.93225363566
223,0.590074589648
224,2.03877979951
225,1.47666000303
226,1.50862769264
227,2.14771282224
228,1.66528449621
229,1.41547975579
230,2.31148830085
231,0.0
232,2.16966984537
233,2.22309223535
234,1.77692411408
236,1.80794460855
237,2.25287640659
238,2.29566727601
239,2.3578322447
240,2.21001389344
241,1.87109027853
242,0.96725019169
243,1.90256535274
244,1.87061694943
245,1.33849185712
246,1.66764349246
247,0.585414695657
248,0.952277963133
249,1.87059043202
250,1.99452556328
251,1.44076630247
252,0.468178421206
253,1.80495138983
254,2.55332957872
255,1.49163143987
256,2.11628865841
257,1.41461719027
258,1.59442784652
259,0.813028613328
260,2.11963232323
261,1.84307662802
262,1.56508751958
263,2.20293057635
264,2.56514520508
265,1.07637552175
266,2.36106207648
267,2.01188064447
268,2.21011477994
269,0.775136858339
270,1.67767723654
271,0.963389357982
272,1.46874612
273,1.20274130677
274,2.06220293509
275,1.363817363
276,1.56671941841
277,2.23110361149
278,2.04983874659
279,1.49144159137
281,2.2367248233
282,1.56118032161
283,2.21679174251
284,2.28566279475
285,0.557122518763
287,0.260120800576
288,0.953869775234
289,1.76335304477
290,0.0
291,1.17611093862
292,0.124315793944
293,1.21094398286
294,1.81253613227
295,0.228836975406
296,1.76826131074
297,0.85507866857
298,1.68011051511
299,0.110832997081
300,1.99198989016
301,1.04647810959
302,2.01466507704
303,0.29704289081
304,2.18639527158
305,2.00758157423
306,2.36313994347
307,1.25241901289
308,1.92738689919
310,2.04941215505
311,1.77343172974
312,2.17213425086
313,0.0144272148622
314,2.62732176264
315,2.13001417428
316,2.40579077302
317,1.42180043879
318,1.96201142164
319,0.310937818754
320,1.82153550756
321,1.73850220402
