"site","entropy"
1,2.01330703577
2,1.41970146539
3,0.0
4,1.27633333582
5,2.21453519393
6,1.28873391483
7,1.35119101416
8,1.90138880627
9,1.58819695798
10,2.38044614325
11,0.659499506035
12,1.70131271444
13,1.64011616299
14,1.29609820638
15,0.0
16,1.54260678488
17,0.97203158332
18,2.34890540562
19,0.263647400916
20,1.7588015365
21,0.826595918841
22,1.39925130306
23,2.42324053015
24,1.76947976374
25,2.31348574569
26,1.90537786632
27,1.73755665913
28,1.93207867881
29,2.45904877365
30,1.27693537908
31,2.07192178284
32,2.05998826026
33,1.5700077547
34,0.385133530273
35,0.317149281787
36,0.854541352256
37,0.0
38,1.14067069387
39,1.22379060896
40,2.01892344079
41,2.57266022107
42,1.3896733715
43,1.39499051167
44,1.59688794889
45,0.0650018938098
46,0.965337016649
47,1.29503172921
48,2.33207259426
49,0.0
50,1.35781099903
51,1.6477750542
52,1.25728559248
53,0.0
54,0.269121276598
55,0.136253257768
56,2.08070575208
57,1.91386520442
58,0.929440004096
59,2.11469850705
60,2.10931164255
61,1.72694583794
62,2.10620675805
63,1.8819303196
64,1.24276832151
65,1.25976834625
66,1.88692099718
67,2.21000136166
68,2.30822472911
69,0.0
70,1.35328697
71,1.46971313012
72,1.41441861968
73,1.01173070256
74,1.91903533187
75,0.639760572283
76,1.9274643538
77,2.40100210191
78,1.75726911138
79,2.32788600926
80,1.4141082143
81,1.58681070315
82,1.09725493698
83,2.09895074083
84,1.62659881392
85,2.14300152339
86,1.10975635793
87,1.11819606726
88,1.73304974878
89,1.30243772946
90,2.04907481347
91,1.20157154897
92,1.07140260547
93,1.85666095577
94,1.46337781856
95,2.07920330712
96,1.43382393428
97,1.21088551101
98,0.848119775825
