"site","entropy"
1,2.33908410454
2,0.75040738494
3,1.64941064512
4,0.0549121903888
5,0.936410025236
6,0.264338615304
7,0.0
8,1.18880191125
9,0.679555753708
10,1.97767521664
11,0.473990356241
12,0.0
13,1.68494448314
14,1.39291931152
15,2.09554482345
16,1.89905019559
17,2.05911063544
18,2.36671835897
19,0.518449565999
20,2.03056489489
21,0.623555623375
22,0.458663204973
23,0.0260778329834
24,1.12080018736
25,0.988059286127
26,0.814433300612
27,0.57202049896
28,2.0662423237
29,2.41588598091
30,1.21862223682
31,0.609470162905
32,2.06750530621
33,2.45946774414
34,2.1914070332
35,0.444962939366
36,2.28519222376
37,1.43082723836
38,1.368062212
39,1.78799053443
40,2.07186785815
41,1.78213475278
42,1.31226599369
43,2.00213199947
44,1.22875959193
45,2.07259278858
46,0.0
47,1.90005993829
48,1.57409564605
49,0.819221977207
50,2.07139508147
51,1.30593434185
52,1.04504348457
53,1.50860743417
54,0.171794436193
55,0.0964289002611
56,2.01185240145
57,2.0053987114
58,0.581969554018
59,1.26413579792
60,0.360474757648
61,0.143901721329
62,1.41328040145
63,0.0910313390408
64,2.00325392795
65,1.71231231195
66,0.0432696124821
67,2.09573579825
68,1.71388516771
69,1.57164283506
70,0.75226516592
71,0.0549121903888
72,1.95744071602
73,0.231991968253
74,0.723082270662
75,1.71164575242
76,2.00943991021
77,1.30949261722
78,1.00202573265
79,2.15077363705
80,2.12660889854
81,1.20839207359
82,1.0065926708
83,0.383453465492
84,1.91466129421
85,0.749785449773
86,1.75672755189
87,0.901335989483
88,0.773035309058
89,0.380489098482
90,0.598908086241
91,0.468752318079
92,0.416808461201
93,1.0710782871
94,1.03848250742
95,2.09500830505
96,1.68354749386
97,1.0428920573
98,1.35025802032
99,0.127601082945
100,0.0
101,1.90779994107
102,0.974142206384
103,2.02158786131
104,1.65193073801
105,2.09657675525
106,1.55721273711
107,0.0260778329834
108,0.0
109,0.98621537505
110,1.51164379251
111,1.58793975365
112,0.0993491052075
113,1.44359890509
114,2.26786071634
115,1.1684991461
116,1.10428801386
117,1.70564449017
118,1.90849670363
119,0.859984210458
120,1.16360355066
121,1.79481296741
122,1.90766249457
123,0.887293993737
124,0.0560015343548
125,0.602529382139
126,0.698039985128
127,1.61784690636
128,1.61896985471
129,1.05828800881
130,1.24825270478
131,1.27146781568
132,1.04080198482
133,1.32874730517
134,0.432961616905
135,0.0
136,0.805353447857
137,0.0
138,1.13173245247
139,0.356422033436
140,0.0
141,2.01000852907
142,1.46400694606
143,1.68240424866
144,1.83719596124
145,2.15006881201
146,1.54669725766
147,1.57648884596
148,0.78613738685
149,2.04357988822
150,1.67043858886
151,0.759242629758
152,1.76589452135
153,0.210746040322
154,1.2926392326
155,1.48882992279
156,0.945729080503
157,0.549284660645
158,2.07074401256
159,1.72770329355
160,1.16837809798
161,0.788167599461
162,2.1999466182
163,1.8055526035
164,0.193985001907
165,1.03260276385
166,2.09677978779
167,2.56331883524
168,0.457266045755
169,2.16754764465
170,2.00800264623
171,1.36416285166
172,1.89714966712
173,2.19933285522
174,2.42854403111
175,1.67133554462
176,1.08929785382
177,2.03466668178
178,2.07395238723
179,0.0
180,2.3723972162
181,1.39442175781
182,2.25870474344
183,0.088062299307
184,2.29081412256
185,1.63563672808
186,2.36597615616
187,1.38149837308
188,1.67762474732
189,1.54611461928
190,2.03520209167
191,1.26779505742
192,2.21997898063
193,1.66809251492
