site,dnds
1,0.196624328026
2,0.0
3,0.0
4,0.0
5,0.0
6,0.248691197813
7,0.541617921291
8,0.154242998027
9,0.0
10,0.274592714622
11,0.245928340569
12,0.198335444736
13,0.417486032126
14,0.512829688713
15,0.246199665193
16,0.516106147308
17,0.599916274568
18,0.662245919873
19,0.198611916821
20,0.608421920993
21,0.227907187482
22,0.0840618640641
23,0.337802698802
24,0.558868735359
25,0.422775364904
26,0.662525662057
27,0.396402780466
28,0.363179288559
29,0.536767913263
30,0.399758109789
31,0.0197862893951
32,0.399802416115
33,0.0
34,0.334754786897
35,0.292752583014
36,0.421123815349
37,0.305848613807
38,0.0822859489385
39,0.0148355079137
40,0.475576797827
41,0.269912702864
42,0.278503979956
43,0.123621217276
44,0.652401997422
45,0.207349190669
46,0.447758714574
47,0.276054232418
48,0.0
49,0.0
50,0.0
51,0.0
52,0.0
53,0.0
54,0.585129134473
55,0.58319728481
56,0.274336873608
57,0.722483173608
58,0.222944767136
59,0.342994654265
60,0.150133004438
61,0.590466428649
62,0.224165742473
63,0.177673485805
64,0.00582478489479
65,0.170411669284
66,0.0820226626132
67,0.00543223414354
68,0.0547842063625
69,0.0727498405647
70,0.164074968014
71,0.428580664886
72,0.22931318048
73,0.0100120149601
74,0.00957620070031
75,0.185919010156
76,0.516021417006
77,0.206456251737
78,0.656191838954
79,0.54685349637
80,0.330860507663
81,0.0
82,0.0
83,0.0
84,0.542835265191
85,0.37059225459
86,0.447051651416
87,0.394916080762
88,0.557835472838
89,0.609261935946
90,0.534033827104
91,0.254154210377
92,0.650285060248
93,0.0
94,0.437204682374
95,0.45345427245
96,0.574997306396
97,0.0026833574158
98,0.462041212538
99,0.0
100,0.491789356528
101,0.273002899073
102,0.211547012926
103,0.33600566704
104,0.43311473233
105,0.258287173454
106,0.172277658576
107,0.155198245334
108,0.519698353331
109,0.492577008981
110,0.241582633443
111,0.351820918237
112,0.616520434697
113,0.00775117564303
114,0.0
115,0.156693539047
116,0.263964026105
117,0.367361786734
118,0.140617456989
119,0.4917799363
120,0.517928989197
121,0.514442627331
122,0.0495942473544
123,0.470171276436
124,0.234368400492
125,0.243248153439
126,0.164800003858
127,0.0
128,0.123137976768
129,0.0
130,0.546516582385
131,0.0305221628117
132,0.304898064962
133,0.612249338328
134,0.158441341764
135,0.010545324851
136,0.0
137,0.0
138,0.0
139,0.0
140,0.0
141,0.0
142,0.0
143,0.0
144,0.142857142857
145,0.50906595699
146,0.483090812162
147,0.0339591818656
148,0.623529580325
149,0.591581114031
150,0.0
151,0.0
152,0.169014084507
153,0.0
154,0.0
155,0.0
156,0.0
157,0.0
158,0.0
159,0.0
160,0.0
161,0.0
162,0.385513334794
163,0.0086605324639
164,0.495321832202
165,0.254514295616
166,0.321065995957
167,0.138993074224
168,0.317088571577
169,0.0
170,0.536231747044
171,0.369090105173
172,0.57549386352
173,0.62202156933
174,0.11588063963
175,0.445620674226
176,0.559380978703
177,0.477708558873
178,0.0
179,0.487102190281
180,0.411395787931
181,0.0
182,0.0
183,0.0
