site,dnds
1,0.222385776149
2,0.00240352437422
3,0.163688677585
4,0.280116713857
5,0.339751239357
6,0.529306852456
7,0.177349616165
8,0.406870013319
9,0.497694054913
10,0.458441475065
11,0.331933294857
12,0.145710297726
13,0.395931745807
14,0.358233438655
15,0.088047373225
16,0.0355810453157
17,0.135336046317
18,0.0722729131522
19,0.367601329922
20,0.224840843782
21,0.0
22,0.106778892744
23,0.0
24,0.132411919083
25,0.0
26,0.0
27,0.0
28,0.302762383353
29,0.333541653243
30,0.491593504506
31,0.479159315533
32,0.445181506269
33,0.28538674691
34,0.422927873078
35,0.47575916777
36,0.0
37,0.0
38,0.0
39,0.0
40,0.0
41,0.0774459545553
42,0.0714455920063
43,0.0811555938777
44,0.25461782224
45,0.28509840477
46,0.00545013129063
47,0.112679691299
48,0.266533549497
49,0.232980956971
50,0.153815537419
51,0.301150215375
52,0.00459291339962
53,0.0800186949168
54,0.0792307818366
55,0.399539571171
56,0.247633702237
57,0.21544333517
58,0.50595359318
59,0.504680967733
60,0.57705127876
61,0.0
62,0.10629640587
63,0.155719832766
64,0.129209782881
65,0.102347400314
66,0.187726597718
67,0.148166170836
68,0.0817831353408
69,0.296644086295
70,0.0957396393568
71,0.0
72,0.237203418426
73,0.0137631560518
74,0.0765093018407
75,0.0309231350933
76,0.374268676074
77,0.0
78,0.0
79,0.134899473774
80,0.0
81,0.0
82,0.0
83,0.105263157895
84,0.132028034392
85,0.0
86,0.0840178400679
87,0.144623900674
88,0.224804490992
89,0.0818873565132
90,0.126881599451
91,0.179947246278
92,0.387612953905
93,0.0913356731317
94,0.1294531933
95,0.306573571386
96,0.213616892248
97,0.111346584574
98,0.19090354889
99,0.235579433916
100,0.213091151706
101,0.0
102,0.442033043034
103,0.0842059313735
104,0.249063089961
105,0.188989779162
106,0.3599368743
107,0.183415043458
108,0.264483613264
109,0.523120246909
110,0.0
111,0.0900204074598
112,0.2984414637
113,0.32347397387
114,0.0
115,0.0
116,0.0
117,0.0611038836857
118,0.0
119,0.0
120,0.0
121,0.312862348902
122,0.252249432709
123,0.0855590143046
124,0.458303945904
125,0.0518743788073
126,0.204355218461
127,0.173474806124
128,0.538079077772
129,0.0885707487372
130,0.0713205119931
131,0.0
132,0.278019756763
133,0.244067043889
134,0.160524258295
135,0.0956169861483
136,0.215214914515
137,0.411025568678
138,0.31330674008
139,0.283790197909
140,0.191124421836
141,0.158529224251
142,0.228366612037
143,0.18440492843
144,0.424146261904
145,0.0383698279197
146,0.560342051677
147,0.195941518181
148,0.351624585927
149,0.476699946094
150,0.226801650563
151,0.325677103946
152,0.253733749427
153,0.198811543822
154,0.288798926234
155,0.0261357590575
156,0.441780307179
157,0.480847645404
158,0.267327590839
159,0.395360862833
160,0.43610108747
161,0.337143288733
162,0.262753694333
163,0.463085849013
164,0.509731853551
165,0.199510794027
166,0.476576863812
167,0.399587005998
168,0.00235789118121
169,0.343442827269
170,0.128459527435
171,0.473355610688
172,0.168545060347
173,0.125661360726
174,0.0540127612002
175,0.0
176,0.204215763703
177,0.0
178,0.110611590415
179,0.296896674195
180,0.0
181,0.313759672098
182,0.0
183,0.0
184,0.338918069638
185,0.161192924406
186,0.0
187,0.0
188,0.0
189,0.0
190,0.0
191,0.0799877111399
192,0.0
193,0.103325489382
194,0.0
195,0.0
196,0.123108894746
197,0.126500057284
198,0.0914256748798
199,0.343799985549
200,0.252390013921
201,0.0
202,0.388799313755
203,0.0
204,0.0
205,0.0
206,0.0
207,0.0
208,0.0
209,0.0
210,0.11307143704
211,0.413559585241
212,0.0556374329162
213,0.218992496405
214,0.297811099192
215,0.15620778383
216,0.314510363345
217,0.134865329632
218,0.313477741184
219,0.345434688816
220,0.415755875441
221,0.215841539094
222,0.269072247637
223,0.184450698153
224,0.483745589498
225,0.216167413998
226,0.116992885856
227,0.330113864163
228,0.239278382162
229,0.187102205403
230,0.170780763204
231,0.0
232,0.0
233,0.433683305089
234,0.159143317523
235,0.0448956958701
236,0.0500879443597
237,0.0
238,0.0111681319534
239,0.0
240,0.00235789118121
241,0.232165876043
242,0.0551715369005
243,0.0
244,0.0
245,0.0769457599309
246,0.0360970899274
247,0.136411189756
248,0.0551543513027
249,0.132848257692
250,0.274474884686
251,0.0243038317083
252,0.230597423339
253,0.387251408081
254,0.508840975794
255,0.33328351898
256,0.0259497669189
257,0.332356274552
258,0.456862656506
259,0.280629081531
260,0.203934020968
261,0.379548966134
262,0.17093507647
263,0.261043653196
264,0.0
265,0.219959883882
266,0.0
267,0.28118093403
268,0.322563882433
269,0.0491219384227
270,0.0
271,0.24113095921
272,0.495454912627
273,0.266756992879
274,0.366790874494
275,0.377963336191
276,0.47022590226
277,0.120648629605
278,0.422017299547
279,0.493995421721
280,0.297948849591
281,0.0168883862001
282,0.489392317683
283,0.149487934472
284,0.0
285,0.200261358138
286,0.308415798973
287,0.0981684458381
288,0.0520907440958
289,0.371744549826
290,0.0
291,0.0
292,0.127693900443
293,0.0
294,0.04712156592
295,0.0977907991327
296,0.0661696178736
297,0.0
298,0.0641899169792
299,0.346156855101
300,0.123759520076
301,0.121092564982
302,0.373744130905
303,0.236547448309
304,0.085313996016
305,0.289772496965
306,0.502092764515
307,0.102638648768
308,0.130984532349
309,0.0760241436106
310,0.610346608182
311,0.395753437395
312,0.285799213514
313,0.148374403211
314,0.0409523693478
315,0.0
316,0.090654085777
317,0.0494759387391
318,0.26692454524
319,0.194858039362
320,0.011165040001
321,0.0
322,0.500942647395
323,0.0865028529399
324,0.125705062414
325,0.0843613647875
326,0.37784276059
327,0.0283112009406
328,0.416145263794
329,0.570910947351
330,0.257484684248
331,0.00661219950344
332,0.486744703107
333,0.0
334,0.119040806611
335,0.352553597367
336,0.165240377446
337,0.401406026817
338,0.190807833984
339,0.154103163764
340,0.420214418449
341,0.407974768614
342,0.329317911323
343,0.0899513387405
344,0.370146720268
345,0.468132326784
346,0.429361028186
347,0.338551232183
348,0.413951640287
349,0.244717111748
350,0.032361732545
351,0.294196544645
352,0.465231736134
353,0.277662188937
354,0.116630294102
355,0.185292759331
356,0.470327759931
357,0.48988029109
358,0.344030090319
359,0.247757740199
360,0.0
361,0.323640669367
362,0.0047593697347
363,0.393813689482
364,0.240812498106
365,0.365415321056
366,0.196495494598
367,0.312471483138
368,0.475362307416
369,0.126198391129
370,0.397942018939
371,0.359632576283
372,0.0
373,0.0
374,0.0
375,0.252161570661
376,0.191347103235
377,0.494349698976
378,0.669958142234
379,0.554085887545
380,0.421776970739
381,0.211054697908
382,0.26155446747
383,0.295286166018
384,0.607431374501
385,0.53322134163
386,0.564846034635
387,0.563796297729
388,0.211150460952
389,0.181833328929
390,0.150029453293
391,0.436990239666
392,0.1966181444
393,0.225093114574
394,0.133552115713
395,0.187911019322
396,0.232739846582
397,0.0
398,0.0862138756275
399,0.0
400,0.0
401,0.155514351454
402,0.342302794239
403,0.246091382165
404,0.437716807899
405,0.343215025867
406,0.617197919698
407,0.198370727037
408,0.521221322835
409,0.489025345658
410,0.369920324761
411,0.347287573237
412,0.476362811646
413,0.592072829332
414,0.239220614233
415,0.187558783152
416,0.126240966618
417,0.168104387517
418,0.290716381253
419,0.0
420,0.0
421,0.0
422,0.0063376065008
423,0.0679481137633
424,0.0
425,0.0562259917591
426,0.0115118548909
427,0.0
428,0.269149346238
429,0.362037651802
430,0.519921637789
431,0.0943188207932
432,0.146733583787
433,0.521635719282
434,0.0136796022325
435,0.00677994344356
436,0.5164210813
437,0.319527743501
438,0.277919935163
439,0.0744555211713
440,0.525150390991
441,0.32248354658
442,0.395913380096
443,0.188228217534
444,0.513192914709
445,0.499358021795
446,0.535006780202
447,0.142857142857
448,0.0
449,0.406617500221
450,0.524344956126
451,0.512468535737
452,0.261622005847
453,0.484374434076
454,0.0873734869457
455,0.305359766611
456,0.376258126564
457,0.167008056288
458,0.0843876219206
459,0.101704725501
460,0.0
461,0.0
462,0.0
463,0.0103401040377
464,0.110726476862
465,0.219047552271
466,0.159668978846
467,0.0312261758211
468,0.195350438633
469,0.236195252707
470,0.293014154079
471,0.465860887278
472,0.0991720318199
473,0.463006843946
474,0.315904638379
475,0.288716638802
476,0.211149234859
477,0.221355337398
478,0.215207776925
479,0.0140723894298
480,0.112552690731
481,0.0
482,0.0
483,0.00661219950344
484,0.0
485,0.0
486,0.0
487,0.050739547882
488,0.0161202259752
489,0.0210184223932
490,0.275624675238
491,0.187456004172
492,0.0152214423659
493,0.00235789118121
494,0.0723761024731
495,0.418303623011
496,0.00962473829927
497,0.0
498,0.0
499,0.0261157263013
500,0.184457809815
501,0.452474881802
502,0.172468912835
503,0.110181146936
504,0.38132838917
505,0.307189975975
506,0.118780273536
