site,dnds
1,0.0
2,0.0
3,0.0
4,0.0
5,0.0
6,0.0
7,0.0
8,0.0
9,0.0
10,0.0
11,0.0
12,0.0
13,0.0
14,0.0
15,0.0
16,0.0
17,0.0
18,0.0
19,0.0
20,0.0
21,0.0
22,0.0990210257943
23,0.132776341132
24,0.166666666667
25,0.0680500880741
26,0.0
27,0.256083226174
28,0.0660140171962
29,0.0
30,0.0
31,0.108401974542
32,0.0
33,0.17114745199
34,0.28681952299
35,0.0
36,0.166140552822
37,0.313566581682
38,0.139103875315
39,0.0491454025845
40,0.14200460919
41,0.280771814874
42,0.103161039281
43,0.0797131635034
44,0.196440303036
45,0.154202677569
46,0.154264348387
47,0.236657292012
48,0.189433107213
49,0.15629689146
50,0.126705895281
51,0.089800444445
52,0.159315242061
53,0.108072817953
54,0.0701921195504
55,0.376819980195
56,0.281163754701
57,0.211547012926
58,0.127626154807
59,0.200767752
60,0.281712940709
61,0.170385660198
62,0.0853340880474
63,0.12460180402
64,0.349527209886
65,0.338750695526
66,0.128241114188
67,0.346308322138
68,0.263966198702
69,0.297728120349
70,0.441100595478
71,0.113794717654
72,0.510114845953
73,0.648439886227
74,0.660071525414
75,0.3732151618
76,0.479240721173
77,0.607811172423
78,0.468279978469
79,0.471984396227
80,0.591573976532
81,0.494091003785
82,0.4833954912
83,0.58166879814
84,0.457876638753
85,0.429596838298
86,0.463626301105
87,0.55674221956
88,0.568119774816
89,0.328287850319
90,0.303648023048
91,0.269023630833
92,0.543546293471
93,0.458455763657
94,0.570751174441
95,0.62692764649
96,0.647028409905
97,0.697436817869
98,0.406767898077
99,0.64713003397
100,0.674002757982
101,0.576681129897
102,0.382121860175
103,0.703444153679
104,0.555244120556
105,0.525192100461
106,0.484241523493
107,0.615727536358
108,0.599693777537
109,0.62193306086
110,0.624177351172
111,0.609613397655
112,0.62184465993
113,0.834774631255
114,0.616468535185
115,0.648198077452
116,0.796747776202
117,0.791016211016
118,0.761721475033
119,0.669466075465
120,0.725093482083
121,0.309985098154
122,0.744823435055
123,0.708197401744
124,0.762136411757
125,0.422961760812
126,0.17886571062
127,0.126110559717
128,0.189078049502
129,0.272070192636
130,0.0625
131,0.0396084103177
132,0.149926016764
133,0.178153344108
134,0.111663618521
135,0.262690347224
136,0.049903397921
137,0.0
138,0.0949381716546
139,0.30464301925
140,0.0
141,0.0
142,0.157787079094
143,0.0784771176984
144,0.353793375377
145,0.200088277552
146,0.0491472858313
147,0.268653978706
148,0.179772919964
149,0.093986058381
150,0.0504464826429
151,0.0
152,0.297254411802
153,0.147787727238
154,0.150915185548
155,0.211497552899
156,0.224092027583
157,0.162191270907
158,0.26366694928
159,0.221540903341
160,0.185253620825
161,0.0955315033624
162,0.0
163,0.274653072167
164,0.101534849101
165,0.462865894901
166,0.428943194857
167,0.156914103829
168,0.552577994997
169,0.501317044463
170,0.378311884665
171,0.333539082058
172,0.49043971685
173,0.472935586239
174,0.418346142931
175,0.606437795097
176,0.763626388549
177,0.429660217698
178,0.446150668983
179,0.710263464174
180,0.609003491926
181,0.320082704737
182,0.381565444104
183,0.586863251332
184,0.51199565537
185,0.246815331184
186,0.0
187,0.12679214876
188,0.582268921428
189,0.502078533454
190,0.46179352085
191,0.099173553719
192,0.272727272727
193,0.190377433387
194,0.193215400876
195,0.0
196,0.0
197,0.0
198,0.0797636278246
199,0.0660140171962
200,0.0593844480361
201,0.221342690464
202,0.51389779163
203,0.30152701509
204,0.27307821432
205,0.258341447474
206,0.199889417559
207,0.341902823557
208,0.199119012465
209,0.320577688474
210,0.401750930532
211,0.384255809328
212,0.258719092293
213,0.189599357849
214,0.469410378204
215,0.315158162986
216,0.260463057522
217,0.0924399362723
218,0.279796948454
219,0.190878582973
220,0.192771084337
221,0.275893380492
222,0.125
223,0.166666666667
224,0.0775491027295
225,0.0
226,0.0
227,0.133303597186
228,0.0
229,0.526069345188
230,0.603480344761
231,0.40739868454
232,0.493224621934
233,0.608461045711
234,0.527235475187
235,0.272727272727
236,0.467510734852
237,0.346574158366
238,0.575754370835
239,0.338275578981
240,0.352190395075
241,0.379103336642
242,0.0
243,0.0
244,0.0
245,0.100390364865
246,0.254680462082
247,0.148979248387
248,0.136379456524
249,0.31821873189
250,0.1
251,0.181422212808
252,0.0
253,0.288645185222
254,0.1
255,0.0
256,0.131502197224
257,0.247411571087
258,0.0
259,0.225352112676
260,0.112676056338
261,0.211996045842
262,0.102688471194
263,0.376588114332
264,0.522401069943
265,0.259710552278
266,0.322282075799
267,0.302216769248
268,0.670189067774
269,0.438057733983
270,0.415452338338
271,0.649192240444
272,0.580807817667
273,0.489466115597
274,0.675372423374
275,0.686450391676
276,0.351994669559
277,0.406606958245
278,0.593542831516
279,0.686015291965
280,0.826722267213
281,0.711680803311
282,0.765527426945
283,0.768814621212
284,0.837778295121
285,0.801791657476
286,0.772647530357
287,0.777865447165
288,0.769232689863
289,0.513781706764
290,0.195040130011
291,0.198037034972
292,0.231104762873
293,0.286425465106
294,0.131006851323
295,0.174819209959
296,0.248918592349
297,0.198539293042
298,0.0
299,0.0
300,0.0
301,0.0
302,0.0
303,0.0
304,0.0
305,0.0
306,0.0
307,0.142857142857
308,0.142857142857
309,0.0
310,0.0
311,0.0
312,0.0
313,0.618174333119
314,0.557967614505
315,0.41106768065
316,0.286527583173
317,0.100587040983
318,0.170056414369
319,0.0676898994004
320,0.180426789513
321,0.0
322,0.0873256290469
323,0.428748673401
324,0.305053424984
325,0.505360471218
326,0.189309843046
327,0.248707082687
328,0.397771569537
329,0.625551232871
330,0.208990644693
331,0.054565317551
332,0.21673804048
333,0.513670918617
334,0.425721900323
335,0.46059990516
336,0.15728086118
337,0.369133206075
338,0.471025009703
339,0.474691818469
340,0.177876620593
341,0.540830575976
342,0.766763321009
343,0.541997109425
344,0.588510599783
345,0.741322455818
346,0.275980689156
347,0.478208866068
348,0.762242727654
349,0.372347537588
350,0.486511796137
351,0.644518375984
352,0.357078849667
353,0.462472934515
354,0.444235078419
355,0.259333471599
356,0.105104313532
357,0.188127464507
358,0.0
359,0.160250342788
360,0.0364814305558
361,0.132200111007
362,0.207679877098
363,0.0918034207037
364,0.311393306012
365,0.135451774445
366,0.129162240748
367,0.257993213025
368,0.390987488344
369,0.372650037332
370,0.84631066837
371,0.651832403029
372,0.667063041543
373,0.494810627428
374,0.551752712091
375,0.604988753107
376,0.295770048479
377,0.710786448057
378,0.557312620714
379,0.332716090606
380,0.397993304253
381,0.156400834179
382,0.350052532077
383,0.289719036857
384,0.349965479123
385,0.416372753626
386,0.449402608217
387,0.391169795266
388,0.448612324566
389,0.60871308091
390,0.309855869216
391,0.725062589751
392,0.522474954351
393,0.372593552475
394,0.346858608085
395,0.482868803512
396,0.612784607559
397,0.271121235828
398,0.670158108345
399,0.655475134094
400,0.54321444826
401,0.57889530477
402,0.516787730049
403,0.64468607189
404,0.654754283008
405,0.564338335591
406,0.85211926821
407,0.752258410942
408,0.415981165134
409,0.528565617058
410,0.512516622108
411,0.325454345808
412,0.160486556155
413,0.175440980112
414,0.257344872271
415,0.13283773947
416,0.105263157895
417,0.154032706791
418,0.20309497752
419,0.135783664111
420,0.232305682185
421,0.333283545748
422,0.154032706791
423,0.0
424,0.0
425,0.0
426,0.0
427,0.0
428,0.170212765957
429,0.205989804125
430,0.623496827975
431,0.604697152761
432,0.665716263589
433,0.669347484937
434,0.732364184528
435,0.682910974441
436,0.69808687286
437,0.6759080191
438,0.714495464163
439,0.694982728108
440,0.338725244206
441,0.0
442,0.0
443,0.0
444,0.0
445,0.0
446,0.0
447,0.0
448,0.0
449,0.0
450,0.0
451,0.46612428551
452,0.585951397554
453,0.288188058346
454,0.744807326519
455,0.614160900083
456,0.158265276306
457,0.622282320221
458,0.543135964783
459,0.259933229083
460,0.477534242426
461,0.267434905938
462,0.464632617894
463,0.688784261205
464,0.489664012965
465,0.615795253085
466,0.636355691407
467,0.391319562399
468,0.618603208178
469,0.678507105607
470,0.701877265131
471,0.373296630011
472,0.700698326218
473,0.163528230286
474,0.247411571087
475,0.0924196240747
476,0.0
477,0.0547965852289
478,0.0963855421687
479,0.0
480,0.360301249077
481,0.318965436239
482,0.704124687961
483,0.681033885557
484,0.193599387203
485,0.421764626915
486,0.691323224258
487,0.625309487025
488,0.35228922711
489,0.196491578459
490,0.602266867478
491,0.759479661345
492,0.0
493,0.0
494,0.0
495,0.0
496,0.0
497,0.0
498,0.0
499,0.0
500,0.0
501,0.0
502,0.0
503,0.0
504,0.0
505,0.0
506,0.0
507,0.0
508,0.0
509,0.0
510,0.0
511,0.0
512,0.0
513,0.0
514,0.176038898593
515,0.224608623938
516,0.270470340025
517,0.0
518,0.182966875683
519,0.539867928532
520,0.326663880989
521,0.540387085892
522,0.549711095721
523,0.668989902947
524,0.477670433115
525,0.472344969244
526,0.419988669552
527,0.614189519388
528,0.38317048021
529,0.44079780821
530,0.659048823242
531,0.810526978121
532,0.486460789625
533,0.615359604654
534,0.526613742509
535,0.585905159429
536,0.606759550689
537,0.25404322917
538,0.259497411741
539,0.341866836065
540,0.265542994843
541,0.0863232238448
542,0.19377565612
543,0.230274013427
544,0.353457124226
545,0.400704943304
546,0.436103571001
547,0.362676190016
548,0.657365956185
549,0.555625538239
550,0.571327896948
551,0.482113533979
552,0.637882518625
553,0.564119262615
554,0.509042341153
555,0.619810857521
556,0.465435135911
557,0.403802252686
558,0.67700442082
559,0.0
560,0.0
561,0.0
562,0.0
563,0.0
564,0.0
565,0.0
566,0.0
567,0.0
568,0.0
569,0.0
570,0.0
571,0.0
572,0.0
573,0.0
574,0.0
575,0.566057174506
576,0.0779220779221
577,0.248997849806
578,0.295014034772
579,0.390780340386
580,0.293850520475
581,0.0
582,0.0
583,0.0
584,0.0
585,0.0
586,0.0
587,0.0
588,0.0
589,0.0
590,0.0
591,0.0
592,0.0
593,0.0
594,0.0
595,0.0
596,0.0
597,0.622153866265
598,0.304532164651
599,0.386523093226
600,0.30776244517
601,0.770141517807
602,0.62967331323
603,0.297876400742
604,0.759137421291
605,0.650932514666
606,0.59382632916
607,0.216654626179
608,0.720307171341
609,0.343111154294
610,0.408665507785
611,0.283872900759
612,0.418849876924
613,0.22789226547
614,0.733593061255
615,0.356388992391
616,0.401192544498
617,0.245362750108
618,0.444926111262
619,0.559964359607
620,0.440943544057
621,0.515529527172
622,0.232341819187
623,0.25324322034
624,0.292198363412
625,0.303976546928
626,0.65066983486
627,0.682903730911
628,0.421319467993
629,0.33811272664
630,0.278926951186
631,0.260242711475
632,0.448238439211
633,0.394628289023
634,0.163699074584
635,0.298912567041
636,0.590699703821
637,0.67850478162
638,0.574998790433
639,0.597897123532
640,0.508860466157
641,0.413531555
642,0.313223527284
643,0.260586390669
644,0.399118582199
645,0.659726821636
646,0.322655643806
647,0.396956809244
648,0.374569178619
649,0.523371099186
650,0.417334771481
651,0.0
652,0.0
653,0.0
654,0.0
655,0.0
656,0.0
657,0.0
658,0.0
659,0.0
660,0.0
661,0.0
662,0.0
663,0.0
664,0.0
665,0.0
666,0.0
667,0.353369287702
668,0.561972452312
669,0.517589619264
670,0.322852817259
671,0.0
672,0.206180884026
673,0.206655486619
674,0.114818367669
675,0.328646206823
676,0.358968090374
677,0.552599517839
678,0.287425369596
679,0.308992681269
680,0.422870407409
681,0.156663646671
682,0.197955437721
683,0.439610123183
684,0.265074478112
685,0.39635774846
686,0.473180838187
687,0.227949321123
688,0.267415417597
689,0.205216620041
690,0.180569665808
691,0.229147988
692,0.212659481731
693,0.129562191098
694,0.0533190138892
695,0.052365000509
696,0.325793910016
697,0.324937632398
698,0.160689465393
699,0.397270746678
700,0.336678817095
701,0.424820879918
702,0.652694985892
703,0.632034922575
704,0.526529437122
705,0.239720683697
706,0.0
707,0.391655679908
708,0.416913824625
709,0.213091151706
710,0.0
711,0.0
712,0.106638027778
713,0.0
714,0.0
715,0.0
716,0.0787110785279
717,0.0745029707708
718,0.030265395907
719,0.170212765957
720,0.0
721,0.0
722,0.147871398519
723,0.0
724,0.0571428571429
725,0.0
726,0.0
727,0.0
728,0.0
729,0.0
730,0.0
731,0.0
732,0.0
733,0.0
734,0.0
735,0.0
736,0.0
737,0.0
738,0.0
739,0.0
740,0.0
741,0.0
742,0.0
743,0.0
744,0.0
745,0.0
746,0.0
747,0.0
748,0.0
749,0.0
750,0.0
751,0.0
752,0.0
753,0.0
754,0.0
755,0.0
756,0.0
757,0.0
758,0.0
759,0.0
760,0.0
761,0.0
762,0.0
763,0.0
764,0.0
765,0.0
766,0.0
767,0.0
768,0.0
769,0.0
770,0.0568961223313
771,0.302097587773
772,0.226447741864
773,0.180614798828
774,0.404865973758
775,0.336081789526
776,0.398101305305
777,0.0
778,0.345988256521
779,0.195085656071
780,0.338977847624
781,0.156928808448
782,0.0
783,0.112103294762
784,0.324166549467
785,0.305621630598
786,0.418668344702
787,0.151895799156
788,0.194398915649
789,0.145008316234
790,0.0
791,0.100967101503
792,0.17723790779
793,0.454774962772
794,0.760772170974
795,0.502772197514
796,0.125
797,0.0
798,0.0
799,0.0
800,0.257877886582
801,0.418938257189
802,0.777791331139
803,0.0503968594076
804,0.0
805,0.460165927088
806,0.0485645923072
807,0.0
808,0.115524530093
809,0.341679140799
810,0.538315832692
811,0.541746129839
812,0.0393068130745
813,0.350736255987
814,0.324565325754
815,0.42244845721
816,0.325699326816
817,0.268245138104
818,0.25118014607
819,0.189690642228
820,0.335392545197
821,0.506877583654
822,0.33361130829
823,0.326333708218
824,0.0867325491054
825,0.0
826,0.0
827,0.213091151706
828,0.0
829,0.239271839369
830,0.141756424344
831,0.237977474049
832,0.0
833,0.413199873944
834,0.67743369187
835,0.634025728095
836,0.236245127037
837,0.380769109678
838,0.245970752137
839,0.619990957366
840,0.471000869541
841,0.589304146469
842,0.435706983871
843,0.429021496246
844,0.223856091733
845,0.0
846,0.0
847,0.0641708725493
848,0.36022502089
849,0.0699422206554
850,0.0
851,0.0
852,0.0
853,0.306808438606
854,0.0355686352111
855,0.0
856,0.0
857,0.162410842101
858,0.198289560154
859,0.297743728252
860,0.577921325038
861,0.520626734997
862,0.236387619667
863,0.097770619109
864,0.3750386287
865,0.139787020541
866,0.066809366801
867,0.208126838546
868,0.134899473774
869,0.0660140171962
870,0.0
871,0.132776341132
872,0.0
873,0.0
874,0.0
875,0.0
876,0.0
877,0.0
878,0.0
879,0.0
880,0.0
881,0.289130347805
882,0.2001881342
883,0.460375643475
884,0.426440284533
885,0.0851041540572
886,0.363181160205
887,0.267338039986
888,0.164195208548
889,0.294450299871
890,0.363263088177
891,0.261651554481
892,0.246725980758
893,0.238939186936
894,0.199333636108
895,0.161755433217
896,0.253072176006
897,0.295862173685
898,0.214442333059
899,0.153786875746
900,0.0813786880495
901,0.250495198026
902,0.08664339757
903,0.0621856012454
904,0.194341461002
905,0.286742628442
906,0.724553614919
907,0.552868260023
908,0.627421720664
909,0.776194865206
910,0.545500214719
911,0.624945258811
912,0.688080150899
913,0.698980242745
914,0.839624281733
915,0.662827874258
916,0.662169754691
917,0.158681788368
918,0.0759033100749
919,0.106178338917
920,0.133319382078
921,0.263852341296
922,0.0634565992256
923,0.106638027778
924,0.0
925,0.260809245234
926,0.198589793259
927,0.241008767221
928,0.288108977872
929,0.178908882698
930,0.431797182904
931,0.403126647644
932,0.0
933,0.0
934,0.0
935,0.0
936,0.0
937,0.0
938,0.0
939,0.0
940,0.0
941,0.0
942,0.0
943,0.0
944,0.0
945,0.0
946,0.0
947,0.0
948,0.0
949,0.0
950,0.0
951,0.0
952,0.0
953,0.0
954,0.0
955,0.0
956,0.0
957,0.0338983050847
958,0.148148148148
959,0.203403607135
960,0.220634837224
961,0.601854599503
962,0.704140028461
963,0.31120709878
964,0.183359424337
965,0.451078813973
966,0.0286594510087
967,0.0583471281867
968,0.139956936053
969,0.0280059466893
970,0.0481615986512
971,0.0300751879699
972,0.345532539932
973,0.244400038573
974,0.0373412622524
975,0.120337569624
976,0.185090537566
977,0.0774516358375
978,0.0142916944445
979,0.165070603451
980,0.276254680428
981,0.125063541935
982,0.375746311015
983,0.492470333748
984,0.638494356952
985,0.331034893141
986,0.510270093955
987,0.350945579054
988,0.287084211553
989,0.370035172186
990,0.112001383462
991,0.147871398519
992,0.266666666667
993,0.0990210257943
994,0.0
995,0.395768494193
996,0.262391099453
997,0.0483529524112
998,0.533448546087
999,0.551975927452
1000,0.511510198343
1001,0.758627887334
1002,0.501863229275
1003,0.633469745321
1004,0.76906320085
1005,0.785578924785
1006,0.561112929606
1007,0.612133341241
1008,0.580453732649
1009,0.727046621881
1010,0.607908475808
1011,0.0995830166518
1012,0.41682969247
1013,0.599073480531
1014,0.518443633446
1015,0.435553492884
1016,0.664331295855
1017,0.61901669929
1018,0.372166311222
1019,0.412423601217
1020,0.692778604229
1021,0.52516975769
1022,0.428172459324
1023,0.470252770193
1024,0.428385497003
1025,0.0
1026,0.497419438457
1027,0.69183656605
1028,0.702200863145
1029,0.561768689963
1030,0.416789681138
1031,0.407594169358
1032,0.141031341951
1033,0.181127623512
1034,0.0987169075
1035,0.410667853912
1036,0.146323640206
1037,0.707980965326
1038,0.318038418764
1039,0.564968953115
1040,0.628197250182
1041,0.657428509875
1042,0.244862886067
1043,0.449633720911
1044,0.0
1045,0.0
1046,0.0
1047,0.0
1048,0.203420442084
1049,0.0625791810001
1050,0.294893610329
1051,0.122938217168
1052,0.300647871988
1053,0.185911362999
1054,0.36111117573
1055,0.482591979984
1056,0.220879242949
1057,0.294607460754
1058,0.478740905146
1059,0.388952422556
1060,0.305895642937
1061,0.313306036179
1062,0.333654253478
1063,0.0434782608696
1064,0.0625
1065,0.273817159494
1066,0.0701241886384
1067,0.151686742152
1068,0.125884553783
1069,0.265124213557
1070,0.52032701571
1071,0.481137624324
1072,0.311516914591
1073,0.159860476673
1074,0.108124028829
1075,0.485970501124
1076,0.288758227549
1077,0.0
1078,0.0
1079,0.0
1080,0.0
1081,0.572998863743
1082,0.175239516994
1083,0.593469215792
1084,0.613039485791
1085,0.703940372999
1086,0.220977166969
1087,0.499794715111
1088,0.484617104028
1089,0.477097481452
1090,0.682942806655
1091,0.549410142727
1092,0.564973044466
1093,0.695047427914
1094,0.0
1095,0.707461038577
1096,0.722363830519
1097,0.082054029859
1098,0.286689423619
1099,0.277396705197
1100,0.328449649217
1101,0.31005313829
1102,0.175983227504
1103,0.365546380912
1104,0.173814747039
1105,0.161252112434
1106,0.0436628145235
1107,0.0849835623675
1108,0.295625750854
1109,0.40833054747
1110,0.38054614375
1111,0.260387121836
1112,0.154195287195
1113,0.529808871577
1114,0.617915577559
1115,0.335643436087
1116,0.0767878510869
1117,0.48804326905
1118,0.275800335949
1119,0.515056427267
1120,0.726592123146
1121,0.69178660357
1122,0.697941687069
1123,0.636261686836
1124,0.68037584975
1125,0.772996571191
1126,0.784316511904
1127,0.749355498707
1128,0.774082181684
1129,0.71393643298
1130,0.229043697388
1131,0.0
1132,0.0642919123998
1133,0.31330674008
1134,0.185343251349
1135,0.345368007877
1136,0.0555555555556
1137,0.211382195242
1138,0.832866615449
1139,0.68020369813
1140,0.569286083152
1141,0.237321568024
1142,0.59780465838
1143,0.309007081654
1144,0.54213403281
1145,0.52743162456
1146,0.665648644589
1147,0.716412655508
1148,0.290892861102
1149,0.591780928448
1150,0.256406222582
1151,0.0626232485017
1152,0.298880828225
1153,0.330851673506
1154,0.156581755434
1155,0.11144732486
1156,0.233675074889
1157,0.0750750588596
1158,0.0926777389962
1159,0.171457942335
1160,0.0733944954128
1161,0.207371131752
1162,0.164528086124
1163,0.0884651144963
1164,0.0630133800509
1165,0.158903194291
1166,0.0544766424133
1167,0.0234965145953
1168,0.1
1169,0.15392247096
1170,0.0876681314828
1171,0.12063424704
1172,0.0386157245817
1173,0.0
1174,0.0630133800509
1175,0.173753960112
1176,0.0
1177,0.24500419198
1178,0.272776528036
1179,0.170212765957
1180,0.249613763687
1181,0.134836963867
1182,0.373591658221
1183,0.0
1184,0.085472432966
1185,0.136359677778
1186,0.654695775453
1187,0.597887332981
1188,0.123583532576
1189,0.334296774787
1190,0.558587128004
1191,0.0
1192,0.0
1193,0.0
1194,0.0
1195,0.44493390334
1196,0.409636922392
1197,0.158986258313
1198,0.361494903623
1199,0.518997613064
1200,0.605090879717
1201,0.420508877074
1202,0.556909819654
1203,0.327483280847
1204,0.536783652594
1205,0.335741336616
1206,0.326195297235
1207,0.338594517607
1208,0.353093605169
1209,0.118825230953
1210,0.102994902063
1211,0.0
1212,0.0
1213,0.0
1214,0.0
1215,0.0
1216,0.0
