site,dnds
1,0.273552287828
2,0.650196612355
3,0.567457386577
4,0.537204853731
5,0.542246922794
6,0.37887788512
7,0.564396257885
8,0.29443683412
9,0.618135935275
10,0.518403728998
11,0.19638052394
12,0.52912737546
13,0.00542953486955
14,0.00661219950344
15,0.0
16,0.0236180591986
17,0.513633508862
18,0.634861610869
19,0.132776341132
20,0.0
21,0.0813786880495
22,0.313269274708
23,0.578877788965
24,0.587347769328
25,0.75803414996
26,0.723128320695
27,0.682730612985
28,0.154670315524
29,0.528162050086
30,0.270528318719
31,0.218577558484
32,0.224947627807
33,0.576841112034
34,0.720676538399
35,0.679371797327
36,0.387032097635
37,0.155488196755
38,0.599084059238
39,0.201306876697
40,0.473194015133
41,0.41583356956
42,0.650000055347
43,0.626497183486
44,0.591115390601
45,0.524268595116
46,0.615974368475
47,0.68909883013
48,0.65871432626
49,0.647412435481
50,0.383396570789
51,0.277421511432
52,0.00545013129063
53,0.341869663597
54,0.346328668266
55,0.232579758755
56,0.27168243624
57,0.0834159315399
58,0.216978644653
59,0.00799915904561
60,0.038153428879
61,0.327191894279
62,0.252317226691
63,0.482918145999
64,0.616514361206
65,0.657139309909
66,0.613699734416
67,0.430385286178
68,0.566709552797
69,0.412774318015
70,0.773830554699
71,0.717785626048
72,0.614368574378
73,0.686513557115
74,0.688332499955
75,0.573693175705
76,0.663661109087
77,0.681229831335
78,0.303174924937
79,0.412071047107
80,0.386256354878
81,0.222543052364
82,0.465076205357
83,0.210185063163
84,0.45181953627
85,0.350068936068
86,0.164948075592
87,0.296019355865
88,0.295879910288
89,0.363162849468
90,0.255282221228
91,0.12422547084
92,0.684211590992
93,0.133333333333
94,0.0724859796664
95,0.0
96,0.391108769255
97,0.113750322098
98,0.412153387644
99,0.610039844169
100,0.0
101,0.39437696098
102,0.275720854692
103,0.554405082098
104,0.618766652763
105,0.606948858633
106,0.404717123863
107,0.640487676593
108,0.760277540246
109,0.722796038016
110,0.487484123156
111,0.672469097476
112,0.198557301171
113,0.273650841376
114,0.211586555344
115,0.191312207064
116,0.171822148271
117,0.640548101529
118,0.220432992212
119,0.170469783308
120,0.637303306405
121,0.453155749215
122,0.435187181729
123,0.602639654109
124,0.299352802437
125,0.713117943724
126,0.262762368059
127,0.530772887445
128,0.662774308408
129,0.640194033129
130,0.785095483672
131,0.669085539589
132,0.598927564611
133,0.205989804125
134,0.0
135,0.204392983938
136,0.0
137,0.0
138,0.0
139,0.0
140,0.0148671768502
141,0.366328564624
142,0.0691487711767
143,0.245879726013
144,0.0120549575805
145,0.625467889142
146,0.227367544088
147,0.293219924791
148,0.388054115204
149,0.270734688614
150,0.22690790163
151,0.680769114542
152,0.702710327009
153,0.348834355145
154,0.468246604667
155,0.763042528224
156,0.365128308168
157,0.0
158,0.304667011078
159,0.349128008837
160,0.385278404957
161,0.149562481218
162,0.0588235294118
163,0.320530409643
164,0.398205451574
165,0.29113851743
166,0.0316980184684
167,0.438837784072
168,0.588227015847
169,0.0
170,0.0
171,0.166666666667
172,0.0
173,0.0
174,0.0
175,0.0
176,0.0
177,0.0
178,0.0
179,0.211547012926
180,0.427129900385
181,0.40242019902
182,0.269221069255
183,0.165473223969
184,0.193939393939
185,0.03983757209
186,0.64127596416
187,0.0458279127643
188,0.118472143636
189,0.0
190,0.323989456177
191,0.0
192,0.282057625011
193,0.268904337328
194,0.509951288167
195,0.0618698951142
196,0.504712713524
197,0.664398603146
198,0.299890024186
199,0.360991530704
200,0.500568743233
201,0.566315498454
202,0.00418653971276
203,0.312415126651
204,0.166204092611
205,0.506348748056
206,0.599997426193
207,0.45318055524
208,0.297421989157
209,0.584915653845
210,0.490311203152
211,0.62655700425
212,0.166666666667
213,0.205613660139
214,0.0
215,0.0695083042471
216,0.0
217,0.0
218,0.0
219,0.199191559915
220,0.729516943708
221,0.502524286029
222,0.222863358811
223,0.269473134154
224,0.821663289915
225,0.692829293066
226,0.642125059922
227,0.533183315096
228,0.700932744473
229,0.761487649674
230,0.654093938227
231,0.554598998169
232,0.628532945596
233,0.417934315373
234,0.54351062481
235,0.424532145989
236,0.438695285181
237,0.677681312888
238,0.592678101105
239,0.396709352487
240,0.186624882251
241,0.58656861992
242,0.601432809252
243,0.0462265994157
244,0.321011038609
245,0.627776939325
246,0.602351833906
247,0.458800673835
248,0.501286270856
249,0.0650519802656
250,0.491822148423
251,0.00482317590147
252,0.142369482278
