site,dnds
1,0.0
2,0.303047582327
3,0.126575492006
4,0.148634696969
5,0.474062191437
6,0.628028378518
7,0.337954221824
8,0.357508121113
9,0.664489906986
10,0.310855942347
11,0.0
12,0.0
13,0.0
14,0.0
15,0.038132585363
16,0.297778461288
17,0.262802601931
18,0.116185004933
19,0.0
20,0.387333070807
21,0.0
22,0.19034424569
23,0.282071695751
24,0.00664876489614
25,0.358925530979
26,0.438335786547
27,0.122702513771
28,0.225663723055
29,0.345178105534
30,0.18013700711
31,0.389649414658
32,0.440479049167
33,0.438689541966
34,0.224223532168
35,0.146248351333
36,0.495205756444
37,0.328544432774
38,0.368107660433
39,0.326167935947
40,0.382924239157
41,0.701643055904
42,0.464579516082
43,0.211547012926
44,0.188852781875
45,0.120692608928
46,0.0
47,0.0
48,0.0
49,0.0
50,0.0
51,0.0
52,0.0
53,0.343159739767
54,0.117699510361
55,0.709704364109
56,0.301082554225
57,0.52396982558
58,0.0
59,0.0
60,0.0
61,0.0
62,0.0
63,0.0
64,0.429545039189
65,0.536345590247
66,0.403697808575
67,0.424293666167
68,0.63297413659
69,0.274442338293
70,0.266281685018
71,0.575751736771
72,0.477381086958
73,0.352542571249
74,0.640342809672
75,0.0
76,0.0
77,0.428979681465
78,0.118825230953
79,0.242104469646
80,0.506510451606
81,0.163462500724
82,0.0880584132346
83,0.371129657273
84,0.391257332577
85,0.0969013096458
86,0.0489567397349
87,0.414101979048
88,0.345813112135
89,0.235402185738
90,0.407835445871
91,0.43514042061
92,0.28731463146
93,0.366058577349
94,0.582941341691
95,0.155592190996
96,0.239312140038
97,0.423359603401
98,0.0
99,0.350218559787
100,0.289201712715
101,0.391005786873
102,0.213176799544
103,0.349678960692
104,0.298258068157
105,0.140301287649
106,0.466968628372
107,0.265953155551
108,0.387003112064
109,0.191140265805
110,0.301072058959
111,0.535545336988
112,0.373869003302
113,0.149546998296
114,0.15350229667
115,0.355629873652
116,0.483486760796
117,0.375374668986
118,0.154432675632
119,0.236436292834
120,0.406285635327
121,0.148131319125
122,0.47111214836
123,0.0
124,0.438790404816
125,0.0476103630528
126,0.107708540214
127,0.191743357982
128,0.00633396741824
129,0.313568429266
130,0.278825714815
131,0.135139145351
132,0.0573129496382
133,0.315214220328
134,0.62184421969
135,0.0
136,0.0
137,0.0
138,0.0
139,0.106638027778
140,0.108220295806
141,0.0509712519562
142,0.291864967911
143,0.156442150952
144,0.365332258983
145,0.0215414174249
146,0.0797209313637
147,0.258520827699
148,0.0725281173054
149,0.345456722169
150,0.123305738037
151,0.398554197323
152,0.194523510944
153,0.389294731665
154,0.599478681927
155,0.515758253133
156,0.550417763326
157,0.402785835732
158,0.180064434284
159,0.444511716287
160,0.517209462394
161,0.281306523948
162,0.397585982039
163,0.737628741183
164,0.437962936331
165,0.208239090064
166,0.528692254735
167,0.631381184367
168,0.506596161046
169,0.209242871645
170,0.495074936438
171,0.568178972527
172,0.192591250157
173,0.0827406744604
174,0.183386072617
175,0.268653978706
176,0.126804368266
177,0.636418025932
178,0.408736445315
179,0.0
180,0.236127784969
181,0.0
182,0.0
183,0.353046470681
184,0.465221030135
185,0.518254476536
186,0.596957629764
187,0.328399269056
188,0.0788256970496
189,0.322313382707
190,0.196823464176
191,0.308191892445
192,0.316687179158
193,0.0602679954066
194,0.21757691143
195,0.376851265697
196,0.247698789047
197,0.0
198,0.0
199,0.0
200,0.0
201,0.0
202,0.34872152018
203,0.475183427064
204,0.515130220165
205,0.247011729864
206,0.598906430963
207,0.479363590466
208,0.260310757257
209,0.372311655335
210,0.461091283554
211,0.424716193065
212,0.258586428962
213,0.464867783539
214,0.451510050796
215,0.0
216,0.0387523091048
217,0.287268077191
218,0.217871182146
219,0.322159624554
220,0.108124028829
221,0.142857142857
222,0.0
223,0.0
224,0.440877174773
225,0.471062752113
226,0.623718249147
227,0.0674459323478
228,0.404687398745
229,0.456573382722
230,0.186355062988
231,0.433526079405
232,0.102598465794
233,0.0874452723223
234,0.151895411568
235,0.11345895883
236,0.302153558129
237,0.0
238,0.660527172686
239,0.190128744086
240,0.312317024431
241,0.0531768939209
242,0.265367225101
243,0.602564373587
244,0.165250138758
245,0.245169287828
246,0.11505880098
247,0.366533603539
248,0.0416672059096
249,0.623136971083
250,0.526239533878
251,0.224182081698
252,0.126241402434
253,0.536151183666
254,0.378211761237
255,0.156301423865
256,0.371069375788
257,0.50589357575
258,0.436397453042
259,0.0471966231613
260,0.457277744341
261,0.452638196779
262,0.58269036706
263,0.0378860723909
264,0.261426369918
265,0.0
266,0.0280712117837
267,0.0
268,0.0
269,0.0170798800463
270,0.0165780441917
271,0.2694046937
272,0.214745990341
273,0.246538318905
274,0.363134683177
275,0.412704268241
276,0.255463480832
277,0.214007134411
278,0.293294413806
279,0.421896349532
280,0.0909660830335
281,0.299920649107
282,0.480804778538
283,0.550220207841
284,0.0771084760111
285,0.30761033909
286,0.253168799909
287,0.470232479451
288,0.0
289,0.177936169037
290,0.0999279449369
291,0.0
292,0.0116471117642
293,0.200831192168
294,0.389140887376
295,0.281748948723
296,0.695218461025
297,0.437872792204
298,0.0909658215981
299,0.102162579544
300,0.215547005324
301,0.0811431095688
302,0.367835047138
303,0.38645787676
304,0.335584154515
305,0.180024408383
306,0.410984738127
307,0.280242208888
308,0.261441619888
309,0.0647145074152
310,0.471814752519
311,0.582977891913
312,0.089812448725
313,0.339236658628
314,0.582401191208
315,0.412883397802
316,0.318659679584
317,0.327998031766
318,0.5163912297
319,0.591288398322
320,0.433404853097
321,0.33693328015
322,0.295994529573
323,0.311609705964
324,0.0
325,0.0
326,0.0
327,0.0
328,0.0
329,0.0
330,0.0
331,0.0
332,0.0
333,0.0
334,0.0
335,0.0
336,0.0
337,0.0
338,0.0
339,0.0
340,0.0
341,0.0
342,0.0
343,0.0
344,0.0
345,0.0
346,0.0
347,0.0
348,0.0
349,0.0
350,0.0
351,0.0
352,0.0
353,0.0
354,0.0
355,0.325198730215
356,0.0
357,0.135526138539
358,0.220544459756
359,0.0171758159155
360,0.0198930230012
361,0.454424466237
362,0.350213515488
363,0.0123927257155
364,0.447764772172
365,0.289723844911
366,0.268219361542
367,0.573124479234
368,0.135950680587
369,0.492850724477
370,0.35672490781
371,0.521351855766
372,0.618017418356
373,0.0156179714975
374,0.12071745614
375,0.432321667019
376,0.554672510562
377,0.0
378,0.0
379,0.0
380,0.0
381,0.0
382,0.0
383,0.0
384,0.0
385,0.0
386,0.0
387,0.0
388,0.0
389,0.0
390,0.0
391,0.0
392,0.0
393,0.0
394,0.0
395,0.0
396,0.0
397,0.0
398,0.0
399,0.0
400,0.0
401,0.0
402,0.0
403,0.0
404,0.0
405,0.0
406,0.0
407,0.0
408,0.619253119075
409,0.277841105968
410,0.383152901806
411,0.47456649386
412,0.519912841631
413,0.170841915907
414,0.488539002127
415,0.494869408259
416,0.265942877085
417,0.210309370118
418,0.296828936994
419,0.031189252043
420,0.229830180105
421,0.0
422,0.0982087714797
423,0.134836044071
424,0.319586706524
425,0.162954247326
426,0.129860835715
427,0.173555261938
428,0.234345656918
429,0.249529558258
430,0.427961765495
431,0.591029494429
432,0.610766358065
433,0.105650817316
434,0.284888058837
435,0.795966491235
436,0.531415738907
437,0.389804758994
438,0.504659586855
439,0.609867360286
440,0.537684492153
441,0.46919489807
442,0.404010667621
443,0.409005995905
444,0.369675561205
445,0.33935078852
446,0.767987890786
447,0.579737720366
448,0.402013742566
449,0.492787544464
450,0.514283133285
451,0.438627354314
452,0.439620350051
453,0.315470164831
454,0.601047651221
455,0.0852012581525
456,0.231264041633
457,0.481781391084
458,0.501078288523
459,0.353454044828
460,0.185780032124
461,0.00276044181404
462,0.346535547704
463,0.148531538691
464,0.115524530093
465,0.390211391338
466,0.499439472282
467,0.590469445448
468,0.46327099661
469,0.0952491325552
470,0.470049615542
471,0.64359297877
472,0.326392583344
473,0.589326606883
474,0.628025979941
475,0.56957852506
476,0.378272728863
477,0.610345744036
478,0.509982526667
479,0.443567213024
480,0.308578655102
481,0.220398828663
482,0.0
483,0.0
484,0.0
485,0.0
