site,dnds
1,0.0
2,0.160003631513
3,0.343955286437
4,0.247454791682
5,0.349740061862
6,0.0868527244831
7,0.325272117051
8,0.384441319469
9,0.315243984941
10,0.373987304091
11,0.349920978678
12,0.581425578173
13,0.275425427483
14,0.519680238469
15,0.273265759931
16,0.641656780833
17,0.630785647338
18,0.466602403006
19,0.162757376099
20,0.0
21,0.364912807747
22,0.0959522317753
23,0.121122128692
24,0.0104402366905
25,0.0
26,0.166666666667
27,0.0163258320177
28,0.550203688669
29,0.0
30,0.0
31,0.0
32,0.0
33,0.0
34,0.372429805396
35,0.565624063391
36,0.125182725794
37,0.597097845829
38,0.140118464716
39,0.400990363999
40,0.392764254594
41,0.326041150741
42,0.0
43,0.0
44,0.0
45,0.206728106483
46,0.0
47,0.294816177164
48,0.236616228967
49,0.204100678422
50,0.646693007132
51,0.300743813442
52,0.544681834559
53,0.450662036998
54,0.0974942915484
55,0.176391316031
56,0.505475959575
57,0.235148354816
58,0.0263503611732
59,0.228598604651
60,0.0949413782048
61,0.471407520353
62,0.0
63,0.215074455082
64,0.564551365586
65,0.405596426107
66,0.426470494265
67,0.285972276195
68,0.060692159118
69,0.0832922010148
70,0.444706946039
71,0.408532566135
72,0.508468475041
73,0.371460168932
74,0.40277730807
75,0.254127389402
76,0.501426090821
77,0.0983779228585
78,0.598341639557
79,0.399772785688
80,0.0
81,0.305909912282
82,0.211547012926
83,0.0
84,0.171312147548
85,0.574483677374
86,0.360314497034
87,0.251312301492
88,0.572061282468
89,0.550716172169
90,0.44831006317
91,0.179562100106
92,0.26620046304
93,0.303571760001
94,0.00476631048223
95,0.0186155892419
96,0.00476631048223
97,0.00583704218898
98,0.510341727502
99,0.239022930597
100,0.0529427024021
101,0.0680500880741
102,0.555878459988
103,0.350750172991
104,0.274340613462
105,0.0978881197955
106,0.0
107,0.0
108,0.132414408185
109,0.276530657479
110,0.265080748883
111,0.131205026651
112,0.00953659454551
113,0.0
114,0.219534819705
115,0.452744510156
116,0.167555354943
117,0.145485365873
118,0.190759000828
119,0.0458925246842
120,0.0021622122281
121,0.0992017488463
122,0.0791329363719
123,0.536415058397
124,0.378023459589
125,0.0
126,0.0
127,0.0
128,0.0
129,0.0
130,0.311326500968
131,0.0803197168611
132,0.567159005336
133,0.310846954753
134,0.202622086573
135,0.227920049081
136,0.0174367486585
137,0.396862010296
138,0.0546058119598
139,0.583365956727
140,0.404514622626
141,0.594563524648
142,0.321054994143
143,0.0
144,0.0
145,0.136860230807
146,0.454624126457
147,0.0
148,0.105930884553
149,0.300744446087
150,0.00951029195376
151,0.00064334180267
152,0.0
153,0.151623518033
154,0.00951035923593
155,0.58014092233
156,0.424868683388
157,0.425609354502
158,0.0627512516555
159,0.0
160,0.0
161,0.0
162,0.0
163,0.0
164,0.0
165,0.0
166,0.0
167,0.026683203103
168,0.391102643758
169,0.141778005299
170,0.0
171,0.365633906084
172,0.171232248169
173,0.0471484262438
174,0.343054643602
175,0.434003159944
176,0.158670202039
177,0.176637665063
178,0.348136762111
179,0.0
180,0.0
181,0.0924196240747
182,0.0
183,0.154638606496
184,0.12731379474
185,0.183666358447
186,0.147871398519
187,0.662130065156
188,0.0
189,0.142857142857
190,0.332801250516
191,0.100983014508
192,0.259788722711
193,0.217296744495
194,0.132182570701
195,0.0496030530521
196,0.131297915381
197,0.381283756086
198,0.0
199,0.39809075444
200,0.365803889184
201,0.414413254345
202,0.498964107073
203,0.547270108678
204,0.611482864845
205,0.45230526657
206,0.0573151737803
207,0.0483202894782
208,0.194166097057
209,0.00502330533571
210,0.132099895357
211,0.0
212,0.0
213,0.0
214,0.0
215,0.0
216,0.0
217,0.0
218,0.0
219,0.0
220,0.0
221,0.0
222,0.0
223,0.0
224,0.0
225,0.0
226,0.0
227,0.0
228,0.0
229,0.374894584068
230,0.476708815679
231,0.36977179301
232,0.356444379175
233,0.361267060416
234,0.375186623895
235,0.40079758475
236,0.0
237,0.415777859063
238,0.0
239,0.0
240,0.0
241,0.0
242,0.0
243,0.0
244,0.0
245,0.0
246,0.0
247,0.0
248,0.0
249,0.0
250,0.0
251,0.0
252,0.0
253,0.0
254,0.189276665934
255,0.0436689885477
256,0.124334418332
257,0.126157197715
258,0.672772818252
259,0.731494524467
260,0.394362389453
261,0.649825580865
262,0.634725692483
263,0.506586164287
264,0.0739356992597
265,0.710084666997
266,0.678642959201
267,0.74678057228
268,0.535265201794
269,0.707807476426
270,0.639655802889
271,0.646732067674
272,0.490901378089
273,0.0775411216319
274,0.244062510742
275,0.0666666666667
276,0.068182413922
277,0.400840282606
278,0.283778023083
279,0.5849516293
280,0.388537381967
281,0.0569465287856
282,0.334813494757
283,0.439689239784
284,0.113964194567
285,0.651726057597
286,0.46805029387
287,0.285125827552
288,0.444165207075
289,0.0
290,0.0
291,0.108124028829
292,0.0
293,0.0
294,0.0571428571429
295,0.198035547718
296,0.276117247992
297,0.0
298,0.0
299,0.0
300,0.0
301,0.0
302,0.471114554877
303,0.14509379312
304,0.274960293043
305,0.0190433142332
306,0.218990742698
307,0.415522736694
308,0.362475823904
309,0.324366821612
310,0.416810044287
311,0.407738972034
312,0.592064621177
313,0.693125441042
314,0.579220561379
315,0.235745282834
316,0.356600298993
317,0.526148995407
318,0.50679342253
319,0.602180679294
320,0.396319848003
321,0.403969300864
322,0.534424231081
323,0.670728339444
324,0.532584095246
325,0.355662001602
326,0.31533272193
327,0.43932832763
328,0.322877127968
329,0.254099905576
330,0.121580282429
331,0.214288388914
332,0.143142761459
333,0.305836761095
334,0.132440530539
335,0.151678800732
336,0.377435304858
337,0.562370769656
338,0.401811458502
339,0.464050843254
340,0.645164443794
341,0.234999504448
342,0.494838247906
343,0.571277295524
344,0.0
345,0.0
346,0.0
347,0.0
348,0.0
349,0.0
350,0.0
351,0.0
352,0.138223108375
353,0.251927993992
354,0.208169265275
355,0.0940217369043
356,0.0
357,0.0
358,0.0
359,0.0
360,0.0
361,0.0
362,0.0
363,0.0
364,0.0
365,0.0
366,0.0
367,0.0
368,0.0
369,0.0
370,0.0
371,0.0
372,0.0
373,0.0
374,0.0
375,0.0
376,0.0
377,0.0
378,0.0
379,0.245495738801
380,0.439520942624
381,0.033860632279
382,0.465879376967
383,0.288962065143
384,0.109093370048
385,0.56130836568
386,0.28469595895
387,0.354217228794
388,0.304602140783
389,0.47449714013
390,0.0
391,0.0
392,0.0
393,0.0
394,0.0
395,0.0
396,0.0
397,0.0
398,0.0
399,0.0
400,0.0
401,0.125
402,0.459809521555
403,0.349141503554
404,0.472539674692
405,0.222556215943
406,0.348130430755
407,0.2979760537
408,0.33773979774
409,0.261951918723
410,0.0211178358395
411,0.0
412,0.576551497322
413,0.306095543355
414,0.272493380878
415,0.177074782432
416,0.18007025905
417,0.170628357529
418,0.344742425318
419,0.0492667356293
420,0.216968208552
421,0.279760793443
422,0.380736140671
423,0.258304195725
424,0.521130296357
425,0.147615595009
426,0.510575670672
427,0.586845644253
428,0.355937542893
429,0.256989397127
430,0.32639108627
431,0.589771029814
432,0.373919694885
433,0.392869872707
434,0.198644208895
435,0.336637089376
436,0.414076114612
437,0.0
438,0.190491596039
439,0.0295041538346
440,0.0704781400552
441,0.12729649791
442,0.204415132102
443,0.245332001718
444,0.336340187823
445,0.414972751748
446,0.473277619184
447,0.192828452297
448,0.375162062758
449,0.314482530465
450,0.579054973269
451,0.411332008588
452,0.375096749122
453,0.66625885531
454,0.320537003253
455,0.0614745668984
456,0.51687064007
457,0.410472580017
458,0.195949921891
459,0.368799285536
460,0.128665202862
461,0.150209553413
462,0.392913527732
463,0.270185455084
464,0.264088377801
465,0.751540872209
466,0.490172582654
467,0.339195303707
468,0.0
469,0.0
470,0.0
471,0.0
472,0.0
473,0.0
474,0.0
475,0.659711951752
476,0.569129835218
477,0.163367863305
478,0.302768269084
479,0.144330635147
480,0.680242406449
481,0.697113745771
482,0.607069895227
483,0.339860637093
484,0.359452872629
485,0.407452690503
486,0.474421523383
487,0.520373688923
488,0.787062622518
489,0.407959934952
490,0.69262303616
491,0.452806938277
492,0.172577340809
493,0.166003085991
494,0.262029343215
495,0.370038780235
496,0.287078648035
497,0.531521123845
498,0.685318699715
499,0.580524593988
500,0.346730058208
501,0.394194976688
502,0.201438000409
503,0.484625528219
504,0.226011536848
505,0.237125126216
506,0.3551532157
507,0.15358736469
508,0.288194562899
509,0.073345361966
510,0.136483520276
511,0.394348947376
512,0.366007366227
513,0.0189708266024
514,0.0
515,0.0
516,0.0
517,0.0
518,0.0
519,0.0
520,0.0
521,0.0
522,0.0
523,0.0
524,0.0
525,0.0
526,0.186220020501
527,0.163265306122
528,0.239769862583
529,0.119410129506
530,0.0849835623675
531,0.159922669875
532,0.0
533,0.167350504794
534,0.416175014064
535,0.29013099815
536,0.683132328795
537,0.594315529954
538,0.501690073653
539,0.42351457408
540,0.671852699099
541,0.704396284055
542,0.555151805163
543,0.616288680809
544,0.376316217945
545,0.609277332222
546,0.298983516817
547,0.680368305624
548,0.181739495647
549,0.0967512674606
550,0.185256030757
551,0.11571900134
552,0.56801235719
553,0.284395209092
554,0.0940208946338
555,0.069314718056
556,0.0377241645795
557,0.628241168652
558,0.535941600712
559,0.428599234825
560,0.440708510982
561,0.561614690471
562,0.6628815281
563,0.295218694555
564,0.295388046279
565,0.600677362036
566,0.481322775968
567,0.418217973351
568,0.573229691356
569,0.614942888651
570,0.450789656684
571,0.589765859294
572,0.758999153924
573,0.643132002771
574,0.651485786579
575,0.695346189887
576,0.765289270065
577,0.660416573951
578,0.646768230508
579,0.710680623763
580,0.664008837756
581,0.603282351195
582,0.0
583,0.20309497752
584,0.0
585,0.225440344203
586,0.264363357741
587,0.398480025897
588,0.578290550561
589,0.338654360885
590,0.623069683699
591,0.59565459779
592,0.0
593,0.563343323766
594,0.19569290792
595,0.237701660643
596,0.130033477881
597,0.410113040578
598,0.615058837647
599,0.212452072666
600,0.0
601,0.0
602,0.0
603,0.633212947615
604,0.50367331893
605,0.191113993211
606,0.592052360652
607,0.471112276017
608,0.212890323331
609,0.405676654033
610,0.813313619828
611,0.549042159149
612,0.754944713936
613,0.640309358867
614,0.466462188823
615,0.620781685435
616,0.445308979487
617,0.587551822704
618,0.643946607278
619,0.519853614977
620,0.186590976837
621,0.595414669362
622,0.239161983112
623,0.65635282658
624,0.516941664412
625,0.527605907287
626,0.591621617139
627,0.532327140749
628,0.642602777947
629,0.206588441612
630,0.416028775909
631,0.701077349779
632,0.229556383353
633,0.508546307832
634,0.341878666528
635,0.224264445326
636,0.494722500553
637,0.0
638,0.0
639,0.0
640,0.4370100939
641,0.09885085439
642,0.378296699775
643,0.266383033587
644,0.0
645,0.262057124079
646,0.0805804057041
647,0.209766819463
648,0.08664339757
649,0.4770615314
650,0.521226549285
651,0.762981359326
652,0.597591266281
653,0.624057630115
654,0.201692456606
655,0.450869011256
656,0.173703643374
657,0.441767492377
658,0.0
659,0.046485650725
660,0.169314718056
661,0.116922387072
662,0.445847627025
663,0.0
664,0.0
665,0.0695083042471
666,0.141031341951
667,0.0
668,0.0
669,0.477684742303
670,0.269793734146
671,0.466936409313
672,0.59229760042
673,0.149244252833
674,0.547087861164
675,0.399989985868
676,0.318234806
677,0.192774291871
678,0.423271305669
679,0.607562156856
680,0.142996262594
681,0.342074734222
682,0.144570228659
683,0.300893768383
684,0.292462267592
685,0.311189577663
686,0.44132019348
687,0.477161771881
688,0.0
689,0.0407161614837
690,0.0
691,0.120725154104
692,0.333138229178
693,0.135451774445
694,0.0708876641955
695,0.495746877314
696,0.333283545748
697,0.0
698,0.0
699,0.0
700,0.0
701,0.0
702,0.0
703,0.616923950727
704,0.610688829853
705,0.4328940219
706,0.463170183412
707,0.316148901741
708,0.275559628427
709,0.253881825774
710,0.0951751398918
711,0.356033740231
712,0.496135662282
713,0.338509861324
714,0.241036825169
715,0.445617687047
716,0.0610340160371
717,0.308592331938
718,0.393661431886
719,0.19831589753
720,0.412160987408
721,0.3469536718
722,0.597437269253
723,0.334339100471
724,0.297056690457
725,0.628343660677
726,0.519057872335
727,0.390453126225
728,0.368808747507
729,0.452425765484
730,0.611965560372
731,0.492857531572
732,0.351320453176
733,0.419330215216
734,0.508495446985
735,0.481469066628
736,0.714245370863
737,0.302349009789
738,0.585935411716
739,0.423001467521
740,0.0
741,0.0
742,0.157960372303
743,0.131998050602
744,0.0
745,0.0908151186194
746,0.254223122271
747,0.357654154912
748,0.139265582876
749,0.259581340167
750,0.439262050445
751,0.572844153307
752,0.31993698764
753,0.445781232779
754,0.328532661338
755,0.346188464364
756,0.464229652294
757,0.594730301555
758,0.266075117793
759,0.3608116722
760,0.457415209588
761,0.49008100775
762,0.213777511111
763,0.13322739734
764,0.364256127788
765,0.369098397594
766,0.165050210561
767,0.0460871075962
768,0.335963833078
769,0.506395292342
770,0.172289021501
771,0.326502296237
772,0.364069417635
773,0.446697485436
774,0.16758492539
775,0.564028250999
776,0.300678873877
777,0.416302414867
778,0.576438250721
779,0.580794173499
780,0.599503964702
781,0.527799031051
782,0.393843265864
783,0.471988620271
784,0.0742205002691
785,0.570877093139
786,0.511572977698
787,0.635584465771
788,0.132808704831
789,0.295837637601
790,0.335902028209
791,0.561090570825
792,0.500144570557
793,0.0
794,0.0
795,0.0
796,0.236304007087
797,0.00951035923593
798,0.0906066910791
799,0.0
800,0.0
801,0.0913022109651
802,0.531438182535
803,0.018871598139
804,0.292241251929
805,0.273350765369
806,0.341069972725
807,0.0
808,0.0
809,0.0
810,0.0
811,0.0
812,0.0
813,0.0
814,0.0
815,0.604470179384
816,0.459781261401
817,0.455505309444
818,0.518504137755
819,0.379320357087
820,0.477472759257
821,0.36368949141
822,0.338392938576
823,0.571450149778
824,0.504517089598
825,0.563827989717
826,0.532529646133
827,0.198306949901
828,0.4860665995
829,0.613092597506
830,0.641952345019
831,0.170247985605
832,0.463014279366
833,0.623659832636
834,0.199193785948
835,0.172797458779
836,0.248541827146
837,0.284584240127
838,0.17479163369
839,0.0796337541879
840,0.0
841,0.157556557051
842,0.172008909046
843,0.442725451566
844,0.403218309384
845,0.361847051692
846,0.261334994662
847,0.381823539741
848,0.328266903979
849,0.483132391189
850,0.466273314037
851,0.277518125029
852,0.258080003902
853,0.42585521391
854,0.305106791957
855,0.580425547989
856,0.385588342835
857,0.348429331948
858,0.541485924263
859,0.539141453429
860,0.498617231719
861,0.418697799337
862,0.272082293472
863,0.62482411673
864,0.0
865,0.0
866,0.0
867,0.0
868,0.0902969004385
869,0.0
870,0.06615727271
871,0.613284508263
872,0.342064737207
873,0.024328892652
874,0.380349518474
875,0.442721887212
876,0.052018836347
877,0.065695963889
878,0.0431758776871
879,0.336569616181
880,0.574310093805
881,0.414926010413
882,0.0
883,0.22836326992
884,0.266666666667
885,0.307558330682
886,0.0
887,0.707957217519
888,0.584125770699
889,0.367824517361
890,0.0
891,0.0
892,0.0
893,0.0
894,0.0
895,0.0
896,0.0
897,0.111111111111
898,0.12063424704
899,0.12063424704
900,0.0
901,0.214150843802
902,0.267823330483
903,0.477323017365
904,0.235255844356
905,0.324255643496
906,0.0512499455347
907,0.02947783895
908,0.518148047955
909,0.154032706791
910,0.239714215647
911,0.115704579741
912,0.0
913,0.110525333595
914,0.0
915,0.25300480018
916,0.0
917,0.306466611153
918,0.308424478944
919,0.0
920,0.0
921,0.0
922,0.0
923,0.0
924,0.0
925,0.0
926,0.0
927,0.0
928,0.0
929,0.0
930,0.0
931,0.0
932,0.0
933,0.0
934,0.0
935,0.0
936,0.0
937,0.0
938,0.0
939,0.0
940,0.0
941,0.0
942,0.0
943,0.0
944,0.0
945,0.0
946,0.0
947,0.0
948,0.0
949,0.00431112535386
950,0.0
951,0.0
952,0.0
953,0.0
954,0.0
955,0.0
956,0.0
957,0.0
958,0.0
959,0.0
960,0.0
961,0.0
962,0.0
963,0.0
964,0.0
965,0.0
966,0.0
967,0.0047532048756
968,0.211092901956
969,0.353235640083
970,0.125456747043
971,0.0
972,0.354649301029
973,0.564063063275
974,0.412938161683
975,0.0
976,0.0878889830934
977,0.0
978,0.0
979,0.0
980,0.0
981,0.0
982,0.0182708762059
983,0.280675518683
984,0.295276142408
985,0.45246686855
986,0.254536982404
987,0.296364321629
988,0.402718145904
989,0.0563980668057
990,0.264610664092
991,0.443451226388
992,0.672643694286
993,0.640437860053
994,0.478896780211
995,0.598695770428
996,0.663032013393
997,0.575198740808
998,0.771514013653
999,0.630416791292
1000,0.626188382307
1001,0.704317252843
1002,0.614822759016
1003,0.332087505475
1004,0.427467510978
1005,0.579417091975
1006,0.319310659494
1007,0.560122383997
1008,0.587678313237
1009,0.555555814134
1010,0.192674892629
1011,0.681516477029
1012,0.499989102366
1013,0.533772996314
1014,0.00443728053799
1015,0.429544759934
1016,0.583383866899
1017,0.15766042699
1018,0.494755291688
1019,0.591443806081
1020,0.0684883129701
1021,0.545398260843
1022,0.342626960653
1023,0.439125928636
1024,0.420818236931
1025,0.508595105212
1026,0.46004344353
1027,0.477255002222
1028,0.182241319312
1029,0.168544262016
1030,0.237052864229
1031,0.342259338033
1032,0.428599702231
1033,0.152256046184
1034,0.186389983714
1035,0.0
