site,dnds
1,0.0
2,0.0483356871674
3,0.00779727095517
4,0.126786743385
5,0.323480005494
6,0.375637937865
7,0.47236950303
8,0.119597183909
9,0.0153816073292
10,0.256693039687
11,0.0361236824171
12,0.0120398747958
13,0.128098535544
14,0.0
15,0.0835742049266
16,0.0
17,0.209809584446
18,0.0782084143221
19,0.293619811533
20,0.36181366453
21,0.183099371052
22,0.0
23,0.0806841429224
24,0.0
25,0.143433250159
26,0.305642182536
27,0.0081521338995
28,0.0641770962513
29,0.190011786235
30,0.224663877182
31,0.237844018741
32,0.26789131745
33,0.0
34,0.384730145641
35,0.444781198302
36,0.129173372455
37,0.0156349920779
38,0.147623184199
39,0.169519340218
40,0.100448159417
41,0.311252612371
42,0.468075563727
43,0.0235379574607
44,0.31026115983
45,0.171904553584
46,0.0501635365256
47,0.212077608471
48,0.12344584823
49,0.178565894649
50,0.00798837826303
51,0.0
52,0.156667639968
53,0.0
54,0.0030425493844
55,0.0047532048756
56,0.00661219950344
57,0.145149452138
58,0.00758326831136
59,0.189389171317
60,0.199740688414
61,0.444919815346
62,0.25472238445
63,0.00451996229571
64,0.488972370787
65,0.390172528824
66,0.357742216451
67,0.0312991809189
68,0.0
69,0.477283175802
70,0.377896672155
71,0.0695404504482
72,0.229729875312
73,0.290011556973
74,0.266340282196
75,0.244671489824
76,0.0260261244857
77,0.594966755715
78,0.424840233259
79,0.29891935516
80,0.576698513902
81,0.0
82,0.0
83,0.0867325491054
84,0.680106998788
85,0.224477027964
86,0.23715465599
87,0.587324981849
88,0.275588758036
89,0.072932289714
90,0.480060450033
91,0.536750466173
92,0.160226885155
93,0.382203526179
94,0.190995048276
95,0.21880952585
96,0.207814657019
97,0.0711800903115
98,0.258994167144
99,0.028071193021
100,0.0739896347221
101,0.00545013129063
102,0.0251129108818
103,0.0489704299115
104,0.281258561639
105,0.454396759348
106,0.283813676241
107,0.0
108,0.317550772005
109,0.375619893513
110,0.495165755097
111,0.0628992978035
112,0.222814464485
113,0.43189864668
114,0.268855248231
115,0.145090958746
116,0.444171982468
117,0.247819509067
118,0.458135672528
119,0.302494688522
120,0.348459253816
121,0.254431981052
122,0.039043862622
123,0.0724796392053
124,0.0365320905195
125,0.00886366484834
126,0.0947256240323
127,0.164054032898
128,0.408996545769
129,0.0
130,0.220670683792
131,0.0383782480655
132,0.134159365026
133,0.0
134,0.133369431337
135,0.156085510481
136,0.270988619858
137,0.00237794525638
138,0.0
139,0.342504581534
140,0.12183636903
141,0.123437126448
142,0.216693528107
143,0.196309442219
144,0.548490892593
145,0.178818051069
146,0.238609411455
147,0.152902413101
148,0.435017424484
149,0.43567960433
150,0.443750026214
151,0.282742538979
152,0.245455201464
153,0.637864750575
154,0.591531665536
155,0.242774932026
156,0.336932012381
157,0.0496402259936
158,0.193484085044
159,0.129673359193
160,0.0802731565847
161,0.311319138121
162,0.394076519806
163,0.067347055185
164,0.351909987339
165,0.268246559263
166,0.182252529705
167,0.0432489080281
168,0.152551960907
169,0.403791708066
170,0.354258228167
171,0.0952712219438
172,0.0
173,0.0
174,0.0300563966967
175,0.18082000428
176,0.133858184373
177,0.205011929875
178,0.282641201305
179,0.160587266033
180,0.12778472172
181,0.420671969855
182,0.412165069969
183,0.468769995485
184,0.309319238671
185,0.0108593143648
186,0.174662870589
187,0.265897965478
188,0.0
189,0.00838577903281
190,0.0409092427338
191,0.17922962179
192,0.160344771092
193,0.083555446502
194,0.136271314549
195,0.0380118551314
196,0.245392831007
197,0.179245759431
198,0.267180384107
199,0.0973254898072
200,0.388941056419
201,0.423745997201
202,0.259887362083
203,0.108239040283
204,0.366454000628
205,0.452210936182
206,0.179196111003
207,0.0813813937095
208,0.3639846711
209,0.0553664390807
210,0.101979070855
211,0.291721244289
212,0.0
213,0.451847662385
214,0.290079589761
215,0.020570936279
216,0.204179027662
217,0.105698439779
218,0.0
219,0.151320448411
220,0.409296834608
221,0.0998392160471
222,0.154296495628
223,0.04783316568
224,0.302132417426
225,0.21167563935
226,0.0680500880741
227,0.106638027778
228,0.304005349388
229,0.0
230,0.0385551698044
231,0.0671824273748
232,0.355227543734
233,0.0
234,0.0891498973343
235,0.206917086812
236,0.162236329097
237,0.110821410631
238,0.0
239,0.0
240,0.0617969412376
241,0.172539409398
242,0.282175398634
243,0.160619250331
244,0.393205980478
245,0.0
246,0.00235789118121
247,0.108542552052
248,0.224351549888
249,0.166692478847
250,0.186758946645
251,0.206172376381
252,0.139979171435
253,0.219866420957
254,0.293567650712
255,0.0546255953738
256,0.0639023680602
257,0.282013145228
258,0.0
259,0.0
260,0.0
261,0.414263307548
262,0.0
263,0.0
264,0.0168372042258
265,0.517496515194
266,0.00417524021109
267,0.0
268,0.214800209891
269,0.172949058104
270,0.227159813509
271,0.283896487097
272,0.0440279734699
273,0.0976006842849
274,0.405014125167
275,0.566527869907
276,0.338429483893
277,0.395039294343
278,0.0
279,0.319761323962
280,0.508462293551
281,0.315226888419
282,0.185211203315
283,0.401705833692
284,0.461054264676
285,0.514411253615
286,0.179164446307
287,0.596571197522
288,0.254273730684
289,0.226211262749
290,0.0
291,0.139327756918
292,0.123292316765
293,0.0430327469294
294,0.156930522871
295,0.153449984476
296,0.439452935266
297,0.0786552795075
298,0.411151599094
299,0.263778673898
300,0.0975678928997
301,0.0
302,0.261413997519
303,0.0
304,0.444588718992
305,0.0477161399301
306,0.00409351614958
307,0.0
308,0.30005979045
309,0.126873250122
310,0.111289413499
311,0.0
312,0.00632928150711
313,0.172220426073
314,0.257618194493
315,0.0380202604927
316,0.0690981185564
317,0.0952372704921
318,0.133758981641
319,0.20408805789
320,0.298027735456
321,0.0981877739439
322,0.254307043782
323,0.0283659506938
324,0.190729413739
325,0.420466102753
326,0.209322735247
327,0.214300524752
328,0.277554369404
329,0.00476171382909
330,0.0
331,0.0197414003391
332,0.275067487173
333,0.296918608829
334,0.380034811235
335,0.207165167735
336,0.216808298777
337,0.127269032593
338,0.441912302674
339,0.263314065258
340,0.143349407395
341,0.258727635071
342,0.361863486801
343,0.244501812861
344,0.337915909818
345,0.337123089646
346,0.0
347,0.0461204550593
348,0.00688543747144
349,0.0
350,0.0206479638059
351,0.11807405314
352,0.0
353,0.0
354,0.00870798784504
355,0.00663976539253
356,0.0978992179592
357,0.259770553108
358,0.256636363678
359,0.125741011364
360,0.656489646384
361,0.626451156205
362,0.3395783553
363,0.294907584088
364,0.445214147455
365,0.493525956418
366,0.1467140221
367,0.0100312993731
368,0.0
369,0.424691161695
370,0.0149374480255
371,0.276452584818
372,0.497937515454
373,0.0384343960448
374,0.0508351602862
375,0.181860537112
376,0.301359165753
377,0.213281694348
378,0.142055400304
379,0.151718541131
380,0.42519064592
381,0.344965353586
382,0.140464268612
383,0.199986865758
384,0.320483613342
385,0.0
386,0.0846223511136
387,0.571018206574
388,0.189704306169
389,0.265189508041
390,0.377206547374
391,0.314777606004
392,0.437162371867
393,0.403118214258
394,0.264147816836
395,0.565240251702
396,0.0687371546519
397,0.463783100774
398,0.00836791170908
399,0.344735007984
400,0.0951715944608
401,0.0
402,0.040563183592
403,0.011574531761
404,0.100916836864
405,0.141190884871
406,0.0
407,0.0
408,0.0168336081661
409,0.412733220895
410,0.188004677115
411,0.0
412,0.145281819165
413,0.411390197292
414,0.329968637428
415,0.00874679472333
416,0.428992839481
417,0.482512743215
418,0.0732164353222
419,0.144535738908
420,0.253970381978
421,0.0
422,0.37559774485
423,0.0472448088445
424,0.555978288137
425,0.361955828318
426,0.62365821486
427,0.359527933742
428,0.303437669946
429,0.614348663484
430,0.32085201382
431,0.410915290078
432,0.66886387778
433,0.554612806285
434,0.705524819149
435,0.679939500973
436,0.773777756246
437,0.787289264862
438,0.513169253346
439,0.369204807692
440,0.433700210452
441,0.0
442,0.266666666667
443,0.106638027778
444,0.0
445,0.0
446,0.536459773797
447,0.211547012926
448,0.0
449,0.0
450,0.0
451,0.0
452,0.0
453,0.0
454,0.0
455,0.0
456,0.0
457,0.0
458,0.0
459,0.0
460,0.0
461,0.0
462,0.10782095043
463,0.67485609222
464,0.536659943051
465,0.336285202001
466,0.0
467,0.495058899804
468,0.590687984809
469,0.642245118375
470,0.407001895553
471,0.755239421547
472,0.594384670451
473,0.38918359625
474,0.547510089231
475,0.652055702453
476,0.639374762457
477,0.316157473737
478,0.564549710017
479,0.559697752296
480,0.566024656699
481,0.180191474835
482,0.445775426023
483,0.675995709875
484,0.377648360424
485,0.543803154212
486,0.358929184331
487,0.457705494568
488,0.602568041897
489,0.116359291045
490,0.243271647322
491,0.580031418466
492,0.503857607101
493,0.272158820657
494,0.0745845808362
495,0.612809114958
496,0.477272193451
497,0.338429151526
498,0.414727271367
499,0.219918682585
500,0.386763082044
501,0.00837378000076
502,0.036082696025
503,0.0111403658795
504,0.138703764056
505,0.115278907262
506,0.238659768237
507,0.15045941046
508,0.279427688112
509,0.0
510,0.0
511,0.542611111583
512,0.0388349432442
513,0.183944242402
514,0.0494009697159
515,0.272752719729
516,0.0
517,0.340393418303
518,0.0
519,0.322504224869
520,0.540213932623
521,0.401507680511
522,0.0
523,0.0
524,0.492113609003
525,0.548530800582
526,0.255831685231
527,0.104682794261
528,0.536099287078
529,0.485163126697
530,0.0429944323365
531,0.172331191866
532,0.248257494188
533,0.255753046324
534,0.197158795439
535,0.431146083237
536,0.176347440861
537,0.476494098214
538,0.371546604834
539,0.283785560855
540,0.513399889499
541,0.499555312413
542,0.327545757186
543,0.548775664919
544,0.268408942294
545,0.374075929527
546,0.537338166963
547,0.172010297535
548,0.221547583266
549,0.186670587847
550,0.194468564292
551,0.658405045119
552,0.34405115428
553,0.448364368171
554,0.655747888071
555,0.293964512936
556,0.334326255523
557,0.479552282785
558,0.67641492852
559,0.179714918635
560,0.205770969146
561,0.0
562,0.0
563,0.0
564,0.0
565,0.0
566,0.139446478044
567,0.533302004225
568,0.728637602447
569,0.738374922515
570,0.69684369927
571,0.735792686484
572,0.662496331983
573,0.76763624052
574,0.641326410107
575,0.505687901874
576,0.104625989518
577,0.126611820487
578,0.815407352504
579,0.717994961042
580,0.432502591604
581,0.578677253996
582,0.504139344371
583,0.578851056397
584,0.772550803218
585,0.722429307217
586,0.334862016604
587,0.415594441304
588,0.150405778714
589,0.285313950971
590,0.780990290307
591,0.0
592,0.46496935947
593,0.49326882825
594,0.631214159236
595,0.25673237796
596,0.608924717388
597,0.587061542011
598,0.104230523999
599,0.318870070595
600,0.197000253425
601,0.762807672903
602,0.160174947914
603,0.379919761499
604,0.327521395019
605,0.526979565904
606,0.325334576178
607,0.298053804199
608,0.0199136164663
609,0.169687494979
610,0.031634852371
611,0.244928332353
