site,dnds
1,0.0
2,0.0
3,0.0
4,0.0989514915327
5,0.182353155334
6,0.201068401278
7,0.361987647044
8,0.247509051814
9,0.207724665034
10,0.512319282619
11,0.0234536950896
12,0.0760979682811
13,0.24443585465
14,0.456081524955
15,0.114295807747
16,0.15420740885
17,0.115313401302
18,0.107052968434
19,0.0103679060832
20,0.0519155171199
21,0.0
22,0.197092454212
23,0.219144687355
24,0.0
25,0.0
26,0.0
27,0.490140198717
28,0.160080878056
29,0.31780410408
30,0.06354880025
31,0.177524735408
32,0.333856460828
33,0.094501924821
34,0.0817741319001
35,0.000337337074725
36,0.00235789118121
37,0.0
38,0.0143614848976
39,0.0168372042258
40,0.256614720404
41,0.221107537141
42,0.04746461239
43,0.132249594673
44,0.0
45,0.255524283397
46,0.562766052571
47,0.0
48,0.107654236162
49,0.480580368048
50,0.17553231908
51,0.318632567878
52,0.371661516016
53,0.513531320251
54,0.454394551989
55,0.0
56,0.1775573398
57,0.00545013129063
58,0.117539854813
59,0.139293085948
60,0.0906290038056
61,0.102309515087
62,0.0
63,0.0
64,0.0
65,0.0262705270094
66,0.0207461809544
67,0.0
68,0.0814362659415
69,0.0
70,0.374282026762
71,0.0782760417827
72,0.229231454335
73,0.251161727105
74,0.549713669672
75,0.0387377594975
76,0.241775918023
77,0.226645471374
78,0.06706119933
79,0.109047732927
80,0.158903108472
81,0.146668422614
82,0.0811024130869
83,0.157790536214
84,0.00266345588842
85,0.349023311868
86,0.192501134801
87,0.389317396099
88,0.286171813124
89,0.521545406567
90,0.438367118692
91,0.283528233787
92,0.00964663419734
93,0.174100513091
94,0.185035504065
95,0.388088283818
96,0.34853101907
97,0.239770753891
98,0.308406824238
99,0.168813776005
100,0.143427623773
101,0.0201703127541
102,0.00817989471876
103,0.0
104,0.0719263294985
105,0.0
106,0.0113319442474
107,0.0
108,0.166420515038
109,0.12457602636
110,0.296615911961
111,0.0877375469781
112,0.0228405276081
113,0.339462517647
114,0.239412623056
115,0.201113893667
116,0.14054604873
117,0.112959493527
118,0.141218408046
119,0.0694549241816
120,0.620398137318
121,0.477951633625
122,0.08933378059
123,0.154873300035
124,0.281459407662
125,0.0965864499341
126,0.234903444113
127,0.168054613369
128,0.205451216528
129,0.329756340602
130,0.193318668662
131,0.0864926476354
132,0.0928997100989
133,0.162777480773
134,0.00452121390055
135,0.503800558793
136,0.0779237525083
137,0.379136049666
138,0.14328729279
139,0.25755163404
140,0.461515549299
141,0.463901213743
142,0.120203933369
143,0.0500891463307
144,0.456522236763
145,0.0
146,0.16493495923
147,0.260488895
148,0.0634371920103
149,0.490347774247
150,0.263722798511
151,0.1291559716
152,0.0470674029214
153,0.123776387613
154,0.270628851072
155,0.361376976205
156,0.219914599198
157,0.507670561965
158,0.250678237161
159,0.465359620819
160,0.435166998201
161,0.516373161936
162,0.175880973477
163,0.00624260501399
164,0.276168632273
165,0.119843591471
166,0.124427386799
167,0.249553330659
168,0.592924615401
169,0.199068716001
170,0.481160515812
171,0.153700789505
172,0.516255372181
173,0.525024884576
174,0.262416230819
175,0.0
176,0.135627644091
177,0.0434208915886
178,0.290730368008
179,0.0834415989974
180,0.193365945143
181,0.400239248997
182,0.193209656387
183,0.0
184,0.0
185,0.0
186,0.0
187,0.0
188,0.0
189,0.0
190,0.0
191,0.0
192,0.323908513457
193,0.0
194,0.0
195,0.507437679158
196,0.292331601955
197,0.24723930279
198,0.369822127248
199,0.191883494934
200,0.502817303263
201,0.347456371911
202,0.43536575272
203,0.298394227993
204,0.084847450349
205,0.112871275225
206,0.360473153617
207,0.112418753505
208,0.175805047739
209,0.0931512601636
210,0.347144608082
211,0.273756104009
212,0.19660407973
213,0.387598109682
214,0.294435771742
215,0.219988188492
216,0.308186131096
217,0.186983753277
218,0.26483044282
219,0.176866041783
220,0.116829053276
221,0.316747577412
222,0.194254417146
223,0.0251470695492
224,0.0651637546723
225,0.166654787619
226,0.0206120651021
227,0.0290598495107
228,0.14501468301
229,0.13467721652
230,0.372803667723
231,0.0274164306214
232,0.158546405007
233,0.247012010661
234,0.315010710192
235,0.278329755591
236,0.23804424821
237,0.229198195947
238,0.00451996229571
239,0.127753652071
240,0.0708231228372
241,0.210155754702
242,0.422557669478
243,0.0822209057574
244,0.00872844945241
245,0.222960755764
246,0.10771045412
247,0.0
248,0.0768703702317
249,0.154454727973
250,0.044153368347
251,0.0094067611891
252,0.259037665245
253,0.528398322032
254,0.443537606639
255,0.334015427291
256,0.235888013081
257,0.554964760044
258,0.375738601412
259,0.288725377467
260,0.296529718902
261,0.310325032333
262,0.322635759843
263,0.362216670031
264,0.275853525648
265,0.325328624331
266,0.296496372477
267,0.327114481248
268,0.11118122434
269,0.195749702646
270,0.283021195295
271,0.0384930698583
272,0.338708640832
273,0.123536529087
274,0.214508467223
275,0.154832258764
276,0.0
277,0.0682920862286
278,0.338555023665
279,0.0857101603917
280,0.262817814569
281,0.436769675629
282,0.466791880484
283,0.149774019
284,0.285307999742
285,0.249612034547
286,0.341601209323
287,0.404474949313
288,0.46305915477
289,0.0292846888612
290,0.462799900873
291,0.118501750126
292,0.171516405811
293,0.0981052461814
294,0.346393016306
295,0.00838771307897
296,0.395057357226
297,0.391242394501
298,0.156165036434
