site,dnds
1,0.0
2,0.0
3,0.0
4,0.0
5,0.0
6,0.106275076984
7,0.1715382827
8,0.638902298613
9,0.556661102469
10,0.718511000738
11,0.6191377088
12,0.512675566718
13,0.720845899108
14,0.55254944262
15,0.521429846908
16,0.578913486631
17,0.758111135336
18,0.461922603696
19,0.446064569949
20,0.447805437737
21,0.63899602942
22,0.404888067299
23,0.137363390344
24,0.62496731135
25,0.492324044687
26,0.43385817746
27,0.46206758378
28,0.677865327712
29,0.434343739642
30,0.342996734743
31,0.302985552437
32,0.569694430405
33,0.629670866067
34,0.386620465152
35,0.0353048350946
36,0.0739548934715
37,0.521409469057
38,0.328158277467
39,0.596901662148
40,0.488359141843
41,0.573048392772
42,0.0108453218292
43,0.433863758046
44,0.699989063457
45,0.128354433188
46,0.3556074586
47,0.432544629491
48,0.332448100144
49,0.0
50,0.189910792037
51,0.558069622506
52,0.266742033991
53,0.17362698125
54,0.305106688604
55,0.310968039132
56,0.611641551399
57,0.487452950911
58,0.342142915335
59,0.520335399545
60,0.710468181282
61,0.392532335153
62,0.248129513347
63,0.71064850539
64,0.486063489138
65,0.0435294693132
66,0.561124858273
67,0.615109260359
68,0.605947015699
69,0.301112400054
70,0.18235425615
71,0.142982698487
72,0.0
73,0.71310961213
74,0.704424313487
75,0.621386824965
76,0.792041728868
77,0.68195778416
78,0.719929111183
79,0.754945711175
80,0.0458127046383
81,0.502595989682
82,0.527337773295
83,0.629247915904
84,0.232531210144
85,0.396073649521
86,0.240836351572
87,0.44561431421
88,0.407012248387
89,0.0804822963268
90,0.0651448915174
91,0.0305727046094
92,0.335986936007
93,0.0167321010372
94,0.510462404865
95,0.0
96,0.0282155632414
97,0.0
98,0.16007941308
99,0.606589438017
100,0.42813498492
101,0.0961421647255
102,0.0420881594212
103,0.0
104,0.0
105,0.0
106,0.448198250106
107,0.50958837022
108,0.294916971687
109,0.521074206996
110,0.589753094215
111,0.657001090781
112,0.488835791892
113,0.484468055339
114,0.478541881604
115,0.764355092127
116,0.62811679664
117,0.866282055521
118,0.604751315942
119,0.728832800405
120,0.115942028986
121,0.105263157895
122,0.196691073464
123,0.791007810097
124,0.744218952323
125,0.141756424344
126,0.780741525324
127,0.701708045033
128,0.0564125367803
129,0.131082362366
130,0.0
131,0.100821408081
132,0.0
133,0.0
134,0.0
135,0.0
136,0.0
137,0.0932733504377
138,0.565910185818
139,0.615789974774
140,0.703722607462
141,0.600185645875
142,0.73675676091
143,0.534308357184
144,0.348461113758
145,0.320598896515
146,0.0
147,0.175927905137
148,0.309309170038
149,0.168995288379
150,0.146859327184
151,0.017170253686
152,0.263748649341
153,0.0
154,0.0942287936195
155,0.0
156,0.158712031095
157,0.0347213022841
158,0.180150992283
159,0.361321182559
160,0.1402379643
161,0.186581466795
162,0.34667741615
163,0.37771723964
164,0.600065683294
165,0.355981207152
166,0.604988523213
167,0.642200090831
168,0.0
169,0.0
170,0.0
171,0.0
172,0.0
173,0.0
174,0.0
175,0.0
176,0.0
177,0.0
178,0.0
179,0.0
180,0.568797869171
181,0.571191913484
182,0.836278764387
183,0.846053059522
184,0.771671863073
185,0.696380950383
186,0.830035806514
187,0.827794747977
188,0.758207493142
189,0.537307642855
190,0.502973810279
191,0.49911055995
192,0.0
193,0.0
194,0.106666666667
195,0.193887088734
196,0.550390493419
197,0.105992522006
198,0.197325153491
199,0.0
200,0.141274931936
201,0.0783305404668
202,0.421782387309
203,0.621146203478
204,0.196831335284
205,0.199132767664
206,0.555688189001
207,0.48896149774
208,0.0875145887426
209,0.493485712726
210,0.619680170136
211,0.103284932847
212,0.407287468265
213,0.0111002910427
214,0.656749735026
215,0.659908244842
216,0.485837247224
217,0.537166314201
218,0.520419758723
219,0.233996632111
220,0.647934038115
221,0.732260436568
222,0.451409396252
223,0.342272480093
224,0.632910593611
225,0.693919361628
226,0.428868784708
227,0.342406122127
228,0.488353657688
229,0.398003427085
230,0.23656551663
231,0.229638418848
232,0.613665476319
233,0.384619605976
234,0.474564230106
235,0.632084983459
236,0.362156346557
237,0.726226468188
238,0.566395800791
239,0.577281169003
240,0.235392746699
241,0.0
242,0.0
243,0.646080142517
244,0.429629453096
245,0.413376007154
246,0.299275889745
247,0.545337764463
248,0.415087122454
249,0.524061449146
250,0.272470408831
251,0.273701463219
252,0.557690719973
253,0.537901207861
254,0.253156297414
255,0.696939018167
256,0.063864062233
257,0.63861286556
258,0.611180714585
259,0.519552265952
260,0.0279708599583
261,0.232321099312
262,0.448505427329
263,0.578309201263
264,0.167347349789
265,0.177088781249
266,0.673776604445
267,0.723024527244
268,0.25481002054
269,0.170671882474
270,0.455936091992
271,0.547535948045
272,0.735077260032
273,0.588853751603
274,0.442073707183
275,0.283705546393
276,0.247416818693
277,0.0997004870133
278,0.429322566378
279,0.107497744705
280,0.109556126791
281,0.00615575099644
282,0.0
283,0.0
284,0.0897031882753
285,0.26778849724
286,0.0
287,0.0
288,0.0428924008749
289,0.177109425663
290,0.571467731944
291,0.447321609248
292,0.208558307586
293,0.146248465871
294,0.641737548921
295,0.536221786315
296,0.35189965562
297,0.528459560807
298,0.716780949702
299,0.413386215598
300,0.278785910037
301,0.486616901882
302,0.634626904527
303,0.647777444539
304,0.186991908467
305,0.52041831585
306,0.278058960263
307,0.291671661878
308,0.0554044478519
309,0.439353123651
310,0.259722836948
311,0.247761805153
312,0.396704435123
313,0.0159436878696
314,0.0798442849184
315,0.0860322605707
316,0.0
317,0.315633443737
318,0.319921783273
319,0.526142009489
320,0.637584523362
321,0.601091771361
322,0.735961049749
323,0.100214050201
324,0.0
325,0.0
326,0.746043255322
327,0.665087087286
328,0.791391039516
329,0.299213464048
330,0.621791549902
331,0.606683351349
332,0.513853516719
333,0.359324561105
334,0.207525970192
335,0.421080323858
336,0.540826559506
337,0.326453248629
338,0.346618088347
339,0.117699510361
340,0.0358629944742
341,0.442944823038
342,0.247298834883
343,0.373047001358
