site,dnds
1,0.0
2,0.0
3,0.0
4,0.0
5,0.151732839632
6,0.0
7,0.135146532111
8,0.470345179499
9,0.552004783968
10,0.391146717314
11,0.667765601921
12,0.0850853558101
13,0.434285380958
14,0.355978451639
15,0.340994740106
16,0.337081703209
17,0.231631203489
18,0.403037405794
19,0.673929732265
20,0.683923832109
21,0.362830350191
22,0.738269265755
23,0.731111975388
24,0.595195314545
25,0.281869772756
26,0.561119873207
27,0.650914413619
28,0.473691365396
29,0.499755009088
30,0.309293512387
31,0.538647001762
32,0.293579383332
33,0.0
34,0.0
35,0.0740740740741
36,0.0569565923993
37,0.106693174944
38,0.199955395779
39,0.0
40,0.0
41,0.0
42,0.19132200987
43,0.199162543385
44,0.50610675266
45,0.582426011132
46,0.183175537015
47,0.636712719523
48,0.682317433572
49,0.457661950157
50,0.129530878547
51,0.275873640772
52,0.620276895594
53,0.284490800108
54,0.241258388325
55,0.581900649313
56,0.510955141939
57,0.45213252706
58,0.653219770056
59,0.326794448857
60,0.610416435566
61,0.671921396782
62,0.586633579975
63,0.0
64,0.49997941712
65,0.336578406108
66,0.368401208953
67,0.0
68,0.147473797578
69,0.222233545705
70,0.222668849313
71,0.544555072548
72,0.126574934901
73,0.117956888309
74,0.0127881067766
75,0.106513178911
76,0.546431105951
77,0.480337090338
78,0.397533161162
79,0.285746644169
80,0.520409713221
81,0.588696207922
82,0.377629369083
83,0.297418962571
84,0.0931260698176
85,0.278171050637
86,0.0571428571429
87,0.0
88,0.0
89,0.0
90,0.0
91,0.0
92,0.0
93,0.0
94,0.0
95,0.0
96,0.0
97,0.0
98,0.0
99,0.0
100,0.0
101,0.0175916855917
102,0.0
103,0.0
104,0.0
105,0.0
106,0.0
107,0.0
108,0.0
109,0.0
110,0.0
111,0.0
112,0.0
113,0.0
114,0.0571428571429
115,0.0990210257943
116,0.160667184177
117,0.0
118,0.0
119,0.450255769375
120,0.130141198565
121,0.335455165051
122,0.0
123,0.523186804062
124,0.0156811064339
125,0.0
126,0.279179583057
127,0.294290700767
128,0.457583628232
129,0.317577638962
130,0.615667405211
131,0.62651387755
132,0.468350945011
133,0.459217932832
134,0.601337035953
135,0.672708256756
136,0.669809685798
137,0.36796535053
138,0.694929019857
139,0.521550238723
140,0.327071658432
141,0.485746123961
142,0.635926595594
143,0.338175006597
144,0.0
145,0.0
146,0.0
147,0.0
148,0.0
149,0.0
150,0.0
151,0.0
152,0.0
153,0.0
154,0.461523952104
155,0.503292014487
156,0.412609024517
157,0.681339554109
158,0.458147922928
159,0.497802514981
160,0.536499531216
161,0.478914003394
162,0.438710086847
163,0.447960803224
164,0.462947285481
165,0.383109414173
166,0.466768560767
167,0.79357787786
168,0.695604869622
169,0.175815812409
170,0.343810993221
171,0.183672972969
172,0.179101042511
173,0.153786398934
174,0.0
175,0.499658869542
176,0.480757092648
177,0.664744400689
178,0.650525356148
179,0.194001396387
180,0.487546715592
181,0.726035687723
182,0.259087944821
183,0.526005958499
184,0.783271451836
185,0.785983908708
186,0.512827172757
187,0.309843026141
188,0.169314718056
189,0.198724929851
190,0.830536216839
191,0.753095268283
192,0.727952207249
193,0.483982553892
194,0.659617858857
195,0.628991158354
196,0.653581434419
197,0.650416969123
198,0.525001425041
199,0.203820293169
200,0.216725923716
201,0.500756071922
202,0.457002482533
203,0.0746036704829
204,0.671646297979
205,0.381969601708
206,0.313605672437
207,0.336736515498
208,0.141756424344
209,0.332055875316
210,0.0959801903531
211,0.128212195248
212,0.184794435957
213,0.0856061523637
214,0.288111993729
215,0.209461506873
216,0.123226165433
217,0.20862241782
218,0.250484672314
219,0.299228799824
220,0.195646433199
221,0.284596875031
222,0.265073977063
223,0.310683162462
224,0.560425529017
225,0.62914419731
226,0.620912210723
227,0.309846002755
228,0.36805830316
229,0.479077203863
230,0.318271662325
231,0.0665210180761
232,0.53522662379
233,0.0308139622765
234,0.0949583614189
235,0.0472521414481
236,0.176685911697
237,0.647646128427
238,0.296152711291
239,0.481820265514
240,0.304171263419
241,0.240849087358
242,0.183628027421
243,0.491401335213
244,0.412897139727
245,0.0
246,0.276039055719
247,0.281159916389
248,0.0
249,0.0
250,0.0
251,0.558662666714
252,0.721277962994
253,0.0
254,0.521839939081
255,0.25274739381
256,0.478117001086
257,0.0
258,0.683272430622
259,0.251441669672
260,0.184403959416
261,0.378089638059
262,0.153618376101
263,0.21406958069
264,0.396173220628
265,0.0
266,0.132196002473
267,0.539094961378
268,0.289263053272
269,0.104959587782
270,0.415100380535
271,0.0
272,0.0
273,0.0
274,0.0323069934318
275,0.227155020575
276,0.347057208441
277,0.358409758715
278,0.495181116972
279,0.510931980805
280,0.108970182857
281,0.42597574716
282,0.310883970823
283,0.0571227123375
284,0.533648314287
285,0.141846603486
286,0.589511815045
287,0.583203273529
288,0.262150054933
289,0.507693543583
290,0.595050718851
291,0.364863486453
292,0.295696751018
293,0.0
294,0.0
295,0.473335061006
296,0.0
297,0.389438838329
298,0.0
299,0.186491741819
300,0.169169059628
301,0.121937625263
302,0.254888804379
303,0.361859699324
304,0.349451012033
305,0.335556183263
306,0.364423856979
307,0.506322483075
308,0.349605789235
309,0.503935830909
310,0.528709107406
311,0.733985519836
312,0.427740817052
313,0.363633539224
314,0.0928404750987
315,0.056301007515
316,0.283765528917
317,0.228968531638
318,0.202079114308
319,0.139364128053
320,0.615613950171
321,0.726706414827
322,0.0
323,0.0
324,0.0
325,0.0
326,0.0
327,0.0
328,0.0
329,0.589018076723
330,0.4293511977
331,0.63832971153
332,0.731016063799
333,0.690322828733
334,0.704525511502
335,0.335930864785
336,0.708169094471
337,0.35043419882
338,0.440471082894
339,0.569436318562
340,0.634923356621
341,0.676250067096
342,0.330714652227
343,0.608077103609
344,0.159998307026
345,0.316302766883
346,0.648976130115
347,0.25722306811
348,0.541850577124
349,0.543784161468
350,0.364378864721
351,0.659539206609
352,0.61796704496
353,0.643995644572
354,0.15845799637
355,0.264558106839
356,0.188519072566
357,0.306637748544
358,0.0775108121648
359,0.08664339757
360,0.218985501756
361,0.163233024555
362,0.137768383714
363,0.0593844480361
364,0.272727272727
365,0.184245824406
366,0.0
367,0.349654996646
368,0.393341280136
369,0.297197311583
370,0.409702676905
371,0.447573861539
372,0.233590749235
373,0.265085606521
374,0.447050868286
375,0.320366325242
376,0.0
377,0.0
378,0.0
379,0.0
380,0.0
381,0.0
382,0.0
383,0.0
384,0.0
385,0.0
386,0.0
387,0.0
388,0.0
389,0.496295043431
390,0.0478726170803
391,0.719995662682
392,0.735122626146
393,0.432244889773
394,0.329535151864
395,0.403252260775
396,0.392278972068
397,0.541981539117
398,0.104145822454
399,0.126487500014
400,0.177870302505
401,0.742173715424
402,0.363872638574
403,0.558673659617
404,0.671235866787
405,0.299983174602
406,0.353410648057
407,0.536912999846
408,0.185407949772
409,0.412236194621
410,0.639613486191
411,0.272387470206
412,0.0
413,0.0
414,0.269284386212
415,0.102386255384
416,0.146407325267
417,0.143385414499
418,0.0
419,0.0
420,0.0
421,0.0
422,0.667884869411
423,0.513879575927
424,0.144885841064
425,0.55212536157
426,0.738813922494
427,0.611937645948
428,0.558418436119
429,0.306993187872
430,0.49168305774
431,0.0
432,0.0
433,0.0
434,0.0
435,0.0
436,0.0
437,0.0
438,0.0
439,0.0
440,0.0
441,0.0
442,0.0
443,0.0
444,0.286861760442
445,0.591810233421
446,0.391808355274
447,0.185563263204
448,0.187937344269
449,0.17302444191
450,0.256917809742
451,0.0
452,0.0
453,0.185861822361
454,0.280181593773
455,0.0
456,0.684660779806
457,0.389093260052
458,0.491823618666
459,0.332794780628
460,0.143373435457
461,0.639584549321
462,0.151951746716
463,0.42214636438
464,0.212709792995
465,0.247933696596
466,0.631219988185
467,0.506639703841
468,0.302451182483
469,0.270009917712
470,0.277026082329
471,0.392339620084
472,0.226763933022
473,0.427597277581
474,0.521809666269
475,0.102610522098
476,0.175390230562
477,0.0487804878049
478,0.26829856593
479,0.0383236844884
480,0.11090354889
481,0.0666666666667
482,0.0816326530612
483,0.0619786668373
484,0.233481155557
485,0.16457989752
486,0.125776507047
487,0.11090354889
488,0.078431372549
489,0.309266122292
490,0.0
491,0.0
492,0.0
493,0.198042051589
494,0.532303133337
495,0.209368200843
496,0.608675978436
497,0.632202387181
498,0.541169169849
499,0.233181235491
500,0.69143963157
501,0.0646650034007
502,0.713396644607
503,0.620799715832
504,0.204392983938
505,0.0
506,0.114285714286
507,0.154032706791
508,0.0
509,0.0
510,0.0
511,0.0
512,0.0
513,0.0
514,0.186997836369
515,0.0945804073814
516,0.275241015312
517,0.0
518,0.0
519,0.0
520,0.0
521,0.0
522,0.0
523,0.0
524,0.717128326617
525,0.360522673403
526,0.152935103875
527,0.423335393731
528,0.413772853977
529,0.425740652785
530,0.466131006196
531,0.196949802123
532,0.357015468092
533,0.302805144242
534,0.658828888426
535,0.779438365137
536,0.705585347113
537,0.601298765503
538,0.743252745245
539,0.73279414084
540,0.800820719172
541,0.27488645796
542,0.80038466621
543,0.691864773284
544,0.0
545,0.0
546,0.617308337929
547,0.23134963576
548,0.554745417738
549,0.660730211921
550,0.360706046643
551,0.480601070109
552,0.549671748211
553,0.256162339738
554,0.302034031335
555,0.423910635342
556,0.420650940397
557,0.125
558,0.0
559,0.0
560,0.511715663115
561,0.508623610955
562,0.592946525982
563,0.662624538824
564,0.676695805366
565,0.308361794131
566,0.105828926631
567,0.375741637576
568,0.630194009756
569,0.647580345233
570,0.0
571,0.144971959333
572,0.355242742493
573,0.419127461218
574,0.303803193894
575,0.227042701419
576,0.145596883292
577,0.0373269435135
578,0.167958216612
579,0.0
580,0.213091151706
581,0.0
582,0.0
583,0.0
584,0.142857142857
585,0.0
586,0.0
587,0.0
588,0.35010369134
589,0.419633426536
590,0.365746701469
591,0.266347541127
592,0.136265992275
593,0.472912394686
594,0.119025236533
595,0.521291916974
596,0.473997040061
597,0.751470336484
598,0.638430919128
599,0.563679551517
600,0.497953169634
601,0.507778231141
602,0.595380001677
603,0.493227021452
604,0.461088584436
605,0.618598232243
606,0.609488736797
607,0.617271778451
608,0.192986587878
609,0.433832026576
610,0.286843678141
611,0.185748685914
612,0.329146444248
613,0.411337029789
614,0.31379656655
615,0.36212318547
616,0.46161744045
617,0.173324329313
618,0.113896480628
619,0.467986782285
620,0.540990543604
621,0.438750633396
622,0.286740380943
623,0.575926224068
624,0.608872855395
625,0.609797623335
626,0.550890006904
627,0.413385386046
628,0.653507103519
629,0.444006550061
630,0.438534789345
631,0.39831950148
632,0.155522082928
633,0.320705770122
634,0.376826726893
635,0.393624988104
636,0.641083880672
637,0.628683376275
638,0.603704804923
639,0.465371946925
640,0.650714101512
641,0.613869342659
642,0.361556166462
643,0.0550075104614
644,0.395829952788
645,0.232349736382
646,0.617633990847
647,0.0
648,0.480963672009
649,0.48639863662
650,0.444718476999
651,0.365384716333
652,0.532166202726
653,0.0
654,0.579865120178
655,0.466748257511
656,0.486611243272
657,0.0
658,0.132028034392
659,0.0
660,0.0
661,0.0
662,0.0
663,0.0
664,0.0
665,0.0
666,0.0
667,0.524569942183
668,0.562532723441
669,0.539999027267
670,0.512781954143
671,0.152809003553
672,0.279672214651
673,0.583040305998
674,0.519627007669
675,0.344543391237
676,0.52485246314
677,0.496549709936
678,0.105972127138
679,0.225029207172
680,0.411328917077
681,0.725146010068
682,0.30932896003
683,0.235629255454
684,0.218793232182
685,0.131417533242
686,0.337718033086
687,0.16065011373
688,0.434722493203
689,0.460748056476
690,0.437657165678
691,0.32042658103
692,0.0629894646561
693,0.0
694,0.206136467899
695,0.269747284631
696,0.224428746997
697,0.179443735816
698,0.475185931626
699,0.386479925824
700,0.398193208156
701,0.426172541484
702,0.490188885074
703,0.20521842318
704,0.462038083837
705,0.238936219017
706,0.270944512606
707,0.1813976297
708,0.0
709,0.123292316765
710,0.579084533978
711,0.50950875977
712,0.444779819559
713,0.613751378361
714,0.545503113359
715,0.741768917234
716,0.0349650756147
717,0.232450657271
718,0.35693244097
719,0.0526345658812
720,0.0
721,0.336868187496
722,0.52033878116
723,0.0
724,0.0
725,0.097266044125
726,0.624919522058
727,0.261186013306
728,0.134899473774
729,0.712479718512
730,0.255248216228
731,0.582745778694
732,0.305711788585
733,0.075654451314
734,0.0640615935871
735,0.603650134632
736,0.25142459862
737,0.474746868901
738,0.619272699406
739,0.0759613348559
740,0.0
741,0.268315037636
742,0.212115054322
743,0.321999553101
744,0.311968904034
745,0.528643590058
746,0.505185272201
747,0.517439189275
748,0.538811691053
749,0.611654674196
750,0.765305305138
751,0.525019879962
752,0.743158538348
753,0.442548994167
754,0.584110168211
755,0.327376589541
756,0.443524470066
757,0.339977075104
758,0.00676424397082
759,0.0176199160115
760,0.66631697599
761,0.456384063202
762,0.00807381481649
763,0.635359744803
764,0.0154149389906
765,0.395751553885
766,0.49037464273
767,0.386891864105
768,0.353061031054
769,0.521068379186
770,0.274542279538
771,0.646776182613
772,0.216914931911
773,0.0608663077524
774,0.165393181775
775,0.229598522143
776,0.387159681797
777,0.0
778,0.806055745831
779,0.754651315865
780,0.658928799468
781,0.0937293965786
782,0.310467853476
783,0.628544829589
784,0.602465150297
785,0.0
786,0.0
787,0.0
788,0.756642556784
789,0.275818227911
790,0.639869539378
791,0.140661251828
792,0.0837241925312
793,0.381482934483
794,0.0100488956896
795,0.593819232753
796,0.435622539817
797,0.291316953058
798,0.226451433896
799,0.403474712761
800,0.165643943515
801,0.349048540472
802,0.315579614801
803,0.366858414922
804,0.372190981371
805,0.363700490816
806,0.454523872758
807,0.472345317541
808,0.41737748224
809,0.380164696915
810,0.508007125331
811,0.589689034802
812,0.439340675076
813,0.698145677581
814,0.44518026594
815,0.524566349912
816,0.583584468034
817,0.338489416473
818,0.274629471331
819,0.304073437232
820,0.751407420813
821,0.729389695411
822,0.0
823,0.396232039817
824,0.47234174661
825,0.198622422453
826,0.109956639487
827,0.232275354501
828,0.320179541866
829,0.579143875338
830,0.267566402671
831,0.289414711313
832,0.538771365856
833,0.523002250785
834,0.188620273644
835,0.392911669241
836,0.477066288121
837,0.0628424385184
838,0.112726898228
839,0.520357540468
840,0.435755965607
841,0.505253933402
842,0.523158152285
843,0.46831789516
844,0.419480539754
845,0.341413379264
846,0.245869318065
847,0.410452844771
848,0.395314930451
849,0.73996911486
850,0.585828617429
851,0.553176269066
852,0.414837443877
853,0.624655516336
854,0.588034202927
855,0.202609997082
856,0.389136209769
857,0.387480975906
858,0.249416201755
859,0.613834597751
860,0.284817898236
861,0.544929094251
862,0.400569970991
863,0.283043443478
864,0.508187896055
865,0.411974212995
866,0.454914614584
867,0.493777842305
868,0.415474553016
869,0.637396330442
870,0.176968254702
871,0.359383923307
872,0.421770827385
873,0.546185364847
874,0.70217538107
875,0.519243200365
876,0.360418974836
877,0.455334165889
878,0.215955786312
879,0.505172464052
880,0.371695950551
881,0.63373064654
882,0.367510831816
883,0.589058424074
884,0.262495109538
885,0.745481627413
886,0.639250483118
887,0.461271567579
888,0.652385956947
889,0.694605190713
890,0.429724872968
891,0.492813034193
892,0.66240306106
893,0.609298948984
894,0.472972566413
895,0.199633897018
896,0.478583192542
897,0.627494239327
898,0.529422285573
899,0.495389942242
900,0.0
901,0.531257353532
902,0.475841465646
903,0.464272597052
904,0.0
905,0.0
906,0.589422820532
907,0.63163163031
908,0.411185954246
909,0.555901940837
910,0.466747693136
911,0.626331869964
912,0.266597659361
913,0.447414479552
914,0.0519288943835
915,0.547002278746
916,0.248338254226
917,0.344580761618
918,0.375679760225
919,0.0
920,0.13577103897
921,0.388497225343
922,0.0
923,0.0
924,0.0
925,0.0
926,0.309073718311
927,0.452004862449
928,0.800322648695
929,0.592635374292
930,0.165215469238
931,0.138680810144
932,0.628288585505
933,0.465022767569
934,0.506810636375
935,0.300494487165
936,0.138087394777
937,0.136515076366
938,0.0483856699764
939,0.319142922266
940,0.12988519669
941,0.0
942,0.140905504874
943,0.0
944,0.0
945,0.123292316765
946,0.113721212221
947,0.0995943380233
948,0.742782295947
949,0.202362145283
950,0.0888850690216
951,0.300310979405
952,0.0584059403217
953,0.154027874193
954,0.203446534498
955,0.359984224835
956,0.362560185258
957,0.391915675551
958,0.40989502073
959,0.637181877662
960,0.273752517291
961,0.588742535377
962,0.704185803256
963,0.448477279297
964,0.228492427774
965,0.566577475772
966,0.563384787804
967,0.607221219945
968,0.379969944877
969,0.633206159781
970,0.615512158084
971,0.558540180107
972,0.558422400347
973,0.653557602027
974,0.627192414263
975,0.503203718483
976,0.400021080368
977,0.415185994717
978,0.461408547092
979,0.15188619659
980,0.145306998253
981,0.495064714308
982,0.308206683494
983,0.0303893588537
984,0.308820739154
985,0.367114945663
986,0.521910992947
987,0.544372250597
988,0.300638311555
989,0.366444493914
990,0.490713007948
991,0.196398227198
992,0.122717318363
993,0.545411269874
994,0.372217457821
995,0.412409453315
996,0.0457541810377
997,0.596344615994
998,0.434947510055
999,0.211557820951
1000,0.0402358920197
1001,0.529688566584
1002,0.493660118296
1003,0.453145883454
1004,0.365284662487
1005,0.368221704903
1006,0.62966286827
1007,0.093414661839
1008,0.495520704688
1009,0.134378187128
1010,0.47079188734
1011,0.473256779923
1012,0.217678916968
1013,0.412612067433
1014,0.303963522097
1015,0.436571165443
1016,0.0
1017,0.0544331990652
1018,0.166666666667
1019,0.0701921195504
1020,0.509096621943
1021,0.0332277345709
1022,0.0418323506116
1023,0.488906580701
1024,0.526350109115
1025,0.25165805408
1026,0.218991935185
