site,dnds
1,0.0
2,0.130960405272
3,0.176762545268
4,0.241385936448
5,0.225819348007
6,0.248187454838
7,0.479738167115
8,0.26261664095
9,0.489227090696
10,0.222813107863
11,0.449166733255
12,0.546028610226
13,0.682410419358
14,0.550138542702
15,0.622620623379
16,0.533359656316
17,0.770493416282
18,0.640135299232
19,0.736524221542
20,0.589905337422
21,0.618944118643
22,0.666817759794
23,0.00229316010831
24,0.539199797865
25,0.422053469344
26,0.386505868466
27,0.414825744598
28,0.488502324085
29,0.410391705833
30,0.302668686062
31,0.0717996685997
32,0.0402179922968
33,0.151377451494
34,0.268244720834
35,0.481312443903
36,0.213844464145
37,0.0
38,0.0
39,0.0
40,0.0
41,0.0
42,0.0
43,0.0
44,0.629421385609
45,0.157397853456
46,0.268160023721
47,0.325888441267
48,0.216426375549
49,0.183020742309
50,0.541379948835
51,0.408681555633
52,0.191173587922
53,0.0515961024371
54,0.057079623359
55,0.143756845681
56,0.708325802597
57,0.592483332244
58,0.747552841483
59,0.807810768404
60,0.529936861963
61,0.297219471944
62,0.114795193988
63,0.516173587134
64,0.675931411569
65,0.503841501007
66,0.63885563667
67,0.0
68,0.510938789244
69,0.559087278643
70,0.377308270095
71,0.693919525711
72,0.671977052126
73,0.667892312569
74,0.653109278116
75,0.126928207756
76,0.0
77,0.411967609743
78,0.58817736487
79,0.670759853771
80,0.56943740579
81,0.569879030409
82,0.409677804937
83,0.627649229412
84,0.579469401901
85,0.320261992533
86,0.36764567308
87,0.207338969192
88,0.0496465042071
89,0.074796255018
90,0.52099216706
91,0.21010314207
92,0.0349544038313
93,0.0
94,0.446324598094
95,0.0646562504325
96,0.00716431194377
97,0.0417036356867
98,0.198963882494
99,0.202136955291
100,0.328873934524
101,0.435558432595
102,0.71908631494
103,0.627446391206
104,0.0
105,0.0
106,0.0
107,0.455827324934
108,0.0144605768535
109,0.240453438095
110,0.0
111,0.478485797921
112,0.739988264844
113,0.648144880611
114,0.150044954384
115,0.256972249634
116,0.434802172025
117,0.191376118726
118,0.333011426391
119,0.563508541856
120,0.741659345909
121,0.710262355312
122,0.702083070827
123,0.424355157005
124,0.664589182828
125,0.736534595728
126,0.158631684885
127,0.479184615367
128,0.727846340872
129,0.531793683452
130,0.159968888811
131,0.520208327646
132,0.690500716782
133,0.523897360732
134,0.328170698709
135,0.65622942566
136,0.651922121265
137,0.513455164097
138,0.515307000185
139,0.56647726514
140,0.0
141,0.133303597186
142,0.199955395779
143,0.106638027778
144,0.0
145,0.633423377846
146,0.441291065963
147,0.441688622294
148,0.61839042637
149,0.542802908414
150,0.00219837355078
151,0.0344049258757
152,0.369229015959
153,0.286303395374
154,0.424997097442
155,0.502341644464
156,0.231869028344
157,0.410567779633
158,0.431408889072
159,0.020031349586
160,0.0950459938872
161,0.011193576917
162,0.0723371770925
163,0.0
164,0.255502308947
165,0.331010983799
166,0.27174139897
167,0.432743704138
168,0.381954469898
169,0.539581480218
170,0.0
171,0.0
172,0.0
173,0.0
174,0.0
175,0.0
176,0.0
177,0.0
178,0.0
179,0.0
180,0.0
181,0.0
182,0.0
183,0.0
184,0.0
185,0.0
186,0.0
187,0.0
188,0.0
189,0.0
190,0.0
191,0.0
192,0.0
193,0.0
194,0.0
195,0.423682569638
196,0.485664005079
197,0.519122429801
198,0.676130497151
199,0.691400727513
200,0.227303394841
201,0.403528707941
202,0.173694061771
203,0.177375214148
204,0.32743863813
205,0.61706972154
206,0.419993270771
207,0.6876635342
208,0.192036145095
209,0.641567988024
210,0.335420514027
211,0.441290359145
212,0.320976729718
213,0.60503315559
214,0.514217426252
215,0.619345495891
216,0.641268268342
217,0.650334692837
218,0.613004704751
219,0.694839115323
220,0.392282208765
221,0.729613271862
222,0.439767371116
223,0.541993692479
224,0.499661479818
225,0.717386118656
226,0.429079716442
227,0.415593903881
228,0.443022065068
229,0.0
230,0.592537340118
231,0.671541838364
232,0.662334226153
233,0.706899108978
234,0.153013835788
235,0.549515889376
236,0.493512448757
237,0.18387711822
238,0.398001932009
239,0.227597467097
240,0.213973206707
241,0.108364742647
242,0.0
243,0.132028034392
244,0.0660140171962
245,0.071941548571
246,0.071941548571
247,0.237399532568
248,0.219705752675
249,0.103616811993
250,0.056583443311
251,0.0726991981718
252,0.094592854468
253,0.094592854468
254,0.0444444444444
255,0.0938160626747
256,0.071941548571
257,0.0458397054772
258,0.0
259,0.063547339529
260,0.0
261,0.156444295826
262,0.142643785813
263,0.0
264,0.0
265,0.0
266,0.0807127501078
267,0.111540925607
268,0.0650318349825
269,0.0
270,0.3217159603
271,0.410339065309
272,0.514135933212
273,0.111169901879
274,0.0332991208051
275,0.168703629274
276,0.0
277,0.0
278,0.0
279,0.173239408383
280,0.094592854468
281,0.0338840075706
282,0.395210431543
283,0.243578371127
284,0.737671023534
285,0.628716273785
286,0.781230634607
287,0.690587241046
288,0.479695157859
289,0.334148359669
290,0.705525583499
291,0.697397310939
292,0.37161401389
293,0.411116805232
294,0.5655889521
295,0.226955281634
296,0.247619400119
297,0.18183420292
298,0.43050996341
299,0.0
300,0.188815475899
301,0.626530513031
302,0.661988138441
303,0.756485509192
304,0.482223595568
305,0.393642898657
306,0.235699291711
307,0.412100473828
308,0.24752676497
309,0.514415792778
310,0.303748033674
311,0.308258763817
312,0.103631312999
313,0.648892198002
314,0.594462967858
315,0.586990163806
316,0.491324949042
317,0.488769500306
318,0.555704055262
319,0.712979071887
320,0.495920817283
321,0.16489466468
322,0.631867040776
323,0.446826790541
324,0.844180771974
325,0.464331261326
326,0.674545937667
327,0.489262493373
328,0.166666666667
329,0.0
330,0.29641779146
331,0.518947276587
332,0.625488763151
333,0.473719143482
334,0.414402099851
335,0.0
336,0.465900841601
337,0.774137260895
338,0.411354727979
339,0.0047532048756
340,0.53207837206
341,0.223718078185
342,0.0
343,0.139794389357
344,0.213849964282
345,0.214248449338
346,0.0493836369269
347,0.551146065395
348,0.755957829463
349,0.517139300922
350,0.202542193399
351,0.641541061456
352,0.293918627949
353,0.60645114243
354,0.195277839334
355,0.0605394268595
356,0.155453147969
357,0.0329802850909
358,0.247656470792
359,0.0
360,0.0
361,0.30300481783
362,0.539648283513
363,0.213434328794
364,0.214929358313
365,0.400717981191
366,0.145442973313
367,0.512807667787
368,0.1797114165
369,0.207852683649
370,0.542708465089
371,0.640848378047
372,0.760594797163
373,0.0
374,0.0
375,0.729731059311
376,0.410744306401
377,0.41178409854
378,0.575417298256
379,0.567653368469
380,0.61926913877
381,0.00479317597988
382,0.692148216013
383,0.256083226174
384,0.576803017732
385,0.00406476230351
386,0.428442883257
387,0.294940747134
388,0.679252741904
389,0.795479598666
390,0.625830909914
391,0.0571206728226
392,0.508007884317
393,0.0
394,0.0
395,0.370397419587
396,0.67069014974
397,0.630868600339
398,0.570158170787
399,0.175608541342
400,0.425320464109
401,0.582949748673
402,0.0411849763623
403,0.380999176821
404,0.553000521858
405,0.508726647399
406,0.381175478326
407,0.443780078767
408,0.613873457282
409,0.374113474893
410,0.54215005802
411,0.492597553557
412,0.155490504594
413,0.230752680903
