site,dnds
1,0.0
2,0.0
3,0.137110214142
4,0.0640380913376
5,0.223856686342
6,0.356908895094
7,0.261668462788
8,0.308870121436
9,0.461555745235
10,0.314298887079
11,0.550333109327
12,0.437411043487
13,0.402016009792
14,0.218828653256
15,0.0148524001818
16,0.514315127316
17,0.267907051974
18,0.196645459306
19,0.399194320681
20,0.681414296072
21,0.474472846307
22,0.184745629691
23,0.433993617587
24,0.565843218833
25,0.397909815428
26,0.312706973712
27,0.482709278113
28,0.53556172179
29,0.397230988335
30,0.661636810407
31,0.153996509951
32,0.141639270613
33,0.339951919956
34,0.315539918155
35,0.48637646281
36,0.559857155241
37,0.462902937884
38,0.450854167475
39,0.664847180012
40,0.58362777457
41,0.362659921299
42,0.591248675855
43,0.590749498324
44,0.507671789847
45,0.337695542625
46,0.467742464748
47,0.235207986309
48,0.210823145065
49,0.571656239804
50,0.124891383885
51,0.166946873006
52,0.106441156588
53,0.0622015291788
54,0.19334134375
55,0.289544211015
56,0.241635669493
57,0.124301189603
58,0.275253203005
59,0.643255628766
60,0.594632824665
61,0.599510305262
62,0.45234462561
63,0.439512207677
64,0.527355459632
65,0.0708266791931
66,0.42811804804
67,0.0
68,0.0
69,0.0
70,0.380909337662
71,0.211395913288
72,0.23860462569
73,0.0
74,0.0107697044104
75,0.0
76,0.0
77,0.424952500975
78,0.213731507559
79,0.381567677561
80,0.453003293859
81,0.377112809461
82,0.48474677226
83,0.111111111111
84,0.0
85,0.0499565535539
86,0.0909090909091
87,0.131502197224
88,0.0
89,0.112676056338
90,0.13653075728
91,0.0671442083783
92,0.351394931297
93,0.0409471007644
94,0.15482901284
95,0.161177469107
96,0.267746074926
97,0.290178191594
98,0.306484748833
99,0.251492515853
100,0.205960340421
101,0.280847112191
102,0.373404437939
103,0.277229017901
104,0.537178522679
105,0.621435881509
106,0.328496842169
107,0.266990701553
108,0.655641639146
109,0.330848037677
110,0.00806735829115
111,0.184777495593
112,0.214736259511
113,0.258769207728
114,0.160204683517
115,0.467189502358
116,0.537598100099
117,0.430792599113
118,0.52321826188
119,0.221161939635
120,0.337445016328
121,0.45171301687
122,0.502783984153
123,0.302189135728
124,0.305859146613
125,0.405372509197
126,0.114755496653
127,0.294122359869
128,0.305614701906
129,0.329984434301
130,0.355118103785
131,0.388051474524
132,0.367348031225
133,0.253370806712
134,0.304540824364
135,0.342838340476
136,0.305429102703
137,0.382109145709
138,0.0634920634921
139,0.472070732368
140,0.165627890487
141,0.487612486194
142,0.578285573734
143,0.512165292446
144,0.487770285703
145,0.602115610297
146,0.430557708048
147,0.320356516497
148,0.25687200536
149,0.597354522399
150,0.546520046187
151,0.218896905564
152,0.51164038596
153,0.565131982216
154,0.496558481584
155,0.307920699385
156,0.449577802202
157,0.608181541137
158,0.281683673482
159,0.236684403118
160,0.0
161,0.492356182476
162,0.527056928877
163,0.61318202762
164,0.509594549165
165,0.261645880459
166,0.313020680034
167,0.335421758491
168,0.426586338762
169,0.207661303594
170,0.0758670397029
171,0.495615137591
172,0.302431959845
173,0.46281773316
174,0.0266630635344
175,0.20430213135
176,0.545304953121
177,0.268918881727
178,0.0
179,0.605326986812
180,0.462173761301
181,0.202020685029
182,0.0
183,0.0432735301379
184,0.305867997655
185,0.00551488371369
186,0.366982530579
187,0.390758278584
188,0.28234400614
189,0.598348374038
190,0.528776411729
191,0.425916773002
192,0.089800444445
193,0.0
194,0.0
195,0.250528999092
196,0.186604587536
197,0.37238499961
198,0.106827552721
199,0.139064011147
200,0.362129137821
201,0.227386387551
202,0.192756896809
203,0.156246077748
204,0.163177359216
205,0.267603297266
206,0.366701416292
207,0.365984114948
208,0.334763067999
209,0.374241737721
210,0.530947724981
211,0.539061536841
212,0.540758183348
213,0.544540128321
214,0.680107858993
215,0.584596219031
216,0.626487533319
217,0.0266630635344
218,0.552985282474
219,0.489980457982
220,0.30637755802
221,0.0993759560925
222,0.40997885217
223,0.279139455031
224,0.326865244921
225,0.551960647045
226,0.0
227,0.0
228,0.0
229,0.0
230,0.0
231,0.0
232,0.0
233,0.0
234,0.0
235,0.0
236,0.0
237,0.0
238,0.0
239,0.0
240,0.0
241,0.0
242,0.0
243,0.0
244,0.0
245,0.0
246,0.0
247,0.0
248,0.0
249,0.0
250,0.0
251,0.647036327482
252,0.624400603685
253,0.376335535129
254,0.185226539238
255,0.4160554246
256,0.579536889324
257,0.443071660606
258,0.571667187368
259,0.479450289376
260,0.271181225147
261,0.67717017691
262,0.565365053135
263,0.558311702432
264,0.430391238632
265,0.654465115978
266,0.617336067398
267,0.527928441201
268,0.567391672463
269,0.640672564695
270,0.585340553298
271,0.539989382557
272,0.566523379721
273,0.531844909669
274,0.601097184269
275,0.449135301858
276,0.424573903464
277,0.524540850895
278,0.533668814679
279,0.558279838503
280,0.484884307107
281,0.376844721672
282,0.529205211863
283,0.350909571377
284,0.225243386415
285,0.277092071086
286,0.29644924326
287,0.615209974136
288,0.672101128346
289,0.423736191106
290,0.496887027066
291,0.539351351444
292,0.244136064148
293,0.100821408081
294,0.485150532253
295,0.236270262746
296,0.546674149557
297,0.605290822301
298,0.611851334229
299,0.360660028705
300,0.24679652996
301,0.240234729077
302,0.152311902477
303,0.274383802426
304,0.15187830341
305,0.501703681384
306,0.677058532727
307,0.22365846772
308,0.523200152142
309,0.622978864149
310,0.6183081597
311,0.280614038081
312,0.664064275927
313,0.647787000122
314,0.458404792695
315,0.777465675914
316,0.560768206939
317,0.604238663699
318,0.620714451078
319,0.58894514192
320,0.353646569304
321,0.584456567038
322,0.442521299394
323,0.230227061867
324,0.437933042801
325,0.507074310947
326,0.206913086377
327,0.445378541012
328,0.329949155689
329,0.194462174083
330,0.355663676363
331,0.330311567123
332,0.343495788014
333,0.16901727518
334,0.0823959216501
335,0.134022343629
336,0.158732548177
337,0.0
338,0.0841996309615
339,0.266621263551
340,0.0755185303821
341,0.0660140171962
342,0.0
343,0.0290323426413
344,0.0
345,0.157556557051
346,0.0
347,0.1
348,0.0
349,0.0
350,0.0
351,0.0
352,0.625024710119
353,0.635638416507
354,0.642896579634
355,0.530902447531
356,0.205627046887
357,0.611572732424
358,0.596289854966
359,0.589902826799
360,0.125458472174
361,0.128957614988
362,0.196367192398
363,0.304619519625
364,0.314638209314
365,0.311042238037
366,0.431863968446
367,0.685743301255
368,0.670569313963
369,0.642877039726
370,0.355097964065
371,0.741079166481
372,0.574204753156
373,0.438768615738
374,0.337432822472
375,0.5738022928
376,0.527390303322
377,0.236520207592
378,0.157061865538
379,0.225449900201
380,0.502378810976
381,0.539098297202
382,0.68023462504
383,0.49454596857
384,0.189834188778
385,0.387723587318
386,0.625042101276
387,0.402102217956
388,0.448558052888
389,0.376958733138
390,0.373836751482
391,0.239369018848
392,0.336497062447
393,0.145993725616
394,0.102564102564
395,0.0
396,0.149164700507
397,0.0
398,0.0
399,0.0
400,0.0
