site,dnds
1,0.0
2,0.0537903700727
3,0.499114868213
4,0.380850010139
5,0.776790581765
6,0.406418207221
7,0.434267033651
8,0.534685856393
9,0.23204567148
10,0.0
11,0.0
12,0.218681119071
13,0.0
14,0.468983140498
15,0.711518047334
16,0.312528045408
17,0.417533691545
18,0.3295780491
19,0.514207329211
20,0.540801757095
21,0.60850636738
22,0.265440626143
23,0.0
24,0.503744072596
25,0.189441576432
26,0.00131115856632
27,0.0275439601981
28,0.0429141166273
29,0.20906674981
30,0.0
31,0.283745091138
32,0.00677994344356
33,0.00891961031574
34,0.0
35,0.0
36,0.0
37,0.0708095689926
38,0.0961044497113
39,0.0686959117328
40,0.0399226502778
41,0.529775760462
42,0.138629436112
43,0.211384521346
44,0.563187947632
45,0.558184734689
46,0.0428685576854
47,0.0636347441368
48,0.105263157895
49,0.0
50,0.0538366742182
51,0.700436702953
52,0.456091621236
53,0.681254439257
54,0.07479452788
55,0.385460187529
56,0.635166138688
57,0.350577705316
58,0.20880067209
59,0.557515856035
60,0.537424557784
61,0.0549746644506
62,0.395136353868
63,0.585945057301
64,0.409272887759
65,0.0
66,0.105693351389
67,0.303715589433
68,0.319296904085
69,0.111787118509
70,0.0
71,0.18439768972
72,0.0
73,0.0372898680697
74,0.0519801453891
75,0.0
76,0.0361236824171
77,0.0163806211595
78,0.0063376065008
79,0.0234720502709
80,0.0
81,0.0
82,0.0
83,0.0
84,0.0
85,0.114943363352
86,0.671351898995
87,0.500492348629
88,0.112885174502
89,0.397496487609
90,0.473461119551
91,0.417173257488
92,0.221384977085
93,0.0
94,0.267663517802
95,0.567358391555
96,0.0
97,0.10907076846
98,0.338282268702
99,0.0224220915105
100,0.371200156333
101,0.213267872575
102,0.302561016024
103,0.337102093466
104,0.31971075132
105,0.390031963614
106,0.595739642549
107,0.590873925688
108,0.58721010861
109,0.381297514622
110,0.148677123629
111,0.158696597175
112,0.367529060981
113,0.412510364537
114,0.462403247864
115,0.401658214682
116,0.350695425953
117,0.256503995239
118,0.236028060815
119,0.221341423886
120,0.0
121,0.180176166102
122,0.0047532048756
123,0.0395003921393
124,0.268051307271
125,0.168223172365
126,0.337855146728
127,0.52177546851
128,0.0436731616751
129,0.137549853097
130,0.434501416433
131,0.335522359963
132,0.260639946276
133,0.36868516675
134,0.578123441724
135,0.25313407376
136,0.00582478489479
137,0.0529838642973
138,0.0
139,0.298277627405
140,0.368474780555
141,0.144154625793
142,0.0
143,0.0
144,0.130567768179
145,0.370025927093
146,0.246283115892
147,0.22716743982
148,0.447151333897
149,0.253136875516
150,0.344718934706
151,0.228015908557
152,0.409923795212
153,0.0925986591382
154,0.389531859207
155,0.590923574078
156,0.378784140789
157,0.18133884779
158,0.208691585843
159,0.598151621642
160,0.40404692054
161,0.0
162,0.41783010518
163,0.313938824481
164,0.156165287345
165,0.260155002288
166,0.0651045237473
167,0.332688399089
168,0.0
169,0.0
170,0.132913149177
171,0.237629095817
172,0.0
173,0.036654015619
174,0.38677413515
175,0.00731417481617
176,0.461208885191
177,0.264682783212
178,0.0
179,0.104922091559
180,0.0972906987586
181,0.666871069444
182,0.517683700952
183,0.0
184,0.272133653159
185,0.657895806278
186,0.00633409924762
187,0.600484355433
188,0.404622458399
189,0.160229511113
190,0.451709885241
191,0.53212672391
192,0.724182471742
193,0.298213791693
194,0.0
195,0.272268968465
196,0.821879712121
197,0.660480903893
198,0.166061105665
199,0.27300621463
200,0.707897322248
201,0.518806598005
202,0.416075998077
203,0.348478305079
204,0.56911468618
205,0.503575719315
206,0.0948838725567
207,0.536981334555
208,0.582891488322
209,0.272462103909
210,0.0116082149422
211,0.249313970852
212,0.581632521553
213,0.443480708493
214,0.404307042733
215,0.440680314502
216,0.2678545015
217,0.343424577579
218,0.286502967965
219,0.0
220,0.0240623232876
221,0.0
222,0.140475677703
223,0.00582478489479
224,0.0
225,0.155581048265
226,0.0
227,0.362515613846
228,0.0
229,0.609063183186
230,0.472685592036
231,0.24361099525
232,0.0
233,0.23121022474
234,0.498652516933
235,0.387419936819
236,0.334982414666
237,0.357331853688
238,0.449385043543
239,0.346290185469
240,0.63200881703
241,0.554249145095
242,0.309148887304
243,0.0
244,0.483970242678
245,0.772484073041
246,0.422090077077
247,0.270041877473
248,0.289373698749
249,0.0950325464342
250,0.0
251,0.443956721407
252,0.0123651066118
253,0.383266323503
254,0.00962473829927
255,0.377925016987
256,0.0431622444247
257,0.386541726211
258,0.0
259,0.0
260,0.0
261,0.203757192288
262,0.139479974502
263,0.259624692734
264,0.0523114909205
265,0.610802969722
266,0.473147557786
267,0.157575233214
268,0.421487565622
269,0.401781813851
270,0.432368641129
271,0.0
272,0.0
273,0.0884651144963
274,0.0701921195504
275,0.252053520204
276,0.0
277,0.0
278,0.441961420153
279,0.305623272959
280,0.166008424429
281,0.590164574366
282,0.359613046892
283,0.0724276789137
284,0.402078033069
285,0.480456803678
286,0.117956157063
287,0.199178966328
288,0.450195331959
289,0.238997837372
290,0.364352757138
291,0.363518447208
292,0.398156786173
293,0.0680500880741
294,0.406788165602
295,0.217072550921
296,0.326130822629
297,0.342681618875
298,0.413043209605
299,0.0678495164028
300,0.183933605896
301,0.563231281079
302,0.213634087688
303,0.3425478139
304,0.0
305,0.0588623412493
306,0.0
307,0.0145057886677
308,0.0904187058738
309,0.373058263353
310,0.221864870462
311,0.201349596592
312,0.461265061541
313,0.278488766934
314,0.265425911657
315,0.445255121667
316,0.446667550281
317,0.344281508191
318,0.467184181281
319,0.501870547835
320,0.1756590613
321,0.409329729518
322,0.583793120845
323,0.645708362353
324,0.510146753461
325,0.452751704823
326,0.541443730854
327,0.598363377871
328,0.325416303981
329,0.22329375357
330,0.0
331,0.0
