site,dnds
1,0.0
2,0.223065081832
3,0.78977902288
4,0.712780872867
5,0.12147744812
6,0.00845505748559
7,0.51464678717
8,0.549990344894
9,0.255914850137
10,0.277991731128
11,0.583021875735
12,0.349773123575
13,0.0954561124238
14,0.475599461854
15,0.779135239617
16,0.597882876639
17,0.389317867513
18,0.0
19,0.0
20,0.623076673532
21,0.155691694764
22,0.597878102626
23,0.689482115939
24,0.463419019889
25,0.562184386669
26,0.717057816535
27,0.579182628561
28,0.503714666045
29,0.630281972916
30,0.721125450113
31,0.109856798651
32,0.175186904165
33,0.585149215374
34,0.444479158272
35,0.263907452297
36,0.622152076873
37,0.746692373755
38,0.705494577157
39,0.701740107
40,0.731606559856
41,0.677255880348
42,0.687935450629
43,0.715396295272
44,0.525530160921
45,0.63697885975
46,0.638608491249
47,0.623786771774
48,0.733009746798
49,0.697645910387
50,0.632834867348
51,0.349041053262
52,0.329240586473
53,0.56087489933
54,0.479560262332
55,0.490670700344
56,0.560484827635
57,0.448369756258
58,0.158297120786
59,0.206916779728
60,0.120939084326
61,0.0
62,0.0510292402866
63,0.0868853803089
64,0.0
65,0.0
66,0.0
67,0.0
68,0.0
69,0.0
70,0.0
71,0.475485097207
72,0.5784946584
73,0.762545233412
74,0.590422611017
75,0.287221845775
76,0.623480007991
77,0.0
78,0.0
79,0.0
80,0.0
81,0.0
82,0.0
83,0.0
84,0.0509574057948
85,0.281857764082
86,0.0722382236831
87,0.650774826966
88,0.458514455986
89,0.20022224572
90,0.544939278691
91,0.399189121863
92,0.23533734134
93,0.414027062039
94,0.231919828919
95,0.195760281911
96,0.660319519851
97,0.598334831862
98,0.470725585884
99,0.62429388109
100,0.639876602262
101,0.59151493485
102,0.512513851421
103,0.597397240328
104,0.638400646244
105,0.497548700165
106,0.183750910912
107,0.57259548179
108,0.15061420985
109,0.602150639532
110,0.669319718655
111,0.518057143815
112,0.741586204293
113,0.579590436023
114,0.697087833341
115,0.626134732884
116,0.512862267881
117,0.561207457666
118,0.171249272677
119,0.53867379106
120,0.472919747477
121,0.127636637155
122,0.435311592767
123,0.189217829633
124,0.514446515551
125,0.0810698456795
126,0.238978831548
127,0.403207658277
128,0.153986068555
129,0.52807600621
130,0.630218217844
131,0.248337718315
132,0.623346863932
133,0.492858897773
134,0.452420050059
135,0.143012874862
136,0.0
137,0.133303597186
138,0.0
139,0.260178532568
140,0.251505914816
141,0.271816161195
142,0.475410347068
143,0.694932182048
144,0.482897990747
145,0.490076459614
146,0.36378197897
147,0.440306209571
148,0.396498010389
149,0.41952024738
150,0.488611967605
151,0.614452452336
152,0.201409156811
153,0.0274512645597
154,0.146680793602
155,0.471718185804
156,0.294943463518
157,0.583133917278
158,0.270386564734
159,0.5756783958
160,0.823105502426
161,0.489697890212
162,0.717832577385
163,0.672974307107
164,0.617543144444
165,0.800082039949
166,0.815725857937
167,0.767522537629
168,0.725175074046
169,0.758901120071
170,0.674257318733
171,0.683828174876
172,0.604150516238
173,0.688394628287
174,0.678657379
175,0.622356391692
176,0.491559176631
177,0.169647066492
178,0.163561422432
179,0.171764369086
180,0.1728386505
181,0.149869660662
182,0.764998995641
183,0.556210626276
184,0.102688471194
185,0.0
186,0.108064676601
187,0.0956065076634
188,0.12075807722
189,0.106638027778
190,0.20999211125
191,0.130242090812
192,0.0935688711019
193,0.159957041668
194,0.641327215593
195,0.159006602479
196,0.546617726643
197,0.633831251941
198,0.449511923731
199,0.479052628779
200,0.40739775814
201,0.589935657796
202,0.732036207903
203,0.595128234793
204,0.58982999485
205,0.297259528741
206,0.30339719155
207,0.22046462556
208,0.63023419599
209,0.533260207917
210,0.1494225355
211,0.619496808914
212,0.434631586379
213,0.656384849691
214,0.364329661057
215,0.66554910933
216,0.594901663174
217,0.386964041149
218,0.262286013842
219,0.47899165424
220,0.364145858018
221,0.169314718056
222,0.572978786558
223,0.490093824588
224,0.105194575285
225,0.589172830459
226,0.314000171334
227,0.204383158875
228,0.0754716981132
229,0.658253703297
230,0.0729835764438
231,0.418575689842
232,0.553441269763
233,0.629506137835
234,0.407440720742
235,0.380044373746
236,0.738127088496
237,0.526862460077
238,0.514373407517
239,0.519204849629
240,0.690060565977
241,0.605483294494
242,0.38748349372
243,0.0
244,0.0
245,0.0
246,0.0
247,0.0
248,0.0
249,0.0
250,0.0
251,0.0
252,0.0
253,0.0
254,0.0
255,0.0
256,0.0
257,0.0
258,0.0
259,0.0
260,0.0
261,0.0
262,0.0
263,0.0
264,0.0
265,0.0
266,0.0
267,0.0
268,0.0
269,0.0
270,0.0
271,0.0
272,0.0
273,0.693270746153
274,0.447080730508
275,0.622000271557
276,0.636991717782
277,0.669294830634
278,0.518687453823
279,0.524587263219
280,0.428023543664
281,0.313411045439
282,0.428710953968
283,0.440805267621
284,0.4272133688
285,0.699992836664
286,0.781736805736
287,0.70839550033
288,0.815100695686
289,0.591456649542
290,0.646881717475
291,0.637580089601
292,0.782255311027
293,0.732084374123
294,0.482226219114
295,0.215105391946
296,0.223065060692
297,0.085886958977
298,0.279237979512
299,0.18394677537
300,0.402157462105
301,0.331605655872
302,0.130492934612
303,0.348198115218
304,0.318390644225
305,0.0407733635623
306,0.440020559633
307,0.271926734333
308,0.231178793105
309,0.501621265944
310,0.359991698239
311,0.514051315349
312,0.482652685128
313,0.339923979729
314,0.428050747021
315,0.444617113233
316,0.13436532505
317,0.182517718074
318,0.182250948308
319,0.072417305955
320,0.412191244429
321,0.478478159722
322,0.31474989877
323,0.557539823237
324,0.4052880615
325,0.342112743056
326,0.101071316667
327,0.262765705033
328,0.249109413725
329,0.686098636637
330,0.614614781486
331,0.592780062719
332,0.44053171956
333,0.581409227662
334,0.544461379658
335,0.549652855563
336,0.566140406616
337,0.428961782941
338,0.564452208258
339,0.371152267265
340,0.501464548611
341,0.439392415211
342,0.503691287607
343,0.272438120452
344,0.255853861497
345,0.392909135602
346,0.477337645771
347,0.446198407103
348,0.0508562069454
349,0.402609957865
350,0.46967936129
351,0.125821137616
352,0.0103982723353
353,0.48694811426
354,0.0697817968176
355,0.0
356,0.0
357,0.0
358,0.0
359,0.0
360,0.0
361,0.0
362,0.0
363,0.0
364,0.0
365,0.0
366,0.0
367,0.0
368,0.0
369,0.0
370,0.0
371,0.0
372,0.0
373,0.0
374,0.0
375,0.0
376,0.0
377,0.0
378,0.0
379,0.0
380,0.0
381,0.0
382,0.0
383,0.0
384,0.0
385,0.0
386,0.0
387,0.0
388,0.0
389,0.0
390,0.0
391,0.069383920047
392,0.0
393,0.249078914052
394,0.0270104977154
395,0.569465154892
396,0.632803354671
397,0.437585967523
398,0.691349461122
399,0.551732458185
400,0.363259351083
401,0.597361778215
402,0.339222087936
403,0.476933046321
404,0.53841294662
405,0.535746614643
406,0.619733957606
407,0.261782602416
408,0.616206158227
409,0.0
410,0.0
411,0.0
412,0.0
413,0.0
414,0.0
415,0.0
416,0.0
417,0.649193883563
418,0.570656610143
419,0.303910328428
420,0.248881859053
421,0.492176880196
422,0.298876187237
423,0.465004656581
424,0.713451962271
425,0.180475463658
426,0.190309927282
427,0.675176250411
428,0.322861387894
429,0.329936902013
430,0.347617626021
431,0.222133470682
432,0.29403399895
433,0.0741556276029
434,0.256058209498
435,0.253732972922
436,0.031328686127
437,0.422978012636
438,0.0657211651577
439,0.05381874167
440,0.14459742897
441,0.61513193673
442,0.381437687692
443,0.811943122216
444,0.34469860729
445,0.311708483702
446,0.222202891282
447,0.0
448,0.13183347464
449,0.222211117994
450,0.350274284092
451,0.758011546913
452,0.40119821031
453,0.681233892301
454,0.596840213638
455,0.616633681013
456,0.630901734538
457,0.0
458,0.708212759816
459,0.487524067185
460,0.581668849601
461,0.46981722597
462,0.426768938281
463,0.277317479471
464,0.314596529315
465,0.17819067482
466,0.335368760425
467,0.281638178687
468,0.0410753884776
469,0.0
470,0.0
471,0.232802932885
472,0.154032706791
473,0.416447492736
474,0.0176930228993
475,0.133868566349
476,0.318379952313
477,0.613389881483
478,0.36325140223
479,0.566728467132
480,0.360162200064
481,0.603112393976
482,0.302645125227
483,0.269583018503
484,0.222243844211
485,0.419420722065
486,0.312077068916
487,0.344874880501
488,0.341650643046
489,0.316517263985
490,0.132250357951
491,0.18249992836
492,0.140029733446
493,0.202434267919
494,0.315256907203
495,0.0358668557862
496,0.201873015974
497,0.0372297388938
498,0.531658902267
499,0.498107554365
500,0.0659453933391
501,0.0956391939429
502,0.67107589395
503,0.776406495916
504,0.48215754274
505,0.550321726482
506,0.0
507,0.0
508,0.0
509,0.0
510,0.0
511,0.0
512,0.0
513,0.0
514,0.0
515,0.0
516,0.0
517,0.0
518,0.142857142857
519,0.0
520,0.0
521,0.199955395779
522,0.0990210257943
523,0.119402985075
524,0.0878889830934
525,0.496135743261
526,0.726895290478
527,0.573523322321
528,0.504569182339
529,0.753816961358
530,0.658875568839
531,0.510824927877
532,0.808927594375
533,0.533805411687
534,0.369709008113
535,0.490788380952
536,0.688905525615
537,0.729113046132
538,0.79512112825
539,0.625172147852
540,0.807810118749
541,0.704809859121
542,0.491956078483
543,0.703361337628
544,0.797782040574
545,0.715023468874
546,0.723050273262
547,0.525825050214
548,0.715785781144
549,0.801461176016
550,0.416070208365
551,0.470132032215
552,0.60991791537
553,0.713359326741
554,0.344537600649
555,0.68636570847
556,0.808300004004
557,0.619021287242
558,0.688644570346
559,0.729048839529
560,0.745325458388
561,0.66482779795
562,0.818456923882
563,0.778304343584
564,0.71322796036
565,0.79078331315
566,0.732177998336
567,0.728213886172
568,0.7175626091
569,0.664673587107
570,0.711461602333
571,0.641788484221
572,0.552338426386
573,0.268377258082
574,0.793631377998
575,0.662528877223
576,0.412960448293
577,0.748460437207
578,0.537734080657
579,0.811044754367
580,0.442941317159
581,0.55671453282
582,0.617583156282
583,0.48167413842
584,0.597196638433
585,0.622847318803
586,0.667098842535
587,0.485305256864
588,0.747000955346
589,0.459622452412
590,0.693133848027
591,0.643385659333
592,0.735433162818
593,0.214988289499
594,0.536391060583
595,0.510014697646
596,0.619397994296
597,0.623312326429
598,0.524873216941
599,0.648053540235
600,0.228804729821
601,0.655683100353
602,0.773133759349
603,0.429208282618
604,0.806351249388
605,0.784177113295
606,0.778727863684
607,0.750606899106
608,0.530993255853
609,0.696878957398
610,0.475029366737
611,0.632211920767
612,0.613657983248
613,0.68991559545
614,0.682502691823
615,0.573984983642
616,0.440676641802
617,0.689747054755
618,0.630131964344
619,0.670361433576
620,0.643792654192
621,0.757841156923
622,0.729936248289
623,0.428472306684
624,0.590973419766
625,0.696944002087
626,0.689406777981
627,0.0545550958489
628,0.136418286947
629,0.137834951712
630,0.191048113865
631,0.051589405206
632,0.439377684469
633,0.793185919089
634,0.271821797873
635,0.38274458608
636,0.60062995981
637,0.738145364068
638,0.612365432007
639,0.513203591333
640,0.425233330634
641,0.695155080168
642,0.759337733599
643,0.431379092102
644,0.594147100152
645,0.448545589397
646,0.767448037791
647,0.679484959878
648,0.664071896833
649,0.434524040071
650,0.554131130629
651,0.510081175548
652,0.32946803599
653,0.354784571172
654,0.683535228193
655,0.525355455061
656,0.427953178909
657,0.238087636341
658,0.215535035977
659,0.238644234602
660,0.374658482581
661,0.411671131378
662,0.20028888076
663,0.362602159454
664,0.392826183209
665,0.158051711044
666,0.0875554333339
667,0.0
668,0.202744389908
669,0.160633095861
670,0.165161933945
671,0.0
672,0.102564102564
673,0.207708646642
674,0.0841490263661
675,0.0990210257943
676,0.0387774646467
677,0.0
678,0.0
679,0.154032706791
680,0.0
681,0.0
682,0.118040673993
683,0.0
684,0.0
685,0.105884073186
686,0.0
687,0.0
688,0.277656034654
689,0.190483194658
690,0.0
691,0.315533656466
692,0.0
693,0.158517623898
694,0.0
695,0.103523006325
696,0.0
697,0.213276055557
698,0.0
699,0.164389755687
700,0.0
701,0.202698616753
702,0.0
703,0.111936811767
704,0.1883335352
705,0.0
706,0.289373698749
707,0.0300551623007
708,0.0
709,0.0
710,0.476934157594
711,0.219544672458
712,0.169908146994
713,0.218304144771
714,0.0803648904997
715,0.0867325491054
716,0.244136064148
717,0.0
718,0.0
719,0.0
720,0.0
721,0.0
722,0.0
723,0.0
724,0.0
725,0.0
726,0.0
727,0.0
728,0.0
729,0.0
730,0.0
731,0.0
732,0.0
733,0.0
734,0.0
735,0.0
736,0.0
737,0.0
738,0.0
739,0.0
740,0.106638027778
741,0.266666666667
742,0.1087289695
743,0.254699805556
744,0.221941732734
745,0.125418309671
746,0.203088881797
747,0.327978514363
748,0.0845383080155
749,0.27421207143
750,0.203168025987
751,0.132818621425
752,0.357629593177
753,0.364924030524
754,0.0
755,0.0652373816998
756,0.141339642788
757,0.172008909046
758,0.0
759,0.339191924766
760,0.26285694975
761,0.216987944825
762,0.553760315331
763,0.188120044114
764,0.691402810446
765,0.369339163191
766,0.580798573726
767,0.494013851518
768,0.594299908206
769,0.635400345102
770,0.657086101472
771,0.75385028045
772,0.595999625128
773,0.572537621253
774,0.751644060313
775,0.0
776,0.0
777,0.0
778,0.0
779,0.0
780,0.0
781,0.532035141043
782,0.406175837774
783,0.67205614515
784,0.496952359263
785,0.563493803033
786,0.230419427061
787,0.511187755965
788,0.490002581146
789,0.315599417874
790,0.334150015257
791,0.397046075792
792,0.288909337504
793,0.707518686716
794,0.683741328333
795,0.730682967518
796,0.672669974943
797,0.596271401004
798,0.439906076789
799,0.29057339075
800,0.410078216466
801,0.503590825855
802,0.232559721402
803,0.645246623595
804,0.59308484514
805,0.672438176512
806,0.558175127841
807,0.101000426536
808,0.663077518916
809,0.739545082826
810,0.132501998357
811,0.0
812,0.0
813,0.199955395779
814,0.219753429064
815,0.0
816,0.098855694854
817,0.158996135471
818,0.176011404754
819,0.334192709093
820,0.318058614409
821,0.444709949805
822,0.398542847529
823,0.181740475484
824,0.25176562527
825,0.327769281178
826,0.433406629382
827,0.353999679668
828,0.341900025387
829,0.361822985151
830,0.35150001044
831,0.253271979961
832,0.429039610662
833,0.361404353242
834,0.168241816701
835,0.351466567319
836,0.360901317029
837,0.282617202775
838,0.340966873816
839,0.241564502004
840,0.699196337543
841,0.632145877475
842,0.739976010986
843,0.535573194368
844,0.54848831461
845,0.533253687415
846,0.511853111908
847,0.692538631202
848,0.179455042873
849,0.422646171594
850,0.514167309236
851,0.421334567387
852,0.18760061587
853,0.10624252202
854,0.439667968
855,0.0387501407357
856,0.259617649472
857,0.188833867805
858,0.607291650051
859,0.484713451433
860,0.191869423761
861,0.223267838277
862,0.702511774737
863,0.36175231113
864,0.100784328285
