site,dnds
1,0.00633288144664
2,0.0850917296811
3,0.458490656521
4,0.233135924559
5,0.173622291581
6,0.00446037606027
7,0.0
8,0.136341713344
9,0.0
10,0.0437882225046
11,0.287259570751
12,0.134423190753
13,0.115852653033
14,0.12643222817
15,0.488771266602
16,0.450799103686
17,0.326868735173
18,0.0845086375899
19,0.0203711137553
20,0.382186894569
21,0.501381716009
22,0.406704186325
23,0.415679746106
24,0.448275134133
25,0.56017906087
26,0.415774932425
27,0.476599776501
28,0.329484985268
29,0.209127865412
30,0.0482363201172
31,0.244815619349
32,0.35596321983
33,0.163895434661
34,0.25219524894
35,0.0
36,0.0
37,0.244219800263
38,0.00215607452496
39,0.299605586752
40,0.398319940357
41,0.30940643657
42,0.393289665567
43,0.273846179949
44,0.226458032048
45,0.173017058029
46,0.501571778244
47,0.447143370014
48,0.43934770287
49,0.381090559869
50,0.369026153983
51,0.628130355956
52,0.0
53,0.398096457108
54,0.0561277293073
55,0.0
56,0.377720052401
57,0.24585055431
58,0.280142603434
59,0.171131733042
60,0.220078764014
61,0.0560893213947
62,0.0
63,0.308076120118
64,0.1665039459
65,0.00689031447688
66,0.238159540112
67,0.184789668326
68,0.221285895157
69,0.0
70,0.0
71,0.00886518061889
72,0.458019645194
73,0.332341215403
74,0.0
75,0.331379211804
76,0.0728523855523
77,0.0
78,0.0
79,0.644826978825
80,0.0
81,0.0
82,0.0
83,0.0
84,0.0
85,0.0
86,0.376610815385
87,0.212602994575
88,0.0
89,0.0
90,0.0
91,0.0
92,0.517729326821
93,0.467760532887
94,0.219661713442
95,0.598207949218
96,0.261282411231
97,0.0646997524494
98,0.40079861257
99,0.276182701993
100,0.0
101,0.0
102,0.0
103,0.35077772106
104,0.324573647868
105,0.509435310531
106,0.337044636446
107,0.202399528747
108,0.566450227332
109,0.20366532912
110,0.330740187883
111,0.0
112,0.427585393896
113,0.0618627139506
114,0.236098612813
115,0.315930987774
116,0.289206118828
117,0.398969469591
118,0.613665397169
119,0.481067639649
120,0.497820554015
121,0.637117169117
122,0.110595523702
123,0.568818686388
124,0.671999491623
125,0.522803906391
126,0.137987190412
127,0.443621626965
128,0.470814289189
129,0.186053465905
130,0.341941595575
131,0.0
132,0.191843950047
133,0.0
134,0.0
135,0.146855260525
136,0.373924423762
137,0.0
138,0.0
139,0.0
140,0.0
141,0.0
142,0.0
143,0.0
144,0.0
145,0.0
146,0.221954814954
147,0.372487790751
148,0.554442789826
149,0.227466409055
150,0.183407307659
151,0.458151175904
152,0.0811955068707
153,0.292403713904
154,0.244631144191
155,0.0588333429185
156,0.0719737433019
157,0.268423315409
158,0.5511930607
159,0.0104328116472
160,0.0920668325439
161,0.425759665796
162,0.227678626111
163,0.32298594208
164,0.470738972104
165,0.625671927403
166,0.204055760459
167,0.192994880616
168,0.611332050675
169,0.621278613305
170,0.517349774156
171,0.365716052035
172,0.623956426202
173,0.686998825525
174,0.633384222094
175,0.511981168219
176,0.414343660569
177,0.408314903712
178,0.331270047004
179,0.535715594683
180,0.142719796363
181,0.0
182,0.0
183,0.436162525335
184,0.0
185,0.133027557515
186,0.211902542666
187,0.159097619597
188,0.549383997827
189,0.31938354664
190,0.478476487828
191,0.0
192,0.300887289734
193,0.0
194,0.00812984007903
195,0.0
196,0.224242738037
197,0.473228324872
198,0.13900252086
199,0.27987795197
200,0.234071322889
201,0.435390374801
202,0.00763899530184
203,0.0156587703453
204,0.165539599867
205,0.403372698264
206,0.286489386062
207,0.330635653404
208,0.140865746185
209,0.141097403052
210,0.0553422434214
211,0.258871107121
212,0.15619010208
213,0.122986003325
214,0.0313266077981
215,0.0
216,0.388445754799
217,0.0943847819338
218,0.256570471858
219,0.56373537828
220,0.489667628069
221,0.267894946353
222,0.37564546324
223,0.456291095886
224,0.319386412434
225,0.00582478489479
226,0.271972182044
227,0.344500449178
228,0.10170586096
229,0.318460989133
230,0.209412871176
231,0.0133062333543
232,0.464654917396
233,0.484320776183
234,0.398422348141
235,0.148470370969
236,0.490880776705
237,0.0
238,0.58416375586
239,0.535823891245
240,0.0
241,0.0
242,0.38424010612
243,0.627431624426
244,0.141509321851
245,0.144118786801
246,0.0
247,0.0
248,0.0
249,0.0111403658795
250,0.140362790085
251,0.257105020612
252,0.378316160371
253,0.229015049856
254,0.0636197421182
255,0.523479209769
256,0.305570247675
257,0.0843100268473
258,0.0
259,0.0561209531932
260,0.322383939383
261,0.0
262,0.161308713147
263,0.0
264,0.0176758962216
265,0.0
266,0.228426629772
267,0.401020801388
268,0.315143303362
269,0.354105243806
270,0.188374798026
271,0.590941516358
272,0.698784891573
273,0.141872673546
274,0.472824108704
275,0.541235363427
276,0.498550622888
277,0.312377529812
278,0.552286091164
279,0.483411588397
280,0.329293823718
281,0.531331134807
282,0.0898474685278
283,0.310168296434
284,0.451252547949
285,0.477906177479
286,0.356243837947
287,0.179787870807
288,0.268624385691
289,0.28064102038
290,0.222479560442
291,0.0781173414209
292,0.0564914617078
293,0.0
294,0.0
295,0.0
296,0.125389512696
297,0.0
298,0.150094103212
299,0.183692257299
300,0.384706284297
301,0.430762343589
302,0.375343375742
303,0.111420569928
304,0.161757246877
305,0.0
306,0.0
