site,dnds
1,0.0
2,0.0413568665483
3,0.264144656877
4,0.0
5,0.110500357803
6,0.145810154776
7,0.190830005716
8,0.213808667085
9,0.246418726607
10,0.18850209222
11,0.00505046285908
12,0.309025916205
13,0.0133647429091
14,0.190641246654
15,0.287552188711
16,0.308745961783
17,0.0
18,0.0
19,0.20309497752
20,0.237699805948
21,0.555508179447
22,0.385965831738
23,0.15021666057
24,0.304589458191
25,0.30765379653
26,0.0795133205783
27,0.497830750638
28,0.247445016602
29,0.140364533103
30,0.140350877193
31,0.247445016602
32,0.0930845134565
33,0.263189776883
34,0.0784646180699
35,0.0
36,0.0
37,0.08664339757
38,0.0
39,0.314352462839
40,0.124261679428
41,0.162036881187
42,0.0
43,0.118759893723
44,0.285202789249
45,0.284487785982
46,0.0295873968771
47,0.127329398927
48,0.0759553434775
49,0.0
50,0.242979502046
51,0.017955592943
52,0.189963381447
53,0.499688933936
54,0.348517879249
55,0.372085036575
56,0.548088726073
57,0.570853503137
58,0.286376954251
59,0.315297749413
60,0.237696165568
61,0.0
62,0.28501192247
63,0.242923801244
64,0.351454183635
65,0.0
66,0.0
67,0.0
68,0.0
69,0.0
70,0.0
71,0.0
72,0.0
73,0.604334248057
74,0.176848855857
75,0.0126785797885
76,0.243475597095
77,0.142963818376
78,0.443561115364
79,0.274216081231
80,0.0
81,0.302867446219
82,0.371721621875
83,0.0
84,0.350950398534
85,0.305106063791
86,0.643676962669
87,0.0524013370103
88,0.0
89,0.0
90,0.220107359318
91,0.1861023697
92,0.535020181998
93,0.271428549098
94,0.068892456758
95,0.0
96,0.0
97,0.0
98,0.0258725500645
99,0.0
100,0.0
101,0.0503292238041
102,0.151436267582
103,0.465568146963
104,0.128982720885
105,0.0590948944556
106,0.325501172709
107,0.508701424144
108,0.259100537343
109,0.272217542531
110,0.207686737273
111,0.404844041681
112,0.697457660906
113,0.170133124201
114,0.0
115,0.278121822525
116,0.306419318172
117,0.495238435791
118,0.312028484151
119,0.290103279548
120,0.324138528942
121,0.619401328739
122,0.117401196172
123,0.385978440839
124,0.646742125386
125,0.467181980704
126,0.319657854516
127,0.177875503226
128,0.543248356318
129,0.307562731196
130,0.184863497612
131,0.391285807663
132,0.302917503275
133,0.389032077378
134,0.397606069334
135,0.220340729304
136,0.0
137,0.448492422079
138,0.0
139,0.431096341774
140,0.0
141,0.0
142,0.28413568523
143,0.0
144,0.296418743215
145,0.161836368907
146,0.320934188536
147,0.0276669930097
148,0.436865614248
149,0.0306031721616
150,0.00659438398247
151,0.462959541357
152,0.413242838192
153,0.225682505147
154,0.271553360772
155,0.453496585836
156,0.654858254213
157,0.541655483112
158,0.380820086566
159,0.414664039931
160,0.436993195839
161,0.217665755806
162,0.420011164449
163,0.391656256792
164,0.3589394907
165,0.0881897819638
166,0.289729023395
167,0.301053114056
168,0.10656855046
169,0.421369491812
170,0.353278352708
171,0.257870805768
172,0.352438363528
173,0.478248760544
174,0.0728939051838
175,0.126988229691
176,0.0433631844255
177,0.0
178,0.0
179,0.0
180,0.363428973175
181,0.156590932656
182,0.125293938986
183,0.298221091841
184,0.573710069788
185,0.450759663697
186,0.241653477144
187,0.317370809081
188,0.364830987246
189,0.330789173304
190,0.348105588357
191,0.107215935434
192,0.310633960754
193,0.241277487501
194,0.112678183453
195,0.078431372549
196,0.231387939404
197,0.125619417108
198,0.0
199,0.53655166162
200,0.348083965235
201,0.278898073906
202,0.0
203,0.0
204,0.0
205,0.0
206,0.0
207,0.0
208,0.0
209,0.0
210,0.280789229679
211,0.0368006247838
212,0.0
213,0.0
214,0.0
215,0.0
216,0.0
217,0.0
218,0.0
219,0.0
220,0.0
221,0.0
222,0.135754118392
223,0.274871606114
224,0.358274200615
225,0.0550613261563
226,0.136091253545
227,0.0625318207741
228,0.522977457684
229,0.126882853922
230,0.578113118937
231,0.417805043931
232,0.609196613094
233,0.102430302692
234,0.0
235,0.0
236,0.0
237,0.32660908856
238,0.15595109682
239,0.177479493396
240,0.357732059355
241,0.0775990537314
242,0.405019204628
243,0.161033134495
244,0.192122164288
245,0.49989345627
246,0.615571815174
247,0.315365093616
248,0.29679681373
249,0.408910266143
250,0.334786967753
251,0.202653365775
252,0.163824412125
253,0.014898702085
254,0.346093957597
255,0.0843492965877
256,0.0
257,0.444500906524
258,0.603366819878
259,0.546698122891
260,0.0777810292918
261,0.146326842737
262,0.133232152058
263,0.256072500975
264,0.124351036951
265,0.00735186636045
266,0.356067393879
267,0.10348125061
268,0.330100956645
269,0.527509960726
270,0.15350513708
271,0.154353858826
272,0.518539153457
273,0.412449975777
274,0.413851832429
275,0.489791978371
276,0.471011895069
277,0.187786966552
278,0.32870275124
279,0.553189912573
280,0.0752438113967
281,0.0741454531187
282,0.486360881935
283,0.570057126562
284,0.361749264707
285,0.105263157895
286,0.409292009083
287,0.0430765354865
288,0.268566201786
289,0.0
290,0.173446710755
291,0.102386100684
292,0.087662660048
293,0.0
294,0.4026057944
295,0.0
296,0.170423856532
297,0.287646481693
298,0.453762572901
299,0.317848291944
300,0.33116770456
301,0.312253513139
302,0.159603722852
303,0.19370927991
304,0.148778571355
305,0.0
306,0.23337605199
307,0.473272864738
308,0.441216284799
309,0.654560689288
310,0.25847166507
311,0.312257856236
312,0.206908420053
313,0.626038400031
314,0.372257342584
315,0.3247175981
316,0.460686195123
317,0.617580267127
318,0.617829859058
319,0.669429250272
320,0.57828583608
321,0.53646588336
322,0.660126931794
323,0.434620316253
324,0.666308427577
325,0.649225621251
326,0.169686290742
327,0.167510830943
328,0.31904520062
329,0.533716431694
330,0.538942031614
331,0.442148749107
332,0.428086234301
333,0.345018700841
334,0.454016030276
335,0.31534894804
336,0.445902459874
337,0.390160881158
338,0.127849847171
339,0.151916136445
340,0.0700432554278
341,0.356075600238
342,0.335797259974
343,0.149285492755
344,0.574390079741
345,0.295493440562
346,0.405894644811
347,0.445994708347
348,0.317225954546
349,0.238498929995
350,0.457644835294
351,0.46360630121
352,0.636077229808
353,0.280576313978
354,0.332007485227
355,0.686261441218
356,0.547152801795
357,0.391741601623
358,0.113775720391
359,0.0
360,0.166666666667
361,0.213091151706
362,0.232486790191
363,0.404926126739
364,0.203088881797
365,0.804075021815
366,0.338658989869
367,0.418265893028
368,0.195777180397
369,0.0808112057524
370,0.0
371,0.418318850583
372,0.217948783455
373,0.405260500437
374,0.539036932315
375,0.164592566148
376,0.506674721004
377,0.0723031240874
378,0.458405569603
379,0.0
380,0.626867317256
381,0.471810267257
382,0.572140849661
383,0.517267061657
384,0.627818388397
385,0.728495705377
386,0.121746145082
387,0.491595941372
388,0.37536069906
389,0.527212347186
390,0.51231785965
391,0.0
392,0.198857863427
393,0.115441420553
394,0.501030851483
395,0.19433337176
396,0.367572549717
397,0.540692474887
398,0.318758222325
399,0.397654859383
400,0.427979204665
401,0.0
402,0.0
403,0.0
404,0.0
405,0.214541560386
406,0.0
407,0.307718808534
408,0.409047278522
409,0.496047298907
410,0.276252285174
411,0.0
412,0.0
413,0.166067479658
414,0.212232541753
415,0.315173864803
416,0.278691839139
417,0.035103858989
418,0.349332876893
419,0.529742218697
420,0.177517369115
421,0.0
422,0.250652949848
423,0.0559949271003
424,0.368833681939
425,0.169396198378
426,0.390938979918
427,0.0
428,0.0
429,0.0
430,0.0
431,0.0
432,0.0
433,0.0
434,0.0
435,0.0
436,0.0
437,0.0
438,0.0
439,0.0
440,0.435402427547
441,0.546281454295
442,0.396609425682
443,0.396091324527
444,0.112794830362
445,0.479216753266
446,0.569656622735
447,0.508409255493
448,0.251161874631
449,0.552041567221
450,0.0
451,0.16457989752
452,0.0990210257943
453,0.143841036226
454,0.0796337541879
455,0.379775455165
456,0.399356175025
457,0.407790940656
458,0.048445170133
459,0.0128869143963
460,0.532218699982
461,0.0840178400679
462,0.190426691756
463,0.245642073287
464,0.0616130827164
465,0.400227649197
466,0.674416864495
467,0.664854678557
468,0.595357159794
469,0.0
470,0.0
471,0.111111111111
472,0.538823510555
473,0.544389334866
474,0.503237314669
475,0.34736975295
476,0.531976368793
477,0.897847780605
478,0.644151408894
479,0.296416722599
480,0.163002155088
481,0.578258656407
482,0.341989298561
483,0.429127909675
484,0.556440615181
485,0.627941396227
486,0.0
487,0.0
488,0.0880330953762
489,0.249281030183
490,0.467200036771
491,0.0
492,0.273413657016
493,0.384233023328
494,0.141643309473
495,0.260074345835
496,0.0478264527142
497,0.225042139928
498,0.570626124585
499,0.489120201155
500,0.405671605318
501,0.733067640341
502,0.351970406496
503,0.0
504,0.0
505,0.0
506,0.0
507,0.0
508,0.0
509,0.597632255234
510,0.674946225098
511,0.0539893619194
512,0.156455507297
513,0.1536983906
514,0.163495506008
515,0.0
516,0.310758669089
517,0.370094939447
518,0.0
519,0.155682500692
520,0.136097068621
521,0.195589751237
522,0.349047344216
523,0.435192401247
524,0.327554118236
525,0.123136453116
526,0.0349164543844
527,0.0
528,0.206628667086
529,0.333098419496
530,0.319316006781
531,0.025464672131
532,0.0
533,0.0
534,0.149648267152
535,0.0
536,0.0
537,0.151272293329
538,0.0
539,0.49956181235
540,0.30601065067
541,0.144708151597
542,0.303307338729
543,0.36087781787
544,0.0701431916545
545,0.298168723878
546,0.278030002735
547,0.463794901507
548,0.481363801343
549,0.20589752829
550,0.691153976583
551,0.0
552,0.0
553,0.0
554,0.0
555,0.0
556,0.0
557,0.0
558,0.0
559,0.0
560,0.0
561,0.0
562,0.0
563,0.0
564,0.0
565,0.0
566,0.0
567,0.0
568,0.0
569,0.0
570,0.0
571,0.0
572,0.0
573,0.0
574,0.102564102564
575,0.330759629897
576,0.00305304212528
577,0.337593763566
578,0.358327141591
579,0.424856727582
580,0.422054654555
581,0.370768544351
582,0.154818169465
583,0.360304580041
584,0.379698120619
585,0.241456951576
586,0.0
587,0.0
588,0.0
589,0.0
590,0.0
591,0.0
592,0.0
593,0.0
594,0.0
595,0.0
596,0.0
597,0.0
598,0.0
599,0.0
600,0.0
601,0.0
602,0.0
603,0.0
604,0.0
605,0.0
606,0.0
607,0.0390190365914
608,0.0
609,0.385530003982
610,0.49449063979
611,0.353488563022
612,0.222098333407
613,0.169266722218
614,0.201700007596
615,0.364814295362
616,0.00989981674153
617,0.0
618,0.273343035516
619,0.00451996229571
620,0.350958467687
621,0.206918675644
622,0.0
623,0.0
624,0.0
625,0.0
626,0.0
627,0.145195756162
628,0.085381925835
629,0.127658836505
630,0.285899426614
631,0.134363285093
632,0.378181620389
633,0.0884651144963
634,0.0383307196623
635,0.0856061523637
636,0.266666666667
637,0.236690696008
638,0.160787358871
639,0.296521671837
640,0.435590178037
641,0.0
642,0.0
643,0.0
644,0.0
645,0.0
646,0.339690359123
647,0.0
648,0.204448276761
649,0.192670796616
650,0.308540450577
651,0.154507584228
652,0.156642229879
653,0.532871187165
654,0.655712596446
655,0.146234265393
656,0.58943705223
657,0.596838355174
658,0.347245002711
659,0.550311686683
660,0.461088699356
661,0.0611143138112
662,0.609612892238
663,0.58300091838
664,0.180026582908
665,0.491243816524
666,0.38331493369
667,0.399110168687
668,0.421149269626
669,0.539970226381
670,0.434699021458
671,0.47748772409
672,0.276108824075
673,0.292056226785
674,0.43305987408
675,0.601778374247
676,0.558750433428
677,0.15392247096
678,0.236235227564
679,0.589675323034
680,0.428809080472
681,0.579225779323
682,0.321509194949
683,0.595906499838
684,0.588492456823
685,0.412145847516
686,0.520030109278
687,0.615076107366
688,0.431284334186
689,0.598885040297
690,0.331630887952
691,0.611172048288
692,0.334549221256
693,0.669993926321
694,0.161900634136
695,0.0
696,0.0
697,0.137326536084
698,0.1
699,0.0924196240747
700,0.0963855421687
701,0.0
702,0.0
703,0.0
704,0.0
705,0.0
706,0.142156123178
707,0.168035680136
708,0.241094671499
709,0.128041613087
710,0.0
711,0.0660140171962
712,0.295666706313
713,0.297707581053
714,0.411697077151
715,0.0
716,0.0
717,0.0
718,0.370332555953
719,0.357018194442
720,0.10654145374
721,0.537886744144
722,0.448994092502
723,0.522635400249
724,0.128667517983
725,0.340440187339
726,0.577443590105
727,0.359010839514
728,0.330300561398
729,0.00819508908335
730,0.265385431602
731,0.0950935020611
732,0.433244795495
733,0.373254811938
734,0.212992419612
735,0.453074769602
736,0.667517980662
737,0.359549702857
738,0.738452437949
739,0.619581950949
740,0.389626124845
741,0.736343903133
742,0.484819919384
743,0.59802228841
744,0.535314049945
745,0.597392047284
746,0.374096958878
747,0.370805527142
748,0.380080529609
749,0.441154326738
750,0.315811105904
751,0.493303326503
752,0.327154841959
753,0.367648233935
754,0.150432375452
755,0.594496484093
756,0.701487319114
757,0.649370140712
758,0.667085965997
759,0.553042054816
760,0.437724522888
761,0.140074679589
762,0.523169049298
763,0.54820802846
764,0.600712394772
765,0.217067869944
766,0.434324598335
767,0.27002836051
768,0.0806136310084
769,0.464687195517
770,0.327161055565
771,0.459695243323
772,0.166028432311
773,0.363968438845
774,0.168445793502
775,0.233244137475
776,0.384015940281
777,0.461785083279
778,0.163125562624
779,0.183225403787
780,0.407918137197
781,0.171521740188
782,0.232926046454
783,0.179494454911
784,0.0
785,0.0
786,0.181764589238
787,0.195685085152
788,0.153860708506
789,0.124535380753
790,0.309447335015
791,0.0948554782245
792,0.0605665172697
793,0.130483665617
794,0.0894383458787
795,0.0750474971613
796,0.0
797,0.135155036036
798,0.0846591976256
799,0.0998738444244
800,0.0
801,0.17947626498
802,0.17947626498
803,0.0
