site,dnds
1,0.0
2,0.0952972085159
3,0.197677348746
4,0.570694312496
5,0.435994572316
6,0.404293195022
7,0.590735402968
8,0.655474641709
9,0.627757466546
10,0.522827148594
11,0.358239116833
12,0.323890478986
13,0.525383919798
14,0.30408779075
15,0.50727200823
16,0.623209910548
17,0.46168713177
18,0.112277140168
19,0.275020557979
20,0.60783211245
21,0.135379798801
22,0.298426161987
23,0.333471153212
24,0.638594810437
25,0.68123855835
26,0.630876097297
27,0.378862729482
28,0.266737924027
29,0.550136128195
30,0.282036815526
31,0.0114145975046
32,0.35094966096
33,0.433465417696
34,0.314800481624
35,0.417966983531
36,0.613425311659
37,0.0320850270615
38,0.346151353332
39,0.313299235893
40,0.509745594326
41,0.281396740275
42,0.416575880593
43,0.567219962762
44,0.528316582918
45,0.472819136979
46,0.0
47,0.259468683216
48,0.0484432605738
49,0.213019367949
50,0.275993614263
51,0.368843974619
52,0.271999729523
53,0.603049695809
54,0.474084172474
55,0.367307095679
56,0.574031485553
57,0.429730499385
58,0.132028034392
59,0.0
60,0.0
61,0.0253751303366
62,0.195772263452
63,0.508563820135
64,0.46910139076
65,0.239793625812
66,0.500398303161
67,0.150989719681
68,0.00898020211429
69,0.346789028455
70,0.159051277244
71,0.00483784692925
72,0.0
73,0.00544694034725
74,0.049763820775
75,0.0523290276526
76,0.271871414468
77,0.0127534608429
78,0.0347319195785
79,0.157221737984
80,0.269296982856
81,0.0241374312161
82,0.0
83,0.0
84,0.443472479464
85,0.31004481013
86,0.421190887711
87,0.712397866245
88,0.287004590424
89,0.516646004599
90,0.0
91,0.0
92,0.414508482102
93,0.5383011062
94,0.354393464367
95,0.0816786753518
96,0.0
97,0.0873954117613
98,0.251333509417
99,0.178048667215
100,0.363677069128
101,0.0468902312623
102,0.0914934653282
103,0.195064748516
104,0.135114945119
105,0.480136388626
106,0.0
107,0.0
108,0.316999522483
109,0.0057033880116
110,0.418302396695
111,0.275507350032
112,0.439020762223
113,0.356772560096
114,0.422488254562
115,0.425889723291
116,0.594445235153
117,0.0250273179644
118,0.529369347635
119,0.663083245857
120,0.205896187738
121,0.301023927894
122,0.626496588009
123,0.298261134204
124,0.312149905914
125,0.592109104288
126,0.492731373024
127,0.272220711127
128,0.217236342725
129,0.450974447515
130,0.448625306576
131,0.238049598893
132,0.36719286343
133,0.325221857579
134,0.383763206937
135,0.145250205734
136,0.157154420936
137,0.321997389145
138,0.0963903519033
139,0.329649465429
140,0.20379863164
141,0.255268004351
142,0.0445116427884
143,0.0971273571994
144,0.206603657429
145,0.388680092494
146,0.554599702308
147,0.4344394449
148,0.160966685124
149,0.47883965023
150,0.432984458462
151,0.288998105967
152,0.0670883390541
153,0.320107294474
154,0.192140087375
155,0.241312121529
156,0.147935741312
157,0.497864310769
158,0.0858537197211
159,0.0155781048905
160,0.257766347619
161,0.16781627912
162,0.146112208479
163,0.00566199242327
164,0.332544085695
165,0.373254276337
166,0.127734665984
167,0.0632298524829
168,0.23593592874
169,0.149043048417
170,0.0
171,0.0
172,0.0
173,0.199031004921
174,0.0
175,0.17163644471
176,0.0508555874075
177,0.263211496384
178,0.441048925255
179,0.0775491027295
180,0.635565999639
181,0.390343878727
182,0.198794269569
183,0.19324577303
184,0.567936653108
185,0.514076926132
186,0.140157243785
187,0.655700752845
188,0.23892011307
189,0.207608577078
190,0.276080286198
191,0.128924136394
192,0.17159590401
193,0.209173658857
194,0.343319101224
195,0.202643796803
196,0.245591487178
197,0.334036387199
198,0.451429801985
199,0.201321247752
200,0.535207034754
201,0.22965775675
202,0.281567891196
203,0.297400575939
204,0.237556217802
205,0.43915859146
206,0.479005010343
207,0.461089594527
208,0.121735774961
209,0.25781347859
210,0.314062533774
211,0.0596933944805
212,0.2982810195
213,0.230541838029
214,0.307225190191
215,0.221788393126
216,0.485351945232
217,0.473734992354
218,0.133078809235
219,0.401337567878
220,0.438485222245
221,0.414238784188
222,0.295931547907
223,0.348251744145
224,0.250381936384
225,0.318094510761
226,0.0606202321979
227,0.260143390092
228,0.010508442928
229,0.0820629346448
230,0.271020220619
231,0.0
232,0.245653130727
233,0.0
234,0.0
235,0.153405868203
236,0.0
237,0.0
238,0.100723447598
239,0.391635233926
240,0.0241995421677
241,0.303746671794
242,0.420285835975
243,0.0801322992377
244,0.0810488313856
245,0.103208529621
246,0.427911302661
247,0.128651495697
248,0.0326001314862
249,0.176001517261
250,0.468799046581
251,0.437642519616
252,0.223166154937
253,0.313638396689
254,0.127475814845
255,0.332117024277
256,0.0497886904109
257,0.0
258,0.127812549467
259,0.0709539507984
260,0.0282036904437
261,0.00266317913697
262,0.334265522113
263,0.0
264,0.0
265,0.0
266,0.0
267,0.0
268,0.0
269,0.205468422709
270,0.518656607138
271,0.275565567121
272,0.558452577808
273,0.541002302854
274,0.101366277027
275,0.169931312124
276,0.219054353622
277,0.227226272463
278,0.148617778723
279,0.162483271065
280,0.341091811799
281,0.010186522131
282,0.00566199242327
283,0.0
284,0.0
285,0.0
286,0.0
287,0.0
288,0.0
289,0.0
290,0.0
291,0.0
292,0.0
293,0.0167321010372
294,0.00643108946489
295,0.0
296,0.19870743271
297,0.0229974142992
298,0.169522044341
299,0.517823365664
300,0.00933945463464
301,0.643124063231
302,0.0
303,0.0426493480163
304,0.0
305,0.0
306,0.0
307,0.00304291060361
308,0.00188733080776
309,0.127873346198
310,0.0
311,0.221292906379
312,0.210874006657
313,0.265809239145
314,0.485790349503
315,0.0796525554849
316,0.158785631666
317,0.0207269001677
318,0.0
319,0.160893208041
320,0.0
321,0.0
322,0.0
323,0.0
324,0.00633059587414
325,0.0
326,0.0
327,0.100474998326
328,0.0494671357901
329,0.332410347687
330,0.0
331,0.172501554483
332,0.40627141472
333,0.2217832568
334,0.357598004409
335,0.0
336,0.00557993774213
337,0.319623765926
338,0.0
339,0.133097053874
340,0.395411056346
341,0.141911927969
342,0.139573975702
343,0.550890755724
344,0.229082179095
345,0.146755043041
346,0.185756311718
347,0.290455923214
348,0.34994208193
349,0.19152658965
350,0.0
351,0.0
352,0.0881279496668
353,0.289239308092
354,0.519787166807
355,0.232579897558
356,0.523219962625
357,0.647308522855
358,0.156850361116
359,0.314022314787
360,0.551239512423
361,0.325811096169
362,0.0734301512769
363,0.194006139948
364,0.493212874452
365,0.0673500934846
366,0.166666666667
367,0.514981805122
368,0.267619406087
369,0.352873848145
370,0.0296808704798
371,0.116012614595
372,0.0
373,0.0878447679969
374,0.0
375,0.248048579676
376,0.187933303068
377,0.0
378,0.0303464325667
379,0.191281220939
380,0.500795106206
381,0.224398701941
382,0.0457858158677
383,0.424723479625
384,0.1031453573
385,0.132776341132
386,0.0386647321819
387,0.176930228993
388,0.161929156333
389,0.0840178400679
390,0.271407205941
391,0.450163734578
392,0.477099180208
393,0.430214261931
394,0.311536437773
395,0.552012982219
396,0.307739858643
397,0.32030332361
398,0.302479141224
399,0.236893210303
400,0.152710646966
401,0.371448444308
402,0.359258567445
403,0.163810794549
404,0.179736851186
405,0.149527378513
406,0.0
407,0.280091667129
408,0.025307111775
409,0.0
410,0.0179432558817
411,0.0841195734125
412,0.00816983793146
413,0.0378639927362
414,0.127638589282
415,0.0
416,0.011165040001
417,0.166102845656
418,0.117684592129
419,0.164992807574
420,0.0
421,0.218763597257
422,0.466042552798
423,0.386625415866
424,0.0279660833693
425,0.215224661754
426,0.118511557458
427,0.0508351602862
428,0.143876566726
429,0.0
430,0.244960187332
431,0.0847167872094
432,0.0
433,0.143178663422
434,0.00677994344356
435,0.11939055231
436,0.0233419679248
437,0.0
438,0.0
439,0.0
440,0.0
441,0.0
442,0.0
443,0.0
444,0.0
445,0.0
446,0.0
447,0.0
448,0.0
449,0.312520507668
450,0.0873209279441
451,0.00418653971276
452,0.0
453,0.0132719343573
454,0.292316019008
455,0.0137979236529
456,0.229087394327
457,0.069750659679
458,0.211898330703
459,0.138838840414
460,0.0141011669795
461,0.147871398519
462,0.27701146194
463,0.241951198981
464,0.123407601259
465,0.0
466,0.0
467,0.00266317913697
468,0.0
469,0.306377432836
470,0.00496141539002
471,0.0373566878829
472,0.0592778857575
473,0.198828413176
474,0.166588610782
475,0.0
476,0.288786449382
477,0.359424465882
478,0.213325183588
479,0.210450001867
480,0.0630148880669
481,0.375834382532
482,0.351049332436
483,0.0
484,0.143307929403
485,0.456789371392
486,0.24348153348
487,0.0
488,0.497295221581
489,0.389713877242
490,0.12541664955
491,0.291066615175
492,0.550913080604
493,0.451968494437
494,0.294605020939
495,0.179019609833
496,0.284661095722
497,0.27469155327
498,0.537495259526
499,0.219993360554
500,0.0436874105792
501,0.038051469673
502,0.179901708902
503,0.00339362438385
504,0.0120398747958
505,0.0
506,0.00387882475884
507,0.27222542273
508,0.0139088081063
509,0.224371437955
510,0.506304497909
511,0.0
512,0.0
513,0.0
514,0.159185654738
515,0.120558404946
516,0.271416580022
517,0.106695534179
518,0.157556557051
519,0.0106362142038
520,0.365196810341
521,0.0
522,0.245675759335
523,0.241357505779
524,0.139824532053
525,0.266851113812
526,0.371226234916
527,0.028952718662
528,0.00545013129063
529,0.284429903722
530,0.286694797257
531,0.261730511132
532,0.347773006545
533,0.120554568006
534,0.0520585103801
535,0.24595103203
536,0.289150470488
537,0.0280742329805
538,0.423730125131
539,0.255887534488
540,0.0
541,0.379561226374
542,0.281527755303
543,0.0817942028536
544,0.534248569296
545,0.614071406517
546,0.422248731278
547,0.0
548,0.0
549,0.0
550,0.0
551,0.37614596211
552,0.176152097782
553,0.529104543961
554,0.0
555,0.5466862838
556,0.409359942156
557,0.0
558,0.0
559,0.300872044849
560,0.454514927633
561,0.0232430744328
562,0.194750280868
563,0.381845025305
564,0.590901772877
565,0.252119740794
566,0.0
567,0.390680884302
568,0.512382048594
569,0.251214888211
570,0.329779860839
571,0.108148290284
572,0.0992921748338
573,0.0
574,0.224675421896
575,0.592012562348
576,0.593930109459
577,0.0
578,0.30191008244
579,0.030452340063
580,0.237348050017
581,0.00558302569883
582,0.293198518229
583,0.515131507983
584,0.246079054789
585,0.00444662706422
586,0.636944133987
587,0.194393670656
588,0.423351940409
589,0.583028322051
590,0.0
591,0.0
592,0.0
593,0.0
594,0.0
595,0.0
596,0.0
597,0.0
598,0.0
599,0.260617612164
600,0.407422115374
601,0.0998496161715
602,0.520588415402
603,0.580732785478
604,0.375312182607
605,0.1810444257
606,0.648643452722
607,0.396455151748
608,0.0
609,0.255600055839
610,0.63456460259
611,0.335105227091
612,0.0199136164663
613,0.564901730284
614,0.531136830631
615,0.0
616,0.0131382462909
617,0.0
618,0.0
619,0.514741001558
620,0.270905802404
621,0.145919506783
622,0.484728393315
623,0.502832561349
624,0.370170313325
625,0.23765918473
626,0.181974549791
627,0.0
628,0.187603511093
629,0.199151545355
630,0.236330462585
631,0.703996172485
632,0.534569692864
633,0.465317020498
634,0.547695174022
635,0.53012766125
636,0.415208099053
637,0.255064916045
638,0.566597909581
639,0.43727615689
640,0.162947678207
641,0.142021713251
642,0.0
643,0.529978469234
644,0.464943985525
