site,dnds
1,0.0
2,0.0
3,0.0
4,0.166666666667
5,0.106638027778
6,0.142137013151
7,0.469008400922
8,0.739013401204
9,0.164290432422
10,0.387711823701
11,0.1674579813
12,0.670787946663
13,0.107369520888
14,0.731010266537
15,0.666783408114
16,0.0
17,0.0
18,0.48106652892
19,0.317182349874
20,0.379581931727
21,0.00709547688701
22,0.520497341774
23,0.626813709173
24,0.770982210659
25,0.0
26,0.648164343526
27,0.753554710266
28,0.626877974683
29,0.693811182576
30,0.362810989748
31,0.516792642414
32,0.643969621667
33,0.215057895677
34,0.0
35,0.133303597186
36,0.0
37,0.0
38,0.634239530937
39,0.646771121206
40,0.224084878921
41,0.616507738282
42,0.437152088405
43,0.0842597041324
44,0.345848433661
45,0.0234677068744
46,0.19475744116
47,0.0307019933601
48,0.143934026312
49,0.0789785538088
50,0.381231357698
51,0.0992735748017
52,0.0112251666202
53,0.353491113973
54,0.0625798770818
55,0.509886255512
56,0.194014032068
57,0.040122883551
58,0.0680202323453
59,0.392768155684
60,0.390800051868
61,0.0922521342889
62,0.342548741052
63,0.249952878351
64,0.0
65,0.466257833804
66,0.556783988232
67,0.339795044565
68,0.00422703398631
69,0.593175648717
70,0.0
71,0.0
72,0.232733127612
73,0.0990210257943
74,0.0739356992597
75,0.270087542428
76,0.249031903914
77,0.275496812007
78,0.293987610394
79,0.325275093395
80,0.197743248518
81,0.321172526004
82,0.652229668126
83,0.521286076671
84,0.402612149582
85,0.455460952811
86,0.569295571554
87,0.0374000561619
88,0.568961700403
89,0.0721551440074
90,0.44175025586
91,0.652297445061
92,0.357597912097
93,0.40794106877
94,0.541654862725
95,0.542361507833
96,0.589330475076
97,0.653410882734
98,0.757289479848
99,0.666120113524
100,0.304026381952
101,0.802882559892
102,0.597331347228
103,0.620668501867
104,0.727249538848
105,0.458515531104
106,0.612115049793
107,0.600682056805
108,0.37218942634
109,0.546409008334
110,0.611598218751
111,0.416325727179
112,0.736003909587
113,0.489407190914
114,0.711495051767
115,0.0
116,0.0
117,0.618932181013
118,0.473540161092
119,0.487495026765
120,0.535175624832
121,0.515899263708
122,0.330996419914
123,0.37555784288
124,0.141899459192
125,0.369850342255
126,0.609642690397
127,0.634412185835
128,0.707637052029
129,0.526699186017
130,0.164139877126
131,0.130960405272
132,0.0287961075498
133,0.021828481616
134,0.0146133332597
135,0.0
136,0.146288710108
137,0.21017815202
138,0.0164016410141
139,0.165370862729
140,0.132386779296
141,0.306959452778
142,0.125883112558
143,0.0
144,0.0
145,0.0775491027295
146,0.142857142857
147,0.318172581483
148,0.49759498204
149,0.0
150,0.0475162732171
151,0.114568259893
152,0.244679514958
153,0.0383494212742
154,0.0
155,0.0
156,0.0
157,0.476145250825
158,0.670433859625
159,0.0
160,0.549668510386
161,0.0
162,0.0322580645161
163,0.0829141349938
164,0.0612611808885
165,0.0469930291905
166,0.0260191513224
167,0.0528867532315
168,0.0478935703707
169,0.184813282206
170,0.20872474797
171,0.0
172,0.0
173,0.0
174,0.0
175,0.0
176,0.0
177,0.0
178,0.0
179,0.0957998757401
180,0.0
181,0.0
182,0.450500349893
183,0.359453518621
184,0.362779220427
185,0.11136739503
186,0.120411567122
187,0.358592239216
188,0.406120196823
189,0.256197174597
190,0.260628139578
191,0.451626507992
192,0.469681986933
193,0.286860818991
194,0.0950674043924
195,0.272360480141
196,0.245128257506
197,0.270490355996
198,0.15673518984
199,0.0440199606835
200,0.270443884477
201,0.0957859380738
202,0.0700374141514
203,0.140225584419
204,0.153740223032
205,0.417384610016
206,0.125293938986
207,0.210740335768
208,0.393160756799
209,0.0621856012454
210,0.225352112676
211,0.657088333807
212,0.528819483674
213,0.512253617111
214,0.0
215,0.0
216,0.167697372043
217,0.318026860736
218,0.292562587087
219,0.172043010753
220,0.101991718126
221,0.0877265586293
222,0.206096196147
223,0.250810711225
224,0.374184593842
225,0.149164700507
226,0.256810529273
227,0.0
228,0.105263157895
229,0.0
230,0.180751711147
231,0.241094671499
232,0.115524530093
233,0.256083226174
234,0.0
235,0.51012567381
236,0.571259481291
237,0.457199547481
238,0.6581798897
239,0.139016608494
240,0.512285686661
241,0.480339904172
242,0.585356258057
243,0.607258323995
244,0.751288959016
245,0.488236999114
246,0.496370494903
247,0.702092754538
248,0.737455704592
249,0.750222542059
250,0.572446492079
251,0.294477300691
252,0.0728851309516
253,0.22162401635
254,0.0705699379843
255,0.127399206637
256,0.271856604943
257,0.0491538019765
258,0.147687633295
259,0.154315227241
260,0.00607060400426
261,0.0
262,0.0
263,0.0
264,0.0
265,0.0
266,0.0
267,0.0
268,0.0
269,0.0
270,0.0
271,0.0
272,0.0
273,0.0
274,0.0
275,0.0
276,0.0
277,0.0
278,0.0
279,0.0
280,0.0
281,0.0
282,0.0
283,0.0
284,0.0
285,0.0
286,0.0
287,0.0
288,0.0
289,0.0
290,0.0
291,0.0
292,0.0
293,0.0
294,0.0
295,0.0
296,0.0
297,0.0
298,0.0
299,0.0
300,0.0
301,0.0172340383351
302,0.245487109937
303,0.270944288765
304,0.510044008451
305,0.60713311782
306,0.0274563281045
307,0.370362870675
308,0.282557136499
309,0.0
310,0.451345906607
311,0.0
312,0.0
313,0.0
314,0.0458397054772
315,0.0647145074152
316,0.211932305266
317,0.082725257913
318,0.0
319,0.581674950185
320,0.399893137954
321,0.552297097814
322,0.25209665593
323,0.246513241941
324,0.183809963742
325,0.49409777239
326,0.0
327,0.0
328,0.0
329,0.0
330,0.578516612905
331,0.0
332,0.326129851151
333,0.36995076893
334,0.548254855811
335,0.450377524167
336,0.364389721173
337,0.335294777166
338,0.16157162274
339,0.198528856357
340,0.284191159176
341,0.124668882374
342,0.32550098928
343,0.47292510522
344,0.0037844759381
345,0.0264777268869
346,0.0
347,0.263135260892
348,0.165678440041
349,0.4410673635
350,0.286574555201
351,0.166666666667
352,0.0
353,0.0
354,0.132776341132
355,0.0571428571429
356,0.0
357,0.125
358,0.170212765957
359,0.0
360,0.0
361,0.0
362,0.0
363,0.0
364,0.0
365,0.0
366,0.0
367,0.0
368,0.0
369,0.0
370,0.0
371,0.0
372,0.0
373,0.0
374,0.0
375,0.0
376,0.0
377,0.0
378,0.0
379,0.0
380,0.0
381,0.0
382,0.0
383,0.0
384,0.0
385,0.0
386,0.0
387,0.0
388,0.0
389,0.0417073242907
390,0.294618586176
391,0.431001757014
392,0.251913810768
393,0.211786980926
394,0.123403888965
395,0.391724005938
396,0.343239625235
397,0.0
398,0.106849737105
399,0.359538968458
400,0.262391931294
401,0.270153342209
402,0.559009276264
403,0.514806467959
404,0.104076288777
405,0.415924927151
406,0.35194010778
407,0.353980533951
408,0.169014084507
409,0.132776341132
410,0.0121477125379
411,0.0
412,0.16488890134
413,0.0513868096392
414,0.353709336277
415,0.286292131657
416,0.0
417,0.0385850673092
418,0.494154500672
419,0.162635948242
420,0.0480147771551
421,0.257845794566
422,0.40446952515
423,0.0
424,0.209376167973
425,0.386207385741
426,0.452591554927
427,0.0116050220705
428,0.0556516484296
429,0.521110361264
430,0.499651852824
431,0.00566199242327
432,0.0472309327213
433,0.0
434,0.132457421477
435,0.0953443188313
436,0.583559450489
437,0.39254231178
438,0.228428400525
439,0.00738454477937
440,0.282409772118
441,0.0431268159616
442,0.0
443,0.186598639425
444,0.0491107419553
445,0.0662556572735
446,0.0
447,0.233369469828
448,0.627541753475
449,0.0
450,0.0
451,0.194841617331
452,0.113623188765
453,0.272494209835
454,0.577698003769
455,0.240540751287
456,0.405659213687
457,0.370656454694
458,0.10578270983
459,0.180620010871
460,0.542751350264
461,0.0
462,0.0
463,0.0
464,0.0
465,0.0
466,0.0
467,0.0
468,0.0
469,0.0
470,0.327735784979
471,0.411024356323
472,0.127460167696
473,0.0475859688493
474,0.0
475,0.023417934507
476,0.0271822423749
477,0.0494382199247
478,0.0
479,0.247466281989
480,0.169773211598
481,0.0
482,0.21862801062
483,0.129264463058
484,0.0934984433544
485,0.40383437643
486,0.232144450828
487,0.149421056867
488,0.0702932113448
489,0.429729923253
490,0.141426161258
491,0.00573808413463
492,0.039966013772
493,0.334675387216
494,0.457369150226
495,0.531782684587
496,0.553770696712
497,0.44445752173
498,0.328325815916
499,0.431948038731
500,0.636202469628
501,0.708182746632
502,0.608458275193
503,0.774498840234
504,0.602550209847
505,0.659655122959
506,0.612881251189
507,0.409090909091
508,0.724881368495
509,0.674449727028
510,0.48507395954
511,0.822066415065
512,0.819537688999
513,0.546426180287
514,0.482833791546
515,0.684420789797
516,0.667390598723
517,0.458583259116
518,0.225389881786
519,0.672092164031
520,0.67815548884
521,0.529066060564
522,0.235948155988
523,0.0
524,0.135984953666
525,0.617481055454
526,0.447208156248
527,0.413940301696
528,0.0
529,0.0
530,0.100821408081
531,0.0680500880741
532,0.0
533,0.166666666667
534,0.729374932513
535,0.651953736839
536,0.190476190476
537,0.250912678225
538,0.241650061886
539,0.0776635496426
540,0.349108549057
541,0.108981028112
542,0.605305777624
543,0.701417893691
544,0.664497510611
545,0.289373698749
546,0.0
547,0.120195446233
548,0.329001886993
549,0.52191375509
550,0.735225011033
551,0.53928260039
552,0.0
553,0.451908371985
554,0.461349606191
555,0.614390656727
556,0.150965303999
557,0.20789560133
558,0.292030873229
559,0.690289821154
560,0.330118080318
561,0.41292645676
562,0.48634443952
563,0.642514850506
564,0.459358543222
565,0.388827424335
566,0.633037441924
567,0.6331419052
568,0.569479451521
569,0.646228955092
570,0.609919594443
571,0.741231441919
572,0.490072419439
573,0.722893856785
574,0.464777984676
575,0.603862344416
576,0.637324555622
577,0.599317397308
578,0.510680560129
579,0.625488087219
580,0.711550941204
581,0.710533965271
582,0.570028235332
583,0.754918330803
584,0.709844975783
585,0.500689667684
586,0.619145107408
587,0.578375558688
588,0.727913462299
589,0.663107421689
590,0.720057257213
591,0.338869872966
592,0.288318616921
593,0.654382094923
594,0.676461040808
595,0.528628065342
596,0.289045687744
597,0.689853577359
598,0.0952380952381
599,0.093023255814
600,0.295069262377
601,0.220298361811
602,0.106638027778
603,0.141756424344
604,0.305583080013
605,0.0
606,0.0
607,0.112945305912
608,0.0
609,0.0
610,0.0773163012864
611,0.199867837016
612,0.260701137777
613,0.238128694898
614,0.282572726289
615,0.3247175981
616,0.158395563659
617,0.368831333285
618,0.616435287885
619,0.625387435307
620,0.624354132304
621,0.218286587885
622,0.250762589181
623,0.708212888775
624,0.228988006172
625,0.465085019452
626,0.34885080325
627,0.496145845135
628,0.490203517143
629,0.0
630,0.0
631,0.0
632,0.0
633,0.0
634,0.0
635,0.0
636,0.0
637,0.0
638,0.0
639,0.176906492894
640,0.0
641,0.0775491027295
642,0.266666666667
643,0.196165850602
644,0.651934184827
645,0.561278593282
646,0.425911592317
647,0.426822986964
648,0.594011631088
649,0.0
650,0.0
651,0.0
652,0.0
653,0.0
654,0.0
655,0.0
656,0.0
657,0.0
658,0.0
659,0.0
660,0.0
661,0.0
662,0.0
663,0.0
664,0.0
665,0.0
666,0.0
667,0.0
668,0.0
669,0.0
670,0.0
671,0.0
672,0.0
673,0.0
674,0.0
675,0.0
676,0.0
677,0.576963070133
678,0.456993030036
679,0.620690529412
680,0.300680065059
681,0.46048625807
682,0.559112228249
683,0.689737920878
684,0.350281648986
685,0.222134544234
686,0.411514336276
687,0.330355809123
688,0.580449387324
689,0.0
690,0.494894043205
691,0.0640311758691
692,0.49563999171
693,0.535026739507
694,0.107988818149
695,0.144001039948
696,0.622124063728
697,0.436768270451
698,0.285547845588
699,0.531506416155
700,0.643314703687
701,0.629228731193
702,0.0
703,0.505400325273
704,0.330321810962
705,0.11927551919
706,0.286826165974
707,0.0879384656358
708,0.312668023839
709,0.589951528339
710,0.369502052152
711,0.324731079097
712,0.126069394508
713,0.495277507878
714,0.199696467719
715,0.3219886948
716,0.0
717,0.0
718,0.363805184435
719,0.514609556764
720,0.348617783997
721,0.620071317978
722,0.142857142857
723,0.0
724,0.49780362807
725,0.583552131941
726,0.680404201959
727,0.149899202392
728,0.166793338364
729,0.419565038339
730,0.783617275285
731,0.521073814247
732,0.644954236234
733,0.348867417752
734,0.688373222883
735,0.564109684296
736,0.46025608119
737,0.497389589001
738,0.48029388855
739,0.230878755601
740,0.0374747078531
741,0.298048731398
742,0.195157830829
743,0.259892047306
744,0.320233955881
745,0.386386587631
746,0.212315352604
747,0.603287632292
748,0.640751290491
749,0.693006765417
750,0.416522271277
751,0.499115252729
752,0.407709242607
753,0.369838315484
754,0.455454728115
755,0.46863583238
756,0.197828423178
757,0.181839275366
758,0.125220730058
759,0.160441987652
760,0.170682493592
761,0.417258931065
762,0.169014084507
763,0.0
764,0.0
765,0.0
766,0.0990210257943
767,0.0
768,0.199820296374
769,0.715228500324
770,0.603741253815
771,0.531241348188
772,0.551968362334
773,0.678178145234
774,0.831457557488
775,0.651880829961
776,0.104618693458
777,0.269470623017
778,0.737491987306
779,0.784904319226
780,0.652893791572
781,0.598011075435
782,0.627076986814
783,0.755804776205
784,0.702402639976
785,0.359139172763
786,0.335927634982
787,0.713494136145
788,0.601562358962
789,0.483279022578
790,0.586583490586
791,0.650512854009
792,0.731882326752
793,0.756891802745
794,0.66511656347
795,0.584154999606
796,0.53781028424
797,0.318040823857
798,0.066809366801
799,0.12953926976
800,0.757350719342
801,0.617730464153
802,0.633581395754
803,0.704576826756
804,0.668910827741
805,0.692179792688
806,0.59551247641
807,0.63890795204
808,0.35674473662
809,0.585550669245
810,0.431107021554
811,0.424438450606
812,0.0426433824446
813,0.430330478321
814,0.470710749398
815,0.328231379184
816,0.645574360748
817,0.55514973674
818,0.191271105507
819,0.602216787992
820,0.556541309196
821,0.797301831097
822,0.530741859967
823,0.338194622739
824,0.468039600174
825,0.158759392248
826,0.696695594897
827,0.671019853294
828,0.671980592763
829,0.471890819945
830,0.60554871164
831,0.599006884403
832,0.551057456954
833,0.715835928605
834,0.495417071568
835,0.517114400878
836,0.593208078262
837,0.313887253461
838,0.0466930845618
839,0.626229841599
840,0.571348327926
841,0.148113484639
842,0.504792765036
843,0.464574977818
844,0.157007508481
845,0.515234568936
846,0.589168363779
847,0.71400570016
848,0.378209557593
849,0.279629268384
850,0.640801084378
851,0.659456250074
852,0.357167834188
853,0.48248520802
854,0.566858098559
855,0.596849939663
856,0.133303597186
857,0.0701921195504
858,0.0
859,0.266666666667
860,0.0680500880741
861,0.0
862,0.0
863,0.0
864,0.166666666667
865,0.0
866,0.133303597186
867,0.106638027778
868,0.0
869,0.0990210257943
870,0.0
871,0.0
872,0.0601646739003
873,0.247411571087
874,0.115524530093
875,0.188300992878
876,0.158433641271
877,0.13283773947
878,0.114285714286
879,0.0646650034007
880,0.0
881,0.0646650034007
882,0.125533995252
883,0.158433641271
884,0.08664339757
885,0.183624382245
886,0.290248600873
887,0.538963119226
888,0.590785335542
889,0.568997424126
890,0.385928707195
891,0.246326698738
892,0.125075123613
893,0.376567903941
894,0.0
895,0.457004433052
896,0.0806385232912
897,0.555848424996
898,0.289381959098
899,0.585530670751
900,0.519077379036
901,0.507215266226
902,0.0
903,0.0
904,0.0
905,0.0
906,0.0
907,0.0
908,0.0
909,0.0
910,0.0
911,0.0
912,0.0
913,0.0
914,0.0
915,0.0
916,0.0
917,0.0
918,0.0
919,0.0680500880741
920,0.340100963612
921,0.61495155817
922,0.490772025363
923,0.553543456105
924,0.606331793113
925,0.443819081538
926,0.716171715998
927,0.184834930188
928,0.0534605510207
929,0.649328448057
930,0.117161191533
931,0.112676056338
932,0.132776341132
933,0.0
934,0.188976377953
935,0.0941676322807
936,0.171372872399
937,0.0
938,0.238487870225
939,0.0908091402892
940,0.0
941,0.0
942,0.233801072525
943,0.265900708495
944,0.0726502937925
945,0.0726991981718
946,0.0617969412376
947,0.16925351218
948,0.0
949,0.477889132999
950,0.0
951,0.176890010669
952,0.578449482568
953,0.404816521728
954,0.242432109932
955,0.458904719774
956,0.395702113235
957,0.46037931846
958,0.318676564828
959,0.468321414196
960,0.301073062233
961,0.77611989265
962,0.195850513321
963,0.0
964,0.0
965,0.244136064148
966,0.0
967,0.0
968,0.0
969,0.0
970,0.0
971,0.0
972,0.0
973,0.0
974,0.0
975,0.0
976,0.0
977,0.0
978,0.0
979,0.0
980,0.635203291692
981,0.553721299946
982,0.0
983,0.244136064148
984,0.0
985,0.08664339757
986,0.0
987,0.0
988,0.0
989,0.142857142857
990,0.0
991,0.0571428571429
992,0.0
993,0.0
994,0.125
995,0.0
996,0.0
997,0.410469201485
998,0.319508952535
999,0.0
1000,0.0833333333333
1001,0.132621130469
1002,0.0
1003,0.387807294957
1004,0.297044664813
1005,0.0
1006,0.288212132336
1007,0.188027675006
1008,0.221187256956
1009,0.434426162484
1010,0.596020850662
1011,0.239486009101
1012,0.390668840469
1013,0.107593981099
1014,0.214533375199
1015,0.0701921195504
1016,0.785892607344
1017,0.336017907741
1018,0.453662897573
1019,0.606166168214
1020,0.095322939919
1021,0.291314457624
1022,0.400358180485
1023,0.507321921983
1024,0.436444870947
1025,0.671645892862
1026,0.60988127164
1027,0.579805816862
1028,0.154032706791
1029,0.0824674796152
1030,0.0445395778673
1031,0.253180886813
1032,0.124110147641
1033,0.293014612923
1034,0.0931595513093
1035,0.391581120006
1036,0.54321082437
1037,0.474364387506
1038,0.66527002518
1039,0.683859864906
1040,0.573365256997
1041,0.317558536626
1042,0.467512691986
1043,0.625580122761
1044,0.570484553245
1045,0.399240246021
1046,0.417881473042
1047,0.30432336807
1048,0.364727756911
1049,0.430299064375
1050,0.456977255901
1051,0.325761947077
1052,0.538343622047
1053,0.272399827523
1054,0.591587029734
1055,0.687812307209
1056,0.458781103062
1057,0.330419447717
1058,0.449960495652
1059,0.524851739856
1060,0.328085864445
1061,0.191825385631
1062,0.0
1063,0.450762228299
1064,0.339952284971
1065,0.014819768258
1066,0.306658949991
1067,0.138432708489
1068,0.0
1069,0.0
1070,0.0175596896834
1071,0.213633734678
1072,0.299150375091
1073,0.018822559357
1074,0.26468324341
1075,0.0510292402866
1076,0.0
1077,0.317796601176
1078,0.561014675212
1079,0.0
1080,0.0
1081,0.642940185016
1082,0.679318381939
1083,0.523337751366
1084,0.388064369135
1085,0.304759786975
1086,0.307785057822
1087,0.368154549978
1088,0.0582233730181
1089,0.143705433297
1090,0.0
1091,0.0613562556735
1092,0.0356204949183
1093,0.214838171162
1094,0.0
1095,0.0867325491054
1096,0.0
1097,0.243183897438
1098,0.597790198505
1099,0.715186403969
1100,0.677358471227
1101,0.577045150693
1102,0.521303751683
1103,0.744786350961
1104,0.00897805949638
1105,0.402250895249
1106,0.572162022031
1107,0.426479929852
1108,0.475360489459
1109,0.26345125006
1110,0.383069539815
1111,0.393102275818
1112,0.296748469764
1113,0.213017751479
1114,0.0
1115,0.408908808885
1116,0.35042182764
1117,0.423848554446
1118,0.789613930828
1119,0.0
1120,0.0
1121,0.0
1122,0.0
1123,0.0
1124,0.631181623753
1125,0.591766914653
1126,0.566304014617
1127,0.698929148244
1128,0.151042003749
1129,0.308032568314
1130,0.637352750021
1131,0.272907894858
1132,0.407003587293
1133,0.567812628523
1134,0.0
1135,0.0
1136,0.0
1137,0.0
1138,0.0
1139,0.0
1140,0.0
1141,0.0
1142,0.0
1143,0.0
1144,0.0
1145,0.0
1146,0.0
1147,0.0
1148,0.156371735496
1149,0.162798627569
1150,0.648639749353
1151,0.614627161481
1152,0.712982571526
1153,0.0747663551402
1154,0.679705469258
1155,0.42568079237
1156,0.386919221517
1157,0.586558142569
1158,0.581689067493
1159,0.661725084737
1160,0.626162398398
1161,0.0
1162,0.0
1163,0.422088160494
1164,0.318667815438
1165,0.147871398519
1166,0.313793694705
1167,0.702886148565
1168,0.634746635094
1169,0.525172977648
1170,0.373964677322
1171,0.498996777637
1172,0.173107261473
1173,0.0177171214374
1174,0.516994561817
1175,0.634395182002
1176,0.47876620097
1177,0.509720741735
1178,0.322260487773
1179,0.528367144858
1180,0.376235093484
1181,0.433895646499
1182,0.339214882374
1183,0.395297056018
1184,0.29907530937
1185,0.305936601064
1186,0.0
1187,0.0
1188,0.0
1189,0.0
1190,0.0
