site,dnds
1,0.0
2,0.0
3,0.0
4,0.120435562841
5,0.281856702213
6,0.532631782786
7,0.698547467864
8,0.67449151226
9,0.689086493898
10,0.658739280393
11,0.496642420695
12,0.444378144428
13,0.0
14,0.325420941125
15,0.509836790133
16,0.445771332901
17,0.634788114018
18,0.189592250269
19,0.0406309446948
20,0.506108318801
21,0.0386678869975
22,0.265295754768
23,0.195332460058
24,0.0661735290626
25,0.116190639008
26,0.567064579172
27,0.342750131614
28,0.440287546011
29,0.512362303814
30,0.0
31,0.0
32,0.677385852699
33,0.764917673632
34,0.272773486271
35,0.472802332813
36,0.761502617104
37,0.0457755120278
38,0.113166886622
39,0.0
40,0.793855947489
41,0.458810606625
42,0.501738291214
43,0.655588858412
44,0.0
45,0.0
46,0.0
47,0.0
48,0.675802427544
49,0.186462130835
50,0.623203764437
51,0.705037774907
52,0.150859632109
53,0.323197378687
54,0.534893761867
55,0.572545220001
56,0.254990133247
57,0.275025388787
58,0.703406775253
59,0.705871372146
60,0.131274773886
61,0.00824175531046
62,0.245578575087
63,0.289100866814
64,0.0283266413837
65,0.306810018484
66,0.267859441039
67,0.0569565923993
68,0.226834873479
69,0.560398270363
70,0.332588250993
71,0.223460238775
72,0.150621929756
73,0.740117548161
74,0.0
75,0.694246826212
76,0.425805233561
77,0.0
78,0.0722726508596
79,0.259552205356
80,0.728552951264
81,0.295205748336
82,0.12840377295
83,0.29016043019
84,0.682100591404
85,0.271940661756
86,0.578092833007
87,0.638507937076
88,0.406363792187
89,0.632653077298
90,0.624313983846
91,0.421958481673
92,0.482519385148
93,0.0
94,0.0
95,0.601099247127
96,0.0190484311613
97,0.0
98,0.382997393102
99,0.0799960491486
100,0.580443748734
101,0.334686178124
102,0.00707571717044
103,0.0924066411029
104,0.304898909374
105,0.6611807362
106,0.181939763987
107,0.316756037042
108,0.2771815469
109,0.0
110,0.640786874938
111,0.0305833442207
112,0.646344181825
113,0.39429149466
114,0.20079965002
115,0.19745887448
116,0.431219497267
117,0.653409357158
118,0.338622316059
119,0.402781556814
120,0.354953531213
121,0.258459926039
122,0.720495918157
123,0.237876550682
124,0.229265548536
125,0.0
126,0.56513385856
127,0.610288223203
128,0.0
129,0.0
130,0.0660140171962
131,0.0
132,0.0
133,0.0
134,0.654241837293
135,0.0443535308117
136,0.0
137,0.0
138,0.0
139,0.0
140,0.0
141,0.0
142,0.0
143,0.227901118485
144,0.113186389161
145,0.321672755807
146,0.188754940811
147,0.0646242522746
148,0.0
149,0.266666666667
150,0.141031341951
151,0.0867325491054
152,0.0
153,0.0
154,0.142857142857
155,0.118391635115
156,0.277535575878
157,0.246459720858
158,0.341391793439
159,0.0
160,0.00304291060361
161,0.420439536032
162,0.177501863024
163,0.00188720005185
164,0.256373537829
165,0.310123694495
166,0.00582478489479
167,0.0524130837694
168,0.406801823094
169,0.0
170,0.0840300392067
171,0.264803994872
172,0.344923624365
173,0.144431698678
174,0.525474690021
175,0.176767844697
176,0.00544694034725
177,0.0547811167044
178,0.555581550129
179,0.197734881426
180,0.129323449789
181,0.640168852937
182,0.0894527094696
183,0.52560839173
184,0.253154340364
185,0.502680229913
186,0.124522251594
187,0.108559809342
188,0.717169400622
189,0.52350957613
190,0.0
191,0.0
192,0.0
193,0.0
194,0.0
195,0.0
196,0.0
197,0.0
198,0.0
199,0.0
200,0.0
201,0.0
202,0.0
203,0.499373062504
204,0.498446004947
205,0.0
206,0.56723257102
207,0.583941510738
208,0.0450777742199
209,0.00566199242327
210,0.648338465183
211,0.176551012347
212,0.55338059531
213,0.596235293188
214,0.7801178599
215,0.644209320823
216,0.565562797776
217,0.421805892615
218,0.439442002549
219,0.456768905724
220,0.386425576099
221,0.0
222,0.226135487957
223,0.431359375764
224,0.443739464217
225,0.0153816073292
226,0.0294423855917
227,0.0994378508442
228,0.506586317918
229,0.00500719812331
230,0.183552841292
231,0.0347839313046
232,0.0651463408688
233,0.00633059587414
234,0.485092712235
235,0.542745883729
236,0.49618284475
237,0.244844778149
238,0.0115154435778
239,0.228847716328
240,0.529173619632
241,0.37566333485
242,0.690910524303
243,0.269605699888
244,0.597501950126
245,0.230824529426
246,0.367048234847
247,0.0627200902411
248,0.0
249,0.199679082868
250,0.375414493064
251,0.232222877073
252,0.474966126327
253,0.177373414499
254,0.43853460427
255,0.374571382506
256,0.519082749873
257,0.549580623379
258,0.482701056711
259,0.567371250754
260,0.572753537873
261,0.680927907605
262,0.670184990937
263,0.6293626367
264,0.0
265,0.0
266,0.0
267,0.0
268,0.0
269,0.0
270,0.0
271,0.0
272,0.0
273,0.0
274,0.0
275,0.0
276,0.0
277,0.0
278,0.754280631596
279,0.337764291026
280,0.0115993496211
281,0.0
282,0.102723027006
283,0.147147257796
284,0.752209114022
285,0.59793931308
286,0.31554505994
287,0.0724133601765
288,0.674249330366
289,0.649043482639
290,0.0
291,0.245463551169
292,0.688888705707
293,0.260769750081
294,0.346114605298
295,0.130325611132
296,0.557737328133
297,0.207306859293
298,0.0137833162294
299,0.0
300,0.495034542691
301,0.157608371864
302,0.222379102327
303,0.00436065480834
304,0.621444045184
305,0.537551420498
306,0.157708240033
307,0.10738573566
