site,dnds
1,0.217000441484
2,0.494314681143
3,0.479589378133
4,0.550225836827
5,0.300517433954
6,0.498560327189
7,0.565123358823
8,0.315487384837
9,0.369904972078
10,0.572248275587
11,0.462224271472
12,0.0194533733872
13,0.346211960868
14,0.622892460187
15,0.41435966783
16,0.187857750159
17,0.318205882507
18,0.532820916103
19,0.13171277431
20,0.299663941287
21,0.213815350637
22,0.460240352973
23,0.0
24,0.138687061401
25,0.120548067355
26,0.322895405002
27,0.0336038706299
28,0.451233946997
29,0.0
30,0.410514729547
31,0.269090628429
32,0.313776676137
33,0.0
34,0.246173564718
35,0.153750543289
36,0.0262093450532
37,0.0
38,0.292444193146
39,0.189172838363
40,0.226272051391
41,0.423512272204
42,0.19174507338
43,0.0591894821618
44,0.5921839987
45,0.535479340009
46,0.169867076249
47,0.0
48,0.526506128987
49,0.430219043169
50,0.230110611739
51,0.0
52,0.339560281981
53,0.275347176758
54,0.435638934684
55,0.305376828331
56,0.469023836037
57,0.135753464356
58,0.0114717043209
59,0.0169777057225
60,0.157666376709
61,0.158304276767
62,0.0837739994928
63,0.0449668717169
64,0.0276897453004
65,0.258921340881
66,0.53998079514
67,0.229667390456
68,0.290289941814
69,0.596046275839
70,0.552408862478
71,0.0297264448923
72,0.650412330197
73,0.344815300347
74,0.153434447238
75,0.554756759747
76,0.0
77,0.589302056553
78,0.520930429602
79,0.0964040740818
80,0.0217632316224
81,0.0803046380621
82,0.0
83,0.0374821452103
84,0.336985416843
85,0.0416057934994
86,0.282691648618
87,0.0593617320142
88,0.326180073274
89,0.443964439527
90,0.483138582118
91,0.310574297661
92,0.188300992878
93,0.0
94,0.512496119485
95,0.691685469582
96,0.431461981834
97,0.0
98,0.454586812904
99,0.403279325316
100,0.031024613607
101,0.340607106466
102,0.582607528381
103,0.395060496705
104,0.609791227013
105,0.37307535546
106,0.499054325922
107,0.633134205186
108,0.755220261986
109,0.740839139961
110,0.222010292092
111,0.194620524984
112,0.174967079374
113,0.189804515094
114,0.109737587027
115,0.367959321647
116,0.0
117,0.270648321445
118,0.103609685238
119,0.386621543699
120,0.478605284766
121,0.569080230666
122,0.406948714467
123,0.618629981195
124,0.717696344107
125,0.5977513264
126,0.558584591922
127,0.177955177855
128,0.297314362885
129,0.0703109575948
130,0.0
131,0.214381084807
132,0.0
133,0.361166047381
134,0.0
135,0.0
136,0.137743960026
137,0.116209302476
138,0.256695537593
139,0.208459847888
140,0.158919465825
141,0.52632259237
142,0.0
143,0.165535625135
144,0.343718654567
145,0.0
146,0.540498386944
147,0.268402818763
148,0.23017502445
149,0.28410742339
150,0.169408415
151,0.17254261739
152,0.0251129108818
153,0.0
154,0.0
155,0.0268369357827
156,0.0
157,0.481520488564
158,0.194219554726
159,0.0
160,0.0330932630146
161,0.165904747452
162,0.115251529568
163,0.0656814003887
164,0.501509495836
165,0.0
166,0.376752493056
167,0.103435819341
168,0.0303629891099
169,0.0990465648304
170,0.37736970557
171,0.39278805715
172,0.148748756301
173,0.00802658319722
174,0.154359129789
175,0.369246657264
176,0.0
177,0.130050072008
178,0.097266044125
179,0.179406323768
180,0.690712013175
181,0.0818924827697
182,0.264931129527
183,0.535087143875
184,0.36986936279
185,0.593980556488
186,0.527063744284
187,0.231653705567
188,0.130270231858
189,0.165886142423
190,0.122028625626
191,0.302503059388
192,0.190120369525
193,0.283490335904
194,0.248096439044
195,0.0824674796152
196,0.0
197,0.0701921195504
198,0.244152740905
199,0.359532550563
200,0.427007888914
201,0.557099404137
202,0.591781110147
203,0.512495649398
204,0.337374661798
205,0.203767745297
206,0.792746870589
207,0.599387875211
208,0.494533889266
209,0.0911806243704
210,0.133925319594
211,0.0
212,0.0
213,0.0
214,0.196476206601
215,0.207350633434
216,0.0697248263874
217,0.353231959007
218,0.429927963422
219,0.452867989092
220,0.434188822402
221,0.0181165274298
222,0.488514330901
223,0.340391990242
224,0.315139137656
225,0.00951280262565
226,0.418076116102
227,0.47770845208
228,0.183768184832
229,0.400892483912
230,0.413777420261
231,0.579500371864
232,0.172481193123
233,0.378022183365
234,0.391699727223
235,0.492330810174
236,0.0229955929063
237,0.128697856771
238,0.0
239,0.00632331373834
240,0.0
241,0.0
242,0.0571955555885
243,0.0256533278299
244,0.00451996229571
245,0.0
246,0.0960614282377
247,0.119807825465
248,0.0147502805457
249,0.00674038771743
250,0.025169124957
251,0.0346746379204
252,0.257851993883
253,0.280608206184
254,0.188325524541
255,0.170679679675
256,0.0800322582947
257,0.396435607808
258,0.0
259,0.349354690565
260,0.0
261,0.61054700581
262,0.371947027166
263,0.25921895393
264,0.326801836101
265,0.0566632112602
266,0.389810528505
267,0.487413808575
268,0.170212765957
269,0.277435717824
270,0.740328989552
271,0.700346626695
272,0.0759613348559
273,0.447461156209
274,0.441448557379
275,0.0
276,0.120948141872
277,0.191990497049
278,0.0412337398076
279,0.0
280,0.333283545748
281,0.225352112676
282,0.0
283,0.0
284,0.0
285,0.0
286,0.154032706791
287,0.125533995252
288,0.154032706791
289,0.0
290,0.0
291,0.0
292,0.266666666667
293,0.251188880118
294,0.527038328123
295,0.454820861361
296,0.269886502646
297,0.278583808585
298,0.0754353689504
299,0.0881510562213
300,0.0716703787691
301,0.397591549563
302,0.568244439005
303,0.051344235597
304,0.242644714086
305,0.1087289695
306,0.181044885481
307,0.0
308,0.714525329087
309,0.769365407558
310,0.558758245567
311,0.727048281376
312,0.303655651463
313,0.239863945635
314,0.565467520623
315,0.434871126709
316,0.596721751208
317,0.275580744385
318,0.569207696258
319,0.346905707416
320,0.402656696701
321,0.410614373638
322,0.657184565376
323,0.299611710118
324,0.0357294912377
325,0.39092540393
326,0.292009142092
327,0.258007994985
328,0.193095561666
329,0.0
330,0.507021578965
331,0.410636595994
332,0.576956001967
333,0.4136466005
334,0.522976669335
335,0.229676140888
336,0.737711875025
337,0.353746476321
338,0.599856247647
339,0.465533224562
340,0.437511330284
341,0.214650209561
342,0.466031913682
343,0.423477075562
344,0.233312631082
345,0.240071187162
346,0.548994015046
347,0.626534268226
348,0.283931436593
349,0.551730495768
350,0.473207980355
351,0.48496626456
352,0.0183463534518
353,0.677190197978
354,0.566984330141
355,0.0453183724757
356,0.372873184602
357,0.128970423347
358,0.311066658428
359,0.0745442843735
360,0.0
361,0.0
362,0.340362748437
363,0.0
364,0.328086120363
365,0.0
366,0.134818460195
367,0.126072804608
368,0.341867251939
369,0.468710931265
370,0.506581094546
371,0.515512381299
372,0.0468060085895
373,0.393113002743
374,0.458632985766
375,0.104196100021
376,0.0
377,0.172469015961
378,0.133936183988
379,0.264459726994
380,0.112674304964
381,0.346932698806
382,0.00512578195934
383,0.038510627045
384,0.00445831478642
385,0.0233132094227
386,0.228748814717
387,0.00802658319722
388,0.262459861009
389,0.0
390,0.0631995721224
391,0.076792265593
392,0.0975946415554
393,0.14281079628
