site,dnds
1,0.0
2,0.166666666667
3,0.0714285714286
4,0.106638027778
5,0.0
6,0.0
7,0.299238575618
8,0.110784432471
9,0.242349244855
10,0.235204028951
11,0.0536793515706
12,0.275894029117
13,0.360722760115
14,0.106953800073
15,0.399202851179
16,0.0597965946515
17,0.475158963924
18,0.183429139149
19,0.361577824908
20,0.324869917848
21,0.294539962193
22,0.514241884359
23,0.0760217476324
24,0.0185043407711
25,0.137035689806
26,0.211742554251
27,0.339232433812
28,0.458302456338
29,0.287745735741
30,0.345146426659
31,0.156372642456
32,0.490937867259
33,0.328665250588
34,0.114076728756
35,0.544025689438
36,0.184653453931
37,0.339944959116
38,0.329051207843
39,0.340580668767
40,0.465914477095
41,0.404941702065
42,0.319063700197
43,0.584099414302
44,0.528489232855
45,0.196980792069
46,0.269098723735
47,0.616254986689
48,0.271247250251
49,0.478826409941
50,0.446825866229
51,0.455821602179
52,0.277529761514
53,0.482252136259
54,0.416889692927
55,0.397753334783
56,0.0
57,0.0
58,0.0
59,0.0
60,0.0
61,0.0
62,0.0
63,0.0
64,0.0
65,0.0
66,0.0
67,0.0
68,0.0
69,0.0
70,0.0
71,0.0
72,0.0
73,0.0
74,0.0
75,0.0
76,0.0
77,0.0
78,0.0
79,0.0
80,0.0
81,0.0
82,0.0
83,0.0
84,0.0
85,0.0
86,0.0
87,0.0
88,0.0
89,0.0
90,0.0
91,0.0
92,0.0
93,0.0
94,0.0
95,0.0
96,0.0
97,0.0
98,0.0
99,0.0
100,0.209926596936
101,0.485705903069
102,0.155542819256
103,0.304761713376
104,0.502727845823
105,0.59486777775
106,0.351160308788
107,0.258123882306
108,0.043321698785
109,0.295484299682
110,0.490508891861
111,0.230026733915
112,0.456421629216
113,0.306921556448
114,0.454933717877
115,0.385496310627
116,0.439263551001
117,0.390344648815
118,0.439194070416
119,0.447062689561
120,0.328036631206
121,0.338637177603
122,0.419972082734
123,0.544119908402
124,0.505796211697
125,0.380803277721
126,0.600466815714
127,0.177017893197
128,0.245656351832
129,0.17821851528
130,0.271110688572
131,0.284058962772
132,0.213526391255
133,0.353638096121
134,0.296580543577
135,0.271971508307
136,0.0
137,0.166877816
138,0.0
139,0.0
140,0.166666666667
141,0.106638027778
142,0.0
143,0.0
144,0.0
145,0.0
146,0.0
147,0.0
148,0.0
149,0.0
150,0.0
151,0.0
152,0.0
153,0.170234662665
154,0.134278108578
155,0.389716326469
156,0.37278455231
157,0.330648645795
158,0.411295375896
159,0.14424439564
160,0.514788366119
161,0.0459380255497
162,0.177549428173
163,0.0935894927338
164,0.16901727518
165,0.227681461846
166,0.328186529018
167,0.579965940824
168,0.448384628156
169,0.28122187789
170,0.269031819691
171,0.117221223889
172,0.0886850012413
173,0.14001300281
174,0.257826347652
175,0.0206256775568
176,0.0098848596539
177,0.208179169162
178,0.137602456964
179,0.0970146310496
180,0.171126212144
181,0.386420710197
182,0.0
183,0.296063809246
184,0.322808088498
185,0.20725732972
186,0.172884648228
187,0.342335449698
188,0.125277216965
189,0.285091784561
190,0.147768786809
191,0.412117997541
192,0.304862835126
193,0.224397799109
194,0.0198001592832
195,0.177900643587
196,0.0
197,0.00205617844973
198,0.255414791592
199,0.0711839923784
200,0.0700920449602
201,0.396548184459
202,0.336520685772
203,0.571082416669
204,0.291373711595
205,0.435209804205
206,0.438596497001
207,0.654734294258
208,0.460542270967
209,0.488613707709
210,0.351665462453
211,0.383255098095
212,0.389250965538
213,0.280714112511
214,0.244739827602
215,0.202254694327
216,0.0955351167621
217,0.168964126053
218,0.170061474628
219,0.319199491514
220,0.0
221,0.0
222,0.0
223,0.0
224,0.0
225,0.234450256084
226,0.0725749362712
227,0.471634071543
228,0.53477901539
229,0.285942495327
230,0.538271646546
231,0.619739670398
232,0.190072754133
233,0.579323677332
234,0.297985231135
235,0.0522695848237
236,0.0375828826128
237,0.0
238,0.0
239,0.0
240,0.0
241,0.166666666667
242,0.0
243,0.142857142857
244,0.0
245,0.0
246,0.0
247,0.0
248,0.721921214967
249,0.508072694781
250,0.678513816256
251,0.103087211744
252,0.110081837252
253,0.0
254,0.276084586793
255,0.0665538328449
256,0.0206479638059
257,0.288020691911
258,0.190308402906
259,0.290536521053
260,0.250180112198
261,0.281141651076
262,0.105864571514
263,0.359926321861
264,0.414711365047
265,0.27463394121
266,0.187275055048
267,0.0
268,0.337480479066
269,0.517470719432
270,0.0
271,0.0
272,0.0
273,0.196018071942
274,0.589180355929
275,0.302535953584
276,0.326363766259
277,0.16182244649
278,0.0
279,0.0
280,0.0
281,0.0
282,0.0
283,0.0
284,0.135911393857
285,0.345211749525
286,0.10659833181
287,0.476017605849
288,0.351576505282
289,0.048049194159
290,0.19053318389
291,0.240083711359
292,0.0143917400554
293,0.588948070414
294,0.0
295,0.0
296,0.0
297,0.0
298,0.0
299,0.0
300,0.0
301,0.30205278342
302,0.35189155411
303,0.369248190333
304,0.482778268267
305,0.402068820835
306,0.405920521241
307,0.383456012333
308,0.256267847861
309,0.0507782823422
310,0.39305211232
311,0.200995615746
312,0.193939997516
313,0.00235789118121
314,0.106445065115
315,0.0
316,0.273682488868
317,0.00451996229571
318,0.00451996229571
319,0.0421323634711
320,0.00931534202718
321,0.298055424943
322,0.125312165272
323,0.405069022503
324,0.22827955005
325,0.408994228068
326,0.204736107321
327,0.339281157783
328,0.496400227204
329,0.491317906084
330,0.661286180341
331,0.651606039416
332,0.757539531797
333,0.582033204629
334,0.320844049206
335,0.382425574884
336,0.266357854577
337,0.393645365686
338,0.0550503941675
339,0.147187789975
340,0.0945685154644
341,0.178226019006
342,0.0
343,0.239481062048
344,0.211481417003
345,0.138772078569
346,0.133333333333
347,0.110289434639
348,0.0679556059372
349,0.364479885116
350,0.0
351,0.0995968929741
352,0.227830000328
353,0.186366216956
354,0.461704472905
355,0.110531439008
356,0.466400459968
357,0.146071935252
358,0.340743390397
359,0.0
360,0.0
361,0.0
362,0.0
363,0.394111809714
364,0.138861574339
365,0.239389177155
366,0.0
367,0.0
368,0.0
369,0.0
370,0.0
371,0.148577772322
372,0.254208537522
373,0.00661219950344
374,0.332819055699
375,0.280402500748
376,0.458521612544
377,0.118714666628
378,0.613000343669
379,0.640119278727
380,0.38039103848
381,0.477036290804
382,0.35064887105
383,0.0369446774754
384,0.405172163379
385,0.464874627785
386,0.226575517646
387,0.284028509506
388,0.399774324801
389,0.59470822044
390,0.334559268294
391,0.51102268413
392,0.371284711883
393,0.511001887715
394,0.272380577809
395,0.189701619081
396,0.0
397,0.0
398,0.0
399,0.0488550173359
400,0.497586882751
401,0.177488779885
402,0.3098975481
403,0.391458884456
404,0.429375671508
405,0.286395606166
406,0.425399162405
407,0.0304956912779
408,0.441487048196
409,0.00362138535544
410,0.0147449255215
411,0.392415972964
412,0.245078974692
413,0.608704019795
414,0.150283409066
415,0.451764610821
416,0.527663691119
417,0.00730430140078
418,0.50938552645
419,0.0107610982724
420,0.24091220735
421,0.132758203246
422,0.362135357043
423,0.110106672047
424,0.142552994731
425,0.180725857054
426,0.256777329722
427,0.254596877478
428,0.435413488828
429,0.361369971637
430,0.170936140251
431,0.460733610032
432,0.0
433,0.310344373217
434,0.491629750732
435,0.349089099286
436,0.364114256273
437,0.132419513912
438,0.620795585133
439,0.248614817725
440,0.341241870928
441,0.435895022765
442,0.454411003265
443,0.464760550665
444,0.303568451567
445,0.242683469753
446,0.193509730019
447,0.482284237193
448,0.0111701923591
449,0.345268274425
450,0.0
451,0.0
452,0.100817203586
453,0.296117131248
454,0.436452503228
455,0.491682773407
456,0.0
457,0.106987847667
458,0.499783490157
459,0.225988448493
460,0.164889483064
461,0.49444311391
462,0.566881902912
463,0.325686471534
464,0.274610327555
465,0.626170093778
466,0.602050059532
467,0.481805938582
468,0.36868256885
469,0.521024144303
470,0.483592065553
471,0.601078270361
472,0.172826393394
473,0.364044740983
474,0.172012978638
475,0.262493934936
476,0.723448236286
477,0.443282564772
478,0.391247033178
479,0.0475407575287
480,0.560187614972
481,0.472138579909
482,0.313452133842
483,0.635008237722
484,0.604199973029
485,0.0
486,0.568688958889
487,0.14841067006
488,0.230172558949
489,0.488771904257
490,0.497568981787
491,0.365473840795
492,0.0862453060796
493,0.113689854592
494,0.32117772493
495,0.355818881664
496,0.271449681396
497,0.120624335047
498,0.113611222233
