site,dnds
1,0.106693174944
2,0.0
3,0.555667851045
4,0.26871999395
5,0.229878351105
6,0.0487309898075
7,0.0
8,0.137348736169
9,0.0
10,0.0891333517515
11,0.326083005786
12,0.122500206873
13,0.240003338584
14,0.17913686265
15,0.119287910854
16,0.169297358547
17,0.673931629488
18,0.0
19,0.299065685992
20,0.0
21,0.0
22,0.214250820023
23,0.0114930655976
24,0.0621149043185
25,0.0148496554041
26,0.00839081204858
27,0.124230293025
28,0.298975771436
29,0.0
30,0.0927115079261
31,0.0956016961704
32,0.347569797908
33,0.321829439003
34,0.0137772616999
35,0.288907652914
36,0.324036901051
37,0.117395898824
38,0.176618206598
39,0.11862610134
40,0.0497814373233
41,0.116824130446
42,0.260837624038
43,0.217155097816
44,0.547057586529
45,0.0
46,0.0
47,0.0
48,0.0
49,0.0
50,0.0
51,0.0
52,0.0
53,0.0660140171962
54,0.519568974704
55,0.215601307306
56,0.806743924591
57,0.536179035164
58,0.427828229364
59,0.666742439252
60,0.57248672295
61,0.0514489355283
62,0.531134570651
63,0.394836446812
64,0.137609982419
65,0.348821282323
66,0.532771774898
67,0.25330770341
68,0.0
69,0.0
70,0.4736825847
71,0.537643032154
72,0.0851970247176
73,0.477963352582
74,0.185566666084
75,0.436837963803
76,0.391280847681
77,0.164219908511
78,0.0474465549645
79,0.00726586172329
80,0.335431802339
81,0.141439028999
82,0.385609380114
83,0.209371784064
84,0.0
85,0.0
86,0.291227178026
87,0.137326536084
88,0.132495954412
89,0.220489723694
90,0.126924623308
91,0.0
92,0.401537340503
93,0.375006747231
94,0.640294286759
95,0.142348249711
96,0.0194818233302
97,0.10427193702
98,0.435962059901
99,0.0
100,0.0562837647395
101,0.152902566109
102,0.00933945463464
103,0.108378349575
104,0.209406253442
105,0.0
106,0.100926202367
107,0.123244546403
108,0.447058437029
109,0.0171073479786
110,0.105884073186
111,0.349049329522
112,0.131147540984
113,0.146848883761
114,0.0
115,0.156386333413
116,0.105622427514
117,0.0
118,0.0
119,0.0880186895949
120,0.135593220339
121,0.0
122,0.0
123,0.132505915113
124,0.153521100471
125,0.0
126,0.0
127,0.0
128,0.547027051854
129,0.53910786497
130,0.0
131,0.315770958936
132,0.0308075104421
133,0.192994781317
134,0.0807330935198
135,0.20507683767
136,0.246600385363
137,0.0
138,0.172615516053
139,0.0592459134154
140,0.352799014359
141,0.00951035923593
142,0.0
143,0.0
144,0.124254100472
145,0.139322943156
146,0.266044565963
147,0.469908666155
148,0.606236302579
149,0.145380759766
150,0.0
151,0.0
152,0.0
153,0.0
154,0.0
155,0.135155036036
156,0.0
157,0.0
158,0.0
159,0.0
160,0.0
161,0.0
162,0.0
163,0.0
164,0.0
165,0.0
166,0.0
167,0.191990497049
168,0.645206852594
169,0.550086442756
170,0.146565832956
171,0.155619339792
172,0.226706060092
173,0.348437672716
174,0.553858532152
175,0.190594016672
176,0.0583702888893
177,0.147871398519
178,0.435718102828
179,0.505642059639
180,0.4175309147
181,0.415001170533
182,0.180271169742
183,0.274214032909
184,0.0751403489877
185,0.0428030761819
186,0.0
187,0.0637376717756
188,0.680849966795
189,0.547874281117
190,0.528649211571
191,0.414202760061
192,0.528258448393
193,0.0
194,0.145739610059
195,0.120948141872
196,0.0
197,0.40561644311
198,0.49868540836
199,0.0
200,0.170212765957
201,0.0
202,0.0
203,0.0
204,0.0
205,0.0
206,0.0
207,0.0
208,0.0
209,0.0
210,0.0
211,0.0
212,0.0
213,0.0
214,0.0
215,0.0
216,0.0
217,0.0
218,0.0
219,0.0
220,0.0
221,0.0
222,0.0
223,0.0
224,0.0
225,0.0
226,0.0
227,0.0
228,0.0
229,0.0
230,0.0
231,0.0
232,0.0
233,0.0
234,0.0
235,0.0
236,0.0
237,0.0
238,0.0
239,0.0
240,0.0
241,0.0
242,0.0
243,0.0
244,0.0
245,0.0
246,0.100191911594
247,0.0
248,0.0
249,0.0
250,0.191823248093
251,0.0969878272575
252,0.171277175091
253,0.30905801911
254,0.575293250208
255,0.0960852872204
256,0.329428788974
257,0.558887582031
258,0.378714020737
259,0.241170239107
260,0.513882745074
261,0.528396784457
262,0.0
263,0.266666666667
264,0.0
265,0.0
266,0.0
267,0.0
268,0.0
269,0.0
270,0.0
271,0.0
272,0.0
273,0.0
274,0.0
275,0.0
276,0.0
277,0.0990210257943
278,0.132776341132
279,0.0
280,0.166666666667
281,0.142857142857
282,0.266666666667
283,0.0
284,0.166666666667
285,0.0
286,0.106638027778
287,0.0
288,0.199955395779
289,0.0
290,0.0
291,0.0
292,0.0
293,0.0
294,0.0
295,0.0
296,0.0
297,0.0
298,0.0
299,0.0
300,0.0
301,0.0
302,0.133303597186
303,0.0
304,0.0
305,0.0
306,0.0
307,0.0
308,0.0
309,0.0
310,0.0
311,0.0
312,0.0
313,0.0
314,0.0
315,0.1883335352
316,0.184794435957
317,0.0
318,0.121604768519
319,0.0
320,0.0
321,0.266666666667
322,0.301087830365
323,0.0854747968321
324,0.522562469922
325,0.0393619758972
326,0.258288904382
327,0.201701786262
328,0.252199392918
329,0.261511622773
330,0.0912442819928
331,0.269712382399
332,0.243126499993
333,0.0
334,0.214591020087
335,0.198421265268
336,0.0492456195923
337,0.108435429343
338,0.164037273093
339,0.53800029217
340,0.429280551003
341,0.334652983447
342,0.0944879688531
343,0.215366568364
344,0.340174301076
345,0.234384829293
346,0.0291750011036
347,0.280170214671
348,0.276466060715
349,0.252392515174
350,0.311032141368
351,0.462879449796
352,0.147973388365
353,0.0
354,0.36207017224
355,0.115280871196
356,0.145785764128
357,0.227719581905
358,0.295468498759
359,0.324164624303
360,0.271770305123
361,0.354236503798
362,0.0282917216555
363,0.194567629631
364,0.0781621391147
365,0.169285410433
366,0.330890344549
367,0.0
368,0.482038199924
369,0.08346329593
370,0.205721478746
371,0.00400325730564
372,0.127424852851
373,0.44763473024
374,0.610833381073
375,0.143227371751
376,0.390227439923
377,0.146381579825
378,0.390346294
379,0.503632177352
380,0.558026435345
381,0.364671660788
382,0.0688792687942
383,0.226134766562
384,0.734870504414
385,0.296575558747
386,0.278664366696
387,0.148034738417
388,0.488479512074
389,0.428212078168
390,0.222486327453
391,0.22799757382
392,0.195044866671
393,0.00633409924762
394,0.0
395,0.29571003046
396,0.011574531761
397,0.0815907300104
398,0.0886178643242
399,0.0
400,0.322489661874
401,0.0911648056238
402,0.261795251857
403,0.411330179089
404,0.072937665902
405,0.176457128015
406,0.16739256726
407,0.580636457854
408,0.269993006536
409,0.120396403138
410,0.271893988084
411,0.538277055223
412,0.462549122091
413,0.0455926520355
414,0.00661219950344
415,0.0699001896647
416,0.144427612019
417,0.164490880957
418,0.122260197981
419,0.403383951427
420,0.256248776821
421,0.309949337508
422,0.310421626326
423,0.557718879888
424,0.448485031609
425,0.237785757257
426,0.483664172799
427,0.14062931498
428,0.294150117385
429,0.386654282983
430,0.547475116769
431,0.0796817449013
432,0.0130235481004
433,0.154479272354
434,0.0926087334865
435,0.218180830407
436,0.247921947067
437,0.00957003428659
438,0.124074135552
439,0.0942305440548
440,0.0
441,0.116271098395
442,0.135660572289
443,0.319947223529
444,0.118327019354
445,0.536571608581
446,0.182008689615
447,0.43885371167
448,0.203838319111
449,0.68194471195
450,0.439774951721
451,0.0577582304509
452,0.53660772475
453,0.185742650375
454,0.1012411597
455,0.0633996851594
456,0.0
457,0.0
458,0.468251162999
459,0.316315453254
460,0.171459016092
461,0.0823164574332
462,0.554230277268
463,0.0224600112981
464,0.0304014885071
465,0.0
466,0.0
467,0.0
468,0.090346332945
469,0.234057500937
470,0.298878567812
471,0.191726148679
472,0.103131601553
473,0.108305538225
474,0.0804072974782
475,0.0512525657636
476,0.394255430209
477,0.547485975795
478,0.538772322994
479,0.0354294634676
480,0.320359902911
481,0.331876684293
482,0.158998050347
483,0.155512802197
484,0.248729489802
485,0.684300867198
486,0.442353268166
487,0.735454666185
488,0.731302845645
489,0.270148322312
490,0.483494495757
491,0.313886525744
492,0.476888907238
493,0.327304018788
494,0.704623607576
495,0.0879775290984
496,0.0134604166925
497,0.06118440002
498,0.641094105897
499,0.0315868338376
500,0.0324585548295
501,0.23344487862
502,0.453336551357
503,0.268464118486
504,0.0
505,0.561824479903
506,0.108608875593
507,0.0710216216845
508,0.229993569209
509,0.0410257525183
510,0.0542576904768
511,0.066396158144
512,0.132018719638
513,0.0
514,0.0
515,0.0
516,0.0435324278192
517,0.0
518,0.0
519,0.0395003921393
520,0.128367503496
521,0.0
522,0.0268411723118
523,0.057874421205
524,0.233186550265
525,0.31863948365
526,0.0241199404796
527,0.0268605983272
528,0.100872259736
529,0.0
530,0.0
531,0.0845383080155
532,0.124095002943
533,0.0
534,0.0
535,0.294793319049
536,0.137326536084
537,0.286035899483
538,0.196538727831
539,0.144776684667
540,0.0892880671094
541,0.0
542,0.210526786488
543,0.0226745279716
544,0.00381913792239
545,0.597046048567
546,0.398324782318
547,0.0
548,0.0
549,0.19949551543
550,0.0530962532781
551,0.533035139969
552,0.0
553,0.0
554,0.0
555,0.429661267152
556,0.407163678679
557,0.251087884847
558,0.509916470896
559,0.293515731048
560,0.240778335759
561,0.0561596194252
562,0.470979532061
563,0.105825061036
564,0.260962908871
565,0.0785543660622
566,0.0
567,0.00716376409174
568,0.0
569,0.00154225488652
570,0.258460040924
571,0.329761481081
572,0.156996633626
573,0.365673563507
574,0.53480266421
575,0.22940443368
576,0.11054542992
577,0.430820633813
578,0.267423040117
579,0.181926921891
580,0.134497721168
581,0.173512958474
582,0.238084941803
583,0.145948675998
584,0.00951035923593
585,0.0332486932038
586,0.0
587,0.00824809782432
588,0.0282123291757
589,0.0
590,0.182109352049
591,0.348367804599
592,0.241742890728
593,0.0189953084927
594,0.0956736617438
595,0.04712156592
596,0.0
597,0.0
598,0.00838771307897
599,0.0
600,0.0
601,0.0
602,0.00959225176095
603,0.0784614651505
604,0.39344196921
605,0.309061381669
606,0.00962473829927
607,0.190314369672
608,0.0
609,0.290304664446
610,0.536902336122
611,0.449712143118
612,0.439546521769
613,0.204269302277
614,0.0606060606061
615,0.0420089200339
616,0.123963343435
617,0.33589743786
618,0.141414652344
619,0.105263157895
620,0.0
621,0.0646650034007
622,0.0
623,0.154032706791
624,0.0519029427717
625,0.0770163533955
626,0.0935894927338
627,0.113153053426
628,0.0
629,0.149492877461
630,0.0152671755725
631,0.0
632,0.146640073413
633,0.204208041869
634,0.238172581483
635,0.137768383714
636,0.0
637,0.0
638,0.0
639,0.0
640,0.0
641,0.0
642,0.0
643,0.0
644,0.0
645,0.0
646,0.0
647,0.0
648,0.0
649,0.0
650,0.0
651,0.0
652,0.14582042522
653,0.510205180765
654,0.382358773213
655,0.247246154526
656,0.251505914816
657,0.0
658,0.501173868196
659,0.0636574751537
660,0.21533105691
661,0.304540752814
662,0.389779763461
663,0.240551837478
664,0.489216985404
665,0.0314231349647
666,0.0116307607539
667,0.0
668,0.240425220355
669,0.346466734264
670,0.0
671,0.0
672,0.273917956518
673,0.336128184761
674,0.105805435787
675,0.0106272570882
676,0.0815626540435
677,0.0317282524314
678,0.0539310719942
679,0.0
680,0.0269898708087
681,0.0
682,0.0100390610989
683,0.287150460313
684,0.0324713285519
685,0.310513690688
686,0.0997888780468
687,0.0264931956537
688,0.00722001414581
689,0.0581931759764
690,0.10677454111
691,0.0
692,0.227204632627
693,0.00652792104204
694,0.0341954471092
695,0.0
696,0.410383830567
697,0.37073439155
698,0.00278739676757
699,0.424540197832
700,0.0
701,0.0
702,0.0
703,0.108031290456
704,0.292162010496
705,0.124628694589
706,0.0
707,0.0131324669679
708,0.320398299359
709,0.277108103949
710,0.0
711,0.266208549216
712,0.175453438035
713,0.00477755090926
714,0.154620306641
715,0.139016608494
716,0.0
717,0.0
718,0.0778351262079
719,0.406034677545
720,0.513638690178
721,0.558151142233
722,0.560001283202
723,0.388584119092
724,0.494738003689
725,0.328472656552
726,0.312921651612
727,0.124910097704
728,0.556655066455
729,0.0548786142398
730,0.42362463683
731,0.247949636496
732,0.0854271271344
733,0.0143437327361
734,0.291903403792
735,0.0645221531453
736,0.283819826809
737,0.134425714312
738,0.430844889839
739,0.63575928498
740,0.489190049817
741,0.192066293349
742,0.0417973478761
743,0.365730038043
744,0.0482385760819
745,0.526454667662
746,0.100436223903
747,0.0150044806599
748,0.160344826035
749,0.0
750,0.0491496656924
751,0.23708005028
752,0.111559497034
753,0.0990815295241
754,0.0
755,0.0
756,0.0
757,0.0111548920504
758,0.0397501778041
759,0.0992846636866
760,0.406355915024
761,0.0
762,0.134925913719
763,0.0236260742837
764,0.145651819459
765,0.0491926709437
766,0.160604132172
767,0.442961631617
768,0.0199659346298
769,0.0358698025019
770,0.0
771,0.214789682996
772,0.0
773,0.225752957408
774,0.0
775,0.0
776,0.0
777,0.0
778,0.0
779,0.133822105019
780,0.0172385401525
781,0.151251210089
782,0.0352285658696
783,0.32423383164
784,0.0335615798712
785,0.232769005802
786,0.0048195260219
787,0.0
788,0.324264086847
789,0.249794270745
790,0.360075748448
791,0.0132383203841
792,0.438196984519
793,0.0643689565131
794,0.088702631236
795,0.0350708119578
796,0.189552756883
797,0.0
798,0.0
799,0.0
800,0.106638027778
801,0.326918909789
802,0.0
803,0.0
804,0.207643361254
805,0.127529041281
806,0.315605263578
807,0.137186417815
808,0.366786947106
809,0.569451636593
810,0.144723580996
811,0.422659181833
812,0.511396690101
813,0.193872995738
814,0.0183463534518
815,0.621936773965
816,0.151513969466
817,0.0359471431155
818,0.402651717026
819,0.054778858672
820,0.0258934452095
821,0.30879759376
822,0.401958039352
823,0.277629426297
824,0.119848707319
825,0.118805880141
826,0.357877996118
827,0.385307177499
828,0.0762913008383
829,0.159496421196
830,0.0
831,0.126712163744
832,0.0126930319701
833,0.00604865180015
834,0.302669358134
835,0.397473429405
836,0.124077880511
837,0.0
838,0.0
839,0.0
840,0.527515708607
841,0.231763116078
842,0.125846904662
843,0.122324681498
844,0.0174326159827
845,0.539351579145
846,0.0171192402769
847,0.00814676550151
848,0.0
849,0.0
850,0.32400335644
851,0.0228581523608
852,0.0
853,0.0593362725872
854,0.00475442442117
855,0.100132040898
856,0.0
857,0.220904026666
858,0.368366777959
859,0.289494988349
860,0.0
861,0.0
862,0.0
863,0.577996581349
864,0.28987231911
865,0.00215663195324
866,0.438481804075
867,0.338212639803
868,0.557791914857
869,0.0
870,0.438767120404
871,0.595271411992
872,0.448894805901
873,0.389324627791
874,0.133303597186
875,0.0
876,0.0
877,0.0
878,0.0
879,0.387326887416
880,0.321246246433
881,0.0747663551402
882,0.177904641417
883,0.0445383360271
884,0.398171749551
885,0.120620153705
886,0.267955229544
887,0.309880909855
888,0.35658854222
889,0.259265042623
890,0.354985335275
891,0.231234490023
892,0.642369428493
893,0.479542528939
894,0.580505907124
895,0.534731351903
896,0.236022725328
897,0.144318895731
898,0.630224002629
899,0.734860458964
900,0.553027942235
901,0.662751698753
902,0.646267656736
903,0.282767848477
904,0.564252222512
905,0.498027199372
906,0.053262407966
907,0.168961834065
908,0.392874036716
909,0.560626253879
910,0.332318390234
911,0.376307124477
912,0.572339999763
913,0.39467603895
914,0.0674483482045
915,0.450569440361
916,0.582357774634
917,0.303884099362
918,0.105403838716
919,0.440349926747
920,0.268359344634
921,0.300630250854
922,0.192960776719
923,0.486984273875
924,0.378190575912
925,0.0447045522594
926,0.294818712678
927,0.6274153854
928,0.141461342224
929,0.0
930,0.668156285336
931,0.632144699406
932,0.652277029715
933,0.643926408993
934,0.628998499888
935,0.235414762788
936,0.36137096878
937,0.331524554952
938,0.444431403844
939,0.377602517084
940,0.169314718056
941,0.0803862650245
942,0.0
943,0.0
944,0.0
945,0.0
946,0.0
947,0.0
948,0.0
949,0.0
950,0.0
951,0.0
952,0.248490022969
953,0.223270936497
954,0.307993019902
955,0.0
956,0.100840336134
957,0.140041174965
958,0.296296296296
959,0.232101187747
960,0.0680500880741
961,0.281740641676
962,0.150348343069
963,0.130489921716
964,0.314687119669
965,0.115786900175
966,0.11633239394
967,0.206327181246
968,0.230305577242
969,0.241718277734
970,0.125689733056
971,0.28773421229
972,0.511128765887
973,0.262263335424
974,0.155452035646
975,0.295100861606
976,0.0666666666667
977,0.214616135135
978,0.297194535082
979,0.59040058532
980,0.727233634377
981,0.651691078731
982,0.630799351805
983,0.619837094079
984,0.15003871844
985,0.170212765957
986,0.0867325491054
987,0.0
988,0.0775491027295
989,0.113163755951
990,0.133333333333
991,0.288979367293
992,0.627604942835
993,0.010509705807
994,0.434050539467
995,0.594308931138
996,0.310303893762
997,0.479847676814
998,0.0585809768489
999,0.749871286196
1000,0.373997029065
1001,0.139333554574
1002,0.515966930371
1003,0.588216651601
1004,0.561919547191
1005,0.139016608494
1006,0.401741379755
1007,0.0039139476982
1008,0.0
1009,0.0
1010,0.0
1011,0.606028328507
1012,0.585046308213
1013,0.595534361666
1014,0.58599907897
1015,0.486004162748
1016,0.0
1017,0.398505084276
1018,0.354308546931
1019,0.547635774866
1020,0.327061423901
1021,0.422389932868
1022,0.494815841451
1023,0.0
1024,0.0
1025,0.0935894927338
1026,0.102688471194
1027,0.0
1028,0.0
1029,0.308988699307
1030,0.331522765084
1031,0.0852426150933
1032,0.628196348906
1033,0.503128580599
1034,0.252916543242
1035,0.0
1036,0.226244625154
1037,0.254387654641
1038,0.675109947778
1039,0.590413153376
1040,0.354700037274
1041,0.230720899835
1042,0.595801095598
1043,0.367323479807
1044,0.717815039614
1045,0.598285876378
1046,0.121157309855
1047,0.516961522174
1048,0.494592449221
1049,0.445575197476
1050,0.682947716264
1051,0.181407894402
1052,0.320148955717
1053,0.165361367726
1054,0.419395914081
1055,0.335587766715
1056,0.322618972172
1057,0.0
1058,0.439231881042
1059,0.514936509564
1060,0.411277528254
1061,0.0293260074333
1062,0.200613654951
1063,0.309280953325
1064,0.493626586863
1065,0.500609268075
1066,0.0
1067,0.0
1068,0.0
1069,0.590809593987
1070,0.433557156866
1071,0.630903275719
1072,0.128424945145
1073,0.474860356373
1074,0.419297510801
1075,0.0
1076,0.016024154762
1077,0.731850802207
1078,0.758113513208
1079,0.797886924358
1080,0.507352299999
1081,0.509485897594
1082,0.746245159605
1083,0.752089392747
1084,0.125
1085,0.166666666667
1086,0.125
1087,0.688011602991
1088,0.56037588897
1089,0.581482836211
1090,0.80742339264
1091,0.752652332241
1092,0.0
1093,0.0
1094,0.0
1095,0.133303597186
1096,0.0
1097,0.266666666667
1098,0.0
1099,0.0
1100,0.0
1101,0.0
1102,0.0
1103,0.0
1104,0.00693013610289
1105,0.649296622798
1106,0.0
1107,0.366788780678
1108,0.312526938101
1109,0.245951899439
1110,0.24400289045
1111,0.652522597034
1112,0.511151684166
1113,0.0
1114,0.0
1115,0.0
1116,0.0
1117,0.0
1118,0.0
1119,0.473903383769
1120,0.147393301364
1121,0.078078635375
1122,0.632500489713
1123,0.841452116394
1124,0.580529074137
1125,0.765870165406
1126,0.807859747941
1127,0.801584221688
1128,0.496198035999
1129,0.503025910564
1130,0.692068684061
1131,0.634333934998
1132,0.690815588642
1133,0.592659668153
1134,0.401831968256
1135,0.477523499525
1136,0.620772923114
1137,0.554907742635
1138,0.466253400072
1139,0.267140251496
1140,0.328079100864
1141,0.260360918377
1142,0.390811865492
1143,0.347859526285
1144,0.317640435882
1145,0.726141755884
1146,0.678372116101
1147,0.486719401809
1148,0.235106409008
1149,0.321612658701
1150,0.317461022891
1151,0.494493491521
1152,0.683924047503
1153,0.641613384032
1154,0.74354035817
1155,0.755597743796
1156,0.661719967102
1157,0.448120699983
1158,0.682261678375
1159,0.716165904699
1160,0.532494558374
1161,0.647612697246
1162,0.430270256626
1163,0.645227430818
1164,0.52624040773
1165,0.681145090328
1166,0.788799568413
1167,0.630235950235
1168,0.763726197221
1169,0.575329039045
1170,0.770125710592
1171,0.611086011782
1172,0.390081840516
1173,0.682276330301
1174,0.494587990905
1175,0.505568378442
1176,0.544681270464
1177,0.374860718336
1178,0.480000089862
1179,0.43831016511
1180,0.56113114756
1181,0.280161563254
1182,0.248292623411
1183,0.798788777014
1184,0.458944151307
1185,0.76903007296
1186,0.0
1187,0.38090430383
1188,0.668338578892
1189,0.436859896862
1190,0.122936966324
1191,0.257954749149
1192,0.511227300953
1193,0.569082672616
1194,0.413990091821
1195,0.282351871297
1196,0.417585758946
1197,0.417561249574
1198,0.342540454964
1199,0.158433641271
