site,dnds
1,0.0
2,0.0
3,0.0990210257943
4,0.0
5,0.155952872413
6,0.14409000665
7,0.10542400798
8,0.129664781333
9,0.441917832496
10,0.468016333203
11,0.201200806114
12,0.35089883555
13,0.617108686195
14,0.607569298091
15,0.651905811118
16,0.665652085216
17,0.535209057869
18,0.427747252941
19,0.664830377689
20,0.443017221123
21,0.490148958523
22,0.513999598215
23,0.235445088722
24,0.398409399749
25,0.336079297513
26,0.307414621144
27,0.650508588779
28,0.600463791687
29,0.56479557815
30,0.62327496242
31,0.246370127171
32,0.071925760165
33,0.294418389306
34,0.0
35,0.156068773759
36,0.315991763657
37,0.278613116865
38,0.281924986928
39,0.13682829208
40,0.161612240857
41,0.0
42,0.0
43,0.459206224794
44,0.118968051394
45,0.374610982191
46,0.236356063133
47,0.162508131535
48,0.209634287712
49,0.384668598011
50,0.174439057649
51,0.126641178836
52,0.226764091576
53,0.149764425385
54,0.398638282378
55,0.416033444104
56,0.480691081588
57,0.248601788721
58,0.570476143703
59,0.435161650824
60,0.170371961635
61,0.290545446712
62,0.493711786758
63,0.224941379826
64,0.434872122077
65,0.0514571496421
66,0.335319868769
67,0.428346895264
68,0.532110717184
69,0.094592854468
70,0.125880247725
71,0.458173778002
72,0.17747217534
73,0.253710376528
74,0.369658004573
75,0.390459580252
76,0.121355992417
77,0.139705932174
78,0.184484916785
79,0.329984128375
80,0.0665614280242
81,0.42059117919
82,0.395910093657
83,0.127320402016
84,0.375797385352
85,0.21115795849
86,0.045389758752
87,0.0146064262095
88,0.0881802369442
89,0.0294342502136
90,0.0926761038771
91,0.214087601529
92,0.324076740687
93,0.161521375428
94,0.0103473183574
95,0.350215368977
96,0.0733435179408
97,0.0383604556067
98,0.183621873116
99,0.0171314102189
100,0.224777524453
101,0.206116528606
102,0.339676803148
103,0.0325016504807
104,0.422709981408
105,0.0
106,0.0
107,0.284844373379
108,0.0426151550879
109,0.291979780521
110,0.346420148106
111,0.390132850866
112,0.158701675993
113,0.168597056065
114,0.188418517328
115,0.190516282584
116,0.0543285522511
117,0.425565389929
118,0.43059569596
119,0.134575361956
120,0.00266568740564
121,0.404753106582
122,0.116146825103
123,0.280558294407
124,0.331740155555
125,0.0227321363045
126,0.386453824359
127,0.432062613526
128,0.546768085376
129,0.371228353761
130,0.127216347777
131,0.425712186173
132,0.130346915362
133,0.226595746298
134,0.550671345798
135,0.42397803603
136,0.16108493425
137,0.339654820554
138,0.23292076642
139,0.593353217844
140,0.6267168545
141,0.474304507019
142,0.358445025559
143,0.0
144,0.0
145,0.0
146,0.0
147,0.277139914704
148,0.100821408081
149,0.167378660336
150,0.0
151,0.412043752192
152,0.610316948113
153,0.507650445872
154,0.656020425824
155,0.384495702129
156,0.423375998274
157,0.266666666667
158,0.0
159,0.0
160,0.0990210257943
161,0.0764988636276
162,0.0
163,0.0
164,0.0
165,0.0
166,0.0
167,0.0
168,0.0
169,0.0
170,0.0
171,0.0
172,0.0
173,0.0
174,0.361020318147
175,0.503578207561
176,0.0607526581617
177,0.200209181722
178,0.465921166016
179,0.173049656224
180,0.529249972103
181,0.172341559898
182,0.146875361649
183,0.463788156791
184,0.0506951598269
185,0.283767696259
186,0.0
187,0.109174404337
188,0.0
189,0.128820248554
190,0.147974561117
191,0.0
192,0.163036799837
193,0.395632544203
194,0.421241759002
195,0.111452146631
196,0.341281068514
197,0.507447169449
198,0.263657311333
199,0.141048206954
200,0.0586741828771
201,0.373042945873
202,0.261482194901
203,0.394299403176
204,0.267123599958
205,0.513460441226
206,0.342576550568
207,0.113677725876
208,0.334454744126
209,0.470288952361
210,0.320362044023
211,0.0586950929426
212,0.563668149253
213,0.445115539939
214,0.495918034984
215,0.477678340029
216,0.550224540054
217,0.343404614541
218,0.186968368411
219,0.0
220,0.578781715754
221,0.488011710875
222,0.263014965446
223,0.482607029278
224,0.11032089928
225,0.0949981243504
226,0.169329483208
227,0.321421336407
228,0.282847847923
229,0.323221976003
230,0.00661219950344
231,0.409311219107
232,0.113901406958
233,0.180420989606
234,0.28460662542
235,0.0749742459634
236,0.0
237,0.0
238,0.0
239,0.178326786943
240,0.0
241,0.126762956385
242,0.321520425371
243,0.126223079111
244,0.0484553721308
245,0.0732690222244
246,0.643921558285
247,0.424745198266
248,0.0600087633242
249,0.309973238986
250,0.409760547943
251,0.438500581412
252,0.388049233466
253,0.190275211163
254,0.416328799534
255,0.302536727756
256,0.0892683901912
257,0.170777307118
258,0.406575881518
259,0.134735730141
260,0.0224416297013
261,0.111672194526
262,0.0267487692254
263,0.0018868078928
264,0.262245745426
265,0.369026454105
266,0.0203514147778
267,0.0345717153777
268,0.348495481117
269,0.101656011538
270,0.424226774613
271,0.443264838076
272,0.106064974335
273,0.433859703699
274,0.166666666667
275,0.0
276,0.0
277,0.4099260601
278,0.156478724615
279,0.108517148119
280,0.189232867357
281,0.319374803123
282,0.211396486441
283,0.26389626615
284,0.00156274863253
285,0.0
286,0.374894115162
287,0.199861129814
288,0.0
289,0.0239667463552
290,0.0380893514276
291,0.0785801724257
292,0.0739502820868
293,0.0228026692674
294,0.0
295,0.0
296,0.0
297,0.0
298,0.0
299,0.0
300,0.481878308393
301,0.498047395692
302,0.104094704262
303,0.213218338137
304,0.0411367989171
305,0.201553482359
306,0.0
307,0.199679588606
308,0.0
309,0.181534546162
310,0.0268777454294
311,0.00622113598529
312,0.0136242944656
313,0.00951035923593
314,0.119371003236
315,0.369709584717
316,0.0246382751283
317,0.365031010674
318,0.065183282577
319,0.0406973366906
320,0.0161324082478
321,0.15957292218
322,0.322241940237
323,0.0
324,0.0
325,0.0
326,0.0
327,0.0
328,0.0730032328245
329,0.115136998971
330,0.144183776679
331,0.37577438287
332,0.281077861637
333,0.492799719846
334,0.0921153942741
335,0.19621583944
336,0.610691793412
337,0.0120056070724
338,0.269289554047
339,0.262667872048
340,0.639181354528
341,0.169508863115
342,0.392288253909
343,0.480827408892
344,0.573154056551
345,0.412965809821
346,0.20573355693
347,0.525708070327
348,0.711641812704
349,0.478874094939
350,0.238979397693
351,0.263571619299
352,0.521904602533
353,0.575177109036
354,0.0847264856952
355,0.11320754717
356,0.0405465108108
357,0.585595908801
358,0.487823192986
359,0.0872404390587
360,0.137302493752
361,0.232135984306
362,0.353149020301
363,0.36362119182
364,0.288073937053
365,0.192345399971
366,0.00507927864414
367,0.176216852625
368,0.34528771732
369,0.137138883031
370,0.18307401009
371,0.0
372,0.0
373,0.198333195994
374,0.0
375,0.0585887910007
376,0.00237109574003
377,0.0350102722133
378,0.137402910403
379,0.403286880247
380,0.0135052634417
381,0.122169894322
382,0.0773912603654
383,0.0475728867647
384,0.0253480821239
385,0.306733416302
386,0.18519970892
387,0.327696577628
388,0.0749823423426
389,0.347778707608
390,0.415705611518
391,0.409879136748
392,0.305384580997
393,0.461793162199
394,0.10676566767
395,0.216614628635
396,0.383447393678
397,0.440473818506
398,0.367691661926
399,0.183717942493
400,0.255284817005
401,0.564961702567
402,0.486881537866
403,0.451099602624
404,0.130355444969
405,0.589433287835
406,0.460547855738
407,0.0
408,0.0
409,0.0
410,0.0
411,0.305284689872
412,0.413377100569
413,0.142708764294
414,0.0286451276924
415,0.184352926136
416,0.0255315650113
417,0.0117123860883
418,0.271568164125
419,0.339827759877
420,0.0
421,0.00533625799864
422,0.121682180894
423,0.0
424,0.18688869047
425,0.234515715765
426,0.0
427,0.383142815322
428,0.271640001358
429,0.334554484752
430,0.0
431,0.0
432,0.0
433,0.0
434,0.181300351237
435,0.0856083995976
436,0.0
437,0.0
438,0.154667970859
439,0.237461901189
440,0.202735258579
441,0.0
442,0.132140994215
443,0.00521361924718
444,0.0133108718996
445,0.253693410732
446,0.193878709896
447,0.0356255588167
448,0.23645301684
449,0.00863122488792
450,0.489129524065
451,0.218388581651
452,0.00569966419807
453,0.257583577571
454,0.321504969961
455,0.163708381026
456,0.114497873256
457,0.327493067879
458,0.516409773373
459,0.200439447354
460,0.38328128312
461,0.236508899386
462,0.00781688475455
463,0.181811836026
464,0.563433624847
465,0.504564221865
466,0.311617043846
467,0.245449295646
468,0.426563460631
469,0.290656666753
470,0.0597046266523
471,0.300039334904
472,0.403125695169
473,0.0744148677249
474,0.28325243341
