site,dnds
1,0.106252839915
2,0.175609479495
3,0.312907636712
4,0.0
5,0.333156619829
6,0.0204872307138
7,0.0526157849062
8,0.0174128202868
9,0.205180371135
10,0.0
11,0.0
12,0.0
13,0.0
14,0.0
15,0.0
16,0.0
17,0.0
18,0.0
19,0.0
20,0.0
21,0.306167410294
22,0.0121039305724
23,0.00309734251005
24,0.0390419534045
25,0.0
26,0.00487504904593
27,0.020321568194
28,0.0
29,0.202944980007
30,0.38297600937
31,0.0284137971573
32,0.00167962286868
33,0.0254472254919
34,0.0962590715998
35,0.0
36,0.0
37,0.0
38,0.0
39,0.0
40,0.0
41,0.0
42,0.0
43,0.0
44,0.0768638061693
45,0.0594016514272
46,0.0599463094552
47,0.470447275586
48,0.584237078316
49,0.266666666667
50,0.0869560155047
51,0.143838894907
52,0.290804480545
53,0.651610358623
54,0.407901617051
55,0.276474658781
56,0.360685917908
57,0.587310750873
58,0.40184998232
59,0.230501441089
60,0.260350421417
61,0.537728289771
62,0.387740161634
63,0.134567801122
64,0.237218295459
65,0.355779152293
66,0.00837378000076
67,0.344437259413
68,0.520974628596
69,0.43301750184
70,0.335222433662
71,0.340336507238
72,0.532653868609
73,0.0
74,0.0
75,0.0
76,0.443704208753
77,0.394797287587
78,0.426126248222
79,0.531611972141
80,0.0903245604831
81,0.0943538584328
82,0.68118893081
83,0.726407752484
84,0.21577646957
85,0.325260796872
86,0.619348456627
87,0.227527785781
88,0.563421139901
89,0.349326943321
90,0.573543895544
91,0.590685687228
92,0.558562098166
93,0.642497207343
94,0.477639308662
95,0.252053520204
96,0.0
97,0.555577746353
98,0.285753824064
99,0.19980949052
100,0.241444357728
101,0.675060461247
102,0.441976930717
103,0.309753230896
104,0.264543937935
105,0.652849528588
106,0.368982401773
107,0.0995943907624
108,0.296089397411
109,0.175038982437
110,0.658946237707
111,0.587031531373
112,0.517689296871
113,0.700677078492
114,0.596070353656
115,0.597819929228
116,0.627209599044
117,0.642902131224
118,0.655885236493
119,0.537774786826
120,0.568678847932
121,0.682795356291
122,0.452797349598
123,0.696200185137
124,0.701812751144
125,0.502643266147
126,0.771320159484
127,0.074272380079
128,0.415330387824
129,0.255628298909
130,0.535152935939
131,0.35538810853
132,0.0696418429064
133,0.444499192506
134,0.504329382888
135,0.336400719712
136,0.512843918488
137,0.320530794115
138,0.0
139,0.0
140,0.0
141,0.0
142,0.0
143,0.0
144,0.0
145,0.0
146,0.284075860751
147,0.403708393605
148,0.528597403582
149,0.675168303403
150,0.0529801324503
151,0.406565291354
152,0.409240331014
153,0.0343695083729
154,0.0
155,0.725041121063
156,0.492832186703
157,0.446532055891
158,0.593460372819
159,0.746395202584
160,0.431586402236
161,0.396664328515
162,0.522205226255
163,0.635554801575
164,0.246181513568
165,0.00462197693799
166,0.643270745288
167,0.029035043562
168,0.623711824582
169,0.20726007571
170,0.30027234051
171,0.327849385231
172,0.568320398702
173,0.0
174,0.174636299548
175,0.363907971752
176,0.614843502757
177,0.0657881414846
178,0.0597785399949
179,0.158956609607
180,0.368727837942
181,0.298872963064
182,0.0300788907576
183,0.146356376372
184,0.102598699171
185,0.0
186,0.0829098838834
187,0.295964528304
188,0.0823278782466
189,0.0731284017047
190,0.163072488075
191,0.600410355839
192,0.00634802727932
193,0.153097830418
194,0.349140911706
195,0.373135595814
196,0.373048433983
197,0.426564506256
198,0.394978605743
199,0.0408277071316
200,0.0
201,0.0
202,0.0
203,0.0
204,0.0
205,0.0
206,0.0
207,0.0
208,0.292732102833
209,0.55859012208
210,0.593526550005
211,0.512999244076
212,0.376653826049
213,0.0463888780578
214,0.513117818991
215,0.0168883862001
216,0.231454412126
217,0.424549069538
218,0.150387272075
219,0.0
220,0.286403270542
221,0.0263801454401
222,0.174808796147
223,0.365780429818
224,0.0124769423198
225,0.38873548268
226,0.133610590869
227,0.028952718662
228,0.131144017706
229,0.028285633849
230,0.0294722721883
231,0.400880500216
232,0.0696083202321
233,0.147858143705
234,0.682121522592
235,0.0195009864479
236,0.529023542214
237,0.530446484852
238,0.300186053805
239,0.0833270869815
240,0.44311121841
241,0.428993981866
242,0.651600087888
243,0.0
244,0.0
245,0.0
246,0.0
247,0.0
248,0.0
249,0.0
250,0.0924196240747
251,0.0
252,0.0
253,0.106194690265
254,0.0660140171962
255,0.154032706791
256,0.0
257,0.0
258,0.0
259,0.0
260,0.0
261,0.132028034392
262,0.0
263,0.0
264,0.117699510361
265,0.0
266,0.0
267,0.154032706791
268,0.0
269,0.196110128143
270,0.0
271,0.0
272,0.0
273,0.0
274,0.0
275,0.1263858107
276,0.0
277,0.0
278,0.0
279,0.0
280,0.0
281,0.0
282,0.0
283,0.0636347441368
284,0.0
285,0.117699510361
286,0.222197915161
287,0.181963871644
288,0.153846153846
289,0.166666666667
290,0.0
291,0.133303597186
292,0.199955395779
293,0.0
294,0.244136064148
295,0.0
296,0.0
297,0.0
298,0.0
299,0.0
300,0.106638027778
301,0.0
302,0.0
303,0.0
304,0.0
305,0.0680500880741
306,0.175112904021
307,0.175803032089
308,0.0
309,0.0131145120452
310,0.0160967210398
311,0.0
312,0.00661219950344
313,0.0108593143648
314,0.0
315,0.0208558577469
316,0.039204616068
317,0.0312462293157
318,0.0
319,0.10205198182
320,0.0120655267199
321,0.0
322,0.0946696136594
323,0.0879347358652
324,0.0182232973822
325,0.0018868078928
326,0.18405615842
327,0.0
328,0.21596689206
329,0.0144923696638
330,0.118967533768
331,0.308841769533
332,0.154821689329
333,0.305807142808
334,0.0173104273091
335,0.177143694649
336,0.183205948789
337,0.0995383970354
338,0.270080209399
339,0.00500719812331
340,0.263933268965
341,0.0391237378244
342,0.0142573475164
343,0.0919635786908
344,0.343809096399
345,0.0214352201114
346,0.472016269692
347,0.0
348,0.205620222877
349,0.474047336607
350,0.420393427907
351,0.0
352,0.288125065145
353,0.00339362438385
354,0.0712041819602
355,0.0537253209177
356,0.456190851827
357,0.0
358,0.0960791912007
359,0.133523290952
360,0.474277140112
361,0.0909286673299
362,0.0
363,0.428823448364
364,0.238324661574
365,0.139648464148
366,0.11472020724
367,0.10336806832
368,0.313739921357
369,0.379995473985
370,0.0707483926861
371,0.0
372,0.58166778597
373,0.527374952393
374,0.257056013447
375,0.113363038727
376,0.333199072886
377,0.121254371169
378,0.0129925996499
379,0.00475517961797
380,0.0587066025388
381,0.0018868078928
382,0.0
383,0.358965939809
384,0.0
385,0.253168321006
386,0.168561621417
387,0.355194391976
388,0.326604698395
389,0.00543574473868
390,0.224420733459
391,0.181341418612
392,0.265143817902
393,0.648605123659
394,0.445099215434
395,0.201627545079
396,0.206935813986
397,0.314984313973
398,0.571184705155
399,0.527243366583
400,0.260705242573
401,0.0
402,0.0412093018385
403,0.160509320334
404,0.292897708613
405,0.0
406,0.0
407,0.0
408,0.104634232994
409,0.536333484515
410,0.222222222222
411,0.0
412,0.166877816
413,0.0990210257943
414,0.169314718056
415,0.0
416,0.034807515229
417,0.0
418,0.0
419,0.0909920337028
420,0.141031341951
421,0.0
422,0.0
423,0.0
424,0.0
425,0.0
426,0.0
427,0.0
428,0.0
429,0.0
430,0.0
431,0.0
432,0.0
433,0.0
434,0.0
435,0.0
436,0.0
437,0.0
438,0.0
439,0.0
440,0.108124028829
441,0.0
442,0.0
443,0.144121501799
444,0.180602365926
445,0.509029191561
446,0.0
447,0.0
448,0.0
449,0.0
450,0.0
451,0.133303597186
452,0.0
453,0.0867325491054
454,0.142857142857
455,0.142857142857
456,0.132776341132
457,0.0
458,0.0
459,0.0
460,0.0
461,0.0
462,0.0
463,0.0
464,0.0
465,0.0
466,0.0
467,0.0
468,0.0
469,0.0
470,0.0
471,0.0
472,0.0
473,0.0
474,0.0
475,0.0
476,0.0
477,0.0
478,0.0
479,0.0
480,0.0
481,0.276203606873
482,0.374016947891
483,0.491728416898
484,0.301558330911
485,0.403509670495
486,0.606276341107
487,0.536576302537
488,0.187315489589
489,0.474729259314
490,0.541503941781
491,0.153819558181
492,0.293210500528
493,0.374323491381
494,0.634742585701
495,0.30703269664
496,0.0573485233059
497,0.480702523721
498,0.47745758664
499,0.392505035715
500,0.0
501,0.137326536084
502,0.055055197035
503,0.0
504,0.166666666667
505,0.302753940934
506,0.0
507,0.183561104702
508,0.212634636516
509,0.0
510,0.232101187747
511,0.0597375113606
512,0.494408807739
513,0.522854609016
514,0.581346712408
515,0.524208697865
516,0.0786549992125
517,0.573156461468
518,0.0522104893225
519,0.238998794465
520,0.105622427514
521,0.403964179732
522,0.163574513682
523,0.0382272012532
524,0.5330387847
525,0.036238491434
526,0.335472205186
527,0.0
528,0.0300407839245
529,0.00451996229571
530,0.0463801158143
531,0.0
532,0.0
533,0.0
534,0.0
535,0.0
536,0.0
537,0.0
538,0.0
539,0.0
540,0.0
541,0.0
542,0.0
543,0.0
544,0.0
545,0.0
546,0.0
547,0.0
548,0.0
549,0.0
550,0.0
551,0.0
552,0.0
553,0.0
554,0.0
555,0.0
556,0.0
557,0.0
558,0.0
559,0.0
560,0.0
561,0.0
562,0.0
563,0.0
564,0.0362850976229
565,0.00225816557556
566,0.438864084255
567,0.0216470993291
568,0.222860902626
569,0.250264394483
570,0.0
571,0.0
572,0.358221400612
573,0.0315811951857
574,0.0796370757101
575,0.369420104723
576,0.141176325037
577,0.0487587417678
578,0.364639766487
579,0.0
580,0.176708086897
581,0.29417685524
582,0.0782752842811
583,0.282598401631
584,0.354708163428
585,0.142381862476
