site,dnds
1,0.0
2,0.0
3,0.0
4,0.133303597186
5,0.112503977253
6,0.133303597186
7,0.239656477777
8,0.168384534016
9,0.259944619983
10,0.442919087407
11,0.313487835879
12,0.326522866608
13,0.414963760317
14,0.258521229989
15,0.420596821415
16,0.333978359355
17,0.409060630297
18,0.377328045692
19,0.129967172833
20,0.321746164968
21,0.143841036226
22,0.243075139209
23,0.180024459611
24,0.15092467414
25,0.0593748987388
26,0.162564851376
27,0.0427407551201
28,0.113167964066
29,0.02364799061
30,0.0
31,0.0815792460221
32,0.234390349851
33,0.357944987126
34,0.40821003508
35,0.0
36,0.54554800834
37,0.740796079646
38,0.626433012515
39,0.654442186661
40,0.292939708049
41,0.322049344211
42,0.696454000828
43,0.358868525724
44,0.0711624068985
45,0.473775144667
46,0.478663437953
47,0.615076287264
48,0.472133094526
49,0.0
50,0.0
51,0.202744389908
52,0.439835525669
53,0.693849617244
54,0.651916848625
55,0.722944982748
56,0.20947269119
57,0.428372261197
58,0.0
59,0.00936317171059
60,0.257038885167
61,0.121311073037
62,0.578954020159
63,0.256578204408
64,0.0
65,0.0
66,0.0
67,0.0
68,0.142507214814
69,0.0
70,0.442558106317
71,0.545751319616
72,0.137120707466
73,0.181487985679
74,0.071228204722
75,0.0
76,0.0299293646906
77,0.0
78,0.0655525790159
79,0.263610616235
80,0.515780604931
81,0.17476588689
82,0.448212459157
83,0.283861456066
84,0.229201288004
85,0.330894023683
86,0.295153655458
87,0.389294281202
88,0.0916005360568
89,0.146170979399
90,0.0853104222228
91,0.392271450099
92,0.331232589718
93,0.345923671382
94,0.0745547094502
95,0.241712862964
96,0.280105841965
97,0.0475300923813
98,0.132028034392
99,0.0873069368478
100,0.180409883108
101,0.112280701754
102,0.344827586207
103,0.137316461666
104,0.102688471194
105,0.326827574076
106,0.0490797546012
107,0.318642799275
108,0.140852596758
109,0.0681897282622
110,0.170212765957
111,0.0
112,0.505555228466
113,0.190464009004
114,0.257991750215
115,0.506796220229
116,0.430442462169
117,0.579968062493
118,0.00952584027037
119,0.0423041156751
120,0.153495413527
121,0.0047794946651
122,0.00331245094207
123,0.034466078732
124,0.0
125,0.00681785482212
126,0.0103875174663
127,0.132637536098
128,0.289026737402
129,0.403402272003
130,0.182234610432
131,0.208278620658
132,0.256994901855
133,0.0
134,0.510283706047
135,0.375035991684
136,0.309123388265
137,0.231228779077
138,0.0
139,0.0
140,0.0
141,0.0
142,0.265583425948
143,0.0
144,0.0
145,0.462333272391
146,0.224246336336
147,0.639705070847
148,0.434231879019
149,0.595374191889
150,0.694401451783
151,0.391231815251
152,0.138410341909
153,0.120365451768
154,0.383871823772
155,0.110845644351
156,0.421761897839
157,0.0
158,0.0586795881188
159,0.171168318517
160,0.0
161,0.0
162,0.0924196240747
163,0.0647301688989
164,0.163573511939
165,0.231290369922
166,0.0
167,0.0
168,0.17963658231
169,0.0
170,0.142947297574
171,0.0
172,0.0
173,0.456700385674
174,0.646253190305
175,0.720146814917
176,0.646847741247
177,0.459912269092
178,0.579032095606
179,0.25833986848
180,0.40637744558
181,0.580912037431
182,0.331034069545
183,0.204208041869
184,0.243365075442
185,0.0
186,0.0
187,0.0
188,0.213141704271
189,0.313820947181
190,0.0879120879121
191,0.101359049373
192,0.166737727858
193,0.214953461807
194,0.493100490463
195,0.225822044782
196,0.463544015093
197,0.728037428986
198,0.412393140124
199,0.620234120601
200,0.313124464697
201,0.480839491986
202,0.580126783384
203,0.546790807817
204,0.118823046213
205,0.496783503392
206,0.512496307562
207,0.503832661743
208,0.00131526979233
209,0.141777073241
210,0.211011587051
211,0.0
212,0.0
213,0.548526206254
214,0.273832489046
215,0.0
216,0.112874798727
217,0.0419419190597
218,0.125533995252
219,0.0419419190597
220,0.353152881132
221,0.0
222,0.0
223,0.0
224,0.0
225,0.0
226,0.0
227,0.678427911045
228,0.382374402635
229,0.508124604751
230,0.321890684772
231,0.385015859431
232,0.314835769575
233,0.422578311083
234,0.368488607582
235,0.24172191841
236,0.35390750596
237,0.495122207874
238,0.708565208103
239,0.149209237306
240,0.0
241,0.40929775203
242,0.229842038459
243,0.0674425622139
244,0.0325141605155
245,0.280202853985
246,0.0275054663635
247,0.0
248,0.0562837647395
249,0.237912661227
250,0.0
251,0.468057086234
252,0.42811275035
253,0.507230572187
254,0.337982778475
255,0.494439704381
256,0.232424870843
257,0.546732860647
258,0.0
259,0.130421934739
260,0.214356774943
261,0.517227674841
262,0.498968361619
263,0.311892674224
264,0.429623485443
265,0.20175795563
266,0.575118604564
267,0.349080128462
268,0.294959254594
269,0.43103130592
270,0.297664334093
271,0.255233347935
272,0.240936875676
273,0.25635657948
274,0.258231302562
275,0.120939084326
276,0.153650196132
277,0.480856514592
278,0.660714409725
279,0.461697373485
280,0.503179855598
281,0.309988875809
282,0.299766045662
283,0.478416876919
284,0.350463744205
285,0.0975449014601
286,0.0857041457465
287,0.480264315833
288,0.43989586524
289,0.380486100279
290,0.465927049024
291,0.556380137196
292,0.274089019277
293,0.0963761645531
294,0.0816550926063
295,0.0781858677481
296,0.675560152176
297,0.449186961405
298,0.502081777403
299,0.115098141884
300,0.360642545845
301,0.277820599287
302,0.577746217534
303,0.345261743335
304,0.0
305,0.0
306,0.0
307,0.0
308,0.0
309,0.0
310,0.0
311,0.0
312,0.0
313,0.0
314,0.0
315,0.0
316,0.0
317,0.0
318,0.0
319,0.0
320,0.0641843547901
321,0.412636818472
322,0.462578425389
323,0.171602390691
324,0.242715999144
325,0.0341629242775
326,0.406672444961
327,0.0260969018083
328,0.306745814891
329,0.693756753959
330,0.0
331,0.0
332,0.358480315478
333,0.482448327367
334,0.429875481824
335,0.13066307035
336,0.489830509685
337,0.368977829634
338,0.419235581927
339,0.364983958564
340,0.2011430122
341,0.496190959097
342,0.480118257578
343,0.257078786959
344,0.194521228059
345,0.329075721226
346,0.579806413827
347,0.517185580424
348,0.26847795468
349,0.321910783014
350,0.283945173905
351,0.556225344175
352,0.5214650869
353,0.0659032015975
354,0.69731373389
355,0.437944595483
356,0.522934924135
357,0.0
358,0.0223998129737
359,0.513389090147
360,0.238206257228
361,0.148763766893
362,0.0
363,0.258547033731
364,0.145617942564
365,0.280199396407
366,0.0
367,0.19977280653
368,0.260472298028
369,0.0880186895949
370,0.0
371,0.100757918901
372,0.0475652845627
373,0.185993583275
374,0.081079589544
375,0.347765204566
376,0.121683591364
377,0.613313768004
378,0.549195127382
379,0.603110066651
380,0.604014453198
381,0.690516355281
382,0.504613913005
383,0.577221007294
384,0.415320140028
385,0.494883362694
386,0.598340765026
387,0.371157179289
388,0.164770924102
389,0.479130394055
390,0.123420456465
391,0.240619684935
392,0.266338370329
393,0.390339911382
394,0.242577394606
395,0.381407804336
396,0.456266772008
397,0.532116954973
398,0.610178054339
399,0.26423475989
400,0.604987265702
401,0.678038062704
402,0.516305131757
403,0.443662307802
404,0.433728113597
405,0.195483244441
406,0.168458624764
407,0.282173483372
408,0.0
409,0.466881407236
410,0.374895340406
411,0.165873774805
412,0.424726677913
413,0.289976326912
414,0.429123395456
415,0.530185167454
416,0.234839248149
417,0.185998329866
418,0.34060259621
419,0.05990701293
420,0.245753275467
421,0.736342934345
422,0.470626826552
423,0.704557966208
424,0.0
425,0.0
426,0.166666666667
427,0.634602503536
428,0.632629706068
429,0.551225961232
430,0.371126291645
431,0.0
432,0.534203787608
433,0.57265728778
434,0.411991621032
435,0.595388386943
436,0.266684555148
437,0.488974450677
438,0.453422252667
439,0.367077702741
440,0.284713788991
441,0.383526651348
442,0.0805818364682
443,0.100011480469
