site,dnds
1,0.177230994169
2,0.197372691779
3,0.498394959592
4,0.0968096214317
5,0.102724127988
6,0.544846172596
7,0.577253096363
8,0.0732365047761
9,0.0555325740245
10,0.591766277588
11,0.331923492491
12,0.425501618277
13,0.374661796338
14,0.267381516626
15,0.316190133766
16,0.398627290661
17,0.515769177025
18,0.445479636925
19,0.609767346985
20,0.574949438097
21,0.51059538078
22,0.0885057584385
23,0.49742348958
24,0.457020574869
25,0.00633409924762
26,0.0209176037948
27,0.0
28,0.166463113553
29,0.00957620070031
30,0.0116119065398
31,0.450616204553
32,0.0778703083779
33,0.0711211981287
34,0.408815464883
35,0.0468345243192
36,0.333311823259
37,0.0296808704798
38,0.2235896207
39,0.0127521351193
40,0.372263127734
41,0.120028528493
42,0.0
43,0.142632763024
44,0.0130559462276
45,0.00215607452496
46,0.222361501339
47,0.306252361357
48,0.023932161124
49,0.0555199995573
50,0.236866464623
51,0.00542965718238
52,0.00633059587414
53,0.464977829018
54,0.508782443007
55,0.322656136712
56,0.486724450228
57,0.367050885643
58,0.60469907904
59,0.542204081881
60,0.418128858629
61,0.0139542478545
62,0.536374762953
63,0.342404249343
64,0.622733764443
65,0.51489940172
66,0.173911541833
67,0.0
68,0.0
69,0.0
70,0.266364644135
71,0.123717911341
72,0.159207042716
73,0.523874734332
74,0.530240767458
75,0.0
76,0.0
77,0.767686235178
78,0.00633046217894
79,0.482268696479
80,0.0809084473892
81,0.480588992205
82,0.4337800544
83,0.621618672089
84,0.487218855557
85,0.0660140171962
86,0.326352524747
87,0.404857013025
88,0.65290126775
89,0.0616130827164
90,0.239476317296
91,0.260146030064
92,0.0
93,0.0
94,0.0
95,0.510285991241
96,0.407946157608
97,0.63277590952
98,0.466191928794
99,0.337420075385
100,0.0867325491054
101,0.0
102,0.0
103,0.0
104,0.0
105,0.0
106,0.0
107,0.0
108,0.0
109,0.0
110,0.0
111,0.0
112,0.0
113,0.0
114,0.0
115,0.0
116,0.0
117,0.0
118,0.0
119,0.0
120,0.0
121,0.0
122,0.0
123,0.0
124,0.0
125,0.0
126,0.0
127,0.0
128,0.113292989772
129,0.56240319111
130,0.0234727544917
131,0.408589354037
132,0.38312683748
133,0.393265456829
134,0.364070846962
135,0.00957620070031
136,0.351850436348
137,0.00543481355197
138,0.0
139,0.170409108841
140,0.532703379992
141,0.10675342786
142,0.0544859410618
143,0.485546019546
144,0.0
145,0.132928952578
146,0.306672790486
147,0.537907411673
148,0.0257473602157
149,0.34067720469
150,0.548940463795
151,0.339600329738
152,0.0192305205464
153,0.312646375867
154,0.5621325638
155,0.448838642699
156,0.40771659678
157,0.217848513582
158,0.403693897607
159,0.0
160,0.505703946026
161,0.44473070964
162,0.577970632879
163,0.514076117295
164,0.509888998694
165,0.543903008642
166,0.0
