site,dnds
1,0.0871265100999
2,0.539610664264
3,0.200169799644
4,0.274986329908
5,0.343414280447
6,0.483365626715
7,0.150036783016
8,0.550844857538
9,0.131172369953
10,0.468032103324
11,0.521125439973
12,0.40174218874
13,0.163157435952
14,0.391429077848
15,0.314489994082
16,0.562124737221
17,0.581443196395
18,0.0
19,0.0
20,0.12112828529
21,0.549952671569
22,0.559403693234
23,0.467217092662
24,0.336616190974
25,0.37319900525
26,0.373981545056
27,0.00666721251099
28,0.370120050259
29,0.172357234256
30,0.417834290882
31,0.245439785484
32,0.232764981987
33,0.0935807000228
34,0.428866266029
35,0.323939631746
36,0.220773639587
37,0.0991054559376
38,0.123001667447
39,0.26791641633
40,0.178974879125
41,0.173391408507
42,0.269154742217
43,0.225941729841
44,0.113064794256
45,0.338843313846
46,0.509694204773
47,0.085435033275
48,0.315182743032
49,0.272815766909
50,0.317753669731
51,0.190098748941
52,0.377770314992
53,0.0994289317133
54,0.0672473989087
55,0.0
56,0.333333333333
57,0.312031822824
58,0.0728760657463
59,0.354720742368
60,0.279856878522
61,0.214910107002
62,0.208405415587
63,0.414541237694
64,0.0
65,0.225999397984
66,0.233756337303
67,0.289433445723
68,0.127262601649
69,0.321399244747
70,0.0872727684967
71,0.0732331776526
72,0.0
73,0.232373163709
74,0.282656847582
75,0.244747196822
76,0.491844842934
77,0.543195657535
78,0.710608269458
79,0.281843416065
80,0.295336508379
81,0.450921970747
82,0.394612817285
83,0.138742745695
84,0.347219513989
85,0.574667975098
86,0.32633889698
87,0.37157178128
88,0.428558584554
89,0.1738561694
90,0.274288391982
91,0.0251769076084
92,0.160268478216
93,0.0
94,0.0
95,0.0
96,0.0
97,0.0
98,0.167011535671
99,0.045073016976
100,0.0
101,0.0212339628984
102,0.372360375708
103,0.275706632624
104,0.269884871187
105,0.224447871206
106,0.678405790494
107,0.656803620931
108,0.516100945208
109,0.547042359835
110,0.55999377332
111,0.64627529515
112,0.360741346976
113,0.268291755451
114,0.571817629635
115,0.310563487919
116,0.289670689576
117,0.250366460368
118,0.40369614587
119,0.174549129668
120,0.446949261512
121,0.377861935962
122,0.0
123,0.473793839408
124,0.308441230132
125,0.378577916552
126,0.359144281171
127,0.614435338463
128,0.477121544247
129,0.688097469671
130,0.370277415841
131,0.549778335692
132,0.268341713169
133,0.449754089395
134,0.270012444348
135,0.52910561388
136,0.71692311397
137,0.725083265757
138,0.611997390762
139,0.576166864452
140,0.293884365686
141,0.245263743235
142,0.294883758884
143,0.431117070048
144,0.215590056379
145,0.0932519677831
146,0.540913123811
147,0.0
148,0.0
149,0.0
150,0.0
151,0.0
152,0.585258828121
153,0.154306338746
154,0.349512537065
155,0.486366584136
156,0.419393435925
157,0.387247969688
158,0.374846586154
159,0.644037265928
160,0.813930948776
161,0.0
162,0.0
163,0.0
164,0.0
165,0.102347400314
166,0.121639532432
167,0.102688471194
168,0.268315037636
169,0.147991996381
170,0.137797123187
171,0.0
172,0.222293780963
173,0.0
174,0.0
175,0.0
176,0.0
177,0.16221431982
178,0.206066448315
179,0.0426404646851
180,0.771672298796
181,0.63473224335
182,0.513234905128
183,0.656932241264
184,0.442772505702
185,0.649202176088
186,0.676049463657
187,0.517201113526
188,0.214612590746
189,0.583294047979
190,0.443578522371
191,0.110279693611
192,0.521234006772
193,0.487476784769
194,0.46151450358
195,0.336590062074
196,0.362558127656
197,0.159457265421
198,0.247794806795
199,0.291831849126
200,0.0660140171962
201,0.416407977158
202,0.225071350825
203,0.27932843711
204,0.0541072406609
205,0.395121366064
206,0.535219908111
207,0.260353749455
208,0.0405225844181
209,0.31506049989
210,0.0
211,0.0899448277142
212,0.112945305912
213,0.0659167373201
214,0.0
215,0.0
216,0.151632040321
217,0.0
218,0.0
219,0.113830584795
220,0.0901289685085
221,0.147939971877
222,0.0
223,0.696925706997
224,0.515110200305
225,0.056374609309
226,0.0943655442302
227,0.571219760832
228,0.126775143438
229,0.0
230,0.0958940241506
231,0.0
232,0.0845870241233
233,0.0
234,0.0
235,0.079278266842
236,0.0581460882069
237,0.245067735065
238,0.291167965862
239,0.0907726798687
240,0.0
241,0.0778770425475
242,0.142666073165
243,0.177727009692
244,0.249422899037
245,0.0853489841815
246,0.447221363218
247,0.272309247212
248,0.392854727931
249,0.675618379201
250,0.628249529909
251,0.571270228998
252,0.595841537558
253,0.602926377092
254,0.507741492062
255,0.430688021934
256,0.405307897987
257,0.502542462654
258,0.258481061894
259,0.448228078391
260,0.560476747889
261,0.669789619434
262,0.579997331168
263,0.358863669502
264,0.603000116206
265,0.6528920342
266,0.202618804147
267,0.486019718025
268,0.546229861849
269,0.215774043534
270,0.0407005824841
271,0.676443225482
272,0.165339143177
273,0.222996027475
274,0.601827328105
275,0.465490350578
276,0.245084867074
277,0.599096714995
278,0.472943106014
279,0.297142571405
280,0.528100594315
281,0.374720348745
282,0.0
283,0.613133812913
284,0.443713771576
285,0.0
286,0.0
287,0.507967283972
288,0.277141370186
289,0.281287992456
290,0.334220059985
291,0.236020840547
292,0.186101888949
293,0.243524543891
294,0.399454388662
295,0.0
296,0.0
297,0.00852369204566
298,0.587952604832
299,0.496729656663
300,0.261606754767
301,0.207347292546
302,0.158457752691
303,0.270163182079
304,0.259653954378
305,0.0629047665761
306,0.345583106974
307,0.0
308,0.0
309,0.0
310,0.0
311,0.0
312,0.0
313,0.432686590743
314,0.441184517542
315,0.361023374039
316,0.111277071009
317,0.130541541382
318,0.0647301688989
319,0.355535651758
320,0.0565584425788
321,0.346527734047
322,0.392665292623
323,0.395758382957
324,0.0587468509151
325,0.228432844535
326,0.504014492726
327,0.472413758795
328,0.462046173153
329,0.548053980118
330,0.141031341951
331,0.578519475563
332,0.618692370513
333,0.676219451388
334,0.626140741338
335,0.0107432070073
336,0.0
337,0.281767146569
338,0.125419110454
339,0.242971631748
340,0.348088307748
341,0.332406914149
342,0.34669815341
343,0.611115266285
344,0.687764550683
345,0.63964995028
346,0.256097000935
347,0.336626194186
348,0.0
349,0.0197773620268
350,0.109060399453
351,0.127492766734
352,0.0
353,0.0491454025845
354,0.279292540473
355,0.161997719378
356,0.306314646133
357,0.176943257044
358,0.318642799275
359,0.256914586474
360,0.131506577131
361,0.0436520733637
362,0.245874205801
363,0.0
364,0.0902969004385
365,0.189784028006
366,0.351508351492
367,0.0
368,0.0
369,0.0
370,0.0
371,0.0
372,0.0
373,0.0
374,0.0
375,0.0
376,0.0
377,0.216516924598
378,0.139464719571
379,0.203434544092
380,0.113765860558
381,0.6939110986
382,0.296806816504
383,0.310957573718
384,0.516502486127
385,0.656065350985
386,0.384858694566
387,0.219866842456
388,0.580439590563
389,0.51637994445
390,0.306432361743
391,0.116387792958
392,0.486300921043
393,0.507164694218
394,0.223852460084
395,0.539862942149
396,0.0
397,0.189578716051
398,0.503840438851
399,0.227954853794
400,0.0
401,0.50362585717
402,0.261417310635
403,0.497367387255
404,0.2295005393
405,0.310793305016
406,0.362929150014
407,0.518041506906
408,0.476334229535
409,0.420648755524
410,0.125533995252
411,0.18787605481
412,0.257684044413
413,0.0979219627262
414,0.0
415,0.0
416,0.0
417,0.115524530093
418,0.158433641271
419,0.0
420,0.0
421,0.40286584057
422,0.240454067488
423,0.10421250014
424,0.256956989386
425,0.146811579596
426,0.249297744377
427,0.0
428,0.0
429,0.126762956385
430,0.145193400457
431,0.277633455803
432,0.0
433,0.00632886498957
434,0.302896905573
435,0.0
436,0.0
437,0.151472654471
438,0.141704063617
439,0.0
440,0.240236904109
441,0.0438787532699
442,0.0
443,0.261821744192
444,0.0
445,0.366690913629
446,0.0990210257943
447,0.166666666667
448,0.142857142857
449,0.0
450,0.0
451,0.0
452,0.0
453,0.166666666667
454,0.0990210257943
455,0.0
456,0.327932484983
457,0.170298009195
458,0.591067104129
459,0.480384654619
460,0.574450212309
461,0.265293612137
462,0.493713850813
463,0.383423025437
464,0.0680500880741
465,0.170212765957
466,0.556366320676
467,0.619516727789
468,0.589167028788
469,0.739632970864
470,0.352233326917
471,0.424012290639
472,0.438902631168
473,0.536139617403
474,0.329445753423
475,0.257613922361
476,0.461006089766
477,0.139016608494
478,0.620168573341
479,0.504986081957
480,0.666608672269
481,0.266090567244
482,0.369997439529
483,0.215850474033
484,0.708323447728
485,0.557950763478
486,0.690628680653
487,0.135174999809
488,0.355806231128
489,0.252778544903
490,0.139959711827
491,0.346137062155
492,0.635113221729
493,0.0
494,0.221872904122
495,0.00319916233307
496,0.45602584887
497,0.57153217131
498,0.499292664689
499,0.309387964538
500,0.337248797723
501,0.135711613001
502,0.39895417679
503,0.0690051669867
504,0.175820603819
505,0.495099456751
506,0.378328889249
507,0.193639947036
508,0.231385143993
509,0.590779252068
510,0.267319495321
511,0.380913180673
512,0.0998124927503
513,0.237120675033
514,0.267604803279
515,0.361562418139
516,0.188500293121
517,0.506380413731
518,0.325356085947
519,0.391491960113
520,0.482260972318
521,0.261271513994
522,0.186202227626
523,0.301723647967
524,0.285363547756
525,0.505443334937
526,0.676808240432
527,0.384679966681
528,0.382864090156
529,0.485238235525
530,0.0187979243014
531,0.689129081136
532,0.664269072356
533,0.637055468606
534,0.622773557032
535,0.481207551284
536,0.613086041954
537,0.578782960917
538,0.409915072271
539,0.21581217198
540,0.448153015705
541,0.557919645716
542,0.58171541859
543,0.280902560146
544,0.264034382367
545,0.645524237459
546,0.577034649543
547,0.621689151944
548,0.292128432065
549,0.372517576572
550,0.173840390687
551,0.4495936821
552,0.382774574601
553,0.345707471792
554,0.161536040368
555,0.0
556,0.271743422892
557,0.0
558,0.103233079833
559,0.572525836623
560,0.506963217212
561,0.623489693746
562,0.620810682369
563,0.411499963526
564,0.0159344179439
565,0.468111103455
566,0.482518439928
567,0.552066013851
568,0.487004785327
569,0.369015048936
570,0.172354665119
571,0.047242564235
572,0.0
573,0.279404023805
574,0.401198925928
575,0.141107491598
576,0.490614207069
577,0.404342504322
578,0.236176038151
579,0.176716436657
580,0.528994378658
581,0.293680812364
582,0.381906469693
583,0.530906475951
584,0.456079327845
585,0.0
586,0.0
587,0.1294531933
588,0.026881664626
589,0.111188350613
590,0.132110075112
591,0.224679286598
592,0.0969619822089
593,0.106232232059
594,0.634978732721
595,0.537116536171
596,0.391836362331
597,0.672667751488
598,0.68721743315
599,0.335399807393
600,0.609634234307
601,0.534082698794
602,0.650089369999
603,0.0511772514198
604,0.276343422494
605,0.645818214896
606,0.444981777584
607,0.305830676436
608,0.568202776128
609,0.482658208727
610,0.419789183344
611,0.375983758723
612,0.298581004007
613,0.525426847329
614,0.624603551722
615,0.133333333333
616,0.541368296497
617,0.459008113242
618,0.383844075221
619,0.124268286422
620,0.182373736059
621,0.512970321029
622,0.336234982127
623,0.0
624,0.411054567417
625,0.34074700222
626,0.0
627,0.166666666667
628,0.0
629,0.166666666667
630,0.529402664075
631,0.351726968156
632,0.106638027778
633,0.251505914816
634,0.0
635,0.0902969004385
636,0.0
637,0.0
638,0.0
639,0.443077797393
640,0.524171608081
641,0.0
642,0.0
643,0.424033472549
644,0.573805690285
645,0.588268108133
646,0.445394437881
647,0.561720138354
648,0.470181061903
649,0.150160931108
650,0.265448893377
651,0.301003291743
652,0.721103133931
653,0.313504017881
654,0.19053704751
655,0.218883541237
656,0.159294294641
657,0.204035539285
658,0.229757016255
659,0.252544131734
660,0.251574142939
661,0.104088092022
662,0.0
663,0.347478646271
664,0.398548583825
665,0.417136833876
666,0.402939611913
667,0.43983824388
668,0.576391831611
669,0.74679060777
670,0.38224796386
671,0.546660174159
672,0.245989112691
673,0.662732366149
674,0.525511954601
675,0.535267618212
676,0.0
677,0.0
678,0.0
679,0.0
680,0.0
681,0.48277516708
682,0.344389976313
683,0.466560202986
684,0.674082910677
685,0.214023077573
686,0.11436895739
687,0.373225368139
688,0.404687737516
689,0.497508988745
690,0.0
691,0.531072903849
692,0.197461749086
693,0.0
694,0.349519882586
695,0.598824496681
696,0.364320668335
697,0.0150404367768
698,0.126622755538
699,0.455613096563
700,0.0776699029126
701,0.0
702,0.0
703,0.0
704,0.0
705,0.218847163078
706,0.027138940858
707,0.64799341752
708,0.610652008321
709,0.51500579638
710,0.186640047567
711,0.387928665214
712,0.369285687119
713,0.161889017143
714,0.514656058687
715,0.441856779073
716,0.425882647784
717,0.214103005069
718,0.323674647183
719,0.4347878087
720,0.335012173718
721,0.261784453808
722,0.544095801161
723,0.456602040413
724,0.522055496889
725,0.157433792498
726,0.469644888407
727,0.22737967528
728,0.161516621522
729,0.120532794643
