site,dnds
1,0.225770943286
2,0.407254921263
3,0.138912915803
4,0.469233188967
5,0.199991845179
6,0.206139837894
7,0.462295942257
8,0.314546735798
9,0.0
10,0.0447656156552
11,0.200021647173
12,0.157094721322
13,0.0
14,0.174824796066
15,0.345177625658
16,0.383711557886
17,0.136144048279
18,0.362665859515
19,0.129069263205
20,0.0865579492581
21,0.227334820936
22,0.220046723987
23,0.0
24,0.553636441996
25,0.590507773155
26,0.333180760735
27,0.178727487424
28,0.0
29,0.388557062814
30,0.51827300225
31,0.369459268604
32,0.344066588095
33,0.455836315743
34,0.329634038393
35,0.35856771881
36,0.250775370292
37,0.0632860996754
38,0.00474410269953
39,0.295133479669
40,0.222767781347
41,0.00677994344356
42,0.00184801538806
43,0.0177073385368
44,0.392227117953
45,0.178673314701
46,0.341592467065
47,0.0
48,0.0
49,0.0946813153566
50,0.0
51,0.0
52,0.0
53,0.0283503264447
54,0.310044934587
55,0.0
56,0.124950499755
57,0.184758793035
58,0.288857515857
59,0.255639779124
60,0.493221286922
61,0.11145627681
62,0.488563478246
63,0.429353624928
64,0.0438875833108
65,0.340347113046
66,0.0064142688647
67,0.338515342014
68,0.307906265445
69,0.129352158301
70,0.0519029427717
71,0.0
72,0.134899473774
73,0.105263157895
74,0.0630133800509
75,0.343692925756
76,0.471364520174
77,0.375277452925
78,0.208094721206
79,0.546297340273
80,0.536133484283
81,0.49514749244
82,0.0
83,0.142857142857
84,0.141031341951
85,0.132776341132
86,0.350392611312
87,0.488595983022
88,0.0
89,0.154032706791
90,0.266666666667
91,0.170212765957
92,0.1
93,0.0
94,0.0
95,0.0
96,0.0
97,0.0
98,0.125
99,0.0990210257943
100,0.0
101,0.0
102,0.0803862650245
103,0.0
104,0.0
105,0.0
106,0.0
107,0.0
108,0.0
109,0.0
110,0.0867325491054
111,0.263796227183
112,0.289205924643
113,0.0
114,0.0
115,0.359630485509
116,0.171791102109
117,0.526224945323
118,0.179278039665
119,0.379446855674
120,0.155709970218
121,0.0047532048756
122,0.0241368166529
123,0.0
124,0.0
125,0.0
126,0.0
127,0.0
128,0.223276724298
129,0.305973906949
130,0.408617055551
131,0.579938856779
132,0.596857408956
133,0.469817965191
134,0.350080987376
135,0.419144905076
136,0.546021463508
137,0.635309237337
138,0.604157048282
139,0.0
140,0.294348242825
141,0.265479397895
142,0.0191219177258
143,0.0
144,0.0
145,0.0
146,0.0
147,0.248299959161
148,0.00803102923666
149,0.332898046623
150,0.411223450746
151,0.188259521327
152,0.374369280874
153,0.504839645012
154,0.0726292962924
155,0.473264520054
156,0.0
157,0.259585881445
158,0.454552556886
159,0.545368910666
160,0.176153479263
161,0.408591589718
162,0.24657394985
163,0.350098007434
164,0.069711062364
165,0.373582266696
166,0.118183144349
167,0.31746185246
168,0.428076012535
169,0.0132164838537
170,0.50575493243
171,0.553342240645
172,0.241700291871
173,0.324820589585
174,0.509166864166
175,0.0
176,0.469230326009
177,0.213877954136
178,0.338711599298
179,0.220136490703
180,0.111368003577
181,0.240109596003
182,0.0360171493882
183,0.215467305881
184,0.00588516679737
185,0.380503362077
186,0.0
187,0.0
188,0.0
189,0.354491909824
190,0.0
191,0.0
192,0.0400120453109
193,0.47152759029
194,0.0
195,0.141847533754
196,0.18936830075
197,0.00837880541199
198,0.197545057188
199,0.162062509491
200,0.123956607928
201,0.157245183047
202,0.0800471378959
203,0.411376904805
204,0.235114319413
205,0.0282164071575
206,0.1270000581
207,0.341162261107
208,0.109715114581
209,0.229530879766
210,0.380752844016
211,0.494638499346
212,0.0326889809266
213,0.436812785149
214,0.441357018102
215,0.0215866147765
216,0.515034352433
217,0.508206919861
218,0.13357440017
219,0.530165497235
220,0.65923392022
221,0.358869605112
222,0.0
223,0.191321335608
224,0.202800079618
