site,dnds
1,0.120869390129
2,0.242175164682
3,0.00255359261312
4,0.539787457195
5,0.394403721671
6,0.336507127627
7,0.447723298613
8,0.499030734409
9,0.416926239707
10,0.353755779727
11,0.12161362491
12,0.0853747579248
13,0.142170097029
14,0.26031633573
15,0.475196296989
16,0.207195939441
17,0.593081683337
18,0.297985495503
19,0.358198414215
20,0.0
21,0.0
22,0.192184011822
23,0.56981005058
24,0.0748651897916
25,0.0695331646825
26,0.367891946164
27,0.0479378809676
28,0.854013963311
29,0.0
30,0.0
31,0.227793824557
32,0.038667506661
33,0.0901379438659
34,0.0
35,0.354105698422
36,0.281731412847
37,0.161501301621
38,0.711970138501
39,0.592969081489
40,0.185949145766
41,0.630419226291
42,0.72873647155
43,0.534938988196
44,0.572873305807
45,0.51462291442
46,0.606890501446
47,0.364928548034
48,0.577136540971
49,0.632177827739
50,0.589347554293
51,0.603072449323
52,0.326232468395
53,0.425076655922
54,0.663420722639
55,0.635255114177
56,0.372649765198
57,0.076110136746
58,0.1594791994
59,0.198042051589
60,0.631000141549
61,0.575338010581
62,0.65239161607
63,0.485727257685
64,0.26701182124
65,0.43358436168
66,0.2444994658
67,0.076158242838
68,0.05384580275
69,0.539411597012
70,0.254477637887
71,0.0368701344161
72,0.0
73,0.456330607391
74,0.0
75,0.0
76,0.0
77,0.0
78,0.0
79,0.0
80,0.0643606609382
81,0.406643019675
82,0.707589783912
83,0.754375198752
84,0.299739947016
85,0.77035525035
86,0.579178584382
87,0.652982254596
88,0.286134999332
89,0.285990259772
90,0.650824429139
91,0.536449606086
92,0.359859923769
93,0.567446068139
94,0.143588765844
95,0.249079994601
96,0.142278618135
97,0.647020700986
98,0.690806934933
99,0.398787378396
100,0.682499068955
101,0.805766772933
102,0.644342377684
103,0.0
104,0.0
105,0.0
106,0.0
107,0.0
108,0.458540283788
109,0.136233894221
110,0.528946056767
111,0.687465910194
112,0.506962245279
113,0.315243410691
114,0.692279966222
115,0.640619204799
116,0.525209669704
117,0.539611039647
118,0.58045311266
119,0.0
120,0.0
121,0.0
122,0.0
123,0.0
124,0.646596491616
125,0.387852886464
126,0.412558370648
127,0.624335259815
128,0.565349212816
129,0.0
130,0.043075800841
131,0.393598545966
132,0.282449331423
133,0.448620969418
134,0.503859193974
135,0.226702200724
136,0.386737118343
137,0.451926195705
138,0.00995575852909
139,0.113394745768
140,0.00620210736288
141,0.0822570329885
142,0.0
143,0.0
144,0.0
145,0.0
146,0.0
147,0.0
148,0.0
149,0.0
150,0.0
151,0.0
152,0.0
153,0.0
154,0.0
155,0.0
156,0.0
157,0.0
158,0.0
159,0.0
160,0.0
161,0.0
162,0.0
163,0.230104154377
164,0.368554809195
165,0.260555663493
166,0.431347933072
167,0.33587106223
168,0.510218445218
169,0.504764827516
170,0.46529429919
171,0.367659469988
172,0.371072617659
173,0.368182323909
174,0.397779507359
175,0.426153362812
176,0.585383193461
177,0.654640983126
178,0.277889033799
179,0.635426572246
180,0.611135163305
181,0.64736096411
182,0.67333686101
183,0.625977674212
184,0.535306203383
185,0.643899555281
186,0.604620781601
187,0.603311947464
188,0.60256641178
189,0.0
190,0.154032706791
191,0.0
192,0.0
193,0.0
194,0.0
195,0.188300992878
196,0.0621856012454
197,0.0
198,0.0
199,0.660440208136
200,0.676931830453
201,0.724969065715
202,0.679628194343
203,0.479248081891
204,0.465283028575
205,0.538728746814
206,0.607017926376
207,0.42642651096
208,0.590543825806
209,0.180092954878
210,0.597257548717
211,0.714401973755
212,0.670229062363
213,0.730444403723
214,0.538115891521
215,0.551000524865
216,0.0
217,0.0
218,0.0
219,0.0
220,0.0
221,0.0
222,0.0
223,0.0
224,0.0
225,0.0
226,0.0
227,0.0
228,0.0
229,0.0
230,0.0
231,0.0
232,0.0
233,0.0
234,0.0
235,0.0
236,0.18066956094
237,0.402947736541
238,0.213169452829
239,0.0
240,0.0
241,0.0
242,0.0
243,0.0
244,0.0
245,0.0
246,0.0
247,0.0
248,0.0
249,0.0
250,0.0
251,0.0
252,0.0
253,0.0
254,0.0
255,0.0
256,0.0
257,0.0
258,0.0
259,0.0
260,0.0
261,0.0
262,0.0
263,0.0
264,0.0
265,0.0
266,0.0
267,0.0
268,0.0
269,0.306830304033
270,0.442624222898
271,0.497353514268
272,0.176672331667
273,0.0891439504847
274,0.0
275,0.0
276,0.0
277,0.0
278,0.0
279,0.0
280,0.169014084507
281,0.363333756814
282,0.242854816169
283,0.605186362481
284,0.413645377241
285,0.773224550001
286,0.133303597186
287,0.1087289695
288,0.328335538344
289,0.172275751288
290,0.170433504773
291,0.124997020624
292,0.165737595675
293,0.475812915052
294,0.110070007288
295,0.0
296,0.429122641627
297,0.50010573986
298,0.263252253799
299,0.394547067408
300,0.0
301,0.0460587511645
302,0.201221674398
303,0.0
304,0.121841429463
305,0.105211905135
306,0.650607636467
307,0.347529777862
308,0.112763566481
309,0.5256243674
310,0.424738592954
311,0.28160712016
312,0.392576163101
313,0.420943258602
314,0.0481451351986
315,0.396757225745
316,0.29401508089
317,0.399547934332
318,0.0758046231516
319,0.693445091401
320,0.67976545581
321,0.644311267223
322,0.135532798247
323,0.610879179648
324,0.497883058452
325,0.53918717452
326,0.619982510403
327,0.584044115482
328,0.505262049177
329,0.516941689362
330,0.304213697654
331,0.638328941515
332,0.632208408607
333,0.545540385092
334,0.791703735825
335,0.735867075999
336,0.779886851113
337,0.706719866481
338,0.208942056488
339,0.61258203542
340,0.508276661409
341,0.800304515977
342,0.492172595734
343,0.692737396925
344,0.493796534001
345,0.304908018253
346,0.0
347,0.268638556734
348,0.523037947293
349,0.654400859809
350,0.473224332821
351,0.397363691142
352,0.0
353,0.429947090218
354,0.77232258436
355,0.402876468989
356,0.0
357,0.541169824562
358,0.232834777238
359,0.0
360,0.566047497467
361,0.0
362,0.0
363,0.199368464171
364,0.0
365,0.443960159299
366,0.456364963393
367,0.185680950197
368,0.154032706791
369,0.0369412882171
370,0.0571428571429
371,0.257639570436
372,0.101542566204
373,0.674481739527
374,0.443263135426
375,0.538903482317
376,0.301208654826
377,0.507616127048
378,0.469918680478
379,0.627404280808
380,0.643369787565
381,0.295285985529
382,0.481462654976
383,0.593126814262
384,0.546681169031
385,0.554342535994
386,0.704193896408
387,0.706374916909
388,0.50971357485
389,0.708498685444
390,0.703837345928
391,0.610158735367
392,0.00488823659438
393,0.70113262547
394,0.256083226174
395,0.59049233761
396,0.00484902868978
397,0.322523829868
398,0.357108256862
399,0.654797001207
400,0.740384916296
401,0.128449092078
402,0.117926466803
403,0.604671102625
404,0.57750011053
405,0.0
406,0.0643090120196
407,0.641971919918
408,0.379491673984
409,0.667831803293
410,0.61371212855
411,0.563287571584
412,0.189134570943
413,0.467222290978
414,0.0776699029126
415,0.57734006374
416,0.0328923784181
417,0.39574763111
418,0.529677179068
419,0.514838255356
420,0.0
421,0.0
422,0.0
423,0.383511966854
424,0.452598832347
425,0.14925046937
