site,dnds
1,0.195006532699
2,0.0
3,0.262923020486
4,0.581971089873
5,0.413500347323
6,0.0185496654181
7,0.212755438547
8,0.380264880772
9,0.477083370267
10,0.499647732385
11,0.544636449278
12,0.032231390578
13,0.427192088182
14,0.491174773293
15,0.387747251042
16,0.606154901786
17,0.450588676011
18,0.340869216048
19,0.348307442506
20,0.228591317944
21,0.0995968929741
22,0.294348173681
23,0.172083585603
24,0.612034164027
25,0.414729752423
26,0.539545234182
27,0.536183020826
28,0.357306143841
29,0.488163294855
30,0.226016011413
31,0.623137676807
32,0.456838111064
33,0.557308115821
34,0.568290872873
35,0.593760639828
36,0.517326057377
37,0.140776253951
38,0.122746223057
39,0.453607620582
40,0.259601597144
41,0.142911914994
42,0.626124055349
43,0.329247264251
44,0.734014498736
45,0.656535081789
46,0.737698575628
47,0.63686756459
48,0.594007653715
49,0.30799348401
50,0.461815229112
51,0.419638177171
52,0.225396585227
53,0.64173543051
54,0.775534506546
55,0.694445435772
56,0.642923136493
57,0.481024968881
58,0.637184057362
59,0.273131256234
60,0.731087981478
61,0.720965481697
62,0.390653811486
63,0.754509559956
64,0.809952327975
65,0.724737328929
66,0.656999893182
67,0.793281215488
68,0.662022144919
69,0.515501899556
70,0.0894383458787
71,0.023450075893
72,0.256712427189
73,0.0
74,0.0
75,0.0
76,0.00682106367049
77,0.371151602846
78,0.296140937985
79,0.223617618434
80,0.382619319008
81,0.0
82,0.0775491027295
83,0.0
84,0.537813612816
85,0.642896014816
86,0.426825567072
87,0.397459212759
88,0.185990118441
89,0.369282178608
90,0.723614365256
91,0.570779128833
92,0.185022683943
93,0.396313033632
94,0.298715996604
95,0.0659340659341
96,0.0581111179209
97,0.0
98,0.0
99,0.50821296032
100,0.0
101,0.0
102,0.0
103,0.448907100721
104,0.097311625946
105,0.296296296296
106,0.104309857484
107,0.0
108,0.0
109,0.522499221434
110,0.580295781163
111,0.440575002383
112,0.187895014319
113,0.629642065998
114,0.583750528972
115,0.0931052564919
116,0.495289146412
117,0.595323868556
118,0.479335694968
119,0.23468632841
120,0.328689083165
121,0.566779351846
122,0.0754954917615
123,0.695046649547
124,0.390141730197
125,0.460813184042
126,0.20933109515
127,0.637110498441
128,0.326040455252
129,0.452811374648
130,0.158433641271
131,0.0
132,0.0
133,0.323713393765
134,0.217341534442
135,0.561656025813
136,0.270103556374
137,0.586030974956
138,0.521993728863
139,0.349437306441
140,0.13399222056
141,0.348182834816
142,0.224998324467
143,0.113188014162
144,0.387521650638
145,0.308584781322
146,0.190766665887
147,0.516827802253
148,0.450798834708
149,0.196437691951
150,0.267729160634
151,0.0
152,0.0
153,0.0
154,0.0
155,0.0
156,0.0
157,0.0
158,0.0
159,0.0
160,0.0
161,0.0
162,0.0
163,0.0
164,0.0
165,0.0
166,0.0
167,0.0
168,0.593713170501
169,0.510076178724
170,0.0
171,0.34592925254
172,0.516660802185
173,0.437128769713
174,0.569082999888
175,0.453568897507
176,0.113629922702
177,0.371320196759
178,0.642161798946
179,0.392935856595
180,0.767742528418
181,0.0349650756147
182,0.253122320969
183,0.311141304355
184,0.356347942518
185,0.0
186,0.101090207829
187,0.105867125364
188,0.17169573897
189,0.415675743371
190,0.501409754798
191,0.211162855071
192,0.470171208266
193,0.410399519365
194,0.0
195,0.133303597186
196,0.0867325491054
197,0.0
198,0.170212765957
199,0.376144143581
200,0.785506276619
201,0.562486434652
202,0.672665946835
203,0.340365598959
204,0.276689499472
205,0.166793573409
206,0.0
207,0.25391034981
208,0.189305029589
209,0.225138827379
210,0.169012769423
211,0.549955272859
212,0.170889688246
213,0.2674544781
214,0.446888740731
215,0.553218325425
216,0.164298579931
217,0.27311649495
218,0.271352595585
219,0.515985584111
220,0.0977445116496
221,0.225832607245
222,0.120054646849
223,0.118486697532
224,0.392754429596
225,0.321378917233
226,0.124331332836
227,0.0414637909083
228,0.229416247127
229,0.194739478536
230,0.175864151455
231,0.519361261021
232,0.287297050237
233,0.54598481628
234,0.545325790799
235,0.554982458604
236,0.217705487186
237,0.494361605741
238,0.260865602496
239,0.342163119624
240,0.252503554152
241,0.687482271881
242,0.443580184749
243,0.0
244,0.436659410187
245,0.343091849496
246,0.0
247,0.0
248,0.251230112866
249,0.0
250,0.0
251,0.0
252,0.0
253,0.0
254,0.548065168243
255,0.0253539856297
256,0.359679153622
257,0.388984337674
258,0.0208577346223
259,0.0
260,0.00468343493175
261,0.460869126256
262,0.180410389109
263,0.357102899908
264,0.341462321636
265,0.418443733865
266,0.301753483091
267,0.0312448554438
268,0.418718219822
269,0.26520425928
270,0.191213365096
271,0.481953037672
272,0.532565958738
273,0.108108108108
274,0.29847230534
275,0.314163260592
276,0.271879738622
277,0.472678921599
278,0.0338786224709
279,0.0669926204951
280,0.46927638682
281,0.20722189185
282,0.0
283,0.0
284,0.199067254978
285,0.193515449785
286,0.0
287,0.478728728551
288,0.251188880118
289,0.610112405923
290,0.634181874512
291,0.2336124671
292,0.449819927836
293,0.496186770858
294,0.180444256426
295,0.369003351129
296,0.185201315265
297,0.271167412534
298,0.345740417374
299,0.536632418844
300,0.500216554292
301,0.467718035205
302,0.263971853188
303,0.311019368038
304,0.500848070926
305,0.0
306,0.0
307,0.0
308,0.0
309,0.0
310,0.0182886131781
311,0.159448266988
312,0.00189843379212
313,0.179241649122
314,0.0133148228821
315,0.385032289944
316,0.715825952679
317,0.458661297306
318,0.427059725549
319,0.691565476263
320,0.533461659402
321,0.465671351418
322,0.574575275803
323,0.223489061246
324,0.705112334783
325,0.199955395779
326,0.0
327,0.0
328,0.0878889830934
329,0.544027383095
330,0.379903305935
331,0.463994195658
332,0.818662504458
333,0.611178420309
334,0.28136872747
335,0.653379941734
336,0.567991764989
337,0.298406955897
338,0.134782768429
339,0.11667153314
340,0.298397180111
341,0.559687612437
342,0.342191375118
343,0.243896229415
344,0.369646942096
345,0.473858327527
346,0.300744724186
347,0.148884663248
348,0.529674448969
349,0.471940791083
350,0.447114305234
351,0.298833267155
352,0.223625021747
353,0.324773349422
354,0.649492782862
355,0.599853615435
356,0.463172617921
357,0.652658086435
358,0.402741346802
359,0.586610016019
360,0.605687631349
361,0.131617147372
362,0.410685819911
363,0.55878616271
364,0.304112548933
365,0.481122565301
366,0.45725026077
367,0.714759154923
368,0.431639074078
369,0.59409347187
370,0.413015841521
371,0.449973083694
372,0.274878596507
373,0.272500171682
374,0.304557243361
375,0.376066815593
376,0.534722265008
377,0.392242546635
378,0.604129065782
379,0.395037060952
380,0.830495876043
381,0.496587042318
382,0.168978896612
383,0.644561646026
384,0.191644922789
385,0.50916158233
386,0.262943775256
387,0.116644054822
388,0.240582162162
389,0.211156544894
390,0.419991951063
391,0.424635944908
392,0.535012908702
393,0.520662656236
394,0.133406849765
395,0.361058042421
396,0.292380505318
397,0.427407391616
398,0.466754878305
399,0.47022275501
400,0.437581798182
401,0.474828898085
402,0.340032690598
403,0.740844706676
404,0.67203311974
405,0.203358670771
406,0.190161469914
407,0.309112908616
408,0.396569475133
409,0.355023302449
410,0.610766263156
411,0.648349695261
412,0.368358761018
413,0.570471980113
414,0.744032287078
415,0.614034695978
416,0.166666666667
417,0.0
418,0.0
419,0.0856092391448
420,0.331490863381
421,0.16764822121
422,0.0
423,0.0
424,0.0
425,0.106339154041
426,0.0867325491054
427,0.0
428,0.17742585517
429,0.235238974136
430,0.443721243818
431,0.288901471365
432,0.286122069267
433,0.355052876387
434,0.340169247181
435,0.507749343709
436,0.395936953534
437,0.673175516947
438,0.543555494634
439,0.105135803311
440,0.254072580613
441,0.239553027987
442,0.244893313026
443,0.220434479588
444,0.510714224691
445,0.377722201926
446,0.474185203041
447,0.45825217501
448,0.494076572744
449,0.762311829567
450,0.732506258298
451,0.748945497229
452,0.624475219096
453,0.72400820876
454,0.68135591526
455,0.660767400647
456,0.866478415758
457,0.514836139703
458,0.805891543062
459,0.530180965936
460,0.778303061879
461,0.352410156752
462,0.61916295181
463,0.685987427373
464,0.684484108616
465,0.833913320852
466,0.623591361407
467,0.612003832613
468,0.698437775252
469,0.592556980918
470,0.765438346588
471,0.545610608319
472,0.769092440057
473,0.649648672247
474,0.787722089911
475,0.390558339397
476,0.587464108427
477,0.707151296568
478,0.629820248051
479,0.31592358001
480,0.419628787266
481,0.367241900686
482,0.303084857512
483,0.260484181625
484,0.265303158764
485,0.453650137249
486,0.365252698179
487,0.534880855019
488,0.48040512377
489,0.418686759207
490,0.0
491,0.0
492,0.166666666667
493,0.0701921195504
494,0.163574956004
495,0.366752097509
496,0.304570135801
497,0.361250988507
498,0.181391480115
499,0.609604832726
500,0.594036155386
501,0.724179188407
502,0.752632501041
503,0.537152423125
504,0.18510968128
505,0.341588791185
506,0.133271180488
507,0.739027480827
508,0.470565846099
509,0.278416332283
510,0.43167042328
511,0.444806799969
512,0.241790813392
513,0.397491651652
514,0.445688049301
515,0.277849485089
516,0.694633829157
517,0.583234077448
518,0.547942837104
519,0.754365858937
520,0.695833900649
521,0.710809029474
522,0.399905798338
523,0.611192960575
524,0.627685685434
525,0.515005514083
526,0.569670441009
527,0.63095910952
528,0.461784920437
529,0.686371014882
530,0.538926875178
531,0.408814094833
532,0.278915813323
533,0.370077106634
534,0.564231847546
535,0.426538523657
536,0.13827268158
537,0.401401456695
538,0.363642970103
539,0.457071859448
540,0.636222332499
541,0.305567039386
542,0.34668251357
543,0.788740311359
544,0.564499403925
545,0.489624667998
546,0.562225765531
547,0.506983657782
548,0.604422498775
549,0.47439452097
550,0.68757476003
551,0.279240450883
552,0.469965606786
553,0.611249227911
554,0.384011269837
555,0.193749888433
556,0.583290846995
557,0.426759077941
558,0.643237423837
559,0.587405950114
560,0.140802319007
561,0.613522111004
562,0.741089103615
563,0.220986606039
564,0.460758891559
565,0.502226082871
566,0.393831986859
567,0.40235744806
568,0.51387788155
569,0.33037935728
570,0.207072435064
571,0.234208923841
572,0.285652074179
573,0.385180147591
574,0.373871525138
575,0.601582422363
576,0.456938753352
577,0.139008174213
578,0.289805136891
579,0.0143880272366
580,0.231917062416
581,0.74106843394
582,0.0
583,0.0
584,0.0
585,0.0
586,0.0
587,0.0
588,0.334063341158
589,0.00190355553927
590,0.0
591,0.739981967976
592,0.256975263798
593,0.463556717069
594,0.0498164595646
595,0.0621856012454
596,0.0
597,0.0
598,0.0
599,0.0
600,0.0
601,0.0
602,0.0
603,0.0
604,0.0
605,0.0
606,0.0
607,0.0
608,0.0
609,0.0
610,0.0878889830934
611,0.283575540874
612,0.689537947922
613,0.48455394462
614,0.637994050587
615,0.612202437012
616,0.414317487408
617,0.486435027583
618,0.235770799561
619,0.391021333014
620,0.479136590928
621,0.324503771864
622,0.22982556536
623,0.0
624,0.0
625,0.0
626,0.0
627,0.0
628,0.100549073867
629,0.229513608896
630,0.307454007357
631,0.286757346543
632,0.0
633,0.0
634,0.0
635,0.247139237135
636,0.220489723694
637,0.0
638,0.468763557455
639,0.316404371898
640,0.270668986629
641,0.376354898263
642,0.192703629451
643,0.224827366799
644,0.195724248486
645,0.175681664583
646,0.613332300845
647,0.395441877095
648,0.353990708446
649,0.176733334413
650,0.235270466392
651,0.538861645782
652,0.336833241309
653,0.432563317084
654,0.34088352364
655,0.25052858296
656,0.388999538854
657,0.450929286395
658,0.053384968186
659,0.0224678466373
660,0.409326019807
661,0.00189217988576
662,0.0
663,0.124693946982
664,0.494715253821
665,0.0107281903412
666,0.0
667,0.375902201333
668,0.0915388438887
669,0.347603002954
670,0.0
671,0.0913330732522
672,0.433810662744
673,0.036855378913
674,0.503392322428
675,0.5020718473
676,0.00698393271849
677,0.343587313601
678,0.479455729068
679,0.614705591532
680,0.216351224186
681,0.139370060383
682,0.444845898187
683,0.299386736753
684,0.32141509397
685,0.642500126731
686,0.0885356329598
687,0.51589967191
688,0.264144033771
689,0.541445801419
690,0.583863962798
691,0.28211562159
692,0.651172035736
693,0.608360542582
694,0.39447057955
695,0.611563962438
696,0.594072906756
697,0.52202520434
698,0.583898633261
699,0.628720367801
700,0.747056537444
701,0.442416180438
702,0.767752189652
703,0.521602014705
704,0.217655210268
705,0.659803026503
706,0.705126206139
707,0.670126652819
708,0.0
709,0.277909321826
710,0.377558347327
711,0.194567629631
712,0.659892436939
713,0.725527399062
714,0.496498071341
715,0.4144997888
716,0.502825650085
717,0.640090148124
718,0.264504389408
719,0.341233424038
720,0.554370189519
721,0.379980526572
722,0.541005133723
723,0.292002852833
724,0.319602972515
725,0.618621455062
726,0.455808409982
727,0.379408891214
728,0.583648644564
729,0.439416654668
730,0.378387688461
731,0.581674747307
732,0.265378188419
733,0.127661425758
734,0.189754766672
735,0.291739786648
736,0.0
737,0.0
738,0.0
739,0.396820939052
740,0.709368866819
741,0.423552135786
742,0.63507606502
743,0.359020714511
744,0.271103053801
745,0.302046001896
746,0.406578336149
747,0.493847846865
748,0.424647131943
749,0.734588917614
750,0.60556932443
751,0.653499824951
752,0.231575838689
753,0.172871920851
754,0.57018579884
755,0.641806936263
756,0.467799519163
757,0.489699784656
758,0.366483884453
759,0.574027528025
760,0.276712079527
761,0.410256586322
762,0.486599357595
763,0.246442935517
764,0.248299512923
765,0.588916890917
766,0.687447363745
767,0.643884532121
768,0.409262789492
769,0.0
770,0.0
771,0.0
772,0.0
773,0.0621856012454
774,0.231730288992
775,0.365863316818
776,0.334625035429
777,0.05332859538
778,0.687619280435
779,0.0608375309749
780,0.195247395667
781,0.452474376737
782,0.264232115735
783,0.399085770377
784,0.450508954136
785,0.410606638263
786,0.358170173249
787,0.439871394388
788,0.452313049856
789,0.255530520163
790,0.0
791,0.0627092646479
792,0.0
793,0.0
794,0.0
795,0.0
796,0.0
797,0.0
798,0.0
799,0.0
800,0.0
801,0.0
802,0.0
803,0.270227692377
