site,dnds
1,0.199955395779
2,0.211547012926
3,0.0824674796152
4,0.389867214895
5,0.454039392865
6,0.448673359776
7,0.490981425711
8,0.224235696209
9,0.00827470553933
10,0.233908198563
11,0.0584842274117
12,0.318494306391
13,0.544001461902
14,0.570002103857
15,0.387152769135
16,0.0404754704384
17,0.468545920435
18,0.487255197869
19,0.0
20,0.242736892119
21,0.551864964544
22,0.470614788224
23,0.0589912494094
24,0.657165532774
25,0.48110874619
26,0.0
27,0.0
28,0.0
29,0.697565422136
30,0.631703426668
31,0.658548217758
32,0.658091437011
33,0.0
34,0.0
35,0.0
36,0.0
37,0.0
38,0.0
39,0.603026502224
40,0.691070753894
41,0.446828779402
42,0.533965726411
43,0.508226815843
44,0.79216874001
45,0.155207370809
46,0.624090136321
47,0.133583888998
48,0.0
49,0.487919113709
50,0.683994608579
51,0.67641475366
52,0.502225205689
53,0.718538489993
54,0.60615815602
55,0.383508091276
56,0.491234317292
57,0.0
58,0.545327110759
59,0.415822831076
60,0.244527132666
61,0.0
62,0.122291584111
63,0.377913532059
64,0.175873796711
65,0.0161666980889
66,0.500479077856
67,0.301782023351
68,0.647131434562
69,0.0
70,0.0
71,0.0
72,0.133303597186
73,0.0
74,0.0
75,0.125
76,0.0990210257943
77,0.0
78,0.199955395779
79,0.0
80,0.0
81,0.0
82,0.0
83,0.0
84,0.568517950022
85,0.44645666247
86,0.544496682279
87,0.183319251432
88,0.733129405895
89,0.721910186925
90,0.0
91,0.0
92,0.436912294486
93,0.618888448749
94,0.672312121097
95,0.449056980237
96,0.538166052025
97,0.416317702687
98,0.453205310018
99,0.328503677587
100,0.456416300667
101,0.472139802774
102,0.5262127316
103,0.307231350321
104,0.460098692011
105,0.561322854138
106,0.460747840652
107,0.308294621259
108,0.423581344636
109,0.51544751337
110,0.471309461778
111,0.0365328344964
112,0.363800153405
113,0.615183744472
114,0.678965885611
115,0.116086468727
116,0.653670146627
117,0.541571915163
118,0.398707696024
119,0.545639891487
120,0.0
121,0.854602763901
122,0.680173101898
123,0.649467473938
124,0.736326494052
125,0.524712752274
126,0.704811873828
127,0.59966649183
128,0.687939132737
129,0.604470346688
130,0.382468856121
131,0.371693729693
132,0.554557475571
133,0.571142256684
134,0.317815902651
135,0.476369122816
136,0.3647086639
137,0.398175901384
138,0.494378139412
139,0.360732004465
140,0.327672684556
141,0.600218799495
142,0.0
143,0.502827845347
144,0.302792538482
145,0.464362007001
146,0.549995207605
147,0.00175786255967
148,0.388615900319
149,0.619650239881
150,0.532591944329
151,0.109176669684
152,0.40289191101
153,0.444789832892
154,0.222641742286
155,0.470779568754
156,0.48187030497
157,0.24586708527
158,0.427335506036
159,0.159882315492
160,0.256058025421
161,0.0
162,0.0
163,0.527641865474
164,0.560406939831
165,0.456582004686
166,0.407354169025
167,0.552219031423
168,0.495359314405
169,0.209231618422
170,0.605477832362
171,0.608655813131
172,0.48109232998
173,0.0
174,0.221454183738
175,0.747797130616
176,0.484945852397
177,0.321666433174
178,0.563712358944
179,0.687084522048
180,0.117699510361
181,0.0
182,0.0
183,0.0
184,0.0
185,0.0
186,0.0
187,0.692303128356
188,0.257201488801
189,0.488934552639
190,0.648815047109
191,0.645285087019
192,0.36376904442
193,0.125533995252
194,0.74923675545
195,0.656390758783
196,0.560453427549
197,0.595631046045
198,0.759391830749
199,0.715295738586
200,0.691499343864
201,0.737247109515
202,0.64152036553
203,0.682263696779
204,0.517121159186
205,0.49109374672
206,0.642205976825
207,0.0
208,0.522751778963
209,0.474350246407
210,0.382934768224
211,0.0
212,0.0
213,0.0
214,0.0
215,0.484687623617
216,0.572844048566
217,0.579893124489
218,0.700887280365
219,0.0
220,0.0
221,0.0
222,0.0
223,0.0
224,0.0
225,0.0
226,0.0
227,0.0
228,0.519313948685
229,0.557688731224
230,0.732193698831
231,0.350826472182
232,0.383881237653
233,0.364689448413
234,0.253111921273
235,0.421553388924
236,0.307719961567
237,0.417721715999
238,0.448406890095
239,0.308723607571
240,0.45523167269
241,0.258002495663
242,0.130623459306
243,0.39508614743
244,0.446864736961
245,0.570688244906
246,0.575755588853
247,0.584387020534
248,0.414211679729
249,0.442744764738
250,0.456242239614
251,0.328240462183
252,0.466949071164
253,0.260342775083
254,0.213778062816
255,0.102564102564
256,0.27275872718
257,0.288111993729
258,0.100321263862
259,0.227719581905
260,0.0
261,0.0
262,0.0
263,0.0
264,0.0
265,0.0
266,0.0
267,0.0
268,0.0
269,0.591741589654
270,0.564086238389
271,0.589265973965
272,0.093986058381
273,0.757593858433
274,0.546789463338
275,0.734305245171
276,0.544279626672
277,0.434123379784
278,0.199937924419
279,0.425172617105
280,0.615274494624
281,0.472755420827
282,0.529892893805
283,0.733636232387
284,0.430887739943
285,0.622810535453
286,0.0
287,0.0
288,0.0
289,0.518100956265
290,0.772648476808
291,0.538340666877
292,0.581565561667
293,0.466137226426
294,0.727985025292
295,0.6493289636
296,0.530110534664
297,0.545878341503
298,0.488033496606
299,0.454814498869
300,0.383545945128
301,0.594863628479
302,0.580474327685
303,0.74166408997
304,0.727642050331
305,0.448564377054
306,0.561193419227
307,0.48837166722
308,0.184918793124
309,0.0963846040082
310,0.592226640294
311,0.50694119752
312,0.493345387485
313,0.278454239232
314,0.726927430065
315,0.39893202135
316,0.459101548687
317,0.315378964487
318,0.505512069269
319,0.307076162936
320,0.119402985075
321,0.0840178400679
322,0.533685764567
323,0.806229359803
324,0.797406343578
325,0.585443766056
326,0.487501761238
327,0.527393797072
328,0.636107415841
329,0.536405621512
330,0.586474506893
331,0.640110135376
332,0.674756380191
333,0.779307669126
334,0.00981317397897
335,0.0306719091606
336,0.236368305858
337,0.321150574981
338,0.234911419534
339,0.446083055729
340,0.339160907848
341,0.0
342,0.0
343,0.0
344,0.0
345,0.0
346,0.0
347,0.454540384498
348,0.421631468309
349,0.696986991098
350,0.484385693105
351,0.528595684486
352,0.551207060748
353,0.651904771142
354,0.392998400019
355,0.320342775787
356,0.553611504516
357,0.41796942265
358,0.126968612492
359,0.51010063724
360,0.71140294783
361,0.807857325995
362,0.696050478987
363,0.680121025055
364,0.750946715656
365,0.778978911777
366,0.654839841315
367,0.642286527316
368,0.765501673669
369,0.783090794757
370,0.387716046477
371,0.697146576273
372,0.704568574938
373,0.53089328331
374,0.641894576601
375,0.504738763157
376,0.559655027477
377,0.580116513252
378,0.641377542163
379,0.637786923327
380,0.836178540376
381,0.400998651682
382,0.377272766922
383,0.636292188133
384,0.399287596459
385,0.381515001308
386,0.547313121182
387,0.541347199932
388,0.527180680862
389,0.49549486201
390,0.573522038987
391,0.536608953598
392,0.474257226965
393,0.568547427509
394,0.660135727106
395,0.375188428265
396,0.63574897976
397,0.245802357353
398,0.207760217052
399,0.0495742845986
400,0.134197761127
401,0.757239258897
402,0.672118367269
403,0.663269250908
404,0.155552141411
405,0.14733417607
406,0.331608184033
407,0.334757925058
408,0.254668033021
409,0.536197476391
410,0.155579019416
411,0.324478277049
412,0.664072142931
413,0.634276763714
414,0.590378627347
415,0.495854321357
416,0.182635433784
417,0.269259451951
418,0.150885007935
419,0.470987593324
420,0.0
421,0.199955395779
422,0.266666666667
423,0.211547012926
424,0.0
425,0.637448015892
426,0.604408601694
427,0.303125589166
428,0.597736649537
429,0.154026371556
430,0.0
431,0.0821507769553
432,0.500519983558
433,0.596298211665
434,0.0
435,0.0
436,0.0
437,0.0
438,0.0
439,0.0
440,0.393802466882
441,0.335830916188
442,0.192220796576
443,0.541169304389
444,0.22515830111
445,0.204452321467
446,0.21482226649
447,0.154032706791
448,0.1
449,0.105234361811
450,0.695280311056
451,0.335907147368
452,0.351398152452
453,0.328519138166
454,0.623227166519
455,0.456174010067
456,0.251983274351
457,0.345105305751
458,0.460079710634
459,0.365170626999
460,0.532004835109
461,0.472345017837
462,0.0
463,0.0
464,0.0
465,0.0
466,0.0
467,0.0
468,0.0
469,0.0
470,0.0
471,0.0
472,0.0
473,0.0
474,0.0
475,0.0
476,0.0
477,0.0
478,0.0
479,0.0
480,0.0
481,0.0
482,0.0
483,0.0571428571429
484,0.0
485,0.0
486,0.0
487,0.294558058744
488,0.305691358263
489,0.441061469685
490,0.429698777438
491,0.222216494646
492,0.0172909647397
493,0.169072862998
494,0.280291443054
495,0.0974968959896
496,0.22626928604
497,0.263135904042
498,0.481958101439
499,0.449436887008
500,0.443797428133
501,0.326416020491
502,0.0652496294407
503,0.44144537941
504,0.460496842165
505,0.32348089362
506,0.321011980075
507,0.226577071227
508,0.390633049302
509,0.533721782867
510,0.302482519615
511,0.0980935238254
512,0.553834958305
513,0.395947394124
514,0.273092676022
515,0.45979551799
516,0.210854679087
517,0.223242839062
518,0.341039411072
519,0.493652592652
520,0.0183201299105
521,0.424989951742
522,0.246443756047
523,0.592209143787
524,0.362431561119
525,0.565025514125
526,0.223059496322
527,0.555602461314
528,0.49151572765
529,0.0
530,0.655466626501
531,0.493061906657
532,0.578576690155
533,0.569434120733
534,0.301388424215
535,0.612938064343
536,0.354583568499
537,0.476151245927
538,0.281088090285
539,0.0
540,0.0
541,0.0
542,0.0
543,0.0
544,0.565354642126
545,0.287581921333
546,0.493590268945
547,0.790700332773
548,0.0
549,0.0
550,0.485221993871
551,0.139942665231
552,0.508242799685
553,0.109099760017
554,0.3420929745
555,0.521010863749
556,0.212734046115
557,0.153522512404
558,0.423793539645
559,0.323865380327
560,0.0
561,0.364101464255
562,0.268826976754
563,0.0
564,0.238636580519
565,0.237248254831
566,0.108935440158
567,0.439140180096
568,0.416052861281
569,0.215981137304
570,0.239132894457
571,0.60351839385
572,0.582685280846
573,0.470073666056
574,0.1831066487
575,0.638949887054
576,0.48916918191
577,0.0
578,0.0
579,0.097311625946
580,0.0
581,0.0
582,0.654404013111
583,0.428005548909
584,0.308582087334
585,0.0
586,0.0
587,0.294963951269
588,0.487595626768
589,0.378512300457
590,0.158433641271
591,0.254883729016
592,0.361134323894
593,0.205134822146
594,0.264449389068
595,0.694287976212
596,0.302238682745
597,0.312972772284
598,0.261194978939
599,0.188663411572
600,0.0
601,0.45049063399
602,0.785660426579
603,0.413098378417
604,0.641616885263
605,0.348388900096
606,0.367789852564
607,0.565140328075
608,0.220537666254
609,0.492533937827
610,0.41845246981
611,0.137342779022
612,0.183361308165
613,0.165896136693
614,0.21272530046
615,0.598606675916
616,0.553830211709
617,0.0223014153899
618,0.054481540324
619,0.436323215438
620,0.362050986112
621,0.176929431708
622,0.304988906393
623,0.460635539626
624,0.0334162512203
625,0.528810181131
626,0.0
627,0.233535096962
628,0.0312600574557
629,0.00632743121632
630,0.546722738221
631,0.359307949498
632,0.419326929965
633,0.435772220006
634,0.658489328118
635,0.258567179771
636,0.653264651496
637,0.591595744216
638,0.562261130696
639,0.552170000435
640,0.421625457626
641,0.13889632417
642,0.0998738444244
643,0.0763228438792
644,0.0
645,0.295864846797
646,0.581173155239
647,0.431342478439
648,0.186511884081
649,0.41693708891
650,0.310771788591
651,0.377151338991
652,0.46363061693
653,0.283317086447
654,0.481151388558
655,0.0154327090146
656,0.0
657,0.0740804841591
658,0.379275237069
659,0.0
660,0.380160180952
661,0.0
662,0.292032454182
663,0.0
664,0.102794550114
665,0.0452174578377
666,0.346935536974
667,0.6484122733
668,0.216491215816
669,0.179407196188
670,0.405249427164
671,0.628379232872
672,0.246638546151
673,0.455209683954
674,0.544661427289
675,0.539440385892
676,0.580316855007
677,0.365808303879
678,0.393416597581
679,0.64139279563
680,0.457638767348
681,0.325374388514
682,0.422269528204
683,0.499280685353
684,0.0813420669649
685,0.476036289954
686,0.261258546413
687,0.531630539032
688,0.159034025586
689,0.572111444844
690,0.375232821174
691,0.59011982011
692,0.622090919536
693,0.484108772131
694,0.48348590636
695,0.706800257839
696,0.0
697,0.617480490865
698,0.489919325643
699,0.407657095186
700,0.493581099771
701,0.509417902634
702,0.494516233197
703,0.699446332374
704,0.517847126978
705,0.677512004203
706,0.484108485056
707,0.0
708,0.0347473981255
709,0.0
710,0.0
711,0.381255599215
712,0.465961702815
713,0.475918074464
714,0.529790898748
715,0.364849585279
716,0.545534450055
717,0.663206764209
718,0.267573773539
719,0.511582792571
720,0.650555051123
721,0.450317529989
722,0.540722496621
723,0.436522040327
724,0.489998947175
725,0.520379979641
726,0.0435420980307
727,0.521194221973
728,0.709445944879
729,0.0747635100839
730,0.355397431446
731,0.0
732,0.0
733,0.0
734,0.0
