site,dnds
1,0.149069285643
2,0.443167019406
3,0.0704750510679
4,0.279307302111
5,0.25169559945
6,0.195006990855
7,0.146949881649
8,0.297581810035
9,0.00509213046201
10,0.40594324707
11,0.205673086929
12,0.362065819191
13,0.246774761467
14,0.411940976405
15,0.283537742808
16,0.488993055001
17,0.350922708155
18,0.467829246267
19,0.155605424356
20,0.392442138375
21,0.300932054897
22,0.352154368739
23,0.235545698546
24,0.583076569401
25,0.273100932882
26,0.0
27,0.137254833042
28,0.537240883415
29,0.0
30,0.0
31,0.141804644685
32,0.358091349153
33,0.0
34,0.0
35,0.0
36,0.378549892155
37,0.447691035613
38,0.00575017719147
39,0.371798340117
40,0.212928081277
41,0.494061870508
42,0.341367789025
43,0.2479430123
44,0.0
45,0.25637222629
46,0.567281689735
47,0.179867517568
48,0.13472778209
49,0.207464694986
50,0.179731911826
51,0.412731977531
52,0.150671068274
53,0.178126523664
54,0.0
55,0.0977328097335
56,0.464269692858
57,0.372675348196
58,0.117197616437
59,0.494418714978
60,0.608951304295
61,0.628498549233
62,0.387534742172
63,0.178242248675
64,0.260822646338
65,0.221325311769
66,0.476822256695
67,0.289465226752
68,0.357095323422
69,0.071611952874
70,0.0666052796817
71,0.38016370003
72,0.306466562055
73,0.58015520039
74,0.313819246998
75,0.512100686652
76,0.142969900296
77,0.0
78,0.469608558319
79,0.239870570306
80,0.46251406814
81,0.138401966277
82,0.367624646803
83,0.426633194645
84,0.302797323863
85,0.431192494417
86,0.167191696715
87,0.303533336785
88,0.377023013818
89,0.0766807859178
90,0.178476732676
91,0.229472680998
92,0.150793607331
93,0.321182733157
94,0.0986482399419
95,0.0
96,0.0
97,0.0
98,0.0
99,0.0
100,0.0
101,0.0
102,0.0
103,0.0
104,0.0
105,0.0
106,0.0
107,0.0
108,0.0
109,0.0
110,0.0
111,0.0
112,0.0
113,0.0
114,0.0
115,0.0
116,0.0
117,0.0
118,0.0
119,0.0
120,0.0
121,0.279106557481
122,0.406085210842
123,0.39126188204
124,0.00753632307839
125,0.0116471117642
126,0.00168973633333
127,0.0
128,0.0
129,0.0
130,0.0
131,0.189157367498
132,0.45922321006
133,0.0
134,0.15655368694
135,0.0
136,0.0
137,0.201334398509
138,0.0
139,0.0
140,0.0
141,0.0975190618291
142,0.0
143,0.0
144,0.0796968797291
145,0.0
146,0.240881162161
147,0.00544721197969
148,0.0541990146514
149,0.00886049851342
150,0.128087579761
151,0.251379764406
152,0.25748859484
153,0.309259718186
154,0.13334398005
155,0.168500020913
156,0.356143454524
157,0.127318404987
158,0.36366147337
159,0.0816703794359
160,0.0901058169143
161,0.0
162,0.0
163,0.0
164,0.472357948161
165,0.252320320133
166,0.384218057998
167,0.399367792183
168,0.48673163085
169,0.344317877072
170,0.365271186748
171,0.294539149182
172,0.447299971573
173,0.0445383360271
174,0.313820947181
175,0.711342615602
176,0.339901938016
177,0.0212249284002
178,0.295267295399
179,0.347434292886
180,0.321747567178
181,0.3822034197
182,0.0
183,0.0765581072625
184,0.0
185,0.0779081647723
186,0.29602217237
187,0.244162027004
188,0.0174302308249
189,0.326472532571
190,0.221529541564
191,0.260434635776
192,0.45857016728
193,0.420417071608
194,0.211111734555
195,0.114870467442
196,0.190302228143
197,0.092386772038
198,0.241427273007
199,0.0249726032195
200,0.0739752808393
201,0.0549619027436
202,0.0
203,0.0
204,0.479992072117
205,0.0
206,0.0139611817391
207,0.316947878545
208,0.252017087327
209,0.142857142857
210,0.464696564327
211,0.124915099878
212,0.0845187974326
213,0.0111159252536
214,0.0
215,0.531313961273
216,0.00813216678508
217,0.138373811258
218,0.0315922155386
219,0.0337967732179
220,0.116352817231
221,0.00547896058196
222,0.100840336134
223,0.0
224,0.314138098358
225,0.375569837263
226,0.221323662926
227,0.0
228,0.11090354889
229,0.227922374132
230,0.131749567082
231,0.0
232,0.0
233,0.0
234,0.114781590267
235,0.363568421972
236,0.515956870891
237,0.0901160544145
238,0.0633678030049
239,0.240660111962
240,0.279180844015
241,0.323518289235
242,0.111757495895
243,0.105231785303
244,0.229576407486
245,0.133191765239
246,0.256621627397
247,0.345456682528
248,0.0
249,0.0
250,0.0
251,0.406422550638
252,0.270300724696
253,0.00942762855584
254,0.080877339558
255,0.380492053152
256,0.111012466308
257,0.0
258,0.396422474052
259,0.422580103888
260,0.458575548114
261,0.0101681381485
262,0.0
263,0.148334126726
264,0.535838973759
265,0.206788528188
266,0.254715787367
267,0.0377061010832
268,0.0
269,0.0
270,0.0
271,0.125533995252
272,0.468205983292
273,0.406009607238
274,0.449868186261
275,0.406049737019
276,0.106349415831
277,0.102375541019
278,0.309597280783
279,0.42829376132
280,0.235809982118
281,0.206811731782
282,0.0251396361791
283,0.0
284,0.0
285,0.0759613348559
286,0.0864881054348
287,0.110110341041
288,0.0
289,0.0
290,0.0924196240747
291,0.0
292,0.0
293,0.146437378616
294,0.316210666753
295,0.0885582184247
296,0.230836810746
297,0.200682612276
298,0.0
299,0.369666901143
300,0.226609888227
301,0.421281436004
302,0.29745684414
303,0.187492072807
304,0.131375946162
305,0.0276407460596
