site,dnds
1,0.0340702289637
2,0.403248457827
3,0.473280367636
4,0.520468900398
5,0.27736762046
6,0.356573954475
7,0.372054682835
8,0.0498986236911
9,0.511186360555
10,0.307885770006
11,0.511456851796
12,0.535740447334
13,0.481901329703
14,0.551081995419
15,0.195465592358
16,0.367348967952
17,0.350995268137
18,0.528296574148
19,0.49149229877
20,0.390563721783
21,0.0
22,0.628611887808
23,0.255342106737
24,0.387791008281
25,0.4371290247
26,0.147096536264
27,0.591737869008
28,0.550884129864
29,0.56020473755
30,0.364180081768
31,0.298031613687
32,0.197653093458
33,0.419401226452
34,0.290096595572
35,0.309783071848
36,0.308112687452
37,0.298654850522
38,0.315734229302
39,0.483170027148
40,0.229300126335
41,0.281283857945
42,0.464730344085
43,0.613639483042
44,0.0
45,0.0
46,0.0
47,0.595637199063
48,0.178397819139
49,0.756582751064
50,0.343033339253
51,0.50921340827
52,0.4341896705
53,0.019801980198
54,0.171803513167
55,0.199288764261
56,0.0
57,0.0
58,0.166666666667
59,0.261424719899
60,0.367307009361
61,0.270129872973
62,0.491998367782
63,0.282421729454
64,0.461493968202
65,0.293047000465
66,0.625841235618
67,0.348051843709
68,0.803584335982
69,0.693692678893
70,0.753119672192
71,0.643359680646
72,0.633112444759
73,0.634480735849
74,0.680630304544
75,0.615386456012
76,0.498809153057
77,0.570580023243
78,0.38749957014
79,0.376255492787
80,0.412825925369
81,0.262525108799
82,0.394478016446
83,0.50221786971
84,0.516580994987
85,0.62136172586
86,0.264628087101
87,0.248736233099
88,0.525901842325
89,0.400657133415
90,0.509077295298
91,0.631019389188
92,0.520451106681
93,0.125
94,0.0
95,0.0
96,0.0
97,0.539334512803
98,0.527735953693
99,0.0652601154369
100,0.701240629185
101,0.329782274748
102,0.690281588088
103,0.572328276974
104,0.457840882995
105,0.42235124947
106,0.662717211796
107,0.0
108,0.0
109,0.0
110,0.0
111,0.0
112,0.0
113,0.0
114,0.64065520552
115,0.256714557904
116,0.165049430829
117,0.0
118,0.0
119,0.142857142857
120,0.254538065186
121,0.11032089928
122,0.0
123,0.241650061886
124,0.0
125,0.246986563711
126,0.433462195667
127,0.234583545752
128,0.297730399711
129,0.22257698885
130,0.0331307728973
131,0.369733040754
132,0.395107853014
133,0.632590209652
134,0.491478347393
135,0.619436939921
136,0.145454545455
137,0.542743150813
138,0.614500003057
139,0.520002056272
140,0.611505645739
141,0.450522401613
142,0.20238943919
143,0.339415155142
144,0.556090899293
145,0.578500863258
146,0.0
147,0.505416964138
148,0.0
149,0.415622118234
150,0.415194974321
151,0.635109641787
152,0.427652575199
153,0.690933670918
154,0.558704048377
155,0.258494873501
156,0.0
157,0.542205798838
158,0.719868384608
159,0.570733296146
160,0.424871686327
161,0.300902974144
162,0.374735917378
163,0.465145173485
164,0.652039722216
165,0.0
166,0.131219565023
167,0.371804257106
168,0.26928841435
169,0.121872031747
170,0.0
171,0.0
172,0.296404407913
173,0.0
174,0.242623054439
175,0.134508006305
176,0.15439087711
177,0.205887182677
178,0.121152689104
179,0.354888367282
180,0.272978202818
181,0.142043097068
182,0.226369659205
183,0.0667807178934
184,0.0437500468939
185,0.355611944301
186,0.23245355708
187,0.213091151706
188,0.24174827095
189,0.39133609438
190,0.647821811446
191,0.558096337892
192,0.745576936185
193,0.813381669139
194,0.0
195,0.0
196,0.0
197,0.0
198,0.0
199,0.0
200,0.0
201,0.0
202,0.0
203,0.0
204,0.169014084507
205,0.0527354639821
206,0.564436647005
207,0.437950194572
208,0.159116527979
209,0.407821872573
210,0.0642919123998
211,0.0562962177105
212,0.10661615228
213,0.487828789692
214,0.594823441173
215,0.451580505951
216,0.57316594972
217,0.645754731416
218,0.571616427001
219,0.675123505526
220,0.677416381176
221,0.635322811856
222,0.77487451066
223,0.785794625578
224,0.752180524115
225,0.63563343171
226,0.518705023245
227,0.447741788928
228,0.101082998245
229,0.495177592538
230,0.470860725322
231,0.307957117751
232,0.0
233,0.082118286499
234,0.497650455063
235,0.281382746406
236,0.0975970667879
237,0.374427067435
238,0.270904712171
239,0.514459871171
240,0.440371875215
241,0.564199037258
242,0.569631887539
243,0.246476140729
244,0.692058429442
245,0.499283130814
246,0.660562915959
247,0.516063116143
248,0.0592546291424
249,0.532493654721
250,0.0
251,0.330771392642
252,0.340360822638
253,0.485118863706
254,0.307106237233
255,0.139425819741
256,0.18178176127
257,0.0
258,0.0728797729262
259,0.0936429250703
260,0.0774092707647
261,0.0775230633939
262,0.303740205777
263,0.134981223312
264,0.0145541412966
265,0.0
266,0.325829463272
267,0.0579235868726
268,0.0
269,0.0
270,0.139016608494
271,0.125
272,0.0176085197031
273,0.371389228927
274,0.164223916827
275,0.114733258669
276,0.309137227694
277,0.567958608764
278,0.504818748023
279,0.349513187752
280,0.386978375916
281,0.351334485488
282,0.0
283,0.589543003919
284,0.438875665813
285,0.365304093644
286,0.346788589574
287,0.616163392917
288,0.543859611159
289,0.611582443651
290,0.225289457736
291,0.466731084983
292,0.338925211299
293,0.0331950207469
294,0.362072933198
295,0.518147452368
296,0.418604495755
297,0.1616891666
298,0.148625197048
299,0.552146991719
300,0.565653027961
301,0.464584103792
302,0.321662950417
303,0.439451099463
304,0.518572671071
305,0.297822126591
306,0.377560600382
307,0.0
308,0.0
309,0.0
310,0.206558624261
311,0.0803374684263
312,0.220218761006
313,0.0454532259261
314,0.286175708329
315,0.292487194282
316,0.00139435859695
317,0.201799281121
318,0.442397223584
319,0.342372084839
320,0.273224616724
321,0.551292273138
322,0.523729720627
323,0.138629436112
324,0.0
325,0.0
326,0.115524530093
327,0.0
328,0.125533995252
329,0.0
330,0.0
331,0.154032706791
332,0.0
333,0.0
334,0.0
335,0.0
336,0.0
337,0.0
338,0.0
339,0.0
340,0.0
341,0.0
342,0.0
343,0.0
344,0.179065316263
345,0.100879069108
346,0.0727929490752
347,0.111307727871
348,0.229640817263
349,0.130104985102
350,0.068458980796
351,0.0
352,0.0558616417967
353,0.0
354,0.682357774242
355,0.830374172867
356,0.138405293495
357,0.590593497781
358,0.815410717835
359,0.568197690093
360,0.0
361,0.0
362,0.372221111484
363,0.430187724171
364,0.434730352452
365,0.118642597649
366,0.0
367,0.08
368,0.0
369,0.0924196240747
370,0.078431372549
371,0.169152285963
372,0.142857142857
373,0.0990210257943
374,0.0666666666667
375,0.295666706313
376,0.171457942335
377,0.0
378,0.0
379,0.0
380,0.126026760102
381,0.133915081577
382,0.174567000419
383,0.198935808461
384,0.0
385,0.0
386,0.0
387,0.0
388,0.0
389,0.0
390,0.0646650034007
391,0.06615727271
392,0.0
393,0.0
394,0.0
395,0.0
396,0.0
397,0.0
398,0.0
399,0.0
400,0.0
401,0.0676240463763
402,0.0
403,0.0521565288292
404,0.315532175782
405,0.409917211031
406,0.00235789118121
407,0.237709145511
408,0.433399334342
409,0.387537068942
410,0.252188618887
411,0.147311915889
412,0.105969394683
413,0.0
414,0.0
415,0.13287930988
416,0.249100346491
417,0.469673452325
418,0.0
419,0.0
420,0.0
421,0.0
422,0.0
423,0.0
424,0.0
425,0.0
426,0.476195543753
427,0.0222161225559
428,0.0
429,0.173932300255
430,0.263959567312
431,0.361773539056
432,0.27162454839
433,0.0
434,0.32722301
435,0.124007355672
436,0.0
437,0.255332069416
438,0.083430955099
439,0.555524793613
440,0.158233281235
441,0.5718085944
442,0.223840023156
443,0.30978883239
444,0.203368243641
445,0.112025644807
446,0.107578715643
447,0.0
448,0.147056127603
449,0.165711514308
450,0.61715479299
451,0.0729985826317
452,0.0264082585412
453,0.377866825027
454,0.653758970672
455,0.141330617608
456,0.127635677159
457,0.212437456767
458,0.507214308864
459,0.229374264377
460,0.00661219950344
461,0.0368936962612
462,0.0
463,0.107488116572
464,0.272192176831
465,0.0
466,0.223064988492
467,0.10465585128
468,0.109862946026
469,0.0
470,0.296510778951
471,0.0944963654696
472,0.30430561763
473,0.414740311873
474,0.0977340393673
475,0.375790182696
476,0.439215794236
477,0.236297151841
478,0.0
479,0.433535185597
480,0.446502713411
481,0.0
482,0.22884881782
483,0.0428027080561
484,0.0
485,0.138210606814
486,0.334170543221
487,0.0
488,0.0
489,0.101053364903
490,0.206333745546
491,0.200700632243
492,0.214902531488
493,0.0473676956598
494,0.0
495,0.0
496,0.0
497,0.197284345553
498,0.509736152173
499,0.491119441943
500,0.464181998432
501,0.232045141003
502,0.346036688211
503,0.539511768791
504,0.290894875799
505,0.311256886054
506,0.548938270408
507,0.469184124891
508,0.159080399843
509,0.0437929056576
510,0.515730424287
511,0.22806839806
512,0.105378930029
513,0.274899068883
514,0.110652796307
515,0.203456359602
516,0.301009337417
517,0.319906196158
518,0.127556579671
519,0.187837491312
520,0.0144923696638
521,0.149109179725
522,0.0102597094332
523,0.0
524,0.448203066619
525,0.0859998628363
526,0.49671177705
527,0.542750452419
528,0.109252668227
529,0.435790842206
530,0.254317016391
531,0.00709959956415
532,0.381091913099
533,0.180697688501
534,0.0529737213483
535,0.124903820174
536,0.298577342727
537,0.241836652986
538,0.534717368086
539,0.422650041046
540,0.437683582133
541,0.204189467865
542,0.46346616384
543,0.463550106256
544,0.166978875157
545,0.340014691771
546,0.434762058081
547,0.0677489232462
548,0.0
549,0.213872946516
550,0.498278862551
551,0.29231753989
552,0.0
553,0.0
554,0.0
555,0.0
556,0.0
557,0.0
558,0.0
559,0.0
560,0.0
561,0.0
562,0.0
563,0.0
564,0.0
565,0.0
566,0.0
567,0.0
568,0.0
569,0.0
570,0.0
571,0.0
572,0.0
573,0.0
574,0.0
575,0.0
576,0.0
577,0.0
578,0.0
579,0.164978831475
580,0.0742378055405
581,0.140356805834
582,0.0
583,0.493062301414
584,0.576447767619
585,0.0578154690461
586,0.453258908339
587,0.11065369481
588,0.328304786098
589,0.0
590,0.0
591,0.237406950528
592,0.0574230653117
593,0.119409958849
594,0.420542295343
595,0.27621183758
596,0.492751330306
597,0.174407544752
598,0.103459135896
599,0.387509301859
600,0.31065130392
601,0.668325487786
602,0.563841389824
603,0.235894544218
604,0.126858013618
605,0.582403078538
606,0.071092018519
607,0.483913838738
608,0.728491516287
609,0.723586093821
610,0.155477162202
611,0.477597190583
612,0.475872744137
613,0.339814614958
614,0.224082022073
615,0.15988325799
616,0.618664333968
617,0.540141193032
618,0.731730530511
619,0.694677689355
620,0.606247080572
621,0.495828939193
622,0.394048052416
623,0.362808252688
624,0.365298766609
625,0.273819793531
626,0.570812261638
627,0.509155995897
628,0.409325736246
629,0.638860777291
630,0.775490087799
631,0.702728847384
632,0.65122892764
633,0.468627078739
634,0.059082778644
635,0.51022939834
636,0.381534330459
637,0.0318450227252
638,0.347444838912
639,0.397770981048
640,0.244296364439
641,0.565342210854
642,0.647665114164
643,0.638769603614
644,0.106826163823
645,0.0229847202034
646,0.149132738576
647,0.297429315506
648,0.0982887408585
649,0.21588142627
650,0.507999248021
651,0.298699502358
652,0.143252219848
653,0.259028497945
654,0.0
655,0.0
656,0.0
657,0.0
658,0.0
659,0.0
660,0.0
661,0.0
662,0.0
663,0.0
664,0.0
665,0.15858047882
666,0.405892188935
667,0.161475454023
668,0.430870960307
669,0.470160979314
670,0.169034880179
671,0.496506189704
672,0.428254205131
673,0.0
674,0.0
675,0.0
676,0.0
677,0.0
678,0.589794856672
679,0.133303597186
680,0.141031341951
681,0.347028229429
682,0.443506528301
683,0.343924992453
684,0.186639630436
685,0.242933343743
686,0.339045753244
687,0.451119330661
688,0.23810079903
689,0.0
690,0.446848963306
691,0.398880882871
692,0.0991016611473
693,0.0
694,0.0742378055405
695,0.125
696,0.193585777275
697,0.0
698,0.0
699,0.470114599812
700,0.344629193781
701,0.263698817041
702,0.181412581458
703,0.0165626409137
704,0.133407451104
705,0.103274524938
706,0.0
707,0.252737361738
708,0.0
709,0.0920940478223
710,0.288732030824
711,0.24486259387
712,0.155986124777
713,0.3252359303
714,0.452595623705
715,0.415095793479
716,0.290652319904
717,0.28741561409
718,0.335035791389
719,0.34988869397
720,0.103097305446
721,0.0848794099876
722,0.258494579036
723,0.354509254522
724,0.230934531979
725,0.115937659308
726,0.378368533574
727,0.111766521697
728,0.180168220218
729,0.175904305623
730,0.114720896547
731,0.0
732,0.122921654676
733,0.137462787219
734,0.0
735,0.247598797866
736,0.261898550338
737,0.141164342903
738,0.290815863968
739,0.268160221555
740,0.213176309179
741,0.207313205046
742,0.292342255729
743,0.245638658198
744,0.285605686063
745,0.180095916958
746,0.682139048503
747,0.134108574436
748,0.148542067511
749,0.294895959012
750,0.502583970634
751,0.216874821975
752,0.150908050262
753,0.578935860029
754,0.0
755,0.519650283149
756,0.361409608399
757,0.0
758,0.0
759,0.0
760,0.0
761,0.0
762,0.0
763,0.0
764,0.0
765,0.0
766,0.340191988682
767,0.545154855848
768,0.564748723167
769,0.363953662407
770,0.221432566034
771,0.290614555803
772,0.517501019361
773,0.21819656358
774,0.32852971166
775,0.333225161473
776,0.0
777,0.12281402
778,0.0108593143648
779,0.385207989992
780,0.239288814546
781,0.0826517031626
782,0.114498329
783,0.0
784,0.0
785,0.0343887084824
786,0.303794019803
787,0.404759609517
788,0.372039620868
789,0.679087874437
790,0.609337103289
791,0.0
792,0.138030675101
793,0.0
794,0.0
795,0.0
796,0.0
797,0.0
798,0.0
799,0.0
800,0.194679217614
801,0.108292131296
802,0.502579008948
803,0.24147305115
804,0.0
805,0.0
806,0.100821408081
807,0.0
808,0.106638027778
809,0.174917220384
810,0.345591106681
811,0.0
812,0.0
813,0.0
814,0.0
815,0.0
816,0.0
817,0.0
818,0.124479733356
819,0.169200558531
820,0.205368518498
821,0.258128466752
822,0.187259877258
823,0.275529232856
824,0.31346068846
825,0.0133269387265
826,0.102946726097
827,0.100124443969
828,0.126328362005
829,0.453496840773
830,0.402044386325
831,0.42064065211
832,0.699474338332
833,0.737601070129
834,0.512853376274
835,0.669018611746
836,0.446782078293
837,0.331687081124
838,0.389359853466
839,0.343492541106
840,0.267916042207
841,0.0
842,0.0
843,0.275595395451
844,0.216766219849
845,0.330089979594
846,0.242085959197
847,0.571575414479
848,0.487136044609
849,0.261960887094
850,0.429969133342
851,0.450007276542
852,0.46822055624
853,0.139456361294
854,0.434432231448
855,0.151331599722
856,0.273944158487
857,0.432284742843
858,0.505375678564
859,0.304440723498
860,0.26073039892
861,0.312254861321
862,0.474763898305
863,0.712406357346
864,0.659526025931
865,0.747608253453
866,0.498450063378
867,0.0
868,0.0642847101919
869,0.0988520881891
870,0.0
871,0.21474189474
872,0.232663622872
873,0.275349056688
874,0.284019024219
875,0.333937112676
876,0.1910835057
877,0.433171954138
878,0.270873695484
879,0.474935840058
880,0.331967841172
881,0.212881433974
882,0.514595006778
883,0.624486527554
884,0.711496530647
885,0.56646882094
886,0.196950620055
887,0.674155385444
888,0.735198262859
889,0.677414666243
890,0.442602806991
891,0.614746057919
892,0.703932176761
893,0.515692845964
894,0.518825198105
895,0.529924699735
896,0.666237027001
897,0.285395811854
898,0.510326617177
899,0.610894369993
900,0.475725274994
901,0.500817414013
902,0.343436021711
903,0.450874733692
904,0.0
905,0.0
906,0.0
907,0.0
908,0.0496195560223
909,0.391382241883
910,0.275819786349
911,0.20513929338
912,0.0515490154818
913,0.30724957076
914,0.244054942741
915,0.312321012255
916,0.119660094146
917,0.0
918,0.0
919,0.109001949199
920,0.0462482158745
921,0.0
922,0.0
923,0.0192765751517
924,0.00874587457578
925,0.0
926,0.0418246468722
927,0.160381065668
928,0.270552439874
929,0.104921780258
930,0.0
931,0.0
932,0.0
933,0.110031890271
934,0.0
935,0.312689817338
936,0.1106439014
937,0.0
938,0.0
939,0.356171804042
940,0.0934059751079
941,0.443419367788
942,0.123709593428
943,0.0
944,0.028908789617
945,0.146053805243
946,0.0
947,0.0
948,0.0
949,0.0
950,0.0
951,0.502133684853
952,0.00670844036756
953,0.483631931878
954,0.362444196009
955,0.404428958679
956,0.577254471199
957,0.402498935645
958,0.00840774710715
959,0.205443285321
960,0.319646035774
961,0.0
962,0.0245903735355
963,0.0
964,0.272000991628
965,0.309162649641
966,0.512937738548
967,0.324814056559
968,0.0245903735355
969,0.550434255892
970,0.0
971,0.127475343551
972,0.288111993729
973,0.178153344108
974,0.164626736366
975,0.166740968843
976,0.0750915237549
977,0.146572901401
978,0.101804749411
979,0.148129014196
980,0.247020822638
981,0.195582500743
982,0.23037894185
983,0.1889127589
984,0.0379146919431
985,0.262295081967
986,0.466573631303
987,0.173229701611
988,0.269443813735
989,0.355937761815
990,0.106944903228
991,0.320488600986
992,0.285071875804
993,0.288132833767
994,0.420231381032
995,0.214101935758
996,0.100475582185
997,0.40408881684
998,0.0706392031144
999,0.216442799296
1000,0.52849382208
1001,0.578095728535
1002,0.401738312814
1003,0.481253672053
1004,0.143009453174
1005,0.0939840988713
1006,0.368663400013
1007,0.347437007624
1008,0.251820853362
1009,0.528229435736
1010,0.540579797033
1011,0.443991238015
1012,0.350590423634
1013,0.26692147129
1014,0.408074949451
1015,0.265389352912
1016,0.521471189111
1017,0.0
1018,0.0
1019,0.466208670475
1020,0.0193553690796
1021,0.289092054668
1022,0.259738176508
1023,0.0550405463178
1024,0.0
1025,0.0
1026,0.151269010445
1027,0.0
1028,0.411238801909
1029,0.170175361361
1030,0.203430223731
1031,0.0
1032,0.102994902063
1033,0.0999625961142
1034,0.179967782699
1035,0.0
1036,0.213093723415
1037,0.168406699342
1038,0.0799298424266
1039,0.233481155557
1040,0.259374763088
1041,0.10163809764
1042,0.0698776646911
1043,0.0
1044,0.13099041597
1045,0.0
1046,0.190376771638
1047,0.113801061333
1048,0.0
1049,0.293460894539
1050,0.156134098027
1051,0.272421974061
1052,0.238988028749
1053,0.345653250117
1054,0.249962116135
1055,0.0924196240747
1056,0.207733202078
1057,0.280117147261
1058,0.0
1059,0.184845601093
1060,0.195199300604
1061,0.256038755189
1062,0.327204070449
1063,0.0892479433882
1064,0.34346223934
1065,0.094592854468
1066,0.255783544259
1067,0.0864209908226
1068,0.611847303927
1069,0.0399082880996
1070,0.0666087380718
1071,0.0
1072,0.0
1073,0.0
1074,0.0
1075,0.0
1076,0.0
1077,0.0
1078,0.0
1079,0.428266826994
1080,0.738263651653
1081,0.117759738603
1082,0.103295742489
1083,0.224132367582
1084,0.219638424145
1085,0.0
1086,0.254036933189
1087,0.201713474402
1088,0.0
1089,0.286163254491
1090,0.20855331785
1091,0.0322295947524
1092,0.308930384325
1093,0.016214083276
1094,0.483264225715
1095,0.632485688921
1096,0.648180643156
1097,0.442752947663
1098,0.240553253491
1099,0.649377012432
1100,0.495565728954
1101,0.00277814501226
1102,0.19434913235
1103,0.283312416895
1104,0.278684875357
1105,0.351915210945
1106,0.0663728128876
1107,0.139061752601
1108,0.38649737748
1109,0.181124726601
1110,0.203576455614
1111,0.0189902793183
1112,0.0401142979527
1113,0.355135221007
1114,0.224326254848
1115,0.230535641458
1116,0.0610517125475
1117,0.218415858376
1118,0.318565887421
1119,0.0
1120,0.108889825144
1121,0.177094934712
1122,0.432741218674
1123,0.350463871721
1124,0.237907308838
1125,0.277052278423
1126,0.705960088415
1127,0.127657462529
1128,0.258553271997
1129,0.125436166899
1130,0.501691254638
1131,0.45089399761
1132,0.149584465833
1133,0.339879752417
1134,0.429036547882
1135,0.501788417621
1136,0.519352005065
1137,0.476417544223
1138,0.639520578959
1139,0.306198499853
1140,0.386755557985
1141,0.291387079278
1142,0.601541253355
1143,0.288914484064
1144,0.202522435377
1145,0.564991745002
1146,0.504226720821
1147,0.0792337799891
1148,0.293012565219
1149,0.627635017521
1150,0.567009878496
1151,0.608459590367
1152,0.0
1153,0.58523978464
1154,0.499538525597
1155,0.641360083446
1156,0.400870769347
1157,0.683464606429
1158,0.171581987626
1159,0.680088878604
1160,0.519074048375
1161,0.674025853283
1162,0.479084364778
1163,0.660259896342
1164,0.0
1165,0.71271263295
1166,0.495342702378
1167,0.564232014879
1168,0.0
1169,0.0
1170,0.169314718056
1171,0.286294517815
1172,0.636078494316
1173,0.786429031487
1174,0.637106450801
1175,0.720166907922
1176,0.56552809734
1177,0.504155270715
1178,0.403400508707
1179,0.549207802164
1180,0.489228902539
1181,0.458405728584
1182,0.341055790333
1183,0.728475787243
1184,0.181803684461
1185,0.0
1186,0.0
1187,0.0
1188,0.0
1189,0.0
1190,0.0
1191,0.0
1192,0.0
1193,0.0
1194,0.0
1195,0.0
1196,0.0
1197,0.0
1198,0.0
1199,0.0
1200,0.0
1201,0.0
1202,0.0
1203,0.0
1204,0.0
1205,0.0
1206,0.0
1207,0.0
1208,0.0
1209,0.0
1210,0.0
1211,0.0
1212,0.0
1213,0.0
1214,0.0
1215,0.0
1216,0.705222247909
1217,0.0
1218,0.0173296447536
1219,0.0342814858939
1220,0.0
1221,0.0516738498106
1222,0.0
1223,0.335061837906
1224,0.0
1225,0.0
1226,0.384611331039
1227,0.113166886622
1228,0.599323674016
1229,0.0
1230,0.0
1231,0.0
1232,0.0
1233,0.623146033891
1234,0.33102048351
1235,0.535947190654
1236,0.558912212529
1237,0.0
1238,0.188976377953
1239,0.0
1240,0.240879320724
1241,0.0475300923813
1242,0.519729366304
1243,0.746398205028
1244,0.0
1245,0.0
1246,0.479558403216
1247,0.683614094338
1248,0.420933600733
1249,0.514927755206
1250,0.531973119817
1251,0.0162793642234
1252,0.0
1253,0.0
1254,0.0
1255,0.0
1256,0.0
1257,0.0
1258,0.0
1259,0.0
1260,0.585938394105
1261,0.487285122166
1262,0.139016608494
1263,0.684577437167
1264,0.680566239463
1265,0.685960525026
1266,0.659349552306
1267,0.756824741711
1268,0.529417784012
1269,0.713339139812
1270,0.534228282143
1271,0.410127233797
1272,0.828417517193
1273,0.760414814907
1274,0.851647995296
1275,0.818985913739
1276,0.840553393845
1277,0.753980787026
1278,0.51080118069
1279,0.546988717306
1280,0.384546903479
1281,0.821468843904
1282,0.743978519343
1283,0.812199826689
1284,0.803566870554
1285,0.772170443669
1286,0.741297635773
1287,0.784503068362
1288,0.686405248617
1289,0.748509843211
1290,0.784933640353
1291,0.700495211505
1292,0.761587248272
1293,0.70660566698
1294,0.674943255725
1295,0.737448317553
1296,0.720530548934
1297,0.675245864422
1298,0.608174115899
1299,0.771587439175
1300,0.781394985727
1301,0.837814714003
1302,0.616118195664
1303,0.73324955951
1304,0.769058087439
1305,0.676243268987
1306,0.666381516753
1307,0.563365586751
1308,0.574102731512
1309,0.723293358905
1310,0.749717766996
1311,0.677216936254
1312,0.669338805768
1313,0.342718233602
1314,0.62680145512
1315,0.455070910014
1316,0.520279947347
1317,0.305555593757
1318,0.431287802568
1319,0.334681909511
1320,0.301572060078
1321,0.71376441961
1322,0.317789499649
1323,0.45154054595
1324,0.274503951632
1325,0.560820684599
1326,0.331791576395
1327,0.213169021789
