site,dnds
1,0.196721311475
2,0.0421660348545
3,0.198407946188
4,0.46835848062
5,0.254586647462
6,0.220425314667
7,0.480623006594
8,0.24853578969
9,0.613653759465
10,0.271851012992
11,0.304478204783
12,0.651272165138
13,0.754928079175
14,0.622737999237
15,0.641884697806
16,0.107786363827
17,0.173538521467
18,0.474806768274
19,0.156420597932
20,0.521826625523
21,0.0
22,0.452058241441
23,0.46361493659
24,0.0
25,0.0
26,0.0619967244908
27,0.560170294204
28,0.543825180019
29,0.529981184212
30,0.155631007726
31,0.544840248316
32,0.100821436614
33,0.0182929382147
34,0.370175293367
35,0.355878485265
36,0.0624220032066
37,0.200730222085
38,0.0703183588042
39,0.121509816576
40,0.00654441933402
41,0.0310936798574
42,0.308509446072
43,0.0474646168451
44,0.25862080976
45,0.712506672257
46,0.68652381497
47,0.0749348303308
48,0.368884995708
49,0.0
50,0.0
51,0.0
52,0.0
53,0.0
54,0.0
55,0.319888667706
56,0.419386604581
57,0.0
58,0.0
59,0.405111941512
60,0.0986698413614
61,0.149069936178
62,0.533109650527
63,0.396407609818
64,0.0
65,0.336192683903
66,0.181324902212
67,0.377890064784
68,0.400389465898
69,0.0583187914325
70,0.0356523037325
71,0.578619275728
72,0.0611355056659
73,0.0
74,0.12173026724
75,0.392283138815
76,0.638951556534
77,0.278788029429
78,0.105643057875
79,0.169958116659
80,0.186787366736
81,0.217318330733
82,0.14111299422
83,0.322088762144
84,0.0344289949228
85,0.168750337557
86,0.272445272296
87,0.271390741799
88,0.123119362351
89,0.266792749851
90,0.538067913304
91,0.391670976332
92,0.260926063669
93,0.443240212083
94,0.0962416099758
95,0.121258991499
96,0.553220460256
97,0.0
98,0.0
99,0.0
100,0.0
101,0.460253123341
102,0.274213840063
103,0.0849371952447
104,0.066379624961
105,0.294668103575
106,0.207749730773
107,0.327629956966
108,0.519028721572
109,0.33591724445
110,0.131049591431
111,0.405634406577
112,0.462584589045
113,0.306892367405
114,0.00413662600106
115,0.237391287003
116,0.556290407022
117,0.159036598143
118,0.135950917199
119,0.370359921954
120,0.230063046118
121,0.103369842201
122,0.00695979532652
123,0.457245938271
124,0.398500078042
125,0.134466915333
126,0.175712161916
127,0.366711436769
128,0.269476889002
129,0.222354282955
130,0.430787159403
131,0.0
132,0.194872946584
133,0.0280550905417
134,0.0263844436487
135,0.251449984207
136,0.0
137,0.0538962598425
138,0.29409913238
139,0.202050223347
140,0.225368226034
141,0.178710549409
142,0.595658544159
143,0.416086773386
144,0.440231797771
145,0.323337159529
146,0.201366316853
147,0.383145078316
148,0.18187479319
149,0.565303661192
150,0.501496969963
151,0.161255674561
152,0.298375370147
153,0.0
154,0.0
155,0.0
156,0.0
157,0.0
158,0.0
159,0.0
160,0.0
161,0.0
162,0.0
163,0.0
164,0.0
165,0.145687449052
166,0.213940929242
167,0.101975548296
168,0.227078239525
169,0.231484653051
170,0.546208447591
171,0.292753048787
172,0.685230483004
173,0.277487667642
174,0.452600907037
175,0.449902274286
176,0.202849522432
177,0.255204264199
178,0.526733504018
179,0.502873029021
180,0.414220903066
181,0.506474122571
182,0.721354819083
183,0.602649970595
184,0.455771115395
185,0.288154322124
186,0.441559174487
187,0.346309815404
188,0.614999095374
189,0.381136785538
190,0.0899125660109
191,0.0
192,0.0
193,0.0541147174075
194,0.0879093863633
195,0.0
196,0.0916817557899
197,0.6017383347
198,0.579853840912
199,0.237122524957
200,0.303515096207
201,0.512074320016
202,0.475674965305
203,0.558817275561
204,0.465215962817
205,0.466780670996
206,0.509177578314
207,0.488883585418
208,0.451828949135
209,0.0865261564854
210,0.155958023882
211,0.274636043085
212,0.175679015462
213,0.449662069306
214,0.507393480361
215,0.52106533711
216,0.241157691004
217,0.202501689505
218,0.444218338315
219,0.612106648666
220,0.252958365322
221,0.194310579338
222,0.532203718091
223,0.274799816379
224,0.13884596551
225,0.306773545796
226,0.616112487972
227,0.168688983874
228,0.196993547198
229,0.461954813763
230,0.232373817093
231,0.0834601769117
232,0.444195236706
233,0.513750272613
234,0.0420089200339
235,0.0270835246682
236,0.0386365039814
237,0.0556956271388
238,0.011574531761
239,0.0579730585991
240,0.121269168032
241,0.00957003428659
242,0.228724600964
243,0.00464368110342
244,0.258475171988
245,0.134710031343
246,0.0846204094907
247,0.0328054256875
248,0.0348438574376
249,0.10733651805
250,0.356899651537
251,0.337835560998
252,0.0248680547915
253,0.0
254,0.342188678192
255,0.480558057333
256,0.393239231205
257,0.604933970041
258,0.384979297106
259,0.0018868078928
260,0.491898288304
261,0.0
262,0.219335648738
263,0.0
264,0.512198569087
265,0.0108715158411
266,0.0
267,0.0
268,0.0132164838537
269,0.0
270,0.182789205451
271,0.431354930431
272,0.134892297758
273,0.0375621260723
274,0.0125608923643
275,0.348430170185
276,0.0294739939546
277,0.264348406951
278,0.496625625271
279,0.554907399573
280,0.0853610081525
281,0.161321834494
282,0.352848407872
283,0.41687104872
284,0.113587068496
285,0.347658077958
286,0.50235000381
287,0.583601207642
288,0.359902248882
289,0.251599187146
290,0.134153936379
291,0.0
292,0.406418219963
293,0.450174958436
294,0.142865150954
295,0.198228939833
296,0.0778522855037
297,0.240770401439
298,0.130777233735
299,0.0424629406146
300,0.401262132262
301,0.17219946046
302,0.0
303,0.0
304,0.0730685385054
305,0.0
306,0.08771777109
307,0.100972256417
308,0.338929084549
309,0.0
310,0.0364276687776
311,0.304155274126
312,0.0678123689676
313,0.32381096564
314,0.0824967370222
315,0.168708746062
316,0.152316554904
317,0.28411568497
318,0.110294502376
319,0.118095498984
320,0.159340299786
321,0.185898238947
322,0.210462282023
323,0.0659494829622
324,0.237268633655
325,0.0387893797333
326,0.0
327,0.118947495916
328,0.110705134633
329,0.22905164708
330,0.0556892254872
331,0.0363266881774
332,0.0
333,0.018716227927
334,0.0
335,0.0
336,0.0
337,0.0367442363174
338,0.0
339,0.0584681583541
340,0.0510798704598
341,0.12321510311
342,0.0
343,0.641650521864
344,0.473350769123
345,0.67624752218
346,0.396431987032
347,0.409154591887
348,0.235964997637
349,0.149037781155
350,0.226306106851
351,0.0
352,0.0
353,0.0
354,0.24433327824
355,0.335854833278
356,0.382716326719
357,0.668163054474
358,0.312643242443
359,0.325577400933
360,0.0
361,0.46507480647
362,0.38499954698
363,0.289434955599
364,0.260663414466
365,0.262653853833
366,0.573787460274
367,0.484599789062
368,0.370965465206
369,0.211978111058
370,0.573404324654
371,0.312314022573
372,0.492968829131
373,0.435635512131
374,0.582095334035
375,0.50067827303
376,0.173907726149
377,0.0869565217391
378,0.370858945972
379,0.551864051552
380,0.433993991356
381,0.233051502908
382,0.248829245261
383,0.22314001197
384,0.00854951197407
385,0.0
386,0.0
387,0.385760883201
388,0.267322083569
389,0.450381660338
390,0.326789261818
391,0.118359053445
392,0.376359649764
393,0.0878725617628
394,0.534575712298
395,0.444220434032
396,0.100318902423
397,0.362017457797
398,0.4741194244
399,0.0381854907628
400,0.190608514485
401,0.345210282071
402,0.205473827861
403,0.197912574548
404,0.388463488778
405,0.370501358755
406,0.128221673901
407,0.28725468063
408,0.289575445779
409,0.295874444279
410,0.264752071042
411,0.207086720918
412,0.45842520856
413,0.421247015203
414,0.0912485664742
415,0.504848683002
416,0.519987156369
417,0.661502809658
418,0.596865372599
419,0.42036832541
420,0.651501305706
421,0.657045756069
422,0.574025786635
423,0.824005947849
424,0.519576004519
425,0.68538450373
426,0.572463989056
427,0.677123709197
428,0.643037619713
429,0.473375809212
430,0.727957318245
431,0.478176093381
432,0.374865974853
433,0.502040506983
434,0.573362890598
435,0.173593560329
436,0.656136934505
437,0.756049309622
438,0.744905447424
439,0.55027540911
440,0.106007900582
441,0.572368430349
442,0.583178810387
443,0.125986579417
444,0.0
445,0.189578716051
446,0.0
447,0.0
448,0.0
449,0.612030681166
450,0.169314718056
451,0.153800076245
452,0.0
453,0.0
454,0.0
455,0.0
456,0.0
457,0.54019261895
458,0.406250907609
459,0.309150958438
460,0.545721546404
461,0.161516274128
462,0.137255661363
463,0.387298957015
464,0.157341456239
465,0.306675923136
466,0.636529433197
467,0.122615517924
468,0.0226136604631
469,0.451052491365
470,0.669802715326
471,0.211208590166
472,0.4795805761
473,0.538990904035
474,0.577674938763
475,0.0
476,0.337417389286
477,0.529668439343
478,0.541808679168
479,0.161826127612
480,0.681431954448
481,0.262449334584
482,0.023742425426
483,0.0
484,0.0
485,0.0
486,0.192864576742
487,0.227743682941
488,0.261510297097
489,0.139060433179
490,0.0719710455866
491,0.169019710684
492,0.437749534088
493,0.101334339992
494,0.205548376224
495,0.130102915039
496,0.0582780077097
497,0.0264191722332
498,0.0693726061455
499,0.181048555117
500,0.098366293019
501,0.52890099431
502,0.0542342716311
503,0.429503750413
504,0.357020754549
505,0.669237958026
506,0.337574479154
507,0.211290143576
508,0.289424431507
509,0.110740108644
510,0.0820456832581
511,0.522370947074
512,0.454661841014
513,0.094592854468
514,0.267179709533
515,0.62430393125
516,0.523654658233
517,0.178591992894
518,0.312798046719
519,0.150584021926
520,0.244272170019
521,0.0268122961924
522,0.231726486973
523,0.214412837352
524,0.397747962245
525,0.0
526,0.0
527,0.0
528,0.0
529,0.453103993914
530,0.445385306636
531,0.0746499501709
532,0.0819605423723
533,0.185841359382
534,0.0
535,0.19216946328
536,0.225839065727
537,0.0805096643913
538,0.433694153604
539,0.174102442341
540,0.0742284156157
541,0.432476481165
542,0.254290605193
543,0.139260712648
544,0.0
545,0.0535163643167
546,0.0580122380095
547,0.0
548,0.0146933286389
549,0.437117759121
550,0.152087237958
551,0.557936699937
552,0.534718757035
553,0.320740972952
554,0.534370635087
555,0.318412591413
556,0.447408295888
557,0.111725776859
558,0.0403044138498
559,0.464984647101
560,0.103609068241
561,0.164322806057
