site,dnds
1,0.334313782786
2,0.514084924435
3,0.00346913474546
4,0.234140084894
5,0.0
6,0.00210740523346
7,0.21307234317
8,0.019977239454
9,0.0774746447064
10,0.0
11,0.0
12,0.0
13,0.0895343192941
14,0.262936239741
15,0.181082796673
16,0.353692223897
17,0.118771045574
18,0.283934283844
19,0.422654581964
20,0.547801744558
21,0.296390209639
22,0.640871813515
23,0.0
24,0.0
25,0.0
26,0.0
27,0.0
28,0.515396555423
29,0.577920668531
30,0.296171531123
31,0.140287069298
32,0.726918880563
33,0.44529907458
34,0.584128247523
35,0.481950835386
36,0.404770843684
37,0.543561309871
38,0.218791377014
39,0.329066236019
40,0.419159033887
41,0.370741398874
42,0.241790495712
43,0.141063139665
44,0.0174777827688
45,0.199209154065
46,0.211504648321
47,0.00989981674153
48,0.127194012092
49,0.0
50,0.216477300416
51,0.0
52,0.0
53,0.376071599821
54,0.246298803439
55,0.575067854619
56,0.212894682208
57,0.222092367534
58,0.283793620675
59,0.0
60,0.31433154277
61,0.406155765114
62,0.336802870301
63,0.542660967606
64,0.431258001186
65,0.213070679375
66,0.225352112676
67,0.560536142003
68,0.504298267226
69,0.0192576602918
70,0.149571304593
71,0.352964676936
72,0.0214219604298
73,0.118168102887
74,0.171347335619
75,0.157555735838
76,0.0
77,0.226946607865
78,0.0
79,0.00581727107847
80,0.155926432509
81,0.049257704876
82,0.254518959373
83,0.231420603645
84,0.108840855991
85,0.0
86,0.0
87,0.0
88,0.0778575975077
89,0.145667911304
90,0.0
91,0.0
92,0.245904251186
93,0.21071506331
94,0.166133359545
95,0.111174179758
96,0.228789824728
97,0.425758013428
98,0.368116838644
99,0.449416722768
100,0.291406006574
101,0.19217962513
102,0.287781696309
103,0.494758141521
104,0.0
105,0.0680500880741
106,0.214740467568
107,0.0
108,0.0
109,0.0
110,0.0
111,0.0
112,0.0739356992597
113,0.621985345851
114,0.325095458704
115,0.657837026452
116,0.641078591194
117,0.24511796605
118,0.600768470937
119,0.187079331751
120,0.262673687303
121,0.0254017545509
122,0.474069424675
123,0.0
124,0.470913205632
125,0.0422649622175
126,0.494896117676
127,0.359911839294
128,0.525382979314
129,0.223255738597
130,0.634758462098
131,0.496238992843
132,0.614406598198
133,0.678840270066
134,0.265235838415
135,0.420149639279
136,0.370490923123
137,0.240789380535
138,0.206758907403
139,0.139074857467
140,0.523481159915
141,0.536287116547
142,0.0971881015224
143,0.379249072442
144,0.0207978937394
145,0.152520426185
146,0.0
147,0.0190575379281
148,0.545539359684
149,0.0235590832411
150,0.47450477428
151,0.280203602705
152,0.519567272753
153,0.295266781396
154,0.62298754794
155,0.553922555337
156,0.177388010609
157,0.0100277592931
158,0.233390141279
159,0.583197025946
160,0.0
161,0.0
162,0.0
163,0.0
164,0.0
165,0.412500803236
166,0.401185013157
167,0.0534181405918
168,0.131976760236
169,0.559932236568
170,0.510504915217
171,0.503383833977
172,0.575757351245
173,0.678262852464
174,0.606878380228
175,0.0
176,0.0
177,0.0
178,0.0
179,0.0
180,0.609151592197
181,0.289179105186
182,0.142857142857
183,0.0680500880741
184,0.0
185,0.0
186,0.659794697263
187,0.335255460366
188,0.40413495464
189,0.38469533418
190,0.72753858324
191,0.529883607483
192,0.6185219849
193,0.632743818154
194,0.252619706745
195,0.558833713628
196,0.408009320664
197,0.619777699921
198,0.434694122013
199,0.0
200,0.166666666667
201,0.0
202,0.133303597186
203,0.0
204,0.567210039743
205,0.0616130827164
206,0.166666666667
207,0.0
208,0.0680500880741
209,0.0
210,0.487589679937
211,0.657547741849
212,0.337365639503
213,0.46162598891
214,0.412605128779
215,0.221608395526
216,0.166666666667
217,0.166666666667
218,0.0
219,0.0571428571429
220,0.133303597186
221,0.0364814305558
222,0.498129407994
223,0.477555998637
224,0.674950550196
225,0.422559614449
226,0.314994133857
227,0.325333092957
228,0.164245499405
229,0.0786649714985
230,0.0505492090605
231,0.00235789118121
232,0.0
233,0.0
234,0.0
235,0.148657498236
236,0.115289312169
237,0.370238944378
238,0.459022019663
239,0.11329364649
240,0.35894757996
241,0.266447791379
242,0.274901745653
243,0.19574844351
244,0.172011543573
245,0.153905065302
246,0.0
247,0.187327998901
248,0.311418366259
249,0.549810562385
250,0.618214499215
251,0.321401277949
252,0.339250897434
253,0.272614331669
254,0.54300336144
255,0.591901804574
256,0.407567767018
257,0.0
258,0.167048596294
259,0.484943545877
260,0.46362473054
261,0.0377088864332
262,0.56363536274
263,0.0319286770891
264,0.330884737724
265,0.438791825075
266,0.00475715600185
267,0.0448179259505
268,0.415631263904
269,0.184827404078
270,0.244331577941
271,0.0
272,0.310864374276
273,0.127872798161
274,0.0223908321164
275,0.25681463664
276,0.210426399252
277,0.208275939184
278,0.453417864429
279,0.320834655154
280,0.399948166373
281,0.595496094381
282,0.317610419064
283,0.332087871035
284,0.368221724125
285,0.145889318645
286,0.0208471712153
287,0.0
288,0.0955306595501
289,0.0
290,0.0
291,0.00989981674153
292,0.225469904186
293,0.0659402239133
294,0.0678537783352
295,0.0
296,0.22132985318
297,0.0111547340248
298,0.0
299,0.0
300,0.183010987247
301,0.0116018717653
302,0.0403491647464
303,0.0383382736811
304,0.0565180589481
305,0.265649477254
306,0.229657224454
307,0.184918754958
308,0.292239497006
309,0.217889989708
310,0.324365719686
311,0.488174990732
312,0.319623262334
313,0.0
314,0.0
315,0.0
316,0.0
317,0.0
318,0.226704975753
319,0.416124174311
320,0.217771137126
321,0.444504802847
322,0.591753468595
323,0.661187528773
324,0.349461862428
325,0.604682554001
326,0.129507459989
327,0.548674616159
328,0.119047002415
329,0.571015649626
330,0.087551357666
331,0.376039042395
332,0.0077488037144
333,0.0
334,0.525904881258
335,0.0140613683875
336,0.706245569378
337,0.118086288419
338,0.486186478832
339,0.00312797319268
340,0.584098000528
341,0.376663606526
342,0.23795459594
343,0.228949913301
344,0.070944640851
345,0.607385713294
346,0.417476096678
347,0.612384298274
348,0.140041174965
349,0.487255617128
350,0.301469817763
351,0.286983637661
352,0.00729365426738
353,0.169295802628
354,0.0
355,0.0628789923065
356,0.0618189783969
357,0.439030496247
358,0.462987869228
359,0.076704883313
360,0.12187008976
361,0.420321459616
362,0.00418653971276
363,0.404877184234
364,0.330897560184
365,0.672042986399
366,0.334272429666
