site,dnds
1,0.234754709184
2,0.358578016673
3,0.18466745698
4,0.389141174726
5,0.457342794257
6,0.343531823931
7,0.334578098733
8,0.191567723518
9,0.216536369699
10,0.25504202611
11,0.216108826832
12,0.0
13,0.121214849886
14,0.0371408507169
15,0.158309075042
16,0.104562411886
17,0.219930661891
18,0.30318913238
19,0.47258621111
20,0.259329742675
21,0.514808782726
22,0.712465403197
23,0.103102207702
24,0.46754032827
25,0.182052308718
26,0.241650061886
27,0.180602365926
28,0.251121182413
29,0.420476531716
30,0.208968723723
31,0.612607072437
32,0.428368546602
33,0.509403842079
34,0.495916117813
35,0.452195273329
36,0.548604545684
37,0.515812962637
38,0.565304368834
39,0.542399989424
40,0.635911929879
41,0.510000136759
42,0.381573352995
43,0.178117449496
44,0.561815837844
45,0.380605541169
46,0.229770614399
47,0.126419670818
48,0.0
49,0.401520117203
50,0.356476834065
51,0.0946793720205
52,0.211080336973
53,0.413119705286
54,0.0760167964097
55,0.166830046783
56,0.168033777031
57,0.451571513285
58,0.129428997063
59,0.206703368032
60,0.0259233208155
61,0.0
62,0.047089159273
63,0.438085537311
64,0.205588760315
65,0.03589792605
66,0.582375610295
67,0.536759688633
68,0.49611436676
69,0.121634615777
70,0.432342396128
71,0.0
72,0.475013651409
73,0.109638956636
74,0.327886603031
75,0.0
76,0.525263659633
77,0.199110808657
78,0.0121903197049
79,0.511675983205
80,0.44743526463
81,0.319090784875
82,0.385673714534
83,0.552790559428
84,0.326889454794
85,0.232284512236
86,0.431107355952
87,0.495331900542
88,0.541826803042
89,0.161871468162
90,0.135069379522
91,0.151958007494
92,0.435748871604
93,0.314939010281
94,0.230151630584
95,0.231079001867
96,0.183367720701
97,0.207174951198
98,0.0439769293288
99,0.0273227519746
100,0.276153772749
101,0.193051664295
102,0.0733994575111
103,0.271418997664
104,0.0510656461829
105,0.16373819526
106,0.0635121726294
107,0.0
108,0.0911025657101
109,0.566971083833
110,0.0
111,0.0
112,0.0
113,0.0
114,0.0
115,0.0
116,0.286288876811
117,0.578341201512
118,0.0982273982996
119,0.174695950969
120,0.0
121,0.168322722067
122,0.0
123,0.640253849458
124,0.190476190476
125,0.00406174840927
126,0.222711147838
127,0.576678163473
128,0.436636617432
129,0.276970744248
130,0.333933251141
131,0.347037355906
132,0.581635374613
133,0.540104439368
134,0.288015344609
135,0.271701391299
136,0.147871398519
137,0.0
138,0.0
139,0.0
140,0.0
141,0.11656385758
142,0.0
143,0.0
144,0.0
145,0.0
146,0.0
147,0.0
148,0.0
149,0.133317011989
150,0.391306748385
151,0.324635876522
152,0.181865860001
153,0.236675565339
154,0.118646800951
155,0.351282713043
156,0.628633648161
157,0.0
158,0.0
159,0.0
160,0.0
161,0.0
162,0.0506535818536
163,0.582103633386
164,0.253064575418
165,0.251338005488
166,0.700429443203
167,0.134003281441
168,0.24452432857
169,0.26395951243
170,0.205962182786
171,0.422103218431
172,0.200471545294
173,0.296368760711
174,0.0233967139891
175,0.589924466189
176,0.538277227889
177,0.231997855715
178,0.378122421462
179,0.399733133643
180,0.349728997
181,0.592186671612
182,0.0797041595448
183,0.156202181535
184,0.0
185,0.288645185222
186,0.207371131752
187,0.0588542297501
188,0.0
189,0.0
190,0.0
191,0.0
192,0.0
193,0.0
194,0.0
195,0.0
196,0.146109532959
197,0.169434251988
198,0.309214747555
199,0.488657224961
200,0.353534516998
201,0.383623686116
202,0.0
203,0.549204550325
204,0.211588335059
205,0.190368080006
206,0.101251405586
207,0.496608811088
208,0.146070673427
209,0.0196853977197
210,0.217639229091
211,0.53312990651
212,0.377337947074
213,0.109648983073
214,0.620454170207
215,0.519883245727
216,0.345137713387
217,0.408245224322
218,0.199955395779
219,0.0
220,0.558569971364
221,0.457956296815
222,0.0
223,0.0
224,0.0
225,0.434074090316
226,0.421149743891
227,0.100060856482
228,0.573050927675
229,0.408430111393
230,0.138668724666
231,0.271802101487
232,0.274810256831
233,0.0346429042085
234,0.172712448603
235,0.0
236,0.105094928539
237,0.285033277886
238,0.0125610277206
239,0.00583862436815
240,0.158781535181
241,0.0822277290405
242,0.0410811197288
243,0.0
244,0.135518633085
245,0.227258622928
246,0.31974394506
247,0.51880490733
248,0.266666666667
249,0.0
250,0.0
251,0.665381762047
252,0.620519825832
253,0.233818200711
254,0.307945418804
255,0.136280153092
256,0.333333333333
257,0.254974708096
258,0.219829999598
259,0.626783927792
260,0.11371632525
261,0.573946398869
262,0.259144451426
263,0.226865044533
264,0.111877669473
265,0.237684412943
266,0.0
267,0.134663197854
268,0.0517602017216
269,0.0164306987489
270,0.0
271,0.0
272,0.0
273,0.0
274,0.0
275,0.0
276,0.0
277,0.0
278,0.0
279,0.0
280,0.0
281,0.0
282,0.0655033289868
283,0.116353803112
284,0.0255853212237
285,0.323332604776
286,0.307509138293
287,0.138633817184
288,0.540139890564
289,0.438323294275
290,0.0
291,0.0
292,0.0
293,0.0
294,0.0
295,0.0
296,0.0
297,0.0
298,0.0
299,0.0
300,0.0
301,0.0
302,0.0
303,0.0
304,0.0
305,0.417465370228
306,0.292939906011
307,0.373036084097
308,0.444645231949
309,0.407453346082
310,0.126662490671
311,0.575346964549
312,0.486901226631
313,0.103561952632
314,0.0
315,0.206666690821
316,0.256206723209
317,0.261275327739
318,0.494375942598
319,0.535945721968
320,0.099812347168
321,0.367583882926
322,0.533971196574
323,0.386787279992
324,0.0
325,0.296807191231
326,0.661776942463
327,0.441748944463
328,0.0
329,0.209701723715
330,0.0221394338871
331,0.0
332,0.488129843211
333,0.177006308107
334,0.0
335,0.274663925319
336,0.152377635622
337,0.646995470429
338,0.165686246728
339,0.0
340,0.285698415851
341,0.380520474988
342,0.703198118947
343,0.431646366853
344,0.0489509036296
345,0.425958538832
346,0.523062070123
347,0.336594993322
348,0.535117097253
349,0.381681682608
350,0.112497843425
351,0.0
352,0.0152154081886
353,0.059638870191
354,0.597557226424
355,0.64796461447
356,0.543639342489
357,0.0
358,0.0
359,0.0
360,0.0
361,0.0
362,0.181044885481
363,0.274016981374
364,0.409038470021
365,0.139991079844
366,0.465848100313
367,0.0453713271227
368,0.468717092374
369,0.124891739049
370,0.263796227183
371,0.261226866164
372,0.422681282431
373,0.0726798485193
374,0.0277557861084
375,0.458945702703
376,0.0
377,0.0
378,0.0
379,0.0313281455707
380,0.212087194712
381,0.508824758748
382,0.0
383,0.0
384,0.207241494982
385,0.386053691998
386,0.402556520705
387,0.0615735924123
388,0.418985487525
389,0.58807351077
390,0.0
391,0.197151176506
392,0.316538077531
393,0.0
394,0.0
395,0.0
396,0.0
397,0.0
398,0.0
399,0.0
400,0.0
401,0.0
402,0.0
403,0.380720178242
404,0.341936742011
405,0.154975245577
406,0.534970604796
407,0.600970785841
408,0.0701638319704
409,0.563766635318
410,0.603657222349
411,0.39278150342
412,0.0964737724579
413,0.412107975464
414,0.631901434262
415,0.270196222803
416,0.11478963936
417,0.156743392585
418,0.232726900979
419,0.0976544256594
420,0.115524530093
421,0.0
422,0.0
423,0.0
424,0.0
425,0.0
426,0.241094671499
427,0.0
428,0.0
429,0.115524530093
430,0.0
431,0.0
432,0.0660140171962
433,0.1263858107
434,0.0
435,0.0924196240747
436,0.0
437,0.539095682962
438,0.583461463528
439,0.397932574135
440,0.496264744542
441,0.453223992955
442,0.703748522973
443,0.31072236519
444,0.372933100502
445,0.417274553428
446,0.0258255171872
447,0.245107254644
448,0.303802882548
449,0.125303100002
450,0.273446834092
451,0.0633314800038
452,0.0
453,0.0
454,0.0
455,0.0298068871037
456,0.105691850428
457,0.107931237346
458,0.412463197634
459,0.410652008393
460,0.569635439434
461,0.0
462,0.0
463,0.100821408081
464,0.280445206221
465,0.199885459742
466,0.236386329304
467,0.0603069447148
468,0.203046158667
469,0.241630045525
470,0.0458028428645
471,0.137267168366
472,0.126960325637
473,0.09549365232
474,0.0
475,0.169266668513
476,0.180128559502
477,0.0789871271147
478,0.46357363095
479,0.692169021074
480,0.307065755788
481,0.188291885776
482,0.309104407645
483,0.24916473687
484,0.237623762376
485,0.215082872424
486,0.505703923048
487,0.327148996969
488,0.10909804171
489,0.151866618798
490,0.199368464171
491,0.0
492,0.0616130827164
493,0.211547012926
494,0.0
495,0.0
496,0.0
497,0.0
498,0.0
499,0.0
500,0.137769887864
501,0.0
502,0.624222242212
503,0.475965444338
504,0.314256648978
505,0.268559652159
506,0.53447104093
507,0.260877572704
508,0.362193947977
509,0.351074359438
510,0.218529430302
511,0.255503068119
512,0.38008298883
513,0.0
514,0.0
515,0.217628054995
516,0.150943396226
517,0.0
518,0.151898734177
519,0.120227018516
520,0.329587691634
521,0.627605506819
522,0.467569893647
523,0.366280731291
524,0.200563538399
525,0.242890658414
526,0.108719002205
527,0.555221364032
528,0.212310240217
529,0.114781805541
530,0.516316561932
531,0.241576309904
532,0.744107658377
533,0.44410471238
534,0.332857254418
535,0.0
536,0.15392247096
537,0.168533008747
538,0.401699970874
539,0.637074320655
540,0.350571720235
541,0.14052071423
542,0.0575877368416
543,0.56514243262
544,0.345227754942
545,0.61363132774
546,0.254442582216
547,0.459410530517
548,0.0656131656318
549,0.270952072108
550,0.557926521855
551,0.163858678471
552,0.292736932776
553,0.487773598689
554,0.140550019748
555,0.284557750999
556,0.502381679481
557,0.528039224856
558,0.405535179393
559,0.292118519038
560,0.405640043294
561,0.559211152588
562,0.394790989058
563,0.349765330525
564,0.344680431345
565,0.613933473679
566,0.507840148392
567,0.0
568,0.0
569,0.0
570,0.0
571,0.336227375141
572,0.218062849661
573,0.0760484299334
574,0.0115219083756
575,0.172301373688
576,0.257714430339
577,0.549996876901
578,0.385205619864
579,0.46732676751
580,0.0
581,0.126762956385
582,0.055055197035
583,0.138728323699
584,0.0
585,0.0
586,0.210279086113
587,0.436949065028
588,0.241307163376
589,0.722942054229
590,0.70215210128
591,0.288727533184
592,0.347752885475
593,0.474566505919
594,0.282703290108
595,0.297599026543
596,0.211547012926
597,0.0
598,0.166666666667
599,0.142857142857
600,0.266666666667
601,0.0
602,0.0
603,0.0
604,0.0
605,0.0
606,0.200624687777
607,0.300377085495
608,0.117024116275
609,0.308542988306
610,0.52133426847
611,0.62923852923
612,0.473501734354
613,0.41217726139
614,0.485770085096
615,0.506052795645
616,0.621846800333
617,0.636494211732
618,0.221855150769
619,0.294374202582
620,0.166897022456
621,0.441358644993
622,0.286970028129
623,0.0
624,0.0
625,0.12054733575
626,0.0
627,0.055055197035
628,0.138772078569
629,0.407084982961
630,0.478107987965
631,0.480119960832
632,0.398315977749
633,0.574696895312
634,0.344594827345
635,0.453684050627
636,0.0
637,0.0680500880741
638,0.133303597186
639,0.169014084507
640,0.133303597186
641,0.0
642,0.0390044209254
643,0.0501606319309
644,0.13515927951
645,0.422854572648
646,0.475689230568
647,0.449742353407
648,0.570562830832
649,0.494611326294
650,0.360318392196
651,0.205661855885
652,0.284430783819
653,0.241075153448
654,0.729833111302
655,0.493038141487
656,0.135681528169
657,0.0915027351625
658,0.198874343932
659,0.276832279665
660,0.0387557964737
661,0.0
662,0.233494026934
663,0.384080965451
664,0.394122104837
665,0.669278169361
666,0.441389465502
667,0.278315861305
668,0.54539083097
669,0.594288367341
670,0.109861228867
671,0.0
672,0.0
673,0.0
674,0.0
675,0.0
676,0.0
677,0.592931687459
678,0.251685086059
679,0.116945774453
680,0.0890766720542
681,0.790998857626
682,0.620369563503
683,0.127846598361
684,0.519549872899
685,0.782947281873
686,0.0880959912227
687,0.19415310021
688,0.38801750043
689,0.531868196816
690,0.121320199041
691,0.347962174885
692,0.451932136159
693,0.572489808205
694,0.557261519077
695,0.633716273398
696,0.0
697,0.187290809008
698,0.0768679477991
699,0.425022348624
700,0.170018653736
701,0.268183265969
702,0.390414209294
703,0.294399695232
704,0.116094694777
705,0.261622369221
706,0.30320227269
707,0.229262341275
708,0.387201986416
709,0.587703078003
710,0.0
711,0.668694963839
712,0.673890746092
713,0.466052058041
714,0.412447460572
715,0.533628003119
716,0.272212778409
717,0.599002787354
718,0.550354509789
719,0.431336092897
720,0.44362530671
721,0.543460470413
722,0.602946403939
723,0.519680522122
724,0.641033273824
725,0.504593388535
726,0.38037540866
727,0.418324609617
728,0.346189498347
729,0.380821821421
730,0.40247722466
731,0.255516061476
732,0.34984993964
733,0.439176315626
734,0.392288480371
735,0.200908123682
736,0.129805676663
737,0.44329722017
738,0.639789346825
739,0.273678008939
740,0.172340522104
741,0.0602030324552
742,0.108891944425
743,0.197191478192
744,0.382955840918
745,0.291051235466
746,0.0283687943262
747,0.0348836932621
748,0.0935223766723
749,0.13545914042
750,0.0982280445306
751,0.0815791849346
752,0.0629047665761
