site,dnds
1,0.260542254296
2,0.0
3,0.0754445910814
4,0.274110164206
5,0.0
6,0.0623146498914
7,0.380054876459
8,0.0754445910814
9,0.118219211957
10,0.333682602575
11,0.466745229006
12,0.578232295653
13,0.499821361456
14,0.451770720707
15,0.560923660899
16,0.564474585694
17,0.31162087702
18,0.606678047883
19,0.487341242688
20,0.770830353291
21,0.587176688977
22,0.62004616423
23,0.615876402898
24,0.470201579835
25,0.543612898436
26,0.587718790573
27,0.826418426066
28,0.511127524635
29,0.239459224583
30,0.647962344376
31,0.632880283055
32,0.138621718564
33,0.156390098639
34,0.437561503204
35,0.178713161528
36,0.127475343551
37,0.17603737919
38,0.0
39,0.17596577617
40,0.0
41,0.109523537477
42,0.0
43,0.0
44,0.572130833968
45,0.382125767038
46,0.600169498971
47,0.768469407627
48,0.578506374202
49,0.749645205419
50,0.704333625936
51,0.781543390291
52,0.345926952323
53,0.403684432267
54,0.360467367463
55,0.549553296831
56,0.64781061805
57,0.573129736353
58,0.681474366272
59,0.584576802581
60,0.557338468473
61,0.696142281104
62,0.561027217925
63,0.265742619629
64,0.516459377364
65,0.0
66,0.582630530763
67,0.482390772743
68,0.613746038903
69,0.0149508978799
70,0.429526216355
71,0.764589148138
72,0.0391527275675
73,0.0
74,0.0
75,0.201403056884
76,0.720243879584
77,0.202119672493
78,0.181986862735
79,0.508178396783
80,0.242145047946
81,0.150311804524
82,0.147871398519
83,0.133303597186
84,0.244136064148
85,0.133303597186
86,0.0
87,0.0
88,0.0
89,0.0
90,0.133303597186
91,0.0990210257943
92,0.0
93,0.0
94,0.305936601064
95,0.0897599468814
96,0.099173553719
97,0.128041613087
98,0.0
99,0.187581238591
100,0.0
101,0.0
102,0.0909090909091
103,0.0
104,0.10980549395
105,0.0952380952381
106,0.217280565524
107,0.0410597577831
108,0.0
109,0.0
110,0.109315747318
111,0.34718776495
112,0.245509670459
113,0.294433593505
114,0.106351503766
115,0.186777237843
116,0.12063424704
117,0.0
118,0.103226394756
119,0.360942713466
120,0.311124231241
121,0.00788274520791
122,0.114762754794
123,0.492310349395
124,0.0758733706189
125,0.681469097484
126,0.787826104616
127,0.739690168158
128,0.0
129,0.0
130,0.0
131,0.0
132,0.0
133,0.0
134,0.0
135,0.0
136,0.0
137,0.0
138,0.141756424344
139,0.607271029302
140,0.467788421802
141,0.0405315390424
142,0.137589606499
143,0.608799184951
144,0.618771412591
145,0.523706245612
146,0.542671267935
147,0.39759848464
148,0.0856512185335
149,0.0112001940582
150,0.0583704126234
151,0.0218060297492
152,0.0385025931094
153,0.0873116097498
154,0.274140807843
155,0.267555094918
156,0.310330889834
157,0.225622173754
158,0.123991681736
159,0.253573384215
160,0.0931154340119
161,0.403428820852
162,0.343392789249
163,0.122633868326
164,0.0272356178413
165,0.250616379088
166,0.0928404750987
167,0.631367318824
168,0.1513637874
169,0.686308229198
170,0.593674155935
171,0.170212765957
172,0.0
173,0.0
174,0.0
175,0.0
176,0.0
177,0.186323734594
178,0.328578207688
179,0.47000284515
180,0.4183752336
181,0.233092991995
182,0.344027168891
183,0.142369239436
184,0.423361246615
185,0.0
186,0.0
187,0.0
188,0.118825230953
189,0.0671979767115
190,0.212494100884
191,0.0581111179209
192,0.291455523919
193,0.0577622650467
194,0.153249293107
195,0.234046431825
196,0.360973992135
197,0.346718351202
198,0.261178606151
199,0.398141165763
200,0.362380670422
201,0.570087766543
202,0.461898024663
203,0.166164252167
204,0.0057250163672
205,0.39305080714
206,0.0636313008246
207,0.269690188149
208,0.129610633275
209,0.0531269325902
210,0.210988135376
211,0.214243836887
212,0.0
213,0.154032706791
214,0.0775491027295
215,0.0
216,0.0
217,0.0
218,0.0
219,0.0201703127541
220,0.0206147276858
221,0.181888780055
222,0.446988967516
223,0.607860525195
224,0.042012355091
225,0.562823784154
226,0.684016129077
227,0.137542005915
228,0.0363376865299
229,0.0
230,0.302384325823
231,0.0255829125555
232,0.291933434217
233,0.0242377439085
234,0.122677141141
235,0.367987539408
236,0.455076590766
237,0.356108198458
238,0.786426175333
239,0.491905312094
240,0.128240824431
241,0.186328869188
242,0.00190633307246
243,0.443234893759
244,0.140922568664
245,0.438234583049
246,0.235931999547
247,0.487434195444
248,0.0
249,0.406019041286
250,0.322470034734
251,0.0
252,0.0
253,0.0
254,0.0
255,0.0
256,0.0
257,0.320822669384
258,0.0
259,0.0
260,0.0
261,0.0
262,0.0
263,0.0
264,0.0
265,0.0
266,0.0
267,0.0
268,0.0
269,0.0
270,0.0
271,0.0
272,0.0
273,0.0
274,0.0
275,0.0
276,0.0
277,0.0
278,0.556371936046
279,0.0647928406332
280,0.0108637370484
281,0.54817951153
282,0.414847529406
283,0.0
284,0.00156274863253
285,0.0611467470009
286,0.629668400298
287,0.743997806763
288,0.618134734454
289,0.429245967239
290,0.593007131305
291,0.30719484381
292,0.68130466806
293,0.692656838117
294,0.871982675023
295,0.792716235184
296,0.70481836971
297,0.0
298,0.0
299,0.0
300,0.0
301,0.0
302,0.0
303,0.0
304,0.136379456524
305,0.690289461602
306,0.302162963063
307,0.287314100155
308,0.323878118939
309,0.0728851309516
310,0.45779166474
311,0.257503703802
312,0.720206610893
313,0.0
314,0.496682129572
315,0.700816777645
316,0.0
317,0.0
318,0.0
319,0.0
320,0.0
321,0.0
322,0.0
323,0.0
324,0.0
325,0.0
326,0.0
327,0.0
328,0.0
329,0.0
330,0.0
331,0.0
332,0.0
333,0.174785460879
334,0.606621490881
335,0.64703905094
336,0.632096780877
337,0.617520781739
338,0.208000166949
339,0.419047673614
340,0.657424256822
341,0.727485295841
342,0.541944447846
343,0.664872406072
344,0.479492605178
345,0.137250433669
346,0.475880502221
347,0.523658399816
348,0.159096562789
349,0.578583331923
350,0.324523549504
351,0.693491465598
352,0.454956470061
353,0.636280385726
354,0.61248200313
355,0.630042038731
356,0.159957041668
357,0.124047620353
358,0.0701921195504
359,0.0
360,0.0
361,0.0
362,0.0
363,0.0
364,0.0
365,0.0
366,0.0
367,0.225459272395
368,0.392892823668
369,0.0470824207389
370,0.0390240080987
371,0.0
372,0.0920993919899
373,0.250786580314
374,0.332652733007
375,0.205592517383
376,0.332280705553
377,0.663425681003
378,0.774999954131
379,0.765171515503
380,0.742800933578
381,0.663077092283
382,0.0
383,0.0
384,0.0
385,0.0
386,0.45796266432
387,0.643783284249
388,0.565703302242
389,0.550883594345
390,0.736527600896
391,0.161166312871
392,0.67130117459
393,0.255606499114
394,0.602900540875
395,0.267888568118
396,0.307626867076
397,0.293945565279
398,0.15423658641
399,0.301891322822
400,0.502585395737
401,0.0
402,0.0155983286943
403,0.0
404,0.0
405,0.0
406,0.0
407,0.0
408,0.0
409,0.14947745597
410,0.23535982057
411,0.0876097950163
412,0.0
413,0.191239110001
414,0.00454696884038
415,0.137326536084
416,0.137326536084
417,0.573285526834
418,0.543687414553
419,0.41934429664
420,0.767102577027
421,0.547292860542
422,0.540560823622
423,0.260612516065
424,0.660945439562
425,0.15380937996
426,0.444628314207
427,0.55046306485
428,0.521636980439
429,0.358384613987
430,0.457159572593
431,0.113007049486
432,0.0470574019284
433,0.0498567402601
434,0.0
435,0.039353276012
436,0.663147504179
437,0.71842999274
438,0.464949676105
439,0.629145861286
440,0.749776976555
441,0.790073981647
442,0.675083171133
443,0.779035629362
444,0.407684376856
445,0.235668857688
446,0.182347127177
447,0.178828575122
448,0.402024389739
449,0.120967638698
450,0.420908692047
451,0.281521618819
452,0.276811073458
453,0.31552283152
454,0.679323992918
455,0.69892314219
456,0.191208895473
457,0.0
458,0.141031341951
459,0.0513544416402
460,0.393616824834
461,0.301493982645
462,0.136063379986
463,0.0
464,0.0
465,0.0
466,0.0
467,0.00286942857439
468,0.0783815888889
469,0.0
470,0.205321148617
471,0.00235789118121
472,0.0121341126568
473,0.154881059378
474,0.0
475,0.139020167294
476,0.265534585034
477,0.136789046975
478,0.420298508335
479,0.326474246903
480,0.0687803607825
481,0.549105798951
482,0.326442057534
483,0.383557085369
484,0.562094717791
485,0.484699324595
486,0.450531203032
487,0.577918125125
488,0.671912917274
489,0.0
490,0.563580762217
491,0.550226710139
492,0.773509434116
493,0.23362881035
494,0.303976924477
495,0.456082637634
496,0.3828064598
497,0.162796160654
498,0.220530115059
499,0.367794145687
500,0.416597247068
501,0.445968720348
502,0.304393950891
503,0.69222245245
504,0.63339986767
505,0.373930102969
506,0.00545013129063
507,0.676486677689
508,0.274231461623
509,0.0
510,0.319602291065
511,0.452087766017
512,0.142261089499
513,0.117442148749
514,0.0204479256755
515,0.14384552679
516,0.344090599468
517,0.0
518,0.0
519,0.0
520,0.0
521,0.0
522,0.0
523,0.0
524,0.0
525,0.0
526,0.0
527,0.0
528,0.0
529,0.0
530,0.0
531,0.0
532,0.0
533,0.0
534,0.0
535,0.0
536,0.0
537,0.404796799303
538,0.0191219177258
539,0.0732876093748
540,0.533526883821
541,0.13295418562
542,0.278505467717
543,0.196118001791
544,0.452111910383
545,0.147437497719
546,0.418231280615
547,0.517389081442
548,0.355225107884
549,0.489952405963
550,0.584549806591
551,0.643573758226
552,0.644285267979
553,0.513652148047
554,0.637408014894
555,0.461251276158
556,0.555859075361
557,0.641085118888
558,0.671145278579
559,0.610048566142
560,0.626047125393
561,0.653817158816
562,0.710716495419
563,0.567295816712
564,0.723999183409
565,0.606788896504
566,0.553744738745
567,0.678856974305
568,0.512039258819
569,0.320246691853
570,0.503816591842
571,0.383843585112
572,0.336874627389
573,0.214573553342
574,0.26795069225
575,0.182605372171
576,0.0686905594913
577,0.241094671499
578,0.0
579,0.0
580,0.0
581,0.0
582,0.0
583,0.0
584,0.0
585,0.0
586,0.0
587,0.0
588,0.0
589,0.0
590,0.0
591,0.0
