site,dnds
1,0.0
2,0.0
3,0.0
4,0.0
5,0.0
6,0.0
7,0.0
8,0.0
9,0.0
10,0.0
11,0.0
12,0.0
13,0.0
14,0.098855694854
15,0.0
16,0.153946092924
17,0.25602985607
18,0.0773337424736
19,0.297310752671
20,0.234691579556
21,0.144518587895
22,0.304001632662
23,0.353351348477
24,0.132782773399
25,0.406043169943
26,0.378419178742
27,0.369431189455
28,0.269628910789
29,0.430991881798
30,0.574725357561
31,0.447063805865
32,0.56408219716
33,0.424863382177
34,0.526507018682
35,0.397963872066
36,0.594881108895
37,0.655101941566
38,0.497200754628
39,0.537582857683
40,0.690734140224
41,0.631126482185
42,0.255121042668
43,0.735956127204
44,0.627478209048
45,0.739439441461
46,0.674276728703
47,0.548496159431
48,0.421072145368
49,0.683500583576
50,0.799558604606
51,0.839570183809
52,0.405030677731
53,0.501596683816
54,0.507494281296
55,0.421520413701
56,0.554267147957
57,0.596868161757
58,0.795588158868
59,0.680335000935
60,0.560690626621
61,0.676680440443
62,0.763091421586
63,0.618533356556
64,0.626995897436
65,0.651674661754
66,0.628704829744
67,0.678552962797
68,0.679592430392
69,0.701061692276
70,0.654433270102
71,0.124884357389
72,0.708313638477
73,0.755782981377
74,0.593339770971
75,0.499655296853
76,0.717564389639
77,0.669236983417
78,0.748229688376
79,0.740014172588
80,0.60491743295
81,0.421000246762
82,0.526497288195
83,0.584948686745
84,0.535970947265
85,0.589512173845
86,0.611662117718
87,0.355109475889
88,0.613860577574
89,0.702475332268
90,0.717544238314
91,0.683994496548
92,0.43136316197
93,0.297416180727
94,0.368476619828
95,0.291891741826
96,0.317613920492
97,0.18490831229
98,0.334013653948
99,0.0704283624879
100,0.449838384664
101,0.298370506126
102,0.189308048936
103,0.448988246995
104,0.374701011411
105,0.39094154547
106,0.349291189651
107,0.443664210623
108,0.241044988625
109,0.472647808583
110,0.349420626786
111,0.150037457009
112,0.332203202684
113,0.733576729952
114,0.598031668823
115,0.598991299804
116,0.576032569785
117,0.660009809272
118,0.555442927183
119,0.375719362444
120,0.37624550496
121,0.0816355831337
122,0.731179891899
123,0.443097906396
124,0.599047427104
125,0.624294951919
126,0.59049746504
127,0.585096592778
128,0.644699487944
129,0.705457915962
130,0.629913501881
131,0.142857142857
132,0.0
133,0.0
134,0.0
135,0.0
136,0.0
137,0.72654367789
138,0.727711777347
139,0.727768004363
140,0.560280693376
141,0.756420160905
142,0.783314533012
143,0.708650553219
144,0.446840909143
145,0.770540821307
146,0.559957203334
147,0.710835776573
148,0.731888446414
149,0.583092395937
150,0.583482174081
151,0.560244219037
152,0.649331286919
153,0.642018970837
154,0.160183579923
155,0.289453080347
156,0.318107667236
157,0.243454154124
158,0.58002145461
159,0.471080925799
160,0.693746600587
161,0.48192199894
162,0.455668404446
163,0.670361068888
164,0.793660886047
165,0.425949159642
166,0.317267266536
167,0.747455039367
168,0.345538740277
169,0.267222812587
170,0.760126551045
171,0.0
172,0.610491922562
173,0.408692862616
174,0.308822020498
175,0.237409160271
176,0.114495443928
177,0.354619524197
178,0.626297405793
179,0.427458426604
180,0.780439108517
181,0.545997301725
182,0.541852830518
183,0.655703641535
184,0.444365284094
185,0.633440321563
186,0.400432558237
187,0.656766915423
188,0.631558501046
189,0.47508960954
190,0.648873456478
191,0.683115323556
192,0.590784382466
193,0.42670808582
194,0.72981162456
195,0.659871566046
196,0.170212765957
197,0.116773951135
198,0.184839248149
199,0.125
200,0.0
201,0.170212765957
202,0.0695652173913
203,0.307491655486
204,0.0
205,0.0
206,0.120725154104
207,0.0
208,0.0
209,0.125
210,0.0976370828889
211,0.171658170104
212,0.0931839993671
213,0.0720720720721
214,0.114949551596
215,0.0
216,0.0
217,0.0
218,0.170212765957
219,0.0
220,0.0
221,0.0
222,0.0
223,0.205989804125
224,0.0
225,0.0740740740741
226,0.0
227,0.138772078569
228,0.137326536084
229,0.0
230,0.102688471194
231,0.0
232,0.16758492539
233,0.0
234,0.0666666666667
235,0.111111111111
236,0.0499565535539
237,0.0666666666667
238,0.0
239,0.198042051589
240,0.0357753383515
241,0.170212765957
242,0.0
243,0.149553135137
244,0.0
245,0.172746960887
246,0.317691681873
247,0.233481155557
248,0.295451774445
249,0.0
250,0.0
251,0.269470623017
252,0.174736622719
253,0.0
254,0.0
255,0.0
256,0.0
257,0.0
258,0.0
259,0.0
260,0.147871398519
261,0.395442041013
262,0.464755949404
263,0.595332469457
264,0.354441889295
265,0.430439827231
266,0.692174040852
267,0.610468095113
268,0.545052031625
269,0.549038851228
270,0.794173799985
271,0.475252622328
272,0.578588104367
273,0.274331201394
274,0.244748139602
275,0.0367213682815
276,0.380908824262
277,0.242770968629
278,0.63908935107
279,0.791733399951
280,0.746108548903
281,0.799864194308
282,0.58053014172
283,0.777079908789
284,0.35761616397
285,0.262243486116
286,0.398594819365
287,0.450809321413
288,0.280819542253
289,0.497453752354
290,0.0840775595634
291,0.119942673391
292,0.184368666292
293,0.132715650871
294,0.352094953237
295,0.142857142857
296,0.390769925132
297,0.383958025359
298,0.28409458331
299,0.405368747996
300,0.596090789399
301,0.333320352427
302,0.237548119433
303,0.443484339268
304,0.118881647987
305,0.163536646375
306,0.377428290888
307,0.0822539297958
308,0.115484622049
309,0.580584089035
310,0.0352012774357
311,0.271579156058
312,0.445553139248
313,0.12654408722
314,0.0
315,0.314752045937
316,0.0720152914867
317,0.123226165433
318,0.322954312005
319,0.0766473689768
320,0.286519227497
321,0.298514290254
322,0.59114618957
323,0.289280655317
324,0.670465853114
325,0.677335195328
326,0.126936405527
327,0.160052065381
328,0.142053746251
329,0.08779254481
330,0.19641867876
331,0.602144627915
332,0.141031341951
333,0.117370919516
334,0.288357171751
335,0.52093331197
336,0.628722789754
337,0.632643914266
338,0.590083326328
339,0.486625598635
340,0.667880611931
341,0.442397933114
342,0.335310272168
343,0.657621877546
344,0.549185020292
345,0.709009696403
346,0.321873294175
347,0.635349197918
348,0.760078358907
349,0.711475066793
350,0.703744493701
351,0.2971392212
352,0.499530304683
353,0.284909042889
354,0.664846540768
355,0.464753505787
356,0.224648170175
357,0.193483326577
358,0.0
359,0.0
360,0.154032706791
361,0.0
362,0.178226019006
363,0.133075727789
364,0.0743352698198
365,0.226206934405
366,0.441149491677
367,0.622856884474
368,0.395014632828
369,0.339747926851
370,0.350629372309
371,0.221084758006
372,0.6563534161
373,0.724109618519
374,0.67748239656
375,0.0
376,0.0
377,0.485882074696
378,0.590240257941
379,0.509260554242
380,0.605822677972
381,0.486600621189
382,0.685085730056
383,0.471349800568
384,0.231183114462
385,0.548895033137
386,0.502577773129
387,0.295055092967
388,0.176452632351
389,0.550043593139
390,0.649037258065
391,0.677182861486
392,0.818915587942
393,0.797550642652
394,0.735291419792
395,0.776997579227
396,0.749085918337
397,0.778847789723
398,0.652342551684
399,0.691641579798
400,0.667725375027
401,0.772075979058
402,0.745643346024
403,0.721134140849
404,0.821638882625
405,0.770552893512
406,0.613319194956
407,0.651209207117
408,0.672155468112
409,0.562744237541
410,0.709433447156
411,0.622931477458
412,0.722876056467
413,0.372598358549
414,0.335162835301
415,0.0
416,0.16200132388
417,0.0813786880495
418,0.0
419,0.0
420,0.142857142857
421,0.0
422,0.225895448012
423,0.0
424,0.262053174721
425,0.511079900196
426,0.267610153809
427,0.220696992306
428,0.313340389501
429,0.372849077923
430,0.223259281638
431,0.220926001127
432,0.288059249008
433,0.249352629745
434,0.21172763143
435,0.322770839732
436,0.174882144227
437,0.426554437786
438,0.120777342931
439,0.478869998542
440,0.0316012376136
441,0.528509044511
442,0.543782181476
443,0.214338539873
444,0.6227218226
445,0.0
446,0.132847844058
447,0.0
448,0.0277258872224
449,0.251737594018
450,0.0
451,0.428918619044
452,0.405874859909
453,0.0
454,0.283116754528
455,0.143815353689
456,0.377590554101
457,0.278186878199
458,0.0987591771003
459,0.0908677691613
460,0.0924066411029
461,0.0361108392449
462,0.490883330614
463,0.668319957005
464,0.670294427297
465,0.714145553601
466,0.608776367676
467,0.636251864757
468,0.686348618927
469,0.321549087941
470,0.389106404093
471,0.452984750738
472,0.686711770276
473,0.349827591112
474,0.634017680126
475,0.0
476,0.252053520204
477,0.12063424704
478,0.0
479,0.0990210257943
480,0.225431744047
481,0.751259301375
482,0.728185537981
483,0.0
484,0.0224501111113
485,0.366164172234
486,0.17083344729
487,0.214273085432
488,0.350265113002
489,0.584716613791
490,0.0
491,0.0
492,0.0
493,0.0
494,0.0
495,0.0
496,0.0
497,0.0
498,0.0
499,0.0
500,0.0
501,0.558776580784
502,0.741582933727
503,0.691705604897
504,0.521233673884
505,0.625381656793
506,0.570286086992
507,0.679579909877
508,0.612808912646
509,0.756145733269
510,0.629690840458
511,0.578773819143
512,0.316488053499
513,0.0978560725496
514,0.184067159244
515,0.298676888821
516,0.241816465277
517,0.0
518,0.158660272039
519,0.135370730008
520,0.572217919497
521,0.316816593977
522,0.335710794838
523,0.576796693475
524,0.73492512584
525,0.639968753129
526,0.526925091437
527,0.487983391305
528,0.444039260092
529,0.524894303817
530,0.490066227573
531,0.572775100538
532,0.485785290981
533,0.328438586057
534,0.704051677169
535,0.767395451341
536,0.701698514909
537,0.651716135851
538,0.633929253525
539,0.372602436162
540,0.464636705634
541,0.669099187332
542,0.22840349108
543,0.3028193016
544,0.0705746652249
545,0.237131365882
546,0.26415502609
547,0.159199543818
548,0.172335005875
549,0.406979746773
550,0.229491382899
551,0.0616130827164
552,0.274184560762
553,0.132205704773
554,0.102812756899
555,0.145513383583
556,0.368164552159
557,0.313244712418
558,0.690540761108
559,0.0
560,0.150574473163
561,0.341742172123
562,0.345352120125
563,0.430805102249
564,0.37042851737
565,0.0
566,0.0
567,0.0
568,0.065730974533
569,0.0
570,0.0
571,0.0
572,0.247438574171
573,0.0
574,0.581590637496
575,0.792154344688
576,0.129916159696
577,0.135932130537
578,0.081254543825
579,0.0
580,0.0641980700001
581,0.038631402533
582,0.0
583,0.0311201018373
584,0.08037479982
585,0.469134673937
586,0.540293008757
587,0.14093981761
588,0.560395112143
589,0.148731094189
590,0.0840178400679
591,0.0694222046597
592,0.18182548579
593,0.417019906304
594,0.00472364306055
595,0.239276567939
596,0.74930777556
597,0.607149144399
598,0.449464380885
599,0.524955437327
600,0.729711431456
601,0.400128547181
602,0.500651695433
603,0.594079493069
604,0.627567515521
605,0.641735660457
606,0.579381756529
607,0.660795436718
608,0.640819431112
609,0.0
610,0.113536650535
611,0.140905504874
612,0.245194921014
613,0.628257307689
614,0.604092582708
615,0.680766587374
616,0.392335875558
617,0.231570509063
618,0.562046878125
619,0.392759228947
620,0.424980216763
621,0.408049148926
622,0.230014497645
623,0.144594130656
624,0.145454545455
625,0.588495402112
626,0.224384962685
627,0.650930703595
628,0.42323816764
629,0.408733591125
630,0.686605995466
631,0.648283714616
632,0.658545693597
633,0.612572562506
634,0.659581601209
635,0.373208833022
636,0.0
637,0.739227106468
638,0.673765325862
639,0.639159557769
640,0.593342661635
641,0.612928356233
642,0.657198497259
643,0.548991660181
644,0.550399680135
645,0.697270464183
646,0.634748906702
647,0.462297495865
648,0.483698857437
649,0.554760689129
650,0.580872925446
651,0.478417135366
652,0.545364672804
653,0.620374490451
654,0.0
655,0.125533995252
656,0.154032706791
657,0.0
658,0.149164700507
659,0.126928207756
660,0.264839733222
661,0.650467064303
662,0.15782213445
663,0.184311232183
664,0.307804604561
665,0.190648412897
666,0.140350877193
667,0.0
668,0.0
669,0.417069023743
670,0.749867284895
671,0.536128303331
672,0.661242996288
673,0.440868941804
674,0.318772640521
675,0.456518168945
676,0.537280378089
677,0.560382982051
678,0.660813879252
679,0.0876740702483
680,0.115524530093
681,0.0
682,0.116773951135
683,0.0
684,0.0934580468171
685,0.0
686,0.164177431431
687,0.0
688,0.0
689,0.0
690,0.0
691,0.0
692,0.0295695997958
693,0.166390020955
694,0.546394384898
695,0.503261378003
696,0.472289097173
697,0.0
698,0.0
699,0.0
700,0.0
701,0.0
702,0.0
703,0.0
704,0.0
705,0.0
706,0.0
707,0.0
708,0.0
709,0.0
710,0.0
711,0.0
712,0.0
713,0.0
714,0.0
715,0.0
716,0.0
717,0.0
718,0.0
719,0.0
720,0.0
721,0.0
722,0.0
723,0.0
724,0.0
725,0.0
726,0.0
727,0.0
728,0.259088756924
729,0.0970616627445
730,0.0531062484707
731,0.0
732,0.0
733,0.0
734,0.0
735,0.0
736,0.0
737,0.0
738,0.0
739,0.0
740,0.0
741,0.0
742,0.0
743,0.250831594725
744,0.64397665066
745,0.318725335169
746,0.57247884755
747,0.484640434649
748,0.312587466564
749,0.468770397628
750,0.317346047208
751,0.27850158942
752,0.474776472417
753,0.458578404404
754,0.69121682495
755,0.752418372435
756,0.670945927571
757,0.515876984603
758,0.65934114553
759,0.851918348911
760,0.141522059356
761,0.258084126063
762,0.338067521368
763,0.850453203443
764,0.566935264342
765,0.742965547178
766,0.80653413671
767,0.737434575561
768,0.693238184177
769,0.229827692489
770,0.201550996515
771,0.805191424422
772,0.75628504173
773,0.617340004309
774,0.530855897146
775,0.743397545093
776,0.59714593186
777,0.533673997787
778,0.604202574688
779,0.727062678493
780,0.751419706902
781,0.712291985951
782,0.534854999732
783,0.595412763978
784,0.732346260525
785,0.786679207632
786,0.597053553399
787,0.659547734356
788,0.72742429804
789,0.452015443585
790,0.302498783637
791,0.32864602525
792,0.505883802904
793,0.139164863731
794,0.708810953057
795,0.720660990928
796,0.600752758631
797,0.540382062883
798,0.350426960168
799,0.256801175404
800,0.091646889379
801,0.0838334156162
802,0.201538214889
803,0.209312350628
804,0.649015800024
805,0.125555690133
806,0.0
807,0.0519029427717
808,0.0519029427717
809,0.071092018519
810,0.169014084507
811,0.717138201954
812,0.560363508531
813,0.761797513197
814,0.723188572124
815,0.775582573836
816,0.76504042011
817,0.530876621389
818,0.730935896308
819,0.766181525926
820,0.74182508265
821,0.622055400462
822,0.703661503555
823,0.667247732776
824,0.671310291553
825,0.586338057029
826,0.463140687925
827,0.672686011368
828,0.639103431155
829,0.668935686276
830,0.703125606771
831,0.634819701877
832,0.551978191395
833,0.606208160796
834,0.414581101223
835,0.481696353548
836,0.434372850077
837,0.503061013427
838,0.516809326829
839,0.378416309831
840,0.723819278256
841,0.697017736663
842,0.751307749794
843,0.587487132766
844,0.572232419591
845,0.786819572634
846,0.618248897494
847,0.603007458996
848,0.682261902995
849,0.748546553624
850,0.53922870006
851,0.734349671088
852,0.675550472308
853,0.639127670034
854,0.618636365348
855,0.613674884214
856,0.600292783991
857,0.669174241867
858,0.625201478315
859,0.0
860,0.0
861,0.0
862,0.2438527586
863,0.2438527586
864,0.0
865,0.0
866,0.268569330327
867,0.654272407269
868,0.693849499832
869,0.423015094335
870,0.275043579602
871,0.338646854686
872,0.681702644009
873,0.613847072895
874,0.684267376908
875,0.084002969682
876,0.109426583128
877,0.245119413633
878,0.295828483241
879,0.305938146056
880,0.2235888461
881,0.0277241099561
882,0.450493584946
883,0.464169812437
884,0.344179984017
885,0.372523183655
886,0.367382156003
887,0.218157094754
888,0.595750665722
889,0.689048274678
890,0.66446363131
891,0.751397745013
892,0.672024888667
893,0.442622240046
894,0.497908681374
895,0.139425291634
896,0.0
897,0.0
898,0.521930059143
899,0.648057672132
900,0.272831001639
901,0.358654882488
902,0.686848443125
903,0.151892017144
904,0.177666543483
905,0.44537023718
906,0.579114142763
907,0.0
908,0.0
909,0.0
910,0.0
911,0.0
912,0.0
913,0.0
914,0.0
915,0.0
916,0.0
917,0.0
918,0.0
919,0.0
920,0.0
921,0.0
922,0.0
923,0.0
924,0.0
925,0.0
926,0.0
927,0.0
928,0.445953751386
929,0.374345062518
930,0.460678869394
931,0.122992976265
932,0.531884217041
933,0.625183118465
934,0.0603337350905
935,0.273621968632
936,0.1474176234
937,0.39786043892
938,0.17428629102
939,0.139794389357
940,0.34363860776
941,0.489493076963
942,0.161227377244
943,0.587957751336
944,0.494401589355
945,0.560295713561
946,0.426260803263
947,0.33660987893
948,0.25020666679
949,0.63105930455
950,0.186316154622
951,0.691372404109
952,0.265500370719
953,0.44313531171
954,0.634707102742
955,0.553752593558
956,0.0
957,0.506566983611
958,0.0
959,0.0
960,0.032183565463
961,0.112720172102
962,0.0
963,0.0831102704648
964,0.670755000227
965,0.0
966,0.0
967,0.0
968,0.0
969,0.0
970,0.0
971,0.0
972,0.0
973,0.0
974,0.0
975,0.0
976,0.506596409839
977,0.337995071207
978,0.299186058301
979,0.521891634707
980,0.32849384358
981,0.0851601457867
982,0.638314735063
983,0.407648522424
984,0.129451434563
985,0.244367260596
986,0.286918570928
987,0.0527634690325
988,0.0
989,0.0
990,0.338599368616
991,0.39598626296
992,0.449613260567
993,0.0287523568457
994,0.225085997823
995,0.612264027918
996,0.335732857816
997,0.48164989448
998,0.406418535832
999,0.441186298031
1000,0.733978172735
1001,0.378953552493
1002,0.508444499416
1003,0.166291431133
1004,0.585655134367
1005,0.381705371803
1006,0.793660306042
1007,0.620650999034
1008,0.572181858028
1009,0.235607575294
1010,0.740531357383
1011,0.466286802679
1012,0.563758838242
1013,0.157146450102
1014,0.129669554988
1015,0.28841923476
1016,0.117642021848
1017,0.251447869796
1018,0.240592904006
1019,0.286348429614
1020,0.429192673593
1021,0.283013327043
1022,0.415364952669
1023,0.412493079061
1024,0.215294237688
1025,0.206956786102
1026,0.171065949894
1027,0.586205135845
1028,0.32443250609
1029,0.0
1030,0.0
1031,0.0
1032,0.0
1033,0.0
1034,0.0
1035,0.469306734737
1036,0.1695040092
1037,0.00704975781205
1038,0.235176276908
1039,0.0486485447038
1040,0.431319861405
1041,0.359497667913
1042,0.354549388072
1043,0.435405722109
1044,0.542922219295
1045,0.541779824833
1046,0.688258835291
1047,0.367141304831
1048,0.0786549992125
1049,0.455234648597
1050,0.0560118933786
1051,0.290054250736
1052,0.170281234224
1053,0.0444671625797
1054,0.0
1055,0.324141500222
1056,0.178745104309
1057,0.286617062498
1058,0.293634499245
1059,0.124014836212
1060,0.176421357101
1061,0.0
1062,0.181693940496
1063,0.126928207756
1064,0.0
1065,0.0
1066,0.0
1067,0.0
1068,0.0
1069,0.0
1070,0.0
1071,0.0
1072,0.0
1073,0.0
1074,0.0
1075,0.0
1076,0.0
1077,0.0
1078,0.0
1079,0.0
1080,0.0
1081,0.0
1082,0.0
1083,0.0
1084,0.0
1085,0.0
1086,0.0
1087,0.0
1088,0.0
1089,0.0
1090,0.0
1091,0.0
1092,0.710738197383
1093,0.723922950999
1094,0.510098609907
1095,0.598426465497
1096,0.553369664024
1097,0.609715283305
1098,0.456074195951
1099,0.48851754756
1100,0.454294102413
1101,0.755581392442
1102,0.650263664814
1103,0.734810455059
1104,0.676944961591
1105,0.738549953379
1106,0.702834295194
1107,0.66022307746
1108,0.768286692665
1109,0.716806982743
1110,0.717860135432
1111,0.783372519994
1112,0.646799639717
1113,0.809075907107
1114,0.814971933289
1115,0.801918583552
1116,0.695274221439
1117,0.671133796922
1118,0.659184980318
1119,0.759880877784
1120,0.647595228773
1121,0.751110042205
1122,0.793818420228
1123,0.33601619167
1124,0.653156981969
1125,0.730398036749
1126,0.732238384942
1127,0.147690453352
1128,0.429839183899
1129,0.117669192195
1130,0.033757828785
1131,0.0468088352006
1132,0.205552244366
1133,0.179612738868
1134,0.111826810884
1135,0.293584632014
1136,0.382850885817
1137,0.332370499304
1138,0.255268701843
1139,0.0951384243031
1140,0.258227334374
1141,0.480408117561
1142,0.49674432894
1143,0.0
1144,0.0
1145,0.0
1146,0.0
1147,0.0
1148,0.0
1149,0.0
1150,0.0
1151,0.0
1152,0.0
1153,0.0
1154,0.0
1155,0.0
1156,0.0
1157,0.0
1158,0.0400020718711
1159,0.0
1160,0.115232417157
1161,0.106993025421
1162,0.182877631901
1163,0.213948617742
1164,0.0338028169014
1165,0.519611547286
1166,0.405889235995
1167,0.60932067822
1168,0.365412008432
1169,0.296296296296
1170,0.11090354889
1171,0.20422809703
1172,0.227299094207
1173,0.22992265938
1174,0.0917084007892
1175,0.0405465108108
1176,0.751755123738
1177,0.608076976812
1178,0.191648324063
1179,0.593775912102
1180,0.509915886312
1181,0.422180139599
1182,0.337834921964
1183,0.268672428994
1184,0.169142566277
1185,0.388599249024
1186,0.231445783392
1187,0.344918344723
1188,0.148292703394
1189,0.215505756402
1190,0.245850950453
1191,0.588677160863
1192,0.458886461389
1193,0.765190846948
1194,0.694376794764
1195,0.856120940605
1196,0.627761049268
1197,0.609486992151
1198,0.586193950068
1199,0.58905183501
1200,0.563192295055
1201,0.567920718941
1202,0.632045521405
1203,0.504641189519
1204,0.45899040541
1205,0.521215344589
1206,0.538965846534
1207,0.599624045427
1208,0.606282357953
1209,0.639842940293
1210,0.57100619537
1211,0.745294418581
1212,0.566631249629
1213,0.467386548286
1214,0.639766349338
1215,0.245978039255
1216,0.537606730863
1217,0.412533425234
1218,0.22037701388
1219,0.101560026456
1220,0.117523026156
1221,0.0637978127786
1222,0.271151961548
1223,0.119008057455
1224,0.215715836956
1225,0.463778912491
1226,0.497414742153
1227,0.39496685341
1228,0.335761310212
1229,0.176683578068
1230,0.322326325149
1231,0.0261913744378
1232,0.686550923717
1233,0.459939061027
1234,0.379409493743
1235,0.335923362208
1236,0.302872237944
1237,0.144079261096
1238,0.448292822191
1239,0.371028195081
1240,0.120937903464
1241,0.694288681179
1242,0.145179674796
1243,0.321124773721
1244,0.439829904986
1245,0.594998586256
1246,0.067497927089
1247,0.226300859225
1248,0.150602042781
1249,0.607244153081
1250,0.634198443081
1251,0.611583454933
1252,0.754032256558
1253,0.680502443255
1254,0.731277089958
1255,0.666138562563
1256,0.0
1257,0.164321448853
1258,0.0863046217355
1259,0.445272710192
1260,0.470235258738
1261,0.14477514038
1262,0.355960603992
1263,0.40282916578
1264,0.281794011552
1265,0.0
1266,0.0299621533273
1267,0.0908946479767
1268,0.0949002112012
1269,0.168468247443
1270,0.145727899916
1271,0.0950325464342
1272,0.225660627007
1273,0.2477278775
1274,0.184615384615
1275,0.0899157439053
1276,0.129244113887
1277,0.304258315105
1278,0.0768249678521
1279,0.0
1280,0.0919130432562
1281,0.464170358434
1282,0.594148969119
1283,0.633121856337
1284,0.66512925946
1285,0.330950792012
1286,0.401023349617
1287,0.516043487678
1288,0.645461235777
1289,0.635952283898
1290,0.55110858307
1291,0.495396169036
1292,0.616233135751
1293,0.600206330914
1294,0.620484860932
1295,0.381385216817
1296,0.576077485423
1297,0.364867788501
1298,0.190476190476
1299,0.0919540229885
1300,0.0
1301,0.0
1302,0.0909090909091
1303,0.0474221131799
1304,0.0
1305,0.241094671499
1306,0.157472192714
1307,0.0
1308,0.0573363030153
1309,0.0
1310,0.0
1311,0.0803862650245
1312,0.0990210257943
1313,0.142857142857
1314,0.0
1315,0.30794663507
1316,0.52255104323
1317,0.577165176385
1318,0.254063270117
1319,0.534523555852
1320,0.610946672509
1321,0.586914655111
1322,0.369334003153
1323,0.269875009579
1324,0.193988998237
1325,0.533747943003
1326,0.634414902537
1327,0.599469567265
1328,0.446507222228
1329,0.419267692655
1330,0.269084477635
1331,0.402739264954
1332,0.563103119475
1333,0.779784180028
1334,0.735097059763
1335,0.633129895373
1336,0.796247612658
1337,0.712274020501
1338,0.758674930927
1339,0.631798131727
1340,0.630913142258
1341,0.716212123083
1342,0.389625645074
1343,0.571902849381
1344,0.812670970887
1345,0.77031025082
1346,0.712880374319
1347,0.214526038112
1348,0.347599893236
1349,0.289545742898
1350,0.203105717317
1351,0.511642364859
1352,0.27691060984
1353,0.281378183956
1354,0.260277839232
1355,0.254884551269
1356,0.108407160968
1357,0.200806423798
1358,0.267853630373
1359,0.124584898715
1360,0.157662261021
1361,0.0
1362,0.0
1363,0.0724859796664
1364,0.0
1365,0.0
1366,0.197055773376
1367,0.765983151215
1368,0.656796215742
1369,0.760337881191
1370,0.747740617824
1371,0.670407133619
1372,0.629247213577
1373,0.776041010704
1374,0.739222007236
1375,0.789513638148
1376,0.84110773248
1377,0.744773710868
1378,0.630425295892
1379,0.670659233097
1380,0.72421883983
1381,0.580797207711
1382,0.225768961217
1383,0.54129055763
1384,0.409203638999
1385,0.363609882055
1386,0.507308913994
1387,0.359486679152
1388,0.576297379218
1389,0.490879390654
1390,0.788440819527
1391,0.535167751371
1392,0.456873877042
1393,0.571087875005
1394,0.436896980257
1395,0.349478427277
1396,0.256973370936
1397,0.0
1398,0.0
1399,0.0
1400,0.22264586688
1401,0.0593658658547
1402,0.498637230051
1403,0.456793936823
1404,0.492670864674
1405,0.390191689732
1406,0.555825242347
1407,0.525912939197
1408,0.456234115221
1409,0.557630695331
1410,0.583248207548
1411,0.495007857237
1412,0.170212765957
1413,0.0
1414,0.0
1415,0.35071829309
1416,0.486878438707
1417,0.65515738253
1418,0.623449142969
1419,0.307947514055
1420,0.410130837458
1421,0.348677033844
1422,0.587648717673
1423,0.590879999764
1424,0.718401226552
1425,0.766105565794
1426,0.517139235977
1427,0.664405756144
1428,0.767276958434
1429,0.624140429949
1430,0.762572213239
1431,0.709238792323
1432,0.589216181872
1433,0.812983781847
1434,0.415868114592
1435,0.608585193223
1436,0.332830822715
1437,0.710087976047
1438,0.0
1439,0.0443321930531
1440,0.068288860313
1441,0.0460425793296
1442,0.667881255866
1443,0.481401379651
1444,0.336287132315
1445,0.229625638745
1446,0.718192288341
1447,0.743246170887
1448,0.631030712447
1449,0.740655505667
1450,0.746590947063
1451,0.667082788771
1452,0.211148705727
1453,0.0
1454,0.0554517744448
1455,0.0856061523637
1456,0.145952293367
1457,0.100821408081
1458,0.0
1459,0.142857142857
1460,0.266666666667
1461,0.169014084507
1462,0.0
1463,0.0
1464,0.093093132121
1465,0.706096337866
1466,0.655660331585
1467,0.738487103392
1468,0.619475221303
1469,0.562350798164
1470,0.69251728351
1471,0.683170793988
1472,0.567824299382
1473,0.349096233834
1474,0.578942049862
1475,0.645696081543
1476,0.671720385774
1477,0.342553047592
1478,0.523931655847
1479,0.526128063119
1480,0.0
1481,0.509730472178
1482,0.440279323677
1483,0.500922599127
1484,0.622343384931
1485,0.0921305204316
1486,0.415911359421
1487,0.159494655798
1488,0.236615906746
1489,0.208043737747
1490,0.691350000996
1491,0.681134310889
1492,0.362103994372
1493,0.559254660758
1494,0.697190844669
1495,0.480607936318
1496,0.613050967991
1497,0.584962428494
1498,0.111295251312
1499,0.492616607871
1500,0.284368074076
1501,0.193984414088
1502,0.0
1503,0.0
1504,0.197136825219
1505,0.11925890049
1506,0.318599918905
1507,0.384708310585
1508,0.246617416147
1509,0.203045228234
1510,0.177708723433
1511,0.191063006725
1512,0.229755814919
1513,0.328019571391
1514,0.141063083579
1515,0.166355323334
1516,0.133333333333
1517,0.216098364329
1518,0.148507702247
1519,0.102386255384
1520,0.0
1521,0.120991364409
1522,0.118023414339
1523,0.211085268983
1524,0.166231707369
1525,0.0
1526,0.100229331877
1527,0.0912296493243
1528,0.329480308321
1529,0.102809002755
1530,0.0446554306444
1531,0.0824742268041
1532,0.0
1533,0.0
1534,0.0
1535,0.251601988283
1536,0.0
1537,0.140905504874
1538,0.283506311811
1539,0.150870737901
1540,0.0952635064351
1541,0.0543482064829
1542,0.57553538281
1543,0.469968039917
1544,0.0
1545,0.0
1546,0.0840178400679
1547,0.0
1548,0.0
1549,0.238629436112
1550,0.120948141872
1551,0.0
1552,0.0884651144963
1553,0.523037270058
1554,0.171253932775
1555,0.137010602278
1556,0.0
1557,0.071941548571
1558,0.10764025857
1559,0.527799857266
1560,0.745876056748
1561,0.448365936694
1562,0.570196434625
1563,0.727877568653
1564,0.698594072964
1565,0.680756040415
1566,0.585174276795
1567,0.618924298813
1568,0.742815081074
1569,0.353499027292
1570,0.628986123925
1571,0.575375700597
1572,0.832538335369
1573,0.674699420949
1574,0.681695998861
1575,0.442464751056
1576,0.655478802489
1577,0.596678971666
1578,0.476185227493
1579,0.707918240378
1580,0.426118797731
1581,0.53191577272
1582,0.341081786709
1583,0.542907194243
1584,0.550285522419
1585,0.326628912645
1586,0.0789434208543
1587,0.345541459143
1588,0.74287534596
1589,0.721410599691
1590,0.600973095644
1591,0.318344957894
1592,0.232979929624
1593,0.106693174944
1594,0.343846912407
1595,0.190167086022
1596,0.577805572791
1597,0.244136064148
1598,0.0
1599,0.125
1600,0.0
1601,0.0
1602,0.552689325351
1603,0.775771677191
1604,0.462083463341
1605,0.293817565637
1606,0.208241217249
1607,0.767455262542
1608,0.353443213185
1609,0.291346900341
1610,0.265403365191
1611,0.30200677467
1612,0.416574507097
1613,0.37550057189
1614,0.382161198749
1615,0.568142127497
1616,0.547406329801
1617,0.53228562309
1618,0.456461823562
1619,0.394317957141
1620,0.411478555063
1621,0.226365844352
1622,0.346768875605
1623,0.175709167842
1624,0.670833395126
1625,0.571707606211
1626,0.555134050866
1627,0.775177127563
1628,0.765350695125
1629,0.85146124157
1630,0.777822662161
1631,0.816047279903
1632,0.709993315146
1633,0.63850669685
1634,0.131108538688
1635,0.202167549669
1636,0.0601103246014
1637,0.216685075162
1638,0.0
1639,0.236471712991
1640,0.738422345345
1641,0.600438261365
1642,0.474238834501
1643,0.754338986821
1644,0.587565718566
1645,0.78858162315
1646,0.716381852537
1647,0.626328513167
1648,0.731145895002
1649,0.610088936267
1650,0.543378907014
1651,0.111292953801
1652,0.184622867908
1653,0.148756012122
1654,0.0616083816065
1655,0.0770163533955
1656,0.219328900386
1657,0.111104114711
1658,0.155306665612
1659,0.188566586935
1660,0.0
1661,0.18340100135
1662,0.609060068584
1663,0.457913342497
1664,0.463177470868
1665,0.611847255187
1666,0.471762717171
1667,0.440819657965
1668,0.672241124624
1669,0.655698221523
1670,0.717401070761
1671,0.779021027629
1672,0.679559391626
1673,0.567981672042
1674,0.551914817822
1675,0.640828633214
1676,0.078431372549
1677,0.213488370852
1678,0.120725154104
1679,0.585208351587
1680,0.690802855054
1681,0.501539743325
1682,0.659114867521
1683,0.509328787424
1684,0.601345904794
1685,0.139016608494
1686,0.0
1687,0.0775491027295
1688,0.0
1689,0.0
1690,0.0
1691,0.0
1692,0.199955395779
1693,0.0990210257943
1694,0.213091151706
1695,0.0
1696,0.479963414123
1697,0.408770531041
1698,0.266552459002
1699,0.0648675066819
1700,0.257514275262
1701,0.216087839875
1702,0.173444062938
1703,0.0563337700054
1704,0.206058100541
1705,0.216578581939
1706,0.0800241535639
1707,0.193083394965
1708,0.193197847469
1709,0.311403777555
1710,0.358802471375
1711,0.561520450109
1712,0.663547293186
1713,0.733631183497
1714,0.714079430136
1715,0.783979325127
1716,0.782563945858
1717,0.673613405499
1718,0.581990900462
1719,0.62369653688
1720,0.522057009569
1721,0.616950970687
1722,0.541885773793
1723,0.51846834403
1724,0.369727882002
1725,0.316934453266
1726,0.338360480082
1727,0.280447187774
1728,0.0
1729,0.0
1730,0.0
1731,0.0
1732,0.0
1733,0.0
1734,0.0
1735,0.0
1736,0.0
1737,0.0
1738,0.0
1739,0.0
1740,0.0
1741,0.0
1742,0.0
1743,0.0
1744,0.0
1745,0.0
1746,0.0
1747,0.0
1748,0.0
1749,0.0
1750,0.0
