site,dnds
1,0.0
2,0.0
3,0.0
4,0.0
5,0.0
6,0.0
7,0.0
8,0.125
9,0.0573363030153
10,0.0867325491054
11,0.0958766111239
12,0.0
13,0.232106784142
14,0.0155110448188
15,0.356615838768
16,0.113153053426
17,0.120071586297
18,0.0184056880026
19,0.672516875836
20,0.566408063469
21,0.737744339476
22,0.530258542708
23,0.419663654462
24,0.311621695984
25,0.312938776396
26,0.338480440952
27,0.0
28,0.294084536466
29,0.290645051027
30,0.383668933762
31,0.573052430665
32,0.181475323016
33,0.201456188342
34,0.655719946597
35,0.0
36,0.0
37,0.588579793959
38,0.000992063492063
39,0.161782668551
40,0.654455881435
41,0.604464892491
42,0.49662024574
43,0.261619870477
44,0.821871903094
45,0.417141107032
46,0.195209257863
47,0.451805164706
48,0.776518528793
49,0.0550681327032
50,0.133314937242
51,0.498634869318
52,0.446104854306
53,0.0621457026324
54,0.719906368519
55,0.539972338125
56,0.0
57,0.0
58,0.0
59,0.0860044545229
60,0.22335998486
61,0.183894247704
62,0.0
63,0.166666666667
64,0.170212765957
65,0.166666666667
66,0.679309854183
67,0.620648686541
68,0.707100205037
69,0.664591247714
70,0.485406333965
71,0.0
72,0.185039291139
73,0.673387543607
74,0.645084372198
75,0.475337498732
76,0.663713743228
77,0.778230170277
78,0.0
79,0.194184839926
80,0.641873513142
81,0.546045562336
82,0.642666733208
83,0.434209208147
84,0.0
85,0.0
86,0.0
87,0.0
88,0.0
89,0.0
90,0.427073351684
91,0.788267324519
92,0.101436172765
93,0.112408111572
94,0.511911054468
95,0.756064989589
96,0.252507481151
97,0.157459724945
98,0.318537597951
99,0.537555464595
100,0.759835484382
101,0.813689453545
102,0.693425907821
103,0.7347454029
104,0.32664817746
105,0.888322407337
106,0.75024846758
107,0.717798760702
108,0.80326279031
109,0.450072106791
110,0.662146433036
111,0.0133208197636
112,0.0
113,0.221366692331
114,0.0140354969433
115,0.187381292411
116,0.377035836035
117,0.302617282362
118,0.426141664608
119,0.361730986448
120,0.610829708035
121,0.507056558458
122,0.702568577392
123,0.580369696011
124,0.519205837051
125,0.677027160976
126,0.450334974145
127,0.657000297068
128,0.781497438033
129,0.714353660456
130,0.7811713586
131,0.688121234354
132,0.600614778896
133,0.587153125782
134,0.65236486152
135,0.495179612168
136,0.808208475827
137,0.0
138,0.593943049047
139,0.630959325451
140,0.407517041282
141,0.595057177255
142,0.25388057939
143,0.129461782838
144,0.0813786880495
145,0.0
146,0.0
147,0.1
148,0.184245824406
149,0.138275930893
150,0.149750791987
151,0.0723284014497
152,0.258771112232
153,0.306869901805
154,0.669328323038
155,0.642336551044
156,0.656449258901
157,0.799703014742
158,0.591789294065
159,0.0991229132633
160,0.410950123086
161,0.169314718056
162,0.140436177928
163,0.122155961907
164,0.522808132423
165,0.319345946959
166,0.68528454864
167,0.171606111644
168,0.411152083119
169,0.0429175202195
170,0.29847653716
171,0.0
172,0.0178501112856
173,0.0361412604589
174,0.714031486519
175,0.269756395465
176,0.694574270744
177,0.446696917887
178,0.631307221403
179,0.0758984016372
180,0.426288577106
181,0.0
182,0.0
183,0.81093278609
184,0.756654272194
185,0.0
186,0.0363830399451
187,0.0
188,0.0776642021976
189,0.484367592399
190,0.350093955083
191,0.313390883364
192,0.267454457375
193,0.0
194,0.0
195,0.0
196,0.0
197,0.0
198,0.0
199,0.0
200,0.0
201,0.0
202,0.0
203,0.0
204,0.0616130827164
205,0.0
206,0.0
207,0.139016608494
208,0.559631357509
209,0.626144706284
210,0.254783048052
211,0.399629772337
212,0.303308858899
213,0.0177045725053
214,0.0
215,0.0
216,0.0
217,0.364974935238
218,0.109071597012
219,0.513550581942
220,0.158023697141
221,0.0831493705864
222,0.197773602473
223,0.174870237687
224,0.663908716709
225,0.071782232291
226,0.603076056498
227,0.385141525173
228,0.14198952947
229,0.136433584637
230,0.635233463114
231,0.333259722006
232,0.405490570528
233,0.675923204552
234,0.413958061738
235,0.0555314170017
236,0.296468040648
237,0.163276024796
238,0.523693346203
239,0.373526555474
240,0.677704258054
241,0.597723788744
242,0.599837524429
243,0.144623900674
244,0.317753661914
245,0.0
246,0.0802731641838
247,0.188300992878
248,0.0
249,0.0
250,0.0
251,0.0
252,0.312168160017
253,0.160867516306
254,0.144611133882
255,0.458162099644
256,0.0
257,0.0
258,0.0
259,0.0
260,0.0
261,0.220664042023
262,0.429625070354
263,0.253517068749
264,0.546369227246
265,0.434897252581
266,0.0
267,0.0
268,0.0
269,0.0
270,0.0
271,0.0
272,0.0
273,0.0
274,0.0
275,0.0
276,0.525560314136
277,0.325145095778
278,0.691622064623
279,0.42344542816
280,0.594169666336
281,0.723647074186
282,0.685314020188
283,0.645539167814
284,0.499374611289
285,0.287036059474
286,0.642052276527
287,0.64347047256
288,0.410417749481
289,0.54736895626
290,0.642879937012
291,0.136375522959
292,0.492371570569
293,0.0
294,0.0
295,0.635832877038
296,0.508584910214
297,0.712837482357
298,0.404016158184
299,0.693320790849
300,0.705457332257
301,0.237427814374
302,0.0
303,0.0588542297501
304,0.1
305,0.0
306,0.0
307,0.661262094968
308,0.671671771857
309,0.102824979034
310,0.300257222633
311,0.438065968783
312,0.382281040025
313,0.567138054676
314,0.293902310187
315,0.194389152513
316,0.0
317,0.0
318,0.0
319,0.0
320,0.627741857124
321,0.572688068268
322,0.775103301312
323,0.534967429424
324,0.747425162734
325,0.746256919668
326,0.513265173265
327,0.241947724595
328,0.635002375735
329,0.166666666667
330,0.0
331,0.0923076923077
332,0.203069698201
333,0.154032706791
334,0.0660140171962
335,0.0690436973884
336,0.393234128962
337,0.460590564989
338,0.430229095934
339,0.763621563084
340,0.702472380205
341,0.314473406554
342,0.364281035286
343,0.436836321346
344,0.535945295478
345,0.181080205934
346,0.0919837934778
347,0.0
348,0.0
349,0.0775491027295
350,0.0
351,0.0878889830934
352,0.0
353,0.0
354,0.0
355,0.0
356,0.0
357,0.0
358,0.0
359,0.0
360,0.0
361,0.0
362,0.0
363,0.0
364,0.0
365,0.0
366,0.0
367,0.0
368,0.170212765957
369,0.0
370,0.537670007546
371,0.673845877692
372,0.804165739949
373,0.543315449065
374,0.733547038298
375,0.811336202156
376,0.156244087577
377,0.191750385737
378,0.0867325491054
379,0.0
380,0.0
381,0.616793040298
382,0.134915379774
383,0.0950703674827
384,0.274287731255
385,0.0325871806196
386,0.689090567256
387,0.0
388,0.00499981567503
389,0.178059898465
390,0.0123514548342
391,0.14429266271
392,0.0145443096079
393,0.26070118824
394,0.0
395,0.0
396,0.0
397,0.0
398,0.0131454519938
399,0.558662318677
400,0.0819846899334
401,0.602697025074
402,0.0804128190584
403,0.464409769732
404,0.0026331082219
405,0.335067331607
406,0.310017363308
407,0.38433295535
408,0.541023901023
409,0.553265601424
410,0.358524837778
411,0.358332608419
412,0.736970424657
413,0.376664511256
414,0.243714485122
415,0.652234653048
416,0.681793714283
417,0.0507179337078
418,0.106317318258
419,0.125533995252
420,0.0247552564486
421,0.166666666667
422,0.106638027778
423,0.166666666667
424,0.133303597186
425,0.0
426,0.0
427,0.0
428,0.0
429,0.0
430,0.0
431,0.0
432,0.0
433,0.0
434,0.0
435,0.0
436,0.0
437,0.0
438,0.0
439,0.0867325491054
440,0.0
441,0.0695083042471
442,0.106638027778
443,0.0
444,0.119402985075
445,0.0867325491054
446,0.0
447,0.0
448,0.100821408081
449,0.0
450,0.0
451,0.0
452,0.416222508442
453,0.658557136305
454,0.528977777482
455,0.22951492123
456,0.276362622791
457,0.458289400701
458,0.635206153437
459,0.361034685795
460,0.715163374174
461,0.575813240584
462,0.746018894424
463,0.801976708113
464,0.665947907706
465,0.757435168129
466,0.624495941623
467,0.62298274614
468,0.601133916184
469,0.629966603493
470,0.625202917094
471,0.630987173102
472,0.562090931191
473,0.626879526303
474,0.183830549186
475,0.345070560719
476,0.25210169206
477,0.177523462729
478,0.142360023809
479,0.0
480,0.10246124972
481,0.144576386897
482,0.187440959204
483,0.470659035957
484,0.0468491304912
485,0.0
486,0.0
487,0.726638700304
488,0.328716849775
489,0.655179857741
490,0.450276777004
491,0.052855286371
492,0.252011530874
493,0.0
494,0.329391612607
495,0.452778468033
496,0.0
497,0.0491033107753
498,0.276732275538
499,0.382346284705
500,0.460384451281
501,0.410832472077
502,0.0164367382527
503,0.681014866395
504,0.211869926742
505,0.427529409187
506,0.495541382884
507,0.163950719523
508,0.0990069694317
509,0.1076994571
