site,dnds
1,0.0
2,0.0
3,0.302753940934
4,0.0696869836344
5,0.216216216216
6,0.0534679263439
7,0.288590588106
8,0.0
9,0.183780487956
10,0.313410008105
11,0.105455584404
12,0.273136650672
13,0.284611814414
14,0.357005088367
15,0.482556976402
16,0.341029981704
17,0.390855201129
18,0.536650212247
19,0.654992883611
20,0.657416291878
21,0.651834639119
22,0.698118738422
23,0.780672476279
24,0.608614239248
25,0.536914257633
26,0.703371030524
27,0.620430967174
28,0.69409833802
29,0.652473456575
30,0.65680301779
31,0.723126323082
32,0.690574513554
33,0.706048695164
34,0.732053829613
35,0.789277728454
36,0.741107204381
37,0.731125680847
38,0.583794503612
39,0.731549302176
40,0.672593025285
41,0.708455762435
42,0.473772663611
43,0.523698781419
44,0.515448280382
45,0.509116668474
46,0.508107921063
47,0.554298069874
48,0.627160640919
49,0.707533539609
50,0.451292953516
51,0.692484026569
52,0.748074439209
53,0.691248723894
54,0.78676778528
55,0.642028984308
56,0.740128294746
57,0.595451657847
58,0.629124315438
59,0.500662080992
60,0.698985436367
61,0.616414409323
62,0.598031814196
63,0.516790785296
64,0.12002926375
65,0.617067200125
66,0.407311657879
67,0.359884905771
68,0.510831089172
69,0.648497075007
70,0.549433309937
71,0.52063896603
72,0.761022538794
73,0.621681580709
74,0.720373643245
75,0.705380187951
76,0.781098257735
77,0.547069715284
78,0.65510873206
79,0.376457053371
80,0.521298303566
81,0.223293515215
82,0.367201189216
83,0.497461393157
84,0.389579241995
85,0.456170530343
86,0.212435235666
87,0.347300145862
88,0.387443229532
89,0.159346030614
90,0.284564264353
91,0.117820482697
92,0.198420361413
93,0.151186552389
94,0.22922954741
95,0.259434444863
96,0.269318921128
97,0.26018547993
98,0.0857609666217
99,0.136473916514
100,0.0563707616337
101,0.364387458264
102,0.257891604478
103,0.195646091069
104,0.126017734813
105,0.377521328666
106,0.290520332407
107,0.295246327362
108,0.348060222099
109,0.269643972361
110,0.380385844697
111,0.243001232587
112,0.221102188501
113,0.345500814332
114,0.278226750299
115,0.0838733045788
116,0.341807612963
117,0.362594120845
118,0.42686372668
119,0.477593469888
120,0.682476250872
121,0.574648995496
122,0.680773725083
123,0.558153177528
124,0.205478473741
125,0.583903603066
126,0.531696531122
127,0.675854876083
128,0.7925656037
129,0.490698452089
130,0.631021038464
131,0.618207120733
132,0.647653966373
133,0.724585796611
134,0.295618207084
135,0.38554752521
136,0.44583641397
137,0.387051243372
138,0.536655275098
139,0.367404219141
140,0.589805655641
141,0.450644311736
142,0.463593238139
143,0.656281180165
144,0.803533777409
145,0.436015738773
146,0.316235885524
147,0.695710378694
148,0.335440016717
149,0.263479051888
150,0.74516945664
151,0.0
152,0.623300480032
153,0.453923604866
154,0.296454388772
155,0.279152309293
156,0.178883190008
157,0.458755020922
158,0.652499548633
159,0.433972251005
160,0.784441746864
161,0.540033649805
162,0.533948416136
163,0.651640532086
164,0.435252244471
165,0.612141802243
166,0.39440074703
167,0.638731573048
168,0.638370478945
169,0.482027129654
170,0.654460066888
171,0.674108165175
172,0.593554027293
173,0.424495688792
174,0.721008638046
175,0.650312339487
176,0.380588957621
177,0.451363350217
178,0.611355003145
179,0.344404829365
180,0.415656835091
181,0.714682199096
182,0.6493076172
183,0.607512617838
184,0.634817800999
185,0.733722278112
186,0.450320339083
187,0.613952042207
188,0.0
189,0.0
190,0.139016608494
191,0.0
192,0.0
193,0.599079105728
194,0.754848461149
195,0.554428118068
196,0.697643762933
197,0.360598222369
198,0.160590927464
199,0.348303249381
200,0.233670852842
201,0.346884663821
202,0.0486815415822
203,0.14191333474
204,0.501667020563
205,0.142558058242
206,0.12821103737
207,0.204027514537
208,0.107908987157
209,0.375374715449
210,0.189269397339
211,0.439945273828
212,0.361181067463
213,0.457914934897
214,0.724204159266
215,0.604804035121
216,0.487369436627
217,0.35538384952
218,0.297507195452
219,0.472042965388
220,0.569339822653
221,0.371536015598
222,0.638207912305
223,0.182242272692
224,0.114564757206
225,0.0972287771822
226,0.535426237228
227,0.308522374562
228,0.325696949669
229,0.426727250585
230,0.0
231,0.22538908648
232,0.255271891583
233,0.529463555393
234,0.246215404486
235,0.683008229651
236,0.685156329141
237,0.631261474995
238,0.640237276323
239,0.643328594878
240,0.557588611419
241,0.405388107283
242,0.510861978769
243,0.66548441654
244,0.388909041964
245,0.421518288192
246,0.649221929393
247,0.572574606576
248,0.759657458262
249,0.426707722304
250,0.414952071042
251,0.273466737402
252,0.251879244256
253,0.261249467547
254,0.234848040436
255,0.408641979872
256,0.400028061626
257,0.31092195963
258,0.32213457493
259,0.572279345352
260,0.472846465016
261,0.762706322336
262,0.546093788044
263,0.419104859627
264,0.334462795531
265,0.675966241816
266,0.595700869993
267,0.393673262707
268,0.426025498717
269,0.609427614237
270,0.654592403144
271,0.687705503182
272,0.703638883236
273,0.742285695979
274,0.575934950277
275,0.649120160311
276,0.595744853332
277,0.749734898045
278,0.568083074577
279,0.797328283202
280,0.72088340408
281,0.507215894378
282,0.671844864809
283,0.6509257143
284,0.26798715479
285,0.515809740424
286,0.50905199917
287,0.627897135456
288,0.389663673178
289,0.429689849728
290,0.473608198771
291,0.730096650646
292,0.588017428042
293,0.637594609217
294,0.553086877649
295,0.757649354698
296,0.828303642002
297,0.783728065554
298,0.609175569042
299,0.573800711461
300,0.702300185479
301,0.694491421405
302,0.806879468481
303,0.671251999413
304,0.72128570773
305,0.728968536126
306,0.540336463796
307,0.775970677
308,0.65529132761
309,0.772323059001
310,0.496790827723
311,0.500725108012
312,0.288645185222
313,0.281299750102
314,0.316303441313
315,0.28000267888
316,0.06615727271
317,0.0
318,0.170843857587
319,0.168640948931
320,0.155691694764
321,0.0
322,0.0
323,0.0459017103519
324,0.1
325,0.25330232278
326,0.212272096189
327,0.00748207627702
328,0.34392294159
329,0.430596485871
330,0.0415951718076
331,0.637642195744
332,0.0
333,0.0
334,0.0
335,0.0
336,0.0
337,0.0
338,0.0
339,0.0
340,0.0
341,0.0
342,0.0
343,0.0
344,0.0
345,0.0
346,0.0
347,0.0
348,0.0
349,0.508202498327
350,0.680060742281
351,0.631502701438
352,0.703120367482
353,0.605367188014
354,0.636836541006
355,0.655180693928
356,0.323756249524
357,0.380026401882
358,0.429323871954
359,0.698903149599
360,0.35649092491
361,0.640540716873
362,0.106638027778
363,0.0
364,0.0
365,0.0999131071077
366,0.341215211598
367,0.199697048949
368,0.754910734265
369,0.727797551271
370,0.580527533179
371,0.0
372,0.0
373,0.0
374,0.0
375,0.0
376,0.0
377,0.0775491027295
378,0.0
379,0.025974025974
380,0.150094994323
381,0.106638027778
382,0.568219030791
383,0.732730789278
384,0.678843299046
385,0.52016990668
386,0.672957962228
387,0.575530047011
388,0.661326209665
389,0.601201824763
390,0.26233991526
391,0.084504513744
392,0.748651341711
393,0.189578716051
394,0.0806449938779
395,0.137326536084
396,0.219138077214
397,0.141756424344
398,0.0
399,0.151416293174
400,0.0
401,0.658947139585
402,0.4928182255
403,0.517172205808
404,0.800320370555
405,0.497567226412
406,0.350411072265
407,0.660046918645
408,0.733461433054
409,0.669580162402
410,0.414541798483
411,0.0998215484092
412,0.517773678788
413,0.530323357091
414,0.619550403669
415,0.740688881783
416,0.434349813129
417,0.490074204995
418,0.583296088154
419,0.179989198278
420,0.660983677006
421,0.36759916083
422,0.572457882454
423,0.448482245944
424,0.366077540616
425,0.370465451964
426,0.541865778599
427,0.465631658606
428,0.544196202403
429,0.607708609641
430,0.267313433953
431,0.695839872789
432,0.645220599818
433,0.249484736778
434,0.137897604955
435,0.360432486309
436,0.311548826441
437,0.677977816852
438,0.0
439,0.151557946779
440,0.361039580928
441,0.347417658771
442,0.42002323951
443,0.365195000578
444,0.0638688547358
445,0.528548197535
446,0.351023776735
447,0.338913727859
448,0.237321871814
449,0.558295106442
450,0.545640085426
451,0.679069720078
452,0.124261679428
453,0.0
454,0.117699510361
455,0.0
456,0.150621929756
457,0.137554622162
458,0.185486776439
459,0.244138352809
460,0.154764167849
461,0.439314906153
462,0.260070896503
463,0.107063607167
464,0.498090882328
465,0.0921606294179
466,0.269895113847
467,0.374689823456
468,0.0
469,0.253503720593
470,0.790853168053
471,0.614320230484
472,0.485700861462
473,0.532413960234
474,0.730320856125
475,0.217254720461
476,0.500066850021
477,0.587642080685
478,0.587941706033
479,0.635484957555
480,0.612469246553
481,0.657199154725
482,0.646000547699
483,0.230442649687
484,0.638820318579
485,0.56610063647
486,0.69912558075
487,0.188082314177
488,0.0
489,0.123711340206
490,0.315261084808
491,0.176762545268
492,0.415237845948
493,0.23651641722
494,0.144594130656
495,0.145454545455
496,0.604600241629
497,0.240796786077
498,0.662932476033
499,0.449400054978
500,0.55076771228
501,0.670145596114
502,0.668792128282
503,0.339728999434
504,0.373958338685
505,0.697904856722
506,0.653109442131
507,0.653058196884
508,0.779485562393
509,0.669072816406
510,0.669692826818
511,0.590293818683
512,0.566768092711
513,0.632996832342
514,0.48298827193
515,0.562468929654
516,0.740110332457
517,0.704800038603
518,0.368175990924
519,0.462147740287
520,0.571822648481
521,0.225475595801
522,0.215765720179
523,0.65321214801
524,0.506799948563
525,0.469016948369
526,0.441024858423
527,0.677140659796
528,0.44086009004
529,0.750024529926
530,0.474615313585
531,0.465325104167
532,0.439787002775
533,0.20512243756
534,0.309084433518
535,0.399838470063
536,0.265614725572
537,0.291090874954
538,0.477962617141
539,0.56438116189
540,0.568465429277
541,0.68454763864
542,0.0551011758456
543,0.0528700182933
544,0.0
545,0.425073121008
546,0.272038201525
547,0.0
548,0.132776341132
549,0.125293938986
550,0.047619047619
551,0.342968584488
552,0.0
553,0.0
554,0.0
555,0.0
556,0.0
557,0.0
558,0.0
559,0.0
560,0.0
561,0.0
562,0.0
563,0.0
564,0.0
565,0.0
566,0.0
567,0.0
568,0.0
569,0.0
570,0.0
571,0.0
572,0.0
573,0.0
574,0.0
575,0.0
576,0.0
577,0.0
578,0.0
579,0.0
580,0.0
581,0.0
582,0.0
583,0.20538624234
584,0.605092393056
585,0.19032038683
586,0.159667111702
587,0.347769214505
588,0.357645325238
589,0.587754148151
590,0.529223017634
591,0.289940142795
592,0.175968088096
593,0.385113594204
594,0.36711133008
595,0.426022048669
596,0.45427400208
597,0.737379888005
598,0.787133142569
599,0.686539611276
600,0.567484924438
601,0.692311844595
602,0.878456476343
603,0.821236597013
604,0.626345257913
605,0.663760070172
606,0.746822088793
607,0.705295371892
608,0.537113885183
609,0.0512820512821
610,0.0
611,0.647366722995
612,0.754360174743
613,0.662099152516
614,0.629964907373
615,0.800413317927
616,0.615043037521
617,0.636761966584
618,0.377351404751
619,0.646322304239
620,0.759639770965
621,0.634827600038
622,0.579967993821
623,0.619876746587
624,0.836526032984
625,0.729215923242
626,0.545599714223
627,0.679541921247
628,0.184595703746
629,0.0
630,0.108947256105
631,0.273710854042
632,0.539193045229
633,0.653424906879
634,0.451574558353
635,0.581597643355
636,0.589700028052
637,0.0
638,0.0
639,0.132776341132
640,0.0
641,0.106638027778
642,0.221342690464
643,0.0
644,0.117224494022
645,0.0868853803089
646,0.0
647,0.111111111111
648,0.193548387097
649,0.614680141503
650,0.541985647532
651,0.377880666049
652,0.6612123205
653,0.519832395599
654,0.170299731068
655,0.0476144216267
656,0.244660150498
657,0.248196369412
658,0.119735719781
659,0.262579723355
660,0.245102004908
661,0.741202886208
662,0.706060016759
663,0.728685613867
664,0.795194988525
665,0.58563371016
666,0.778039621674
667,0.781958967329
668,0.738436878666
669,0.695840564574
670,0.786176971246
671,0.558468441887
672,0.676835947552
673,0.562257091397
674,0.392651486077
675,0.592476064451
676,0.541231829167
677,0.562995493022
678,0.479694558498
679,0.574547239112
680,0.292488655
681,0.442904977223
682,0.247900605483
683,0.263293549108
684,0.314253535351
685,0.433273854337
686,0.490857990192
687,0.427431493346
688,0.721027048125
689,0.789946232724
690,0.811738080729
691,0.660052368416
692,0.665772649418
693,0.790333543065
694,0.611926431693
695,0.636303962333
696,0.786862690974
697,0.841073717235
698,0.672001684266
699,0.763199050131
700,0.65187651515
701,0.616162845211
702,0.601674228561
703,0.681094753845
704,0.600126593268
705,0.660379489589
706,0.591841045518
707,0.16493495923
708,0.0
709,0.0
710,0.261714997921
711,0.207631196365
712,0.0
713,0.0
714,0.23168769715
715,0.0
716,0.228567390614
717,0.282362296364
718,0.666753108141
719,0.623565300598
720,0.326659117083
721,0.264573491605
722,0.373379660636
723,0.739090717886
724,0.607631161639
725,0.738431547351
726,0.0852295318241
727,0.0601572350424
728,0.259995477054
729,0.241587010342
730,0.313680177947
731,0.23214450444
732,0.32313026615
733,0.317746277431
734,0.086258315803
735,0.310777851016
736,0.428189528903
737,0.370280864325
738,0.483527781927
739,0.648166698833
740,0.689671856073
741,0.741853750059
742,0.707465951055
743,0.674233717997
744,0.443914806018
745,0.498119839506
746,0.51467515269
747,0.654717107727
748,0.260313872993
749,0.354889789332
750,0.691627675238
751,0.147236139283
752,0.178993767208
753,0.438010458705
754,0.558646972313
755,0.0
756,0.0
757,0.0
758,0.0
759,0.0
760,0.0
761,0.0
762,0.0
763,0.0
764,0.0
765,0.0
766,0.0
767,0.0
768,0.0
769,0.0
770,0.0
771,0.0
772,0.0
773,0.0
774,0.0
775,0.0
776,0.440527445027
777,0.0792490850006
778,0.345849977388
779,0.453160198954
780,0.393420878193
781,0.541197893439
782,0.660303088731
783,0.0603337350905
784,0.273621968632
785,0.1474176234
786,0.39786043892
787,0.122172097583
788,0.108510189771
789,0.150652648089
790,0.469560943654
791,0.0
792,0.0
793,0.0
794,0.146233480185
795,0.579087434293
796,0.485144874733
797,0.557065503515
798,0.425366386058
799,0.329392575993
800,0.250163380324
801,0.628915143392
802,0.17268341463
803,0.693059748069
804,0.26502359027
805,0.449631251403
806,0.643050699956
807,0.550511428802
808,0.50823201793
809,0.0
810,0.0
811,0.0327444464187
812,0.310892353204
813,0.0
814,0.0
815,0.0
816,0.0
817,0.0
818,0.0
819,0.0
820,0.707364533487
821,0.340375314057
822,0.27966170175
823,0.0311896237006
824,0.102688471194
825,0.0
826,0.0935688711019
827,0.522671186119
828,0.340397253313
829,0.0334540609801
830,0.0
831,0.0869565217391
832,0.0
833,0.0
834,0.0
835,0.0
836,0.643783511798
837,0.37999432555
838,0.144139736889
839,0.24548781863
840,0.276444492138
841,0.348893912676
842,0.355218692244
843,0.452105315669
844,0.028936948735
845,0.21820786694
846,0.601231557686
847,0.325788854984
848,0.476571851894
849,0.399289953501
850,0.339217186015
851,0.515249257419
852,0.268366099352
853,0.156083725013
854,0.336591622676
855,0.220423258057
856,0.761828096971
857,0.459545749686
858,0.665856268002
859,0.644216988535
860,0.460120296298
861,0.43413959621
862,0.494081602056
863,0.331198634175
864,0.323837765298
865,0.278361767135
866,0.792213930816
867,0.567167839284
868,0.542151459649
869,0.291974085991
870,0.176296656763
871,0.123654319776
872,0.0679553992991
873,0.459035086668
874,0.31062955056
875,0.443859476848
876,0.390830232387
877,0.19739161393
878,0.190968632783
879,0.178522731922
880,0.585195426511
881,0.380618316111
882,0.472876370293
883,0.159260006089
884,0.00709749118341
885,0.233174115579
886,0.03381356371
887,0.424113778824
888,0.582356176966
889,0.667030152519
890,0.712894613731
891,0.769907998322
892,0.68547042364
893,0.607917639828
894,0.69551811246
895,0.861934906243
896,0.599183576452
897,0.65093830251
898,0.778368221464
899,0.66284380371
900,0.539767515439
901,0.59200131088
902,0.66792360907
903,0.270537244859
904,0.588632909324
905,0.656094988206
906,0.653224937191
907,0.540653110069
908,0.478552356571
909,0.559666777451
910,0.438044518396
911,0.624043012978
912,0.659691676887
913,0.595547045483
914,0.618794240344
915,0.680688197987
916,0.824576381248
917,0.693274390703
918,0.765000226469
919,0.638242365673
920,0.703418999738
921,0.401952984763
922,0.554431135173
923,0.709896366727
924,0.715181135175
925,0.594045033676
926,0.570214402429
927,0.786049723013
928,0.668025119452
929,0.512966877116
930,0.667538118546
931,0.476709183229
932,0.733741709868
933,0.701909009296
934,0.719440762823
935,0.141052555477
936,0.401754462852
937,0.131368064543
938,0.277837796131
939,0.518200290866
940,0.517928890602
941,0.520331446175
942,0.195755128971
943,0.473505775068
944,0.392023179096
945,0.364081124319
946,0.0823959216501
947,0.0
948,0.0
949,0.0813786880495
950,0.132776341132
951,0.0
952,0.0
953,0.0
954,0.0
955,0.0
956,0.126928207756
957,0.0
958,0.757192835025
959,0.568663912205
960,0.194109248784
961,0.543054993346
962,0.500250622321
963,0.404092407651
964,0.0681897282622
965,0.0
966,0.0
967,0.244136064148
968,0.141031341951
969,0.141690244428
970,0.0773525518342
971,0.090894845088
972,0.294746488389
973,0.0460252913293
974,0.070944640851
975,0.197113360927
976,0.137326536084
977,0.0908091402892
978,0.157703659353
979,0.0851063829787
980,0.187412634864
981,0.0779496566673
982,0.0
983,0.101584012993
984,0.428032437547
985,0.0
986,0.0
987,0.286975810503
988,0.0
989,0.0
990,0.582647950073
991,0.479345708831
992,0.478108454848
993,0.368967798909
994,0.421528880992
995,0.77004335007
996,0.600156889811
997,0.792484506006
998,0.632915875634
999,0.590546892083
1000,0.449527641156
1001,0.447468823823
1002,0.354059386398
1003,0.439530754779
1004,0.421571146509
1005,0.502527961312
1006,0.394929114607
1007,0.192370393781
1008,0.529046595049
1009,0.576033753834
1010,0.634266493784
1011,0.585132947694
1012,0.450652227001
1013,0.643011331086
1014,0.630991271762
1015,0.548257868835
1016,0.464318273122
1017,0.437774733158
1018,0.342036634552
1019,0.488232703245
1020,0.401716065841
1021,0.463382489581
1022,0.621100821048
1023,0.223012809346
1024,0.471096984818
1025,0.0319099296302
1026,0.273362894829
1027,0.0866668278446
1028,0.197926896879
1029,0.464346146959
1030,0.488066468128
1031,0.368093729682
1032,0.310687075559
1033,0.0849835623675
1034,0.222222222222
1035,0.0
1036,0.667668257571
1037,0.456065552072
1038,0.353596081541
1039,0.271733706738
1040,0.285856031665
1041,0.205725454999
1042,0.433112523431
1043,0.277898766698
1044,0.0961083073551
1045,0.648365459656
1046,0.233093268168
1047,0.566371928873
1048,0.111640636757
1049,0.0
1050,0.169314718056
1051,0.0
1052,0.0
1053,0.36892692259
1054,0.708966779153
1055,0.567805932532
1056,0.706238446957
1057,0.72260351425
1058,0.784426459488
1059,0.666997683665
1060,0.404988721602
1061,0.460637573638
1062,0.0666190873974
1063,0.339081406224
1064,0.0
1065,0.0
1066,0.0
1067,0.363454274901
1068,0.259412332386
1069,0.0837001246846
1070,0.480493892503
1071,0.612297663214
1072,0.663650678582
1073,0.657042526363
1074,0.664441823191
1075,0.537126027118
1076,0.730060151171
1077,0.813781774857
1078,0.707829668111
1079,0.75272966537
1080,0.652995698153
1081,0.843224919084
1082,0.394154532863
1083,0.1330540957
1084,0.390004665794
1085,0.289782768749
1086,0.294330751169
1087,0.447252447339
1088,0.320206209281
1089,0.368174551524
1090,0.274056406283
1091,0.566359801172
1092,0.661292735012
1093,0.290361074986
1094,0.607374473576
1095,0.617070650101
1096,0.598433742289
1097,0.429069228032
1098,0.283348743677
1099,0.330070735588
1100,0.523918799997
1101,0.61999539698
1102,0.521263764935
1103,0.421501042521
1104,0.257635882535
1105,0.284751532937
1106,0.378476238201
1107,0.379754562046
1108,0.693252519996
1109,0.68423487395
1110,0.669540874463
1111,0.818310060181
1112,0.748583977606
1113,0.776042733276
1114,0.682073193729
1115,0.670895067467
1116,0.672667014971
1117,0.349387070568
1118,0.58569173024
1119,0.843297847831
1120,0.753362397971
1121,0.713386411806
1122,0.268405827324
1123,0.459547285859
1124,0.6323291841
1125,0.489555237479
1126,0.416239376051
1127,0.334246316708
1128,0.307257580944
1129,0.264056068785
1130,0.301602637003
1131,0.228641740742
1132,0.227299094207
1133,0.147871398519
1134,0.0
1135,0.0491454025845
1136,0.0
1137,0.0
1138,0.0
1139,0.0
1140,0.0
1141,0.0
1142,0.764389988481
1143,0.658465656508
1144,0.700557274394
1145,0.706323717127
1146,0.615293383349
1147,0.661079592722
1148,0.731318555783
1149,0.769760319439
1150,0.74597828178
1151,0.79973030073
1152,0.706296496227
1153,0.546494491241
1154,0.553749316164
1155,0.711795527715
1156,0.610872609523
1157,0.226051434858
1158,0.502136233707
1159,0.407799554028
1160,0.0458279127643
1161,0.331654911619
1162,0.474913497818
1163,0.33679423744
1164,0.558930839574
1165,0.49993583066
1166,0.661755084099
1167,0.555632068593
1168,0.473347861397
1169,0.546941064868
1170,0.417890108197
1171,0.3392912235
1172,0.0623792474013
1173,0.0740740740741
1174,0.214285714286
1175,0.0
1176,0.155339805825
1177,0.107822894754
1178,0.189704527655
1179,0.0391485618413
1180,0.12321851156
1181,0.153650196132
1182,0.181044885481
1183,0.37746421561
1184,0.0
1185,0.0701921195504
1186,0.266666666667
1187,0.167021609338
1188,0.0
1189,0.0
1190,0.0
1191,0.141031341951
1192,0.0
1193,0.170212765957
1194,0.307775947178
1195,0.458607815096
1196,0.0663979286494
1197,0.603644644377
1198,0.584123619301
1199,0.336045122442
1200,0.729938539342
1201,0.573640001609
1202,0.363910876989
1203,0.397178685481
1204,0.310989190619
1205,0.331333087349
1206,0.293321698785
1207,0.503366917339
1208,0.0
1209,0.0
1210,0.0
1211,0.0
1212,0.0
1213,0.0
1214,0.0
1215,0.0
1216,0.0
1217,0.0
1218,0.0
1219,0.0
1220,0.0
1221,0.0
1222,0.0
1223,0.0
1224,0.0
1225,0.0
1226,0.0
1227,0.0
1228,0.0
1229,0.0
1230,0.0
1231,0.0
1232,0.0
1233,0.416309037306
1234,0.830030860866
1235,0.538071548855
1236,0.79298324795
1237,0.699225355072
1238,0.831533342252
1239,0.778448903351
1240,0.5951080328
1241,0.789580557407
1242,0.546704109283
1243,0.614936731361
1244,0.435982998724
1245,0.663856196665
1246,0.607018417485
1247,0.426691716593
1248,0.548566654987
1249,0.172196491116
1250,0.755782655442
1251,0.498474921782
1252,0.432873324885
1253,0.392003424752
1254,0.832782838632
1255,0.661974792337
1256,0.772487026644
1257,0.754812065889
1258,0.666739412032
1259,0.612733582392
1260,0.560229869915
1261,0.666918139196
1262,0.188922331541
1263,0.325074523277
1264,0.314285147423
1265,0.252211947336
1266,0.362792159039
1267,0.409404402446
1268,0.453795167234
1269,0.6081546781
1270,0.744675561016
1271,0.709522651779
1272,0.654127866718
1273,0.593319902806
1274,0.493854503119
1275,0.658760088734
1276,0.694407604466
1277,0.349590226121
1278,0.0
1279,0.0
1280,0.0
1281,0.0
1282,0.0
1283,0.0
1284,0.0
1285,0.0
1286,0.0
1287,0.0
1288,0.0
1289,0.0
1290,0.0
1291,0.52644073389
1292,0.497865934449
1293,0.0867325491054
1294,0.518944575282
1295,0.458318088502
1296,0.525294709134
1297,0.613408536401
1298,0.0928541575444
1299,0.34675522922
1300,0.350615315035
1301,0.346379043319
1302,0.0255538131082
1303,0.204796170949
1304,0.691770763037
1305,0.631316534039
1306,0.265906217555
1307,0.294020962613
1308,0.682565584476
1309,0.478682984519
1310,0.530203134635
1311,0.575090955996
1312,0.0957877955708
1313,0.431116775242
1314,0.243702994245
1315,0.2916448824
1316,0.0742657693457
1317,0.0815476740808
1318,0.0586214614132
1319,0.0899448277142
1320,0.0813786880495
1321,0.0499354428646
1322,0.148127499596
1323,0.114321363605
1324,0.367100084784
1325,0.153705565966
1326,0.100229331877
1327,0.0912296493243
1328,0.329480308321
1329,0.102809002755
1330,0.0446554306444
1331,0.0824742268041
1332,0.0
1333,0.0
1334,0.0
1335,0.251601988283
1336,0.0
1337,0.140905504874
1338,0.283506311811
1339,0.150870737901
1340,0.0952635064351
1341,0.0483856699764
1342,0.0
1343,0.0
1344,0.0491015880819
1345,0.614892296378
1346,0.50773522575
1347,0.558914635129
1348,0.12116428335
1349,0.506564634179
1350,0.746744525658
1351,0.486639853076
1352,0.472682968552
1353,0.771653701774
1354,0.695665275469
1355,0.250370260524
1356,0.35862639651
1357,0.3832423777
1358,0.688390259332
1359,0.732765005504
1360,0.526661177509
1361,0.593451791363
1362,0.649445349421
1363,0.48321883892
1364,0.615569131751
1365,0.778341178281
1366,0.616968652326
1367,0.744177770449
1368,0.458502159653
1369,0.608739053482
1370,0.21206581937
1371,0.56151084712
1372,0.60897579034
1373,0.553114510878
1374,0.700031133549
1375,0.445100921923
1376,0.547651112581
1377,0.298415678297
1378,0.445886948607
1379,0.527147896448
1380,0.294122929654
1381,0.258568204198
1382,0.734520702975
1383,0.746817476187
1384,0.550460673085
1385,0.301758973039
1386,0.316670197619
1387,0.276686169041
1388,0.586262764266
1389,0.667646968817
1390,0.743736805489
1391,0.480350384383
1392,0.696824046269
1393,0.305871774059
1394,0.19713905789
1395,0.542432771378
1396,0.642418577421
1397,0.429712430797
1398,0.428391129346
1399,0.125555690133
1400,0.529630427156
1401,0.559843511855
1402,0.580607333356
1403,0.555751224622
1404,0.415985008759
1405,0.412201738212
1406,0.328000475098
1407,0.37788293671
1408,0.242424422108
1409,0.210268271393
1410,0.300880620248
1411,0.188345082476
1412,0.0736893930851
1413,0.0416666666667
1414,0.368117186855
1415,0.106458233566
1416,0.234418298618
1417,0.681101967433
1418,0.39100447167
1419,0.258461660548
1420,0.286690197876
1421,0.0949002112012
1422,0.678598984677
1423,0.612192105096
1424,0.717489865074
1425,0.780400388019
1426,0.757185654021
1427,0.837419449224
1428,0.737451868791
1429,0.678964213421
1430,0.402648981393
1431,0.316446584466
1432,0.266687980134
1433,0.264090488753
1434,0.166950426515
1435,0.258528354652
1436,0.126344118914
1437,0.397366173365
1438,0.42259637434
1439,0.38870800857
1440,0.321270828619
1441,0.604185275737
1442,0.768490362113
1443,0.791991352223
1444,0.472623588939
1445,0.6360652202
1446,0.686206938368
1447,0.653252676
1448,0.365891119501
1449,0.644658806811
1450,0.429411627993
1451,0.442122824403
1452,0.52322248701
1453,0.484835029565
1454,0.472076251681
1455,0.543046673027
1456,0.200577464323
1457,0.0
1458,0.0
1459,0.0
1460,0.0
1461,0.0
1462,0.0
1463,0.0
1464,0.0
1465,0.0
1466,0.0
1467,0.240879320724
1468,0.0330578512397
1469,0.121485893646
1470,0.223684420499
1471,0.626265537024
1472,0.589148678259
1473,0.822565410635
1474,0.733105029261
1475,0.567390187803
1476,0.741744537317
1477,0.623131331589
1478,0.693389555938
1479,0.524570088854
1480,0.656031964591
1481,0.475578395802
1482,0.612196357369
1483,0.472518850164
1484,0.430499112095
1485,0.273154434619
1486,0.0807427529208
1487,0.272727272727
1488,0.0
1489,0.0
1490,0.169314718056
1491,0.1205918962
1492,0.333283545748
1493,0.149810766637
1494,0.0
1495,0.0
1496,0.0
1497,0.0
1498,0.0
1499,0.119402985075
1500,0.0990210257943
1501,0.0
1502,0.141031341951
1503,0.0
1504,0.155490462318
1505,0.0555130223134
1506,0.4126635929
1507,0.614307037387
1508,0.554722273075
1509,0.650646410318
1510,0.638741496258
1511,0.763031124116
1512,0.792032572302
1513,0.80378190725
1514,0.588132574824
1515,0.646117012167
1516,0.521768578572
1517,0.237725205381
1518,0.361196563978
1519,0.349043126561
1520,0.391487615214
1521,0.311296875478
1522,0.456847060573
1523,0.192775462914
1524,0.376595902229
1525,0.603501297751
1526,0.593469847512
1527,0.644220649739
1528,0.683962636929
1529,0.762293114183
1530,0.72879418372
1531,0.814891081527
1532,0.679407203777
1533,0.632560820652
1534,0.799084132546
1535,0.81794033211
1536,0.711310465663
1537,0.594500985126
1538,0.511544414273
1539,0.717441763404
1540,0.673420859652
1541,0.708511357736
1542,0.747313908001
1543,0.802621956884
1544,0.728321052713
1545,0.660044360579
1546,0.57637418851
1547,0.723355058614
1548,0.731275501951
1549,0.664550782177
1550,0.697692282552
1551,0.711032171315
1552,0.714902598671
1553,0.735146224852
1554,0.667657420822
1555,0.544177947345
1556,0.545359478465
1557,0.595902783182
1558,0.572201446677
1559,0.613521176433
1560,0.639687931499
1561,0.637837707901
1562,0.491608657632
1563,0.551460276063
1564,0.437578907056
1565,0.459898212278
1566,0.55358289129
1567,0.337818283949
1568,0.338498305036
1569,0.413068635121
1570,0.324153842007
1571,0.165685076399
1572,0.184890144049
1573,0.125976624945
1574,0.0801582790254
1575,0.115859070294
1576,0.0316962795628
1577,0.400092785618
1578,0.425070081267
1579,0.280844059847
1580,0.330386602772
1581,0.511658701806
1582,0.0990210257943
1583,0.0990210257943
