site,dnds
1,0.0
2,0.0
3,0.169014084507
4,0.0
5,0.309314058763
6,0.290064247474
7,0.506748238368
8,0.73576551153
9,0.702393487205
10,0.728340371795
11,0.381392000136
12,0.448208574078
13,0.111301093558
14,0.588852177756
15,0.628956122473
16,0.0515400649421
17,0.285819973038
18,0.589827309565
19,0.337434215965
20,0.524061261195
21,0.372575903663
22,0.0
23,0.0
24,0.0
25,0.0
26,0.0
27,0.0
28,0.0
29,0.0
30,0.0
31,0.0
32,0.0
33,0.0
34,0.0
35,0.0
36,0.0
37,0.0
38,0.0
39,0.0
40,0.0
41,0.141544636673
42,0.48719889175
43,0.579287666975
44,0.0987122433373
45,0.388249815009
46,0.484178940597
47,0.667169823445
48,0.457939849628
49,0.497542126135
50,0.662049359776
51,0.601945104803
52,0.332730330788
53,0.237390569914
54,0.119402985075
55,0.0
56,0.559862741004
57,0.640687197885
58,0.303092327952
59,0.423881953744
60,0.636669825858
61,0.604438518714
62,0.627838152936
63,0.370972514265
64,0.00776268312337
65,0.648656745485
66,0.188067146419
67,0.285141207197
68,0.109838108221
69,0.246481564914
70,0.0
71,0.0
72,0.0
73,0.0
74,0.0
75,0.0
76,0.0973175470122
77,0.513048833759
78,0.329133125389
79,0.494883362833
80,0.404268422923
81,0.425351335092
82,0.228743187911
83,0.0
84,0.0
85,0.0
86,0.0
87,0.0
88,0.0
89,0.0
90,0.0
91,0.0
92,0.0
93,0.0
94,0.0
95,0.0
96,0.142857142857
97,0.352973272612
98,0.0946619125003
99,0.0663546416213
100,0.2625321017
101,0.30590458868
102,0.117229337784
103,0.0
104,0.0
105,0.17328679514
106,0.268653978706
107,0.226324189748
108,0.61006212639
109,0.340850016824
110,0.453843696176
111,0.230490788062
112,0.13731892887
113,0.0840178400679
114,0.0416666666667
115,0.155865588552
116,0.1
117,0.525899823422
118,0.628774357017
119,0.176470588235
120,0.763203907347
121,0.596341340486
122,0.329793123405
123,0.293005520813
124,0.115524530093
125,0.0
126,0.38088712216
127,0.237185298024
128,0.177936841649
129,0.474516394491
130,0.293843324243
131,0.374542012775
132,0.0630877581287
133,0.259296219314
134,0.0
135,0.11899447603
136,0.0140765982237
137,0.0108593143648
138,0.0
139,0.0873819725827
140,0.381494429135
141,0.389642702764
142,0.0541636537112
143,0.37542572645
144,0.389752372005
145,0.349350575625
146,0.0699848928342
147,0.456218309945
148,0.341335588538
149,0.52976542793
150,0.375410552807
151,0.332077409257
152,0.429820153728
153,0.306048200103
154,0.592016500953
155,0.558462571668
156,0.204765581415
157,0.438792967528
158,0.708111061334
159,0.406818582522
160,0.701667020299
161,0.770318451046
162,0.0
163,0.48633721523
164,0.546117005407
165,0.575501842271
166,0.486658940798
167,0.383417544947
168,0.508848785937
169,0.595083526342
170,0.454601012536
171,0.162126587407
172,0.107842129337
173,0.252312254636
174,0.409249402863
175,0.496468351054
176,0.0371455140711
177,0.227956940809
178,0.507397709184
179,0.0
180,0.139284162813
181,0.0047532048756
182,0.0
183,0.155412698713
184,0.503263146557
185,0.149695448571
186,0.200162601599
187,0.229557942952
188,0.316757325526
189,0.370702181399
190,0.479595832867
191,0.0
192,0.0
193,0.0
194,0.0
195,0.0
196,0.0
197,0.660856998002
198,0.0
199,0.0
200,0.141031341951
201,0.0
202,0.292310971001
203,0.146983976191
204,0.176685911697
205,0.00991487532754
206,0.219336883918
207,0.00196498615222
208,0.0120380083761
209,0.00215604817677
210,0.182100862824
211,0.0728443214338
212,0.376431865357
213,0.565839010598
214,0.376478057296
215,0.636788305749
216,0.591064174666
217,0.402544925755
218,0.564430274055
219,0.732381101776
220,0.0
221,0.0
222,0.0
223,0.0
224,0.0
225,0.0
226,0.0
227,0.0
228,0.0
229,0.0
230,0.0
231,0.0
232,0.0
233,0.0
234,0.0
235,0.0714285714286
236,0.0769230769231
237,0.0
238,0.0666701197852
239,0.138629436112
240,0.219817028219
241,0.130497049677
242,0.554366653191
243,0.568717138622
244,0.685140977426
245,0.643061494966
246,0.753369032441
247,0.000657947015244
248,0.556907787098
249,0.00661219950344
250,0.278368319236
251,0.0
252,0.300676215518
253,0.0103162008819
254,0.00546129406696
255,0.000576421771775
256,0.0521112386697
257,0.0
258,0.298829055538
259,0.407139458078
260,0.387068292901
261,0.00392857807945
262,0.373892396743
263,0.400246637985
264,0.465586516339
265,0.722863105307
266,0.0867325491054
267,0.0
268,0.0
269,0.0281860131425
270,0.288740189342
271,0.100438627213
272,0.606759398963
273,0.402314183517
274,0.210700898617
275,0.05897617674
276,0.341275561042
277,0.351206512838
278,0.317860357509
279,0.125597563006
280,0.30672234229
281,0.0
282,0.546239044516
283,0.579621211737
284,0.225804702563
285,0.19745612566
286,0.0277041855805
287,0.142504260933
288,0.240780029438
289,0.00164051237261
290,0.348569470685
291,0.450511017218
292,0.41874203458
293,0.483641671922
294,0.479159711262
295,0.429748408123
296,0.313513303216
297,0.48430976996
298,0.719825044251
299,0.0
300,0.583081898377
301,0.617751480542
302,0.521298839086
303,0.604164622978
304,0.546800315531
305,0.420154830797
306,0.170212765957
307,0.630101234503
308,0.479382293809
309,0.494620483121
310,0.496274257976
311,0.156169337702
312,0.382133210051
313,0.300045552441
314,0.487239879518
315,0.00188733080776
316,0.136773735867
317,0.0743983669272
318,0.131921395384
319,0.0502211023141
320,0.224631535294
321,0.466997723686
322,0.267277738429
323,0.35770844303
324,0.0
325,0.0
326,0.0
327,0.0
328,0.0
329,0.0
330,0.0
331,0.0
332,0.0
333,0.0
334,0.0
335,0.0
336,0.0
337,0.0
338,0.0
339,0.0
340,0.0
341,0.0
342,0.0
343,0.0
344,0.0
345,0.0
346,0.0
347,0.0
348,0.0
349,0.0
350,0.0
351,0.0168883862001
352,0.0566267650347
353,0.0896924801381
354,0.176019301505
355,0.384232206798
356,0.799417235946
357,0.410583866515
358,0.688421480317
359,0.0
360,0.0
361,0.12415247764
362,0.65277826779
363,0.460780993292
364,0.507929908219
365,0.297483940115
366,0.491783504855
367,0.69249657312
368,0.41333986899
369,0.0
370,0.442359952794
371,0.642880993703
372,0.634991748858
373,0.435533155614
374,0.251148925541
375,0.629907038456
376,0.622198605341
377,0.286445532456
378,0.447398105412
379,0.608553805944
380,0.325630931153
381,0.430817102137
382,0.589550621711
383,0.519478761437
384,0.120948141872
385,0.364055015688
386,0.140927004106
387,0.551957624116
388,0.393606820654
389,0.334764280602
390,0.12129631265
391,0.299645060466
392,0.701031029947
393,0.0996476115058
394,0.477517624347
395,0.374356884245
396,0.0563552288113
397,0.0
398,0.34939241195
399,0.392710376434
400,0.479061310166
401,0.54107315924
402,0.0
403,0.0
404,0.0
405,0.0
406,0.398081633989
407,0.320648946173
408,0.0093115557702
409,0.477412167758
410,0.240339758105
411,0.359317589873
412,0.0
413,0.0
414,0.0
415,0.0
416,0.0
417,0.0
418,0.0
419,0.0
420,0.0
421,0.0
422,0.0
423,0.426362517887
424,0.175424734738
425,0.476654956626
426,0.0582267434419
427,0.021895145256
428,0.350280606165
429,0.29937560706
430,0.515845822901
431,0.499748402196
432,0.596960280616
433,0.263786613668
434,0.320749234754
435,0.344418572345
436,0.335479892503
437,0.380649449316
438,0.234213247194
439,0.200305200545
440,0.392146838409
441,0.00542653944845
442,0.169711434365
443,0.193255768719
444,0.115279820171
445,0.545519527218
446,0.222796858586
447,0.0422611411091
448,0.166391108275
449,0.0
450,0.695874065765
451,0.170251117844
452,0.337765823287
453,0.481919453676
454,0.459027677453
455,0.0928839559509
456,0.0969619822089
457,0.0474000197925
458,0.00332502078138
459,0.542020857272
460,0.104130828274
461,0.0618329456003
462,0.307537241419
463,0.547712242694
464,0.275587363915
465,0.012779913639
466,0.490389479338
467,0.231073844736
468,0.387585212486
469,0.368398112336
470,0.458851261765
471,0.0507130104887
472,0.366347001252
473,0.244521557237
474,0.606162015302
475,0.297599086341
476,0.542934628733
477,0.582578290278
478,0.511274095345
479,0.452894491157
480,0.438259921566
481,0.638440609347
482,0.437354756772
483,0.380759639745
484,0.564149096518
485,0.508455589393
486,0.290294665154
