site,dnds
1,0.166666666667
2,0.169314718056
3,0.483165993663
4,0.2316968151
5,0.340714672183
6,0.606539197577
7,0.511788899391
8,0.848411756018
9,0.674749177954
10,0.660208080928
11,0.469920271731
12,0.324508143677
13,0.72666863031
14,0.052943578946
15,0.186255260766
16,0.316472808288
17,0.467420790093
18,0.42650696937
19,0.235321836664
20,0.188376111036
21,0.0
22,0.0673682088555
23,0.202753576034
24,0.313374216777
25,0.183611562373
26,0.277686970254
27,0.250625903298
28,0.0150349699271
29,0.451842087746
30,0.135350558783
31,0.270351567525
32,0.20265815408
33,0.543964172788
34,0.598598543372
35,0.430766346361
36,0.29481848142
37,0.444057442432
38,0.229652669232
39,0.454769601982
40,0.299233902679
41,0.533078958044
42,0.239810789794
43,0.25957101753
44,0.209821950701
45,0.098633853412
46,0.109861228867
47,0.102994902063
48,0.0
49,0.0
50,0.125
51,0.0
52,0.125
53,0.0
54,0.0867325491054
55,0.494069673217
56,0.35328390357
57,0.163587794131
58,0.352698450868
59,0.256957239554
60,0.133905753366
61,0.631902774688
62,0.633882931374
63,0.191168598531
64,0.480158135266
65,0.0
66,0.143927518919
67,0.0
68,0.0
69,0.187072740154
70,0.425213659026
71,0.69351068992
72,0.501634139625
73,0.404730020189
74,0.160691201527
75,0.216859322144
76,0.0
77,0.0
78,0.0102625273755
79,0.338710016203
80,0.433567669671
81,0.0
82,0.247359331316
83,0.285787456978
84,0.464090124402
85,0.203996538811
86,0.160730132721
87,0.139756923043
88,0.0710328072886
89,0.0
90,0.0688907009456
91,0.281384568277
92,0.455835041535
93,0.511565560737
94,0.111582641068
95,0.00418653971276
96,0.205393329289
97,0.245336024754
98,0.357357421083
99,0.235541750492
100,0.0
101,0.407073449198
102,0.277922935662
103,0.0894654844646
104,0.337318622448
105,0.19741334113
106,0.494051508785
107,0.146915503633
108,0.35046367111
109,0.237214763298
110,0.308473130241
111,0.511188448643
112,0.560703249844
113,0.580904958776
114,0.425723113779
115,0.0
116,0.251505914816
117,0.161509284043
118,0.381221197543
119,0.380027732983
120,0.391850802767
121,0.0933230650729
122,0.401691165191
123,0.325881866808
124,0.349131659469
125,0.32135335299
126,0.545331717356
127,0.294402975291
128,0.225460261674
129,0.0310476083072
130,0.0
131,0.079797789578
132,0.279268145136
133,0.555875346787
134,0.123334552509
135,0.124106998421
136,0.408110925707
137,0.595625098685
138,0.218766234253
139,0.303883843429
140,0.324317869752
141,0.558905615503
142,0.153059550752
143,0.0
144,0.166344659737
145,0.218888583335
146,0.0
147,0.0
148,0.0924196240747
149,0.0
150,0.0
151,0.0
152,0.0
153,0.0196931114577
154,0.224577480781
155,0.0
156,0.175341579272
157,0.160173710652
158,0.16235879905
159,0.435123278495
160,0.494006959425
161,0.178677278748
162,0.213639201461
163,0.389566048533
164,0.547156738475
165,0.264806895612
166,0.383538713392
167,0.592417935805
168,0.394174633599
169,0.106098865163
170,0.0477449362474
171,0.495901743877
172,0.200278675812
173,0.141697686686
174,0.291294484564
175,0.12875343263
176,0.286155380114
177,0.330132905363
178,0.431734119576
179,0.189237731781
180,0.394412934952
181,0.110885253963
182,0.362572024421
183,0.0
184,0.00533116056052
185,0.359207354157
186,0.0966138578307
187,0.333468236112
188,0.418071268683
189,0.15443480723
190,0.515133713476
191,0.235570541567
192,0.0926433453162
193,0.445256169996
194,0.465832404743
195,0.388533343772
196,0.600587817101
197,0.501800276233
198,0.473420275228
199,0.337532105214
200,0.431053158502
201,0.49015035906
202,0.261522259788
203,0.56729866287
204,0.152328497869
205,0.377826602875
206,0.0
207,0.0
208,0.28014335473
209,0.132080828164
210,0.155899391635
211,0.139425291634
212,0.0
213,0.0
214,0.0681897282622
215,0.0
216,0.0
217,0.0
218,0.263444313615
219,0.115524530093
220,0.0
221,0.0
222,0.0
223,0.196110128143
224,0.0
225,0.0
226,0.0
227,0.0
228,0.0
229,0.141756424344
230,0.104618693458
231,0.147518368974
232,0.0559422407938
233,0.442682796824
234,0.211167029417
235,0.421216227596
236,0.228896193877
237,0.416571144682
238,0.116713447126
239,0.456789818892
240,0.301283269637
241,0.0
242,0.594987608644
243,0.0605665172697
244,0.316556560404
245,0.135155036036
246,0.0
247,0.0
248,0.178318660287
249,0.2147918433
250,0.0
251,0.0
252,0.0
253,0.237581366085
254,0.0
255,0.0
256,0.0
257,0.35198860786
258,0.168129034843
259,0.143112806861
260,0.233153526073
261,0.0856284285256
262,0.5075503913
263,0.353518583687
264,0.284803752051
265,0.278673504288
266,0.61667869238
267,0.633178636216
268,0.46706896801
269,0.0
270,0.639370217176
271,0.557535223022
272,0.298004196574
273,0.121858602389
274,0.20691357025
275,0.0936945824437
276,0.316195089876
277,0.39042561798
278,0.288036652838
279,0.296533931769
280,0.438674543938
281,0.41013394456
282,0.594994540613
283,0.349223168404
284,0.27037043774
285,0.543954141081
286,0.282536763534
287,0.273940827888
288,0.468837209191
289,0.713588859556
290,0.508846827946
291,0.455556456854
292,0.46079590193
293,0.0
294,0.106221635685
295,0.405458033835
296,0.378361669828
297,0.119793995999
298,0.392116660006
299,0.0660140171962
300,0.142857142857
301,0.166666666667
302,0.0
303,0.0523129947592
304,0.176789345666
305,0.367416737456
306,0.530236938133
307,0.468977041405
308,0.662502773464
309,0.106672992251
310,0.165191740252
311,0.0244823524402
312,0.212987950854
313,0.0673899111866
314,0.154510506878
315,0.495004413078
316,0.08800927804
317,0.298508497297
318,0.606364565103
319,0.191341664138
320,0.4415328637
321,0.567803175415
322,0.221730439355
323,0.482825093109
324,0.377563374445
325,0.452836308282
326,0.330300439732
327,0.312986426357
328,0.584497828954
329,0.338184168776
330,0.0226597888927
331,0.445578347414
332,0.283796038208
333,0.415133413672
334,0.466653951408
335,0.175154772806
336,0.171257725462
337,0.0341976352774
338,0.0923329390215
339,0.327901802132
340,0.0
341,0.370548275492
342,0.0
343,0.206436633024
344,0.268299068239
345,0.329797806658
346,0.191447409522
347,0.453859292818
348,0.525742135972
349,0.399479142896
350,0.338572869973
351,0.359349242812
352,0.285481902433
353,0.167272291418
354,0.254964112429
355,0.24455836508
356,0.308713691648
357,0.403389276519
358,0.336434495927
359,0.327006162445
360,0.438094811662
361,0.521551975021
362,0.546795343012
363,0.277669807912
364,0.207484446707
365,0.0683462039319
366,0.371493660402
367,0.271637133561
368,0.0
369,0.0
370,0.21469813528
371,0.429977506541
372,0.448633849685
373,0.0873256290469
374,0.094113190495
375,0.140370256536
376,0.260687661718
377,0.160623556088
378,0.287625859746
379,0.169938229696
380,0.269000004662
381,0.394613332131
382,0.387044628329
383,0.213566072935
384,0.111424878549
385,0.0695703524524
386,0.0593447356045
387,0.256316621222
388,0.326843790077
389,0.0472478576206
390,0.639930731541
391,0.221435002129
392,0.192824331288
393,0.370306083707
394,0.509839111493
395,0.321913552284
396,0.392970727731
397,0.527573247591
398,0.57853227781
399,0.371494679103
400,0.362033456658
401,0.527494649104
402,0.167213242327
403,0.733990628735
404,0.349382270766
405,0.393546789378
406,0.277885514155
407,0.266666666667
408,0.0
409,0.0
410,0.0
411,0.515498274796
412,0.278720191586
413,0.369640984501
414,0.444099337822
415,0.139899732236
416,0.0108593143648
417,0.340253500616
418,0.205227170983
419,0.343824491791
420,0.368757897107
421,0.421808080366
422,0.378917315671
423,0.332095801493
424,0.527661387236
425,0.542541333439
426,0.62750849111
427,0.605931488518
428,0.0429787272672
429,0.464123229244
430,0.498394213086
431,0.0
432,0.0
433,0.0666087380718
434,0.241703561636
435,0.0769230769231
436,0.293518780198
437,0.455968155849
438,0.466617606054
439,0.256759677304
440,0.236749267386
441,0.676659303455
442,0.0717101059453
443,0.376581157382
444,0.332834612298
445,0.29254609623
446,0.442105212656
447,0.296819613071
448,0.14579149346
449,0.45248809057
450,0.229011557014
451,0.227525764061
452,0.301981792523
453,0.140711372632
454,0.344323090179
455,0.382610034965
456,0.514869766249
457,0.595534896888
458,0.37789706031
459,0.00522188552052
460,0.336548193369
461,0.427091455597
462,0.349857765595
463,0.121332022169
464,0.286304002042
465,0.090907231171
466,0.114285714286
467,0.705043554951
468,0.458966295587
469,0.434807186961
470,0.445704166765
471,0.369068722202
472,0.525613101214
473,0.0950325464342
474,0.0880186895949
475,0.491729167151
476,0.625416710967
477,0.0
478,0.659577202909
479,0.694271350947
480,0.618453403735
481,0.398912333184
482,0.0
483,0.0990210257943
484,0.0878889830934
485,0.0
486,0.0
487,0.0
488,0.0
489,0.119402985075
490,0.133303597186
491,0.1
492,0.0
493,0.294040422329
494,0.326389817939
495,0.0
496,0.171457942335
497,0.0459017103519
498,0.238828758406
499,0.190476190476
500,0.133303597186
501,0.0
502,0.0
503,0.490731521683
504,0.636380209918
505,0.390703494109
506,0.0295170215311
507,0.593674276201
508,0.784903075214
509,0.662678172467
510,0.439140403897
511,0.601106862353
512,0.597024343469
513,0.441895422301
514,0.55565203339
515,0.579834431692
516,0.620962470665
517,0.129459544513
518,0.50220298634
519,0.733907607558
520,0.538924430105
521,0.547871235216
522,0.656122899014
523,0.351540383795
524,0.555182020462
525,0.532979061161
526,0.312743608071
527,0.142024914045
528,0.193766544417
529,0.360895692716
530,0.385151169057
531,0.290597444642
532,0.275355639858
533,0.294101322186
534,0.0652457677242
535,0.0231779396927
536,0.0
537,0.263182013796
538,0.0462482158745
539,0.0
540,0.0
541,0.0192765751517
542,0.00497278406915
543,0.0
544,0.0564264289756
545,0.147060056531
546,0.305620745982
547,0.104921780258
548,0.0
549,0.0
550,0.0382908931696
551,0.106957885841
552,0.0
553,0.33393263593
554,0.207129667994
555,0.0
556,0.0452147699604
557,0.387340588101
558,0.14901114873
559,0.447267952698
560,0.118657253844
561,0.0
562,0.028908789617
563,0.14187837514
564,0.0
565,0.211365040353
566,0.0
567,0.0
568,0.0
569,0.404550239857
570,0.0
571,0.516453835556
572,0.465229567281
573,0.573806238444
574,0.437840732875
575,0.59535109281
576,0.465966245822
577,0.488635558491
578,0.0867325491054
579,0.207021280113
580,0.285225195622
581,0.0
582,0.285435184751
583,0.0
584,0.0
585,0.0
586,0.0
587,0.0
588,0.0
589,0.0
590,0.0
591,0.0
592,0.0
593,0.721705382375
594,0.320846300655
595,0.574581108524
596,0.120041389788
597,0.13671554789
598,0.369882185723
599,0.239912962117
600,0.515523637364
601,0.509416085261
602,0.47731886826
603,0.293029146195
604,0.28680324034
605,0.338921920097
606,0.402455202044
607,0.513365717229
608,0.505943740404
609,0.400818061042
610,0.317077958867
611,0.350684669969
612,0.300566233934
613,0.474269045486
614,0.0
615,0.326508850386
616,0.0
617,0.388660066776
618,0.273019862164
619,0.0460458659916
620,0.0103889574922
621,0.0
622,0.22489242476
623,0.0
624,0.222039544229
625,0.123227239924
626,0.0976981188409
627,0.108940219202
628,0.162363989735
629,0.252944609481
630,0.602975342454
631,0.217963028297
632,0.512274254676
633,0.493273942434
634,0.176229589368
635,0.361742541703
636,0.267045146807
637,0.0779854553258
638,0.253489871569
639,0.0
640,0.180183646869
641,0.0582492841325
642,0.288878916134
643,0.290674334494
644,0.029602949935
645,0.243882514303
646,0.141879391397
647,0.498640285488
648,0.387812596879
649,0.433279278148
650,0.503697712311
651,0.0
652,0.403336468861
653,0.434447621988
654,0.528793781026
655,0.0541299727337
656,0.508225781377
657,0.399328309876
658,0.366384271283
659,0.414773108358
660,0.398849574295
661,0.452859234471
662,0.169196950078
663,0.483041060003
664,0.265869750955
665,0.266496569471
666,0.22608543875
667,0.693167396238
668,0.161657702412
669,0.322208564184
670,0.471396292709
671,0.0730849614366
672,0.0778479574642
673,0.560840950688
674,0.0440052713444
675,0.0
676,0.0
677,0.0
678,0.0
679,0.39865062351
680,0.204347553487
681,0.05322263386
682,0.430193264886
683,0.252006236727
684,0.0773141774044
685,0.31821873189
686,0.0
687,0.410187740964
688,0.0150752048597
689,0.271560914324
690,0.72665199309
691,0.555513015605
692,0.641690221918
693,0.196356573298
694,0.17160953343
695,0.0
696,0.0
697,0.196333715619
698,0.475776981609
699,0.290378518417
700,0.0
701,0.46044019149
702,0.0429423004734
703,0.0963516940602
704,0.448405911121
705,0.431617437649
706,0.295625789829
707,0.0788166062343
708,0.249730603292
709,0.415623142784
710,0.200971177369
711,0.244055693181
712,0.0548302403826
713,0.150414138506
714,0.388753449644
715,0.0222066145748
716,0.169552943942
717,0.130118446814
718,0.627819379714
719,0.451947679276
720,0.217179461569
721,0.00892665295058
722,0.136034775355
723,0.259432917022
724,0.355728884187
725,0.0812302245591
726,0.509258058847
727,0.548504778353
728,0.250497317278
729,0.480210917548
730,0.664639693982
731,0.440991362613
732,0.488267491744
733,0.345488729668
734,0.60211584014
735,0.348659524644
736,0.342364661304
737,0.294017545766
738,0.480973692901
739,0.244472671897
740,0.28172560386
741,0.549516508661
742,0.410704958576
743,0.00545013129063
744,0.241003588542
745,0.602453137814
746,0.179175946923
747,0.150378657761
748,0.163093454249
749,0.549957087376
750,0.613386629111
751,0.478069614433
752,0.518927118617
753,0.62977620635
754,0.268751192067
755,0.462856070518
756,0.093468365914
757,0.574665131741
758,0.46530193343
759,0.619157752976
760,0.505567687681
761,0.472720278486
762,0.0
763,0.607874142238
764,0.490061862441
765,0.553631329223
766,0.445090462224
767,0.57465871756
768,0.725291090853
769,0.330981854073
770,0.0
771,0.0
772,0.430301711561
773,0.457892986768
774,0.300926788526
775,0.217885438292
776,0.528516856445
777,0.140592141618
778,0.675168394277
779,0.243801109977
780,0.0597780129024
781,0.215127093712
782,0.25678118059
783,0.219468806241
784,0.558886053327
785,0.530744105875
786,0.52966526742
787,0.484248927628
788,0.0
789,0.066809366801
790,0.0
791,0.099173553719
792,0.597249645083
793,0.0
794,0.199955395779
795,0.497094488958
796,0.538230625841
797,0.295665511466
798,0.371752213381
799,0.517263399633
800,0.00814676550151
801,0.559852801748
802,0.407198677826
803,0.764753899488
804,0.665598198507
805,0.707510832988
806,0.511023358027
807,0.431217456877
808,0.612158663529
809,0.33056460374
810,0.646283270614
811,0.489408092245
812,0.317122019497
813,0.780615740139
814,0.313458770509
815,0.513479095967
816,0.226146614878
817,0.42268350486
818,0.56456994322
819,0.134850621918
820,0.581540011303
821,0.282368711629
822,0.697330877715
823,0.115290895067
824,0.458431170417
825,0.252883720205
826,0.627564415947
827,0.23982937123
828,0.488206581716
829,0.183125148437
830,0.587241804456
831,0.257581631546
832,0.502911647672
833,0.558986849856
834,0.582984302738
835,0.69990846503
836,0.463771359808
837,0.646008626276
838,0.643563197224
839,0.266078090544
840,0.307788249207
841,0.0823270638395
842,0.254538065186
843,0.247604017619
844,0.554628443784
845,0.688466206793
846,0.791760215814
847,0.59702818072
848,0.793707865096
849,0.577078252105
850,0.774819591626
851,0.630836392919
852,0.565410036425
853,0.674257003809
854,0.468413957901
855,0.447420931644
856,0.55355812462
857,0.377372420637
858,0.61195910824
859,0.50598639626
860,0.709857228309
861,0.314726220876
862,0.374776595866
863,0.683506757981
864,0.523392268696
865,0.53354116011
866,0.629437717309
867,0.664329785689
868,0.469873504056
869,0.606018808955
870,0.44296019242
871,0.517589041132
872,0.319272487246
873,0.499873031216
874,0.506591099444
875,0.46102696806
876,0.532814398915
877,0.450088618778
878,0.65128264912
879,0.676653928085
880,0.785179743452
881,0.592827473112
882,0.550459527946
883,0.41147925081
884,0.570975070992
885,0.421633966464
886,0.434284699666
887,0.393117181474
888,0.374582751179
889,0.705404345937
890,0.210994688782
891,0.299319649159
892,0.727030927117
893,0.510142914958
894,0.539172726588
895,0.628592371995
896,0.636664039694
897,0.75811331851
898,0.737111829569
899,0.714547743404
900,0.742364715547
901,0.71803187161
902,0.311964482689
903,0.76289302568
904,0.287260409536
905,0.367418955984
906,0.672890164991
907,0.55146002761
908,0.652471090524
909,0.319706144381
910,0.580143520009
911,0.339766972964
912,0.43563523751
913,0.610958010494
914,0.453297334889
915,0.0829984124004
916,0.31546871246
917,0.407552558244
918,0.314871760411
919,0.289014342102
920,0.167622984916
921,0.331081787375
922,0.0
923,0.449611680066
924,0.113521944354
925,0.246738530308
926,0.37120693807
927,0.726279286378
928,0.413626206721
929,0.616304443495
930,0.287867318021
931,0.61001432009
932,0.265915786863
933,0.730954290492
934,0.295051623439
935,0.417970089282
936,0.607894175919
937,0.584640650861
938,0.598380948164
939,0.418206261566
940,0.663543994458
941,0.457370841068
942,0.673070562154
943,0.289736262414
944,0.434928986809
945,0.317131551065
946,0.415060092902
947,0.639535777874
948,0.368599397315
949,0.443210405106
950,0.421406081182
951,0.225452811441
952,0.441290674859
953,0.369739865637
954,0.466567557409
955,0.496588762265
956,0.281366224891
957,0.540812982349
958,0.489679043601
959,0.489104965232
960,0.340060220971
961,0.24999841899
962,0.573689961905
963,0.536462927355
964,0.685561519984
965,0.382310540536
966,0.579854074014
967,0.387792265322
968,0.771384192808
969,0.541640914637
970,0.586781639622
971,0.442534617352
972,0.440829163911
973,0.495699455582
974,0.571542802678
975,0.40965806396
976,0.395460771905
977,0.208209157491
978,0.6544348907
979,0.588061013966
980,0.562178851001
981,0.466252634007
982,0.340259292525
983,0.643756432298
984,0.695959434921
985,0.226876596039
986,0.328866648489
987,0.664820060552
988,0.346862222696
989,0.576617599451
990,0.680090398667
991,0.422415304162
992,0.478208062384
993,0.424155112556
994,0.285312863246
995,0.417112385147
996,0.418297956425
997,0.533772937551
998,0.332658816321
999,0.426446867304
1000,0.455048105418
1001,0.319952619136
1002,0.350895290501
1003,0.257406953914
1004,0.498784671033
1005,0.378275796757
1006,0.342389142939
1007,0.342772703156
1008,0.578113744769
1009,0.573075267842
1010,0.341231342551
1011,0.520281379588
1012,0.437395094542
1013,0.272232116648
1014,0.2348972942
1015,0.207199822907
1016,0.365153676862
1017,0.230852150526
1018,0.0737236133871
1019,0.280280829509
1020,0.325128094999
1021,0.317612409914
1022,0.169675930032
1023,0.3207431551
1024,0.288280254535
1025,0.0247929722644
1026,0.127446324237
1027,0.259694018963
1028,0.415211947316
1029,0.0881889092229
1030,0.0323121261373
1031,0.0758426852372
1032,0.189458384275
1033,0.0
1034,0.194303669412
1035,0.339964500935
1036,0.296442674803
1037,0.472925492544
1038,0.479057255519
1039,0.460048751484
1040,0.250337210484
1041,0.32336082633
1042,0.0
1043,0.138629436112
1044,0.0
1045,0.0
1046,0.277932915013
1047,0.166142630256
1048,0.237911702637
1049,0.32016772992
1050,0.17841761832
1051,0.102236215811
1052,0.368695293789
1053,0.14167372179
1054,0.131904556274
1055,0.448994603097
1056,0.433920404135
1057,0.456976067803
1058,0.208946926751
1059,0.0647078248212
1060,0.348966593053
1061,0.012945574195
1062,0.223960062399
1063,0.322398714808
1064,0.203248955997
1065,0.299379537293
1066,0.297624087795
1067,0.269489022244
1068,0.0435919851926
1069,0.346991232604
1070,0.152104239094
1071,0.264951079121
1072,0.546728252312
1073,0.42058359407
1074,0.183642853893
1075,0.168024063278
1076,0.0350962748748
1077,0.141552322577
1078,0.45293976658
1079,0.07000826807
1080,0.0889454651107
1081,0.408037842351
1082,0.313365959805
1083,0.405660347472
1084,0.043413127001
1085,0.315298444935
1086,0.244627481599
1087,0.342740528764
1088,0.0
1089,0.0622488249612
1090,0.147497666209
1091,0.136091191453
1092,0.390936176971
1093,0.0284242616493
1094,0.160476911995
1095,0.454561601068
1096,0.23713506317
1097,0.226181650009
1098,0.296184667475
1099,0.100827941636
1100,0.406799599946
1101,0.442956523337
1102,0.304815922668
1103,0.329159337309
1104,0.350982197443
1105,0.261453432909
1106,0.24635385054
1107,0.53972361977
1108,0.238968785852
1109,0.391254216729
1110,0.0512973937049
1111,0.161533409119
1112,0.326738849737
1113,0.0
1114,0.14778419297
