site,dnds
1,0.155844155844
2,0.150377537146
3,0.130514452421
4,0.318378249909
5,0.453802899847
6,0.346272990344
7,0.48987610555
8,0.0575896285801
9,0.432319652696
10,0.0867839952566
11,0.0600960111058
12,0.48976518612
13,0.345615262323
14,0.492348770728
15,0.131013313332
16,0.247813032659
17,0.0
18,0.0
19,0.0
20,0.519300218006
21,0.045324947103
22,0.293235587038
23,0.527234469416
24,0.548636131472
25,0.223683907987
26,0.0
27,0.2438527586
28,0.267531394321
29,0.0258285381667
30,0.0901654869021
31,0.410504392471
32,0.613997539432
33,0.435746626058
34,0.417668976962
35,0.294661484662
36,0.342295294493
37,0.275381068484
38,0.0197947212784
39,0.415051351368
40,0.0117451772868
41,0.345343999531
42,0.29267353239
43,0.186133645892
44,0.0
45,0.0838171644143
46,0.06787980588
47,0.468423932585
48,0.0780466398515
49,0.55080046382
50,0.0630133800509
51,0.139787020541
52,0.0
53,0.471707718238
54,0.511548204975
55,0.288691649803
56,0.564048335509
57,0.0
58,0.0
59,0.0
60,0.0
61,0.0
62,0.066809366801
63,0.286495913179
64,0.376561199473
65,0.147091932986
66,0.0
67,0.142815928703
68,0.19136554317
69,0.381788102592
70,0.126976880606
71,0.0958545657809
72,0.532453854368
73,0.0
74,0.0
75,0.0956987471305
76,0.161879402676
77,0.0
78,0.560365815842
79,0.491465207391
80,0.401374397501
81,0.0
82,0.123076923077
83,0.0
84,0.392854476917
85,0.138563094107
86,0.571633102686
87,0.540090679025
88,0.0
89,0.163093454249
90,0.41192846766
91,0.0380645265423
92,0.396750935722
93,0.594569485245
94,0.391016320181
95,0.0321708264473
96,0.494568701998
97,0.514088215716
98,0.309131210835
99,0.203418790074
100,0.263036257703
101,0.0924196240747
102,0.342348900334
103,0.131638038867
104,0.25805089896
105,0.369490739786
106,0.00930528277946
107,0.558849337722
108,0.467054307519
109,0.179732134745
110,0.283478480381
111,0.040688570325
112,0.210117189839
113,0.0
114,0.108124028829
115,0.344114934218
116,0.320861630983
117,0.0
118,0.0
119,0.0
120,0.0
121,0.0
122,0.23013276523
123,0.30551113178
124,0.268801041795
125,0.0103619824726
126,0.169236802498
127,0.350476232172
128,0.422742987525
129,0.300733376792
130,0.476377151823
131,0.215876679397
132,0.510244552817
133,0.260716453655
134,0.283267756444
135,0.359069064322
136,0.133303597186
137,0.0
138,0.374061521621
139,0.167752738598
140,0.625749278285
141,0.433798768569
142,0.13442136088
143,0.0
144,0.122248452976
145,0.0696869836344
146,0.589517911023
147,0.504939830148
148,0.463132678577
149,0.523249060531
150,0.29463639434
151,0.326452006826
152,0.104875362144
153,0.209323732727
154,0.0
155,0.421729992142
156,0.0
157,0.0622942905407
158,0.253512762925
159,0.185659662391
160,0.391305169656
161,0.521946127896
162,0.276399202121
163,0.102564102564
164,0.120948141872
165,0.295730891288
166,0.51398640814
167,0.545241955246
168,0.601203519642
169,0.0
170,0.363771984354
171,0.371983130479
172,0.193175558991
173,0.559088248545
174,0.229375290482
175,0.49433213612
176,0.0815407800584
177,0.0709656438846
178,0.360496914428
179,0.0
180,0.0159088779855
181,0.184484072576
182,0.241423911478
183,0.104194162551
184,0.0645482191744
185,0.0430797354521
186,0.0686610848364
187,0.367056940585
188,0.118412869489
189,0.476863991287
190,0.317359493905
191,0.183818081219
192,0.0
193,0.0498536783211
194,0.427050645384
195,0.039344576945
196,0.189831530265
197,0.0302676627541
198,0.246509250885
199,0.0304364530387
200,0.145993651329
201,0.195964869804
202,0.340321067825
203,0.0115135387165
204,0.310434343347
205,0.349734871735
206,0.217969204145
207,0.00807945047142
208,0.0
209,0.0
210,0.0
211,0.0
212,0.0
213,0.0
214,0.0
215,0.0
216,0.155820595804
217,0.0
218,0.0
219,0.0
220,0.0
221,0.0
222,0.0
223,0.0
224,0.0
225,0.0
226,0.0
227,0.0
228,0.0
229,0.477499850613
230,0.312302669737
231,0.246971995479
232,0.187609362364
233,0.389127129742
234,0.495152597953
235,0.55932306491
236,0.136642127366
237,0.401377571476
238,0.148986721976
239,0.0
240,0.102688471194
241,0.267442055288
242,0.0265277462765
243,0.090117381939
244,0.0
245,0.0
246,0.0
247,0.0
248,0.0
249,0.0
250,0.0
251,0.141031341951
252,0.139016608494
253,0.0
254,0.0571428571429
255,0.38086528917
256,0.0716608912973
257,0.00801033890968
258,0.228503447336
259,0.0
260,0.0
261,0.0
262,0.0
263,0.0265714717551
264,0.0
265,0.0132147381114
266,0.21285902392
267,0.0409455692164
268,0.0
269,0.0
270,0.0
271,0.0
272,0.0
273,0.0
274,0.0
275,0.0
276,0.0111135582755
277,0.14865727748
278,0.334290777353
279,0.0463740852715
280,0.535284873982
281,0.137100149599
282,0.166230979464
283,0.211547012926
284,0.0
285,0.0
286,0.189486528315
287,0.254129752348
288,0.0348795729312
289,0.607559446184
290,0.223603932154
291,0.0386649981778
292,0.451211554654
293,0.486941443504
294,0.191716702214
295,0.00211345724352
296,0.554992800815
297,0.210687817707
298,0.155900274947
299,0.499184544617
300,0.248645137967
301,0.0
302,0.109644176532
303,0.584216515017
304,0.0852220507449
305,0.400322710574
306,0.0277863183789
307,0.537714506718
308,0.0
309,0.19088664526
310,0.0
311,0.0778671975795
312,0.61444083102
313,0.484560642332
314,0.0173599043097
315,0.500577735428
316,0.0825192158046
317,0.0
318,0.458806106755
319,0.0388258059409
320,0.160851086251
321,0.0154730964211
322,0.188842448282
323,0.0
324,0.0
325,0.0673435310333
326,0.0452079115257
327,0.132399855742
328,0.0350833817668
329,0.0
330,0.307941330808
331,0.602662982842
332,0.219742784723
333,0.374819629181
334,0.0
335,0.0
336,0.263738496743
337,0.0
338,0.0
339,0.0
340,0.0
341,0.0
342,0.0
343,0.0
344,0.0
345,0.0
346,0.373456495291
347,0.127200270469
348,0.303870920655
349,0.0064882936426
350,0.443992785953
351,0.00543671957619
352,0.0
353,0.142857142857
354,0.1087289695
355,0.106638027778
356,0.182681334073
357,0.240083292879
358,0.410440033704
359,0.610503482187
360,0.648587857848
361,0.711551983973
362,0.44185651776
363,0.384089299202
364,0.418718822195
365,0.556078138125
366,0.0243827103855
367,0.415496644037
368,0.330321388205
369,0.145222382597
370,0.348247858832
371,0.414199404867
372,0.0
373,0.0
374,0.0
375,0.519476958423
376,0.0
377,0.0984395680005
378,0.414874308573
379,0.260258075881
380,0.284279456401
381,0.177725869967
382,0.131520015391
383,0.0990210257943
384,0.199955395779
385,0.566843403982
386,0.391847369228
387,0.236284874288
388,0.361785271793
389,0.610631845394
390,0.0971905486554
391,0.490417128667
392,0.0
393,0.0
394,0.0
395,0.0
396,0.0
397,0.0
398,0.0179790930721
399,0.0
400,0.0
401,0.0
402,0.0
403,0.0
404,0.0
405,0.0
406,0.0
407,0.0
408,0.0
409,0.0
410,0.414157898612
411,0.246226961514
412,0.0
413,0.00516936337308
414,0.163923800584
415,0.179309579761
416,0.0106019226594
417,0.324356708815
418,0.126746438408
419,0.161702161136
420,0.328593566479
421,0.358734886969
422,0.0
423,0.166081604274
424,0.34688003934
425,0.0
426,0.0
427,0.170212765957
428,0.0
429,0.0
430,0.410504132805
431,0.467399170535
432,0.0
433,0.0
434,0.0
435,0.0
436,0.0
437,0.0
438,0.0
439,0.0
440,0.0
441,0.083158730928
442,0.110208048782
443,0.0584107913
444,0.405772474403
445,0.0
446,0.106996400563
447,0.459405822683
448,0.476294581411
449,0.135248230353
450,0.297919257962
451,0.365664586292
452,0.0
453,0.214985075814
454,0.0673075044101
455,0.151366473183
456,0.495368422124
457,0.248133322754
458,0.159093067739
459,0.272867089207
460,0.0484573193187
461,0.116422736104
462,0.10314216577
463,0.0494348640335
464,0.0279958413189
465,0.0
466,0.529425296627
467,0.489536801549
468,0.441376786665
469,0.0
470,0.0
471,0.0
472,0.0
473,0.0
474,0.0
475,0.10341883941
476,0.093785704712
477,0.249245097757
478,0.529519116844
479,0.508720204289
480,0.0
481,0.0
482,0.0
483,0.0
484,0.0709817780324
485,0.0935894927338
486,0.132028034392
487,0.653059392156
488,0.50518752558
489,0.161178194265
490,0.521446775137
491,0.247850696681
492,0.191892561584
493,0.324467580875
494,0.0567261488322
495,0.493604365177
496,0.0880882039459
497,0.0
498,0.0
499,0.0
500,0.0
501,0.0
502,0.0
503,0.0
504,0.0
505,0.0
506,0.0
507,0.0
508,0.0
509,0.19627326021
510,0.0
511,0.171808079654
512,0.0456529192748
513,0.257587803067
514,0.310985904259
515,0.146922958311
516,0.56790097974
517,0.206771699448
518,0.462166347393
519,0.687469426928
520,0.442467212079
521,0.559712591461
522,0.421155853066
523,0.633256504634
524,0.225376592563
525,0.653731835421
526,0.540850111918
527,0.546898093721
528,0.585559751027
529,0.532895268054
530,0.288488415304
531,0.128041613087
532,0.188300992878
533,0.0
534,0.0
535,0.0
536,0.0
537,0.0
538,0.0
539,0.0
540,0.0
541,0.126026760102
542,0.0
543,0.158433641271
544,0.35395988979
545,0.31820183388
546,0.258724450533
547,0.428220006872
548,0.584434710577
549,0.184270573811
550,0.0
551,0.632718676635
552,0.437068904018
553,0.33131150768
554,0.17605506556
555,0.585854732849
556,0.362620131111
557,0.040960641159
558,0.204292359501
559,0.288644090491
560,0.766136146422
561,0.501469140197
562,0.164313427227
563,0.657260666571
564,0.171042917949
565,0.659652454258
566,0.655854969902
567,0.561424034775
568,0.173216034998
569,0.222095888564
570,0.34369466877
571,0.60059758937
572,0.508817483566
573,0.0
574,0.211701633799
575,0.254200428528
576,0.559270676338
577,0.278531728692
578,0.396555020736
579,0.0
580,0.622135509642
581,0.655592288267
582,0.0767247454171
583,0.0728884547986
584,0.0327353966632
585,0.190513422167
586,0.205688320444
587,0.243388971128
588,0.0464796881563
589,0.296908390936
590,0.0
591,0.0
592,0.0
593,0.0
594,0.0
595,0.0
596,0.0
597,0.0119550734961
598,0.20744765331
599,0.0579071655959
600,0.371660217828
601,0.0
602,0.618242810831
603,0.421045239231
604,0.0
605,0.148256942924
606,0.308041284499
607,0.0168757445006
608,0.306742058959
609,0.0035421444233
610,0.0830995208267
611,0.0242773481074
612,0.0
613,0.0
614,0.0
615,0.0967130572649
616,0.0924196240747
617,0.44393586597
618,0.0744548448914
619,0.00597540672897
620,0.376958709264
621,0.286399331598
622,0.305009953984
623,0.497775385987
624,0.464046998742
625,0.191063006725
626,0.437032060564
627,0.453892725635
628,0.358034366385
629,0.120767247277
630,0.464646325667
631,0.587641620314
632,0.109296244622
633,0.0145955209976
634,0.404291719668
635,0.00376166629495
636,0.608520416272
637,0.622580789348
638,0.414495797141
639,0.339086875411
640,0.252229979348
641,0.155559166448
642,0.565759618408
643,0.139386152546
644,0.0
645,0.0
646,0.0
647,0.533823330675
648,0.536033284447
649,0.309272584841
650,0.25821462476
651,0.38723235616
652,0.527577273959
653,0.148015095442
654,0.591398247698
655,0.195898223303
656,0.276541661467
657,0.40025148816
658,0.511089151581
659,0.0
660,0.0
661,0.0300140940967
662,0.371684851496
663,0.119296878782
664,0.0371518435983
665,0.164704753374
666,0.156727378626
667,0.0718102420115
668,0.204369532087
669,0.0
670,0.266159837564
671,0.191070681556
672,0.163397141916
673,0.108124028829
674,0.119526407325
675,0.0431902689716
676,0.216750854381
677,0.591859725974
678,0.458600834975
679,0.521942649026
680,0.158433641271
