site,dnds
1,0.0
2,0.0
3,0.0
4,0.474937108717
5,0.49961508711
6,0.399477126563
7,0.315388041878
8,0.42787371103
9,0.350153230125
10,0.37427573222
11,0.219174432992
12,0.316285156806
13,0.231698072998
14,0.0201703127541
15,0.313491616763
16,0.0
17,0.0386566253526
18,0.0
19,0.0
20,0.125922429776
21,0.286318317448
22,0.0784443317805
23,0.214861822034
24,0.484557687553
25,0.681506601778
26,0.417598777942
27,0.279847559105
28,0.596123977533
29,0.736506496401
30,0.333818277569
31,0.0577632955337
32,0.644477501311
33,0.304824040118
34,0.495209912882
35,0.547934317816
36,0.166582029509
37,0.214967829675
38,0.324417154971
39,0.133303597186
40,0.0
41,0.439388446125
42,0.178555978028
43,0.13442782518
44,0.00215624519499
45,0.0
46,0.0796592850551
47,0.00451252883781
48,0.333566825767
49,0.435546528866
50,0.00558567961652
51,0.100185687333
52,0.455775187111
53,0.389830455814
54,0.141677291258
55,0.0495005068802
56,0.511650321562
57,0.0407952356105
58,0.0667524219478
59,0.160439747908
60,0.58119283425
61,0.546562729783
62,0.188570951304
63,0.645638298336
64,0.469438091685
65,0.613179508254
66,0.0465477231076
67,0.266752086295
68,0.0284631819773
69,0.0694717007101
70,0.414491404349
71,0.412273652786
72,0.147665948826
73,0.286950384948
74,0.644062730401
75,0.0
76,0.366978459822
77,0.597497600033
78,0.392432571212
79,0.0644261034131
80,0.489530743107
81,0.192182765575
82,0.118045565551
83,0.16525635455
84,0.0626786719859
85,0.0940579468146
86,0.0
87,0.0155155082171
88,0.341787766447
89,0.512073990889
90,0.0964495143178
91,0.172630645325
92,0.563691430002
93,0.389322114078
94,0.645605262677
95,0.351629587028
96,0.543316924574
97,0.253233067338
98,0.405935721826
99,0.0
100,0.0
101,0.0
102,0.0
103,0.158353739979
104,0.512233497481
105,0.224251756219
106,0.532265569
107,0.317673181456
108,0.649569402619
109,0.358542017429
110,0.725182574958
111,0.371345029809
112,0.413690130123
113,0.263668664709
114,0.377900197605
115,0.0
116,0.151919468186
117,0.277532951978
118,0.29677606293
119,0.101159687918
120,0.125359015406
121,0.00803251234455
122,0.146156428898
123,0.0731284629707
124,0.115810955802
125,0.131263427094
126,0.0888108837652
127,0.0498803180103
128,0.498352312731
129,0.0620714842399
130,0.367548257507
131,0.135387076475
132,0.605570113181
133,0.686560222967
134,0.34878835352
135,0.181561807972
136,0.563539295545
137,0.0
138,0.253131934635
139,0.264909734007
140,0.487325939396
141,0.147536729621
142,0.279228332242
143,0.256167116805
144,0.108457962474
145,0.0120398747958
146,0.00661219950344
147,0.0193026025718
148,0.00235789118121
149,0.416370168873
150,0.0
151,0.0
152,0.136363107297
153,0.60784973778
154,0.096192895028
155,0.247932963028
156,0.363020847709
157,0.389244223707
158,0.214079162875
159,0.253320526258
160,0.519550123403
161,0.414378597205
162,0.0161904321831
163,0.256637027247
164,0.260983616302
165,0.628182961543
166,0.13662302532
167,0.431622882574
168,0.210411995098
169,0.0591823130985
170,0.110365597937
171,0.113740212035
172,0.396264072312
173,0.181110033622
174,0.126107081165
175,0.158590058685
176,0.0563500601256
177,0.119553816248
178,0.00235789118121
179,0.0
180,0.0
181,0.281478738333
182,0.256919108708
183,0.0670979924962
184,0.29065266817
185,0.411617017071
186,0.543578918017
187,0.0697524957835
188,0.330000560202
189,0.255917221854
190,0.452930208611
191,0.527987322038
192,0.268766395845
193,0.537407049748
194,0.320111475082
195,0.170419811809
196,0.641617817204
197,0.595111101793
198,0.0
199,0.26560009909
200,0.452362370271
201,0.714109282691
202,0.582361896901
203,0.456881176346
204,0.581439546651
205,0.63185849412
206,0.608173622405
207,0.499342969037
208,0.632547545008
209,0.642642051477
210,0.665253696679
211,0.574795372702
212,0.587151696692
213,0.239491354829
214,0.0
215,0.366393802039
216,0.566440682575
217,0.0126377960574
218,0.133465723268
