site,dnds
1,0.120948141872
2,0.40687266889
3,0.503970341381
4,0.13809031947
5,0.0
6,0.271445305953
7,0.248225046452
8,0.24369158936
9,0.510840897443
10,0.166532348923
11,0.0284837575568
12,0.405965908722
13,0.403076268032
14,0.0463990862368
15,0.185162629307
16,0.408116868815
17,0.19193974442
18,0.281040914988
19,0.237305826976
20,0.268222906854
21,0.221959265672
22,0.0999571619868
23,0.13308675522
24,0.170209150759
25,0.349295878245
26,0.226480030645
27,0.342028965297
28,0.0394506357093
29,0.254690922505
30,0.420460246338
31,0.276176917498
32,0.0
33,0.0
34,0.0
35,0.0
36,0.0
37,0.0
38,0.0998416354451
39,0.389730746348
40,0.153368097708
41,0.170251867069
42,0.164548332088
43,0.246483194387
44,0.211637580107
45,0.31438239352
46,0.337501718632
47,0.0
48,0.0
49,0.00847154843628
50,0.216032537876
51,0.0
52,0.0
53,0.0
54,0.0
55,0.157207338567
56,0.0495190647858
57,0.0729496992395
58,0.0611093123579
59,0.305715993071
60,0.0545419101788
61,0.180735151194
62,0.243739607004
63,0.0197040973264
64,0.0785454849035
65,0.0285760462117
66,0.235355607447
67,0.16735451177
68,0.139910054933
69,0.174289242876
70,0.0583129678418
71,0.0609360158734
72,0.165713451112
73,0.068486719678
74,0.0
75,0.0696559416624
76,0.0921950156301
77,0.294513608015
78,0.506752497823
79,0.305600182183
80,0.307661206945
81,0.366925828756
82,0.532121247633
83,0.128511020048
84,0.0
85,0.0
86,0.0
87,0.0
88,0.0
89,0.313892259813
90,0.479679638608
91,0.645878181672
92,0.465040478134
93,0.107558450694
94,0.123226165433
95,0.0645268199892
96,0.218010902264
97,0.358767930497
98,0.181567372073
99,0.606992353829
100,0.0499701785588
101,0.383185952227
102,0.421967926678
103,0.204888946493
104,0.289108861804
105,0.129317086553
106,0.232990456996
107,0.233613834819
108,0.258294057514
109,0.3217268418
110,0.0
111,0.0
112,0.0
113,0.0
114,0.0
115,0.0
116,0.0
117,0.0
118,0.0
119,0.0
120,0.0
121,0.0
122,0.0
123,0.0
124,0.0
125,0.0
126,0.0
127,0.0
128,0.0
129,0.0
130,0.0
131,0.0
132,0.0
133,0.170212765957
134,0.0
135,0.0
136,0.0878889830934
137,0.0695083042471
138,0.106638027778
139,0.0
140,0.313438305196
141,0.405544910463
142,0.240879320724
143,0.0846188051704
144,0.126928207756
145,0.0
146,0.0
147,0.139572970834
148,0.266280743242
149,0.391732157219
150,0.306636048073
151,0.372839357138
152,0.296051322068
153,0.0813498422149
154,0.252673918441
155,0.437751747072
156,0.0196632609949
157,0.0335213923883
158,0.0
159,0.0
160,0.142857142857
161,0.0695305624363
162,0.348909831747
163,0.144141492523
164,0.102347400314
165,0.357191574299
166,0.439872628921
167,0.484038813682
168,0.222556680656
169,0.523286303238
170,0.57652665668
171,0.171929733313
172,0.111707262472
173,0.337404677603
174,0.595712520057
175,0.169425656247
176,0.138392831701
177,0.589344948644
178,0.0816306344521
179,0.107945297841
180,0.497518479363
181,0.432072221002
182,0.0
183,0.219733324322
184,0.512902570163
185,0.195371386907
186,0.0306897793882
187,0.205973460338
188,0.649457359698
189,0.299864624674
190,0.180047384137
191,0.143044791984
192,0.386700989723
193,0.508849033401
194,0.0387223290454
195,0.138574168146
196,0.425073472342
197,0.0484746033003
198,0.148897793135
199,0.244856363043
200,0.485512577466
201,0.229473525352
202,0.208911247629
203,0.274038127797
204,0.576165330289
205,0.244759218932
206,0.0385873402284
207,0.0
208,0.0
209,0.0930499961471
210,0.0
211,0.0
212,0.0857101603917
213,0.0
214,0.154032706791
215,0.0930499961471
216,0.45383553047
217,0.443750001847
218,0.0
219,0.0
220,0.0
221,0.0
222,0.0
223,0.0
224,0.0
225,0.0
226,0.0
227,0.0
228,0.0
229,0.0
230,0.0
231,0.0
232,0.0
233,0.0
234,0.0
235,0.0
236,0.0
237,0.0
238,0.0
239,0.0
240,0.0
241,0.0
242,0.0
243,0.0
244,0.0
245,0.0
246,0.0
247,0.0
248,0.0
249,0.0
250,0.0
251,0.0
252,0.0
253,0.0
254,0.0
255,0.0
256,0.0
257,0.0
258,0.0
259,0.0
260,0.0
261,0.0
262,0.0
263,0.0
264,0.0
265,0.0
266,0.0
267,0.0
268,0.0
269,0.0
270,0.32271810038
271,0.37220590966
272,0.0572515254797
273,0.175644811815
274,0.235805466416
275,0.0893898085431
276,0.4613690934
277,0.260217893938
278,0.105003812329
279,0.0146961120122
280,0.268878770154
281,0.430384394608
282,0.355280971586
283,0.09656316234
284,0.145204347949
285,0.0111985609879
286,0.40404363141
287,0.325470936263
288,0.37996888625
289,0.120948141872
290,0.16503504299
291,0.233522540761
292,0.590818535585
293,0.262751589052
294,0.161425736343
295,0.298894249702
296,0.300207971894
297,0.202982743156
298,0.571891334656
299,0.240944093508
300,0.225009733807
301,0.482860995051
302,0.416563078892
303,0.317592519032
304,0.256974100789
305,0.494966914501
306,0.433921174578
307,0.272946031917
308,0.377301166201
309,0.456215346741
310,0.468159345795
311,0.260743030465
312,0.0
313,0.329950321489
314,0.403551607563
315,0.0999131834958
316,0.212600652049
317,0.46713544636
318,0.231150885156
319,0.303356290128
320,0.136822204682
321,0.0284625883694
322,0.501221583866
323,0.313263223583
324,0.120241965775
325,0.37382127801
326,0.527905523752
327,0.2794788895
328,0.0635604077991
329,0.387394312291
330,0.31347597683
331,0.400958610089
332,0.0474311811753
333,0.379214476889
334,0.468998261631
335,0.415963877033
336,0.282884705188
337,0.392708801442
338,0.538592892025
339,0.0
340,0.0
341,0.0
342,0.0
343,0.0
344,0.0
345,0.0
346,0.0754445910814
347,0.231104762873
348,0.243771383602
349,0.299738577304
350,0.233828881065
351,0.419424930238
352,0.478491185283
353,0.445344575198
354,0.32905208565
355,0.45283314246
356,0.368146591674
357,0.0
358,0.619589811167
359,0.207215867233
360,0.343696862086
361,0.409505698035
362,0.0
363,0.182207890212
364,0.287414735003
365,0.0623687433552
366,0.22335197459
367,0.0899368561728
368,0.329155614947
369,0.384902388314
370,0.261351048919
371,0.428602389628
372,0.520661610826
373,0.502294367355
374,0.142151041512
375,0.148152677302
376,0.387250598311
377,0.326779677402
378,0.042252486167
379,0.556782988393
380,0.0
381,0.440645793736
382,0.0115021311854
383,0.369190302936
384,0.550749809856
385,0.131605164395
386,0.295685425009
387,0.238986891855
388,0.220935764214
389,0.0
390,0.0472534109624
391,0.0
392,0.358643114507
393,0.465187888812
394,0.191947935027
395,0.451912637763
396,0.155800459494
397,0.322688218425
398,0.0744679043665
