site,dnds
1,0.0755354541247
2,0.300050814286
3,0.147031985675
4,0.389475652298
5,0.187816670712
6,0.404264198609
7,0.263496454719
8,0.291505059244
9,0.129607474148
10,0.460632957277
11,0.0357242063511
12,0.120133122929
13,0.195658662096
14,0.313967298972
15,0.270357026543
16,0.502203344451
17,0.554966124022
18,0.240856958655
19,0.663596667078
20,0.672545535334
21,0.629423603784
22,0.499347807355
23,0.535325880701
24,0.517014773649
25,0.512983768891
26,0.521733824104
27,0.650004455281
28,0.47340588173
29,0.324330995101
30,0.586792665261
31,0.513685917928
32,0.402142956567
33,0.398811119568
34,0.323643622933
35,0.482913705068
36,0.180650643576
37,0.488523264697
38,0.577525277442
39,0.216193002606
40,0.268876356239
41,0.298329234042
42,0.288917742592
43,0.463419577096
44,0.160647481365
45,0.352842542941
46,0.290700581053
47,0.389927151863
48,0.297325664356
49,0.267878804532
50,0.390995675046
51,0.41804258585
52,0.545768746634
53,0.373646308233
54,0.606062436531
55,0.484252133252
56,0.446781386388
57,0.181148624376
58,0.245291275174
59,0.169811145379
60,0.324394067934
61,0.0
62,0.0706250757001
63,0.106192863818
64,0.083889332712
65,0.0788897122182
66,0.0216363407605
67,0.16071977671
68,0.123718228737
69,0.362036176752
70,0.0445148163783
71,0.0
72,0.0
73,0.352269791323
74,0.0156317226788
75,0.160902812059
76,0.188496464667
77,0.174413826014
78,0.176101404733
79,0.221681989697
80,0.128521101091
81,0.106665322647
82,0.0709656438846
83,0.284558504802
84,0.0
85,0.244082055907
86,0.0883251567068
87,0.091271447592
88,0.560757306459
89,0.236858025361
90,0.137326536084
91,0.362577158308
92,0.122986023691
93,0.443567921938
94,0.313447961354
95,0.458564948881
96,0.259016267042
97,0.276534054214
98,0.0
99,0.0
100,0.0
101,0.0
102,0.0
103,0.0
104,0.0
105,0.0
106,0.0
107,0.0
108,0.0
109,0.0
110,0.127290363631
111,0.292827354533
112,0.123616721248
113,0.341769059188
114,0.0966479728885
115,0.126762956385
116,0.0446096654275
117,0.36545716539
118,0.302618210041
119,0.258715460941
120,0.371811393395
121,0.106238135611
122,0.401292524675
123,0.346590303969
124,0.0
125,0.0
126,0.0
127,0.719680054352
128,0.0
129,0.546528847262
130,0.0574389824061
131,0.447121854944
132,0.298043983714
133,0.501551037205
134,0.282260252213
135,0.36413792453
136,0.427670782354
137,0.514225518969
138,0.41513121316
139,0.168793088886
140,0.294800470512
141,0.209302325581
142,0.130242090812
143,0.15305736844
144,0.505604095269
145,0.279290037733
146,0.256866390075
147,0.14391498407
148,0.0701921195504
149,0.454911255802
150,0.381943789164
151,0.597008600502
152,0.0
153,0.0
154,0.0
155,0.0
156,0.0
157,0.0
158,0.0
159,0.0
160,0.0
161,0.0
162,0.0
163,0.0
164,0.0
165,0.0
166,0.303792877047
167,0.41786935586
168,0.18179605528
169,0.0
170,0.0
171,0.0
172,0.0
173,0.0
174,0.0
175,0.0990210257943
176,0.0
177,0.0
178,0.0
179,0.244136064148
180,0.0990210257943
181,0.0
182,0.0902969004385
183,0.0
184,0.244136064148
185,0.0
186,0.0701921195504
187,0.0
188,0.0
189,0.307936128774
190,0.243075889598
191,0.31798283677
192,0.384820301431
193,0.361759094282
194,0.452477922486
195,0.369184356368
196,0.353728187402
197,0.317263258892
198,0.249805192398
199,0.568626978402
200,0.710670686327
201,0.489696691703
202,0.499993149007
203,0.552907870265
204,0.592285689792
205,0.477018438229
206,0.386592079308
207,0.00711852941839
208,0.346547479121
209,0.0
210,0.0
211,0.0
212,0.0
213,0.0
214,0.0
215,0.0
216,0.242051396386
217,0.0547439583076
218,0.0
219,0.0
220,0.0
221,0.0
222,0.126026760102
223,0.0
224,0.348679485387
225,0.347247933078
226,0.310820493036
227,0.205686963947
228,0.165019141782
229,0.533342759018
230,0.479275985672
231,0.595426526499
232,0.56154666058
233,0.205575472897
234,0.549393267064
235,0.477187582944
236,0.0902360449318
237,0.321436350138
238,0.0375653907709
239,0.591009822229
240,0.567871952749
241,0.215871639458
242,0.317425795093
243,0.534547119975
244,0.437356068441
245,0.476602955009
246,0.350401493888
247,0.0
248,0.0
249,0.0
250,0.0
251,0.0
252,0.0
253,0.227713768001
254,0.557433820556
255,0.493275793057
256,0.417254143259
257,0.443287930828
258,0.612503058052
259,0.752738603845
260,0.464690527226
261,0.367982980792
262,0.350402231892
263,0.186442817415
264,0.152221359056
265,0.154920811995
266,0.0940637322533
267,0.272758913049
268,0.271352595585
269,0.305133520774
270,0.0958766111239
271,0.11090354889
272,0.0538366742182
273,0.0
274,0.0701921195504
275,0.106638027778
276,0.159086290741
277,0.193548387097
278,0.159457023627
279,0.0
280,0.0903365960171
281,0.315647673452
282,0.102688471194
283,0.206896551724
284,0.0
285,0.0
286,0.154032706791
287,0.0
288,0.244897959184
289,0.111111111111
290,0.2
291,0.179365271619
292,0.125955549019
293,0.141642976079
294,0.28681952299
295,0.247379363967
296,0.213596790075
297,0.22327562914
298,0.241800448707
299,0.0
300,0.0
301,0.0
302,0.0
303,0.0
304,0.0
305,0.0
306,0.0
307,0.524251926719
308,0.652556079422
309,0.518328277613
310,0.117699510361
311,0.509903801715
312,0.432042344443
313,0.241731676378
314,0.339030594013
315,0.256546893127
316,0.112676056338
317,0.330053159997
318,0.0
319,0.119402985075
320,0.244136064148
321,0.0
322,0.211547012926
323,0.199955395779
324,0.0
325,0.0
326,0.0
327,0.0
328,0.147871398519
329,0.0990210257943
330,0.098855694854
331,0.0990210257943
332,0.0
333,0.147871398519
334,0.0
335,0.0
336,0.0990210257943
337,0.0
338,0.0
339,0.0571428571429
340,0.154852213264
341,0.426290458315
342,0.425460127282
343,0.302975974346
344,0.210762181767
345,0.191850296386
346,0.0876106497687
347,0.0886643861061
348,0.129651033667
349,0.330250030367
350,0.609633411855
351,0.410873649124
352,0.123518001443
353,0.0611031848992
354,0.615975480028
355,0.173724030149
356,0.343726556282
357,0.170212765957
358,0.0499191559875
359,0.0386625314666
360,0.63062362876
361,0.578561720781
362,0.685754560271
363,0.593627208581
364,0.451926558223
365,0.643758703794
366,0.610224938872
367,0.504650038343
368,0.226391021725
369,0.0
370,0.608529141085
371,0.657669029591
372,0.405521391857
373,0.184393060094
374,0.764312259827
375,0.40638828354
376,0.299903672846
377,0.238790160792
378,0.247674283426
379,0.247405600659
380,0.351913693369
381,0.0665693691991
382,0.390130382067
383,0.197179542787
384,0.303491711005
385,0.278043970606
386,0.363399678549
387,0.112982089702
388,0.393587054365
389,0.0699987405686
390,0.630288355153
391,0.397692042907
392,0.506896015156
393,0.202193506044
394,0.197899690232
395,0.0364814305558
396,0.125
397,0.0
398,0.147871398519
399,0.0
400,0.0
401,0.0
402,0.0
403,0.0
404,0.0
