site,dnds
1,0.375405822529
2,0.317169773809
3,0.471582317085
4,0.346987977809
5,0.413427625976
6,0.317306190511
7,0.351396394365
8,0.576692154547
9,0.478792385634
10,0.462100702672
11,0.0479673480768
12,0.324340432877
13,0.0
14,0.454218102603
15,0.285292027774
16,0.3563839664
17,0.355636500391
18,0.378319465159
19,0.136007397059
20,0.23591108373
21,0.319289806735
22,0.280752582933
23,0.553890639584
24,0.0
25,0.0364814305558
26,0.0
27,0.0
28,0.0571428571429
29,0.0
30,0.0
31,0.0
32,0.0
33,0.608978343933
34,0.0399478852115
35,0.457829189314
36,0.29027057681
37,0.382801234122
38,0.102386255384
39,0.283165107473
40,0.0212050700965
41,0.0210894854408
42,0.245378562693
43,0.0502294026104
44,0.518388398684
45,0.294650760588
46,0.0977224585053
47,0.0
48,0.207371131752
49,0.205010967874
50,0.106666666667
51,0.202079114308
52,0.0
53,0.0
54,0.0636347441368
55,0.134899473774
56,0.138275930893
57,0.1
58,0.346926585176
59,0.518298638398
60,0.0282752390315
61,0.0
62,0.197393155395
63,0.511404900981
64,0.526249721999
65,0.0
66,0.0
67,0.0
68,0.0
69,0.0
70,0.0
71,0.0
72,0.0
73,0.0
74,0.0
75,0.0
76,0.0
77,0.0
78,0.0
79,0.0
80,0.0
81,0.0
82,0.0
83,0.0
84,0.0
85,0.0
86,0.0
87,0.0
88,0.0
89,0.0
90,0.0
91,0.0
92,0.0
93,0.0
94,0.0
95,0.0
96,0.0
97,0.0
98,0.0
99,0.0
100,0.0
101,0.0
102,0.0
103,0.0
104,0.0
105,0.123816406686
106,0.275014769389
107,0.0592902521698
108,0.400145080714
109,0.456624789974
110,0.0167783850735
111,0.0
112,0.115524530093
113,0.241094671499
114,0.156202181535
115,0.201095278668
116,0.4067849538
117,0.350353190251
118,0.0
119,0.0721639607752
120,0.285531447328
121,0.615066604572
122,0.441216510726
123,0.207387540152
124,0.0
125,0.375427490166
126,0.408301137808
127,0.13321614068
128,0.228220896669
129,0.0245906018581
130,0.358000343617
131,0.0523040687087
132,0.0205881981663
133,0.0344780446054
134,0.272180717737
135,0.181152227362
136,0.262980679834
137,0.0
138,0.0
139,0.189556774776
140,0.308932027884
141,0.142651089518
142,0.109036687722
143,0.0147449721597
144,0.256560978508
145,0.0
146,0.0
147,0.0
148,0.0
149,0.0
150,0.0
151,0.0
152,0.0440873248686
153,0.118988737024
154,0.0
155,0.050267292854
156,0.0
157,0.0530694478694
158,0.23578679514
159,0.105001375539
160,0.475451303445
161,0.423187251881
162,0.135107486454
163,0.284617593475
164,0.217251931934
165,0.100787175228
166,0.192448127255
167,0.243183946575
168,0.291484090157
169,0.0244833446015
170,0.0
171,0.0842646759709
172,0.213569980687
173,0.147871398519
174,0.142857142857
175,0.205989804125
176,0.0
177,0.0878889830934
178,0.108124028829
179,0.0
180,0.0
181,0.0
182,0.169014084507
183,0.0580033221712
184,0.21338291178
185,0.418661708961
186,0.0
187,0.0
188,0.0
189,0.0
190,0.0436628145235
191,0.415864950473
192,0.0684187640791
193,0.435535435653
194,0.334993441187
195,0.339792982374
196,0.530606337503
197,0.590780748058
198,0.499622830664
199,0.694469155502
200,0.133963324802
201,0.316704558475
202,0.364687764688
203,0.40139351859
204,0.288819130041
205,0.0693289380483
206,0.020413350379
207,0.0
208,0.0
209,0.363080867428
210,0.543472797732
211,0.471458747109
212,0.370839457366
213,0.0674155193655
214,0.0
215,0.0
216,0.0
217,0.637943755163
218,0.516209417882
219,0.0520627752802
220,0.0
221,0.0
222,0.0
223,0.0
224,0.0299592989055
225,0.0
226,0.0
227,0.0
228,0.423619866177
229,0.346861829692
230,0.125034042785
231,0.265468461184
232,0.132916051798
233,0.486406127516
234,0.0112001940582
235,0.25261743192
236,0.0326607932041
237,0.0191859577118
238,0.0126356389869
239,0.0892868358952
240,0.303869145445
241,0.0526330582987
242,0.206960330447
243,0.257505639879
244,0.0
245,0.0
246,0.0
247,0.0
248,0.0
249,0.0
250,0.0
251,0.0
252,0.0
253,0.0
254,0.0
255,0.0
256,0.0
257,0.0
258,0.0
259,0.0
260,0.0
261,0.0
262,0.0
263,0.0
264,0.0
265,0.0
266,0.0953695449093
267,0.0655337727144
268,0.216493753823
269,0.0208758815482
270,0.00893687035223
271,0.0
272,0.0
273,0.0
274,0.224445775797
275,0.417546795363
276,0.0
277,0.0
278,0.0
279,0.0
280,0.0
281,0.0
282,0.0
283,0.0
284,0.0
285,0.0
286,0.0
287,0.10814344973
288,0.0359783837129
289,0.492133216278
290,0.284170834567
291,0.220682763704
292,0.129246893051
293,0.352132307636
294,0.199849629949
295,0.109412615477
296,0.539538306622
297,0.134849452755
298,0.0547813576348
299,0.252860037989
300,0.310590646803
301,0.233138250246
302,0.0111950150088
303,0.291335105125
304,0.346682990275
305,0.158881061547
306,0.24904757667
307,0.376211968561
308,0.126661197359
309,0.37838630878
310,0.125740985136
311,0.100321263862
312,0.0
313,0.0
314,0.420489106902
315,0.328043003768
316,0.164294747533
317,0.0151166564711
318,0.199479646953
319,0.239304471699
320,0.101266161849
321,0.458763142356
322,0.0158066611539
323,0.123503775257
324,0.00783397838595
325,0.0414005390871
326,0.112735154859
327,0.277400117629
328,0.35082136276
329,0.394925591166
330,0.225739294341
331,0.233361037045
332,0.224518242617
333,0.0592732294831
334,0.0
335,0.228020574291
336,0.273522659744
337,0.0628120161307
338,0.393179830322
339,0.157619932169
340,0.342352614003
341,0.253131063844
342,0.0
343,0.135789360825
344,0.497253222915
345,0.00793523341199
346,0.445683800275
347,0.0260817888671
348,0.251299069775
349,0.513701054524
350,0.385328520659
351,0.0481657246523
352,0.523450643834
353,0.224997921169
354,0.202427171108
355,0.195406293225
356,0.0406482247155
357,0.134593304309
358,0.613706074308
359,0.333555760383
360,0.064842891807
361,0.165544536417
362,0.0235127904813
363,0.404143290991
364,0.246499097171
365,0.275561983692
366,0.0888601915979
367,0.166834955836
368,0.18413401412
369,0.109666671029
370,0.0466784466361
371,0.3512265224
372,0.516070274901
373,0.0448203151886
374,0.0110680688045
375,0.0317363630165
376,0.054902746975
377,0.0364814305558
378,0.583126748031
379,0.106033330968
380,0.4688478792
381,0.519919307328
382,0.351348883794
383,0.56392874776
384,0.5052754094
385,0.0
386,0.0
387,0.0
388,0.0
389,0.174060057055
390,0.436975742446
391,0.314101024545
392,0.0729556628408
393,0.138888741118
394,0.321028209723
395,0.22781617983
396,0.0928237785558
397,0.351851672599
398,0.330731652038
399,0.129888991793
400,0.0966217275751
401,0.296285225687
402,0.342757903631
403,0.474924392525
404,0.323085512394
405,0.20240666083
406,0.175088930859
407,0.456832216769
408,0.0964919148235
409,0.175540099964
410,0.46510479957
411,0.162402111414
412,0.0384194113455
413,0.0
414,0.0
415,0.19682403978
416,0.0497105872893
417,0.450559963996
418,0.103994892343
419,0.175211391385
420,0.236488422767
421,0.0224111683801
422,0.394061700711
423,0.135155036036
424,0.32927249727
425,0.0249764525484
426,0.343967557755
427,0.25653870422
428,0.0600647433828
429,0.199814661145
