site,dnds
1,0.0
2,0.0
3,0.0406290035206
4,0.236448593558
5,0.5310357504
6,0.708151718313
7,0.598751314121
8,0.673860750276
9,0.673406452504
10,0.461878407692
11,0.624349544997
12,0.501443618345
13,0.549600681783
14,0.563433124334
15,0.232973402647
16,0.0763543664297
17,0.168840259862
18,0.238220590746
19,0.128051098069
20,0.148925612257
21,0.0
22,0.305884090243
23,0.0
24,0.187900454278
25,0.15686983432
26,0.0778301163747
27,0.198630493983
28,0.0789412502591
29,0.272890130048
30,0.0550726754237
31,0.262306078336
32,0.00546129406696
33,0.0
34,0.379245723101
35,0.0
36,0.0
37,0.0
38,0.0
39,0.0
40,0.124926553826
41,0.342433502275
42,0.396533365038
43,0.522547111192
44,0.488796003976
45,0.54753202488
46,0.0359903475922
47,0.224388725593
48,0.338763167059
49,0.195220561721
50,0.0108892386077
51,0.136873161333
52,0.0
53,0.407330769107
54,0.252997585015
55,0.0636282365633
56,0.350478052927
57,0.48296553343
58,0.0
59,0.175715919439
60,0.100809875129
61,0.150065483783
62,0.395745921304
63,0.450311890834
64,0.42718816757
65,0.567772674328
66,0.388901230041
67,0.144818591414
68,0.237778307416
69,0.636648935658
70,0.298081247593
71,0.0
72,0.0
73,0.488839269679
74,0.593424979718
75,0.184189744055
76,0.558389901113
77,0.0
78,0.0
79,0.0
80,0.335792869751
81,0.110805112405
82,0.0584955562596
83,0.117715972177
84,0.119417715475
85,0.264766774727
86,0.252781566614
87,0.354712426664
88,0.398385377386
89,0.304031237418
90,0.184588439893
91,0.378379728817
92,0.207620568468
93,0.0
94,0.427206268432
95,0.163495721383
96,0.37473466621
97,0.601220128076
98,0.36855628664
99,0.287888462014
100,0.361908104916
101,0.467527634129
102,0.424437170136
103,0.233246504799
104,0.0
105,0.0
106,0.586222282519
107,0.454825132906
108,0.469075020047
109,0.291662770447
110,0.00262929229231
111,0.42715617223
112,0.28431746131
113,0.616841149333
114,0.260813319093
115,0.472210088827
116,0.377033956097
117,0.307784451164
118,0.25591695953
119,0.298042259128
120,0.197608204731
121,0.0
122,0.3146588156
123,0.2977004145
124,0.316752574908
125,0.536381776669
126,0.0543644847498
127,0.14606373098
128,0.353274153817
129,0.102874201006
130,0.493326459356
131,0.124758494803
132,0.262686097439
133,0.274241387529
134,0.136694043459
135,0.283993901047
136,0.1058630556
137,0.48635057574
138,0.342705614878
139,0.405589907221
140,0.201305009825
141,0.116598810555
142,0.196126617102
143,0.20085733256
144,0.142964323691
145,0.0
146,0.475116614627
147,0.28457054938
148,0.34196841873
149,0.4445220739
150,0.0
151,0.320576149822
152,0.211230935067
153,0.20722512835
154,0.450101925608
155,0.338145052052
156,0.627794963526
157,0.365302139747
158,0.519012243
159,0.100321263862
160,0.0
161,0.102994902063
162,0.126026760102
163,0.0547965852289
164,0.0849835623675
165,0.435291567594
166,0.0
167,0.266666666667
168,0.0
169,0.0
170,0.133303597186
171,0.0
172,0.0
173,0.0
174,0.418789036588
175,0.630492045634
176,0.326225858156
177,0.267703832847
178,0.248722846981
179,0.0341820040523
180,0.112336510818
181,0.31301681834
182,0.24222275388
183,0.0
184,0.0
185,0.163063309308
186,0.0206479638059
187,0.204692921263
188,0.242506384393
189,0.0970399286211
190,0.192583384682
191,0.0406853196458
192,0.326503454581
193,0.11063556003
194,0.301646531927
195,0.211493284143
196,0.0
197,0.543172032511
198,0.412989332809
199,0.622000454034
200,0.204557320427
201,0.180084394002
202,0.37860431394
203,0.627273595881
204,0.194023007056
205,0.466563045326
206,0.450650104355
207,0.613970314927
208,0.711141677756
209,0.0
210,0.200759278781
211,0.0229023397069
212,0.0
213,0.360669882289
214,0.592695368515
215,0.279742800515
216,0.0190990515453
217,0.628457382357
218,0.337989679127
219,0.515147235476
220,0.37888920413
221,0.203086253551
222,0.293574050166
223,0.191459357031
224,0.155701531311
225,0.110427535573
226,0.371352770135
227,0.247517667535
228,0.217733382523
229,0.225635017306
230,0.61161671842
231,0.379511925354
232,0.589105348418
233,0.691908292014
234,0.271216902928
235,0.141032114525
236,0.57128855449
237,0.0835283577619
238,0.282059372344
239,0.208963620718
240,0.557011537379
241,0.0
242,0.273938696929
243,0.24283595562
244,0.275395495779
245,0.605039414238
246,0.653468662056
247,0.185005962181
248,0.0944257676552
249,0.604659357749
250,0.771708004258
251,0.276628514975
252,0.618345638105
253,0.527652862763
254,0.578750428393
255,0.624361772733
256,0.802666715634
257,0.619341557957
258,0.444353331334
259,0.164162356807
260,0.387007229922
261,0.400918258815
262,0.147871398519
263,0.498908258331
264,0.528285935145
265,0.612679511195
266,0.466374189116
267,0.263148434344
268,0.47993625303
269,0.517815629434
270,0.318622819564
271,0.277882110126
272,0.63758332004
273,0.0
274,0.483679311532
275,0.305206480436
276,0.062667850983
277,0.419889259047
278,0.508920959575
279,0.707339958067
280,0.0
281,0.0
282,0.0
283,0.0
284,0.0
285,0.0
286,0.0
287,0.0
288,0.0
289,0.0
290,0.0
291,0.0
292,0.316936674141
293,0.179260104131
294,0.222804507
295,0.338362563134
296,0.178335113658
297,0.0830591879917
298,0.0
299,0.0353188624571
300,0.065788413426
301,0.186435163403
302,0.0305747792235
303,0.0583375132509
304,0.241287777821
305,0.067458348457
306,0.156175580095
307,0.336421236552
308,0.134386289972
309,0.142857142857
310,0.0
311,0.0991229132633
312,0.0608197662162
313,0.203088881797
314,0.523333879361
315,0.183389914027
316,0.286582155204
317,0.250436590848
318,0.132947525298
319,0.133989540752
320,0.0430281826388
321,0.584185435737
322,0.369313029344
323,0.230162124702
324,0.550867131377
325,0.414393522082
326,0.489042155818
327,0.237847093054
328,0.528009911355
329,0.00445883359961
330,0.351425446865
331,0.493943747925
332,0.578755046522
333,0.237596206449
334,0.252528241005
335,0.228851922743
336,0.448230202387
337,0.285535457085
338,0.483011105174
339,0.228073861966
340,0.431168896327
341,0.366921166936
342,0.220885593597
343,0.459449171008
344,0.33642928604
345,0.389135239958
346,0.349555965989
347,0.0779132726315
348,0.162951952632
349,0.529640194224
350,0.552795306805
351,0.0
352,0.0
353,0.0
354,0.0
355,0.0
356,0.0
357,0.0
358,0.0
359,0.0
360,0.0
361,0.0
362,0.0
363,0.0
364,0.0
365,0.0
366,0.0
367,0.0
368,0.0
369,0.501824250633
370,0.0121360012945
371,0.494974251756
372,0.0876196687705
373,0.489231276152
374,0.198078101483
375,0.298967450521
376,0.357773000048
377,0.415160641375
378,0.294171604434
379,0.0710710831708
380,0.0819561093123
381,0.528829977951
382,0.530818032254
383,0.129611541008
384,0.33245131645
385,0.616966813575
386,0.286137105221
387,0.201235631983
388,0.568746055277
389,0.167664102319
390,0.0
391,0.0
392,0.0
393,0.277760624461
394,0.374442981578
395,0.316514573801
396,0.59214523424
397,0.263020433041
398,0.487530076949
399,0.254693697359
400,0.572939697073
401,0.227544984538
402,0.510218403317
403,0.541275660887
404,0.303909897831
405,0.368039593082
406,0.34633856852
407,0.0999131071077
408,0.552545401798
409,0.0
410,0.0
411,0.0
412,0.0
413,0.0
414,0.0
415,0.0
416,0.0
417,0.0
418,0.0
419,0.0
420,0.0
421,0.0
422,0.0
423,0.0
424,0.32488206847
425,0.257242634776
426,0.202727543388
427,0.208158117853
428,0.483440470779
429,0.197992785539
430,0.560669580708
431,0.314186623178
432,0.343458058695
433,0.304194422641
434,0.384722145582
435,0.317427726703
436,0.388367914501
437,0.201852616765
438,0.544397296921
439,0.344136840201
440,0.748580617828
441,0.446837739439
442,0.345823194064
443,0.316688842917
444,0.784941477251
445,0.688593330742
446,0.420265454638
447,0.6421246747
448,0.502466889431
449,0.75866160834
450,0.821715447277
451,0.679572923188
452,0.564469695446
453,0.408934426952
454,0.644147628625
455,0.47383570055
456,0.387878958932
457,0.484812625293
458,0.449203822875
459,0.113165819667
460,0.085435033275
461,0.288765315983
462,0.199095161768
463,0.409648997327
464,0.376279007143
465,0.305543616267
466,0.195161397497
467,0.0315714659312
468,0.308264050713
469,0.421032446223
470,0.154304673742
471,0.195303859822
472,0.28332079722
473,0.421863535808
474,0.230714615571
475,0.00962473829927
476,0.362396087996
477,0.337402365209
478,0.125785143482
479,0.196279965831
480,0.357722119102
481,0.423723952553
482,0.0
483,0.0332173610372
484,0.627594823465
485,0.498688588025
486,0.499085825665
487,0.720731335942
488,0.092256871683
489,0.638472262994
490,0.616939278713
491,0.544918803996
492,0.185580127607
493,0.103758338041
494,0.442164649467
495,0.331567495226
496,0.316265799829
497,0.285895385561
498,0.445935668894
499,0.109725445818
500,0.168876890781
501,0.0853483628096
502,0.182965065846
503,0.0
504,0.493423325865
505,0.128287616407
506,0.165994826135
507,0.187186665905
508,0.131113354618
509,0.120477870033
510,0.235529366388
511,0.331019757459
512,0.505384694915
513,0.35603228036
514,0.616601103372
515,0.395733004969
516,0.374587081948
517,0.651687686682
518,0.352627821895
519,0.0
520,0.624684140643
521,0.462445541244
522,0.347910789627
523,0.582378928868
524,0.314243341299
525,0.371907590646
526,0.402994986787
527,0.461193099179
528,0.546685690722
529,0.44268767861
530,0.307511683481
531,0.750746142848
532,0.536399718953
533,0.414201920726
534,0.587785283871
535,0.410818187884
536,0.3762930973
537,0.522271185794
538,0.412660455512
539,0.26828360164
540,0.201175077575
541,0.47277161237
542,0.394583272953
543,0.1410228888
544,0.605721924654
545,0.514057256514
546,0.579795002208
547,0.536386263275
548,0.125
549,0.626345091612
550,0.291502717772
551,0.678771939668
552,0.601335603446
553,0.551459724399
554,0.389640178833
555,0.300313178171
556,0.526036528297
557,0.473685147827
558,0.352729234375
559,0.48728349463
560,0.419350923519
561,0.255932884769
562,0.134751935585
563,0.442139007086
564,0.396658953912
565,0.288946749693
566,0.564901858099
567,0.441275688139
568,0.285714285714
569,0.563782967382
570,0.657430420713
571,0.540927362987
572,0.0737209287469
573,0.372429868421
574,0.0665071525179
575,0.205910948999
576,0.400589131038
577,0.52770651033
578,0.351378812139
579,0.255159668998
580,0.452392904803
581,0.157002633118
582,0.212361301924
583,0.420787850498
584,0.231674141193
585,0.307403489934
586,0.119087588588
587,0.284681728397
588,0.49882200654
589,0.437714721378
590,0.18820575923
591,0.573636863649
592,0.592592731788
593,0.471787088295
594,0.538275016326
595,0.475055968713
596,0.174702414203
597,0.206159865313
598,0.376680794833
599,0.055055197035
600,0.0
601,0.362162486953
602,0.184794438809
603,0.547565269734
604,0.625154119079
605,0.269579050523
606,0.123656997331
607,0.0679393111129
608,0.511654547088
609,0.457070509109
610,0.678567458387
611,0.469477891168
612,0.432979001532
613,0.260613690605
614,0.333671152437
615,0.238574652944
616,0.0
617,0.0
618,0.0
619,0.0
620,0.0
621,0.0
622,0.0
623,0.0
624,0.0
625,0.0
626,0.0
627,0.0
628,0.0
629,0.0
630,0.0
631,0.0
632,0.0
633,0.0
634,0.0
635,0.0
636,0.0
637,0.0
638,0.0
639,0.0
640,0.0
641,0.0
642,0.0
643,0.0
644,0.0
645,0.0
646,0.0
647,0.0
648,0.0
649,0.0
650,0.0
651,0.0
652,0.0
653,0.0
654,0.0
655,0.602732838383
656,0.263294546076
657,0.494310734075
658,0.318359820592
659,0.616315280031
660,0.331992923502
661,0.336674362611
662,0.332945534857
663,0.0431769021747
664,0.516802588542
665,0.311975778137
666,0.300572177269
667,0.127302409246
668,0.636453624506
669,0.102058480573
670,0.0
671,0.0
672,0.0
673,0.430670133795
674,0.169816108712
675,0.0
676,0.1472903376
677,0.37967528528
678,0.379016717637
679,0.251305620867
680,0.395067485932
681,0.481184641226
682,0.507532635853
683,0.477691070508
684,0.47172204174
685,0.346197635198
686,0.406537758524
687,0.110429822625
688,0.565229331326
689,0.552677868817
690,0.508165222606
691,0.465588438463
692,0.367322005207
693,0.46449607729
694,0.534935429539
695,0.439241182157
696,0.421762734876
697,0.228629562193
698,0.400286957559
699,0.0309837368184
700,0.104882076992
701,0.144905058148
702,0.160802358498
703,0.0819610522972
704,0.382792839261
705,0.0391792409211
706,0.223894647346
707,0.474444117316
708,0.602581674457
709,0.431602727509
710,0.520835083274
711,0.337749901881
712,0.423108511414
713,0.307535195633
714,0.216455679057
715,0.420024082737
716,0.297206067396
717,0.473170725115
718,0.178542286398
719,0.0
720,0.260066268437
721,0.451638259314
722,0.206453524587
723,0.128393302715
724,0.138189802374
725,0.118182235381
726,0.412700052751
727,0.205394999076
728,0.12907911295
729,0.380724300907
730,0.341655929067
731,0.295501140982
732,0.172012179206
733,0.325320964671
734,0.589419279605
735,0.155653963727
736,0.256154346148
737,0.684204535355
738,0.577632435536
739,0.401067464327
740,0.0690792804815
741,0.627932498952
742,0.220143944696
743,0.592727318198
744,0.140379222153
745,0.31387875488
746,0.0631255440583
747,0.507629031777
748,0.540960472744
749,0.0840178400679
750,0.333283545748
751,0.50132866572
752,0.495056665138
753,0.620482627123
754,0.230227135654
755,0.565526355573
756,0.0
757,0.0
758,0.0
759,0.642226222998
760,0.591465466635
761,0.32005788131
762,0.302749004776
763,0.509394244336
764,0.374817914887
765,0.433479409574
766,0.350277060137
767,0.570884871394
768,0.419852780679
769,0.24900541543
770,0.428964652503
771,0.258777882971
772,0.499967243731
773,0.0445383360271
774,0.170212765957
775,0.0
776,0.0
777,0.0
778,0.408413502166
779,0.660464612164
780,0.337653403661
781,0.466718427194
782,0.435510959996
783,0.532405843554
784,0.0
785,0.443548236163
786,0.659824812453
787,0.351883822835
788,0.417701705175
789,0.420431456075
790,0.587249114298
791,0.272449962735
792,0.41383608568
793,0.684705388054
794,0.170359716767
795,0.192415022598
796,0.731852366487
797,0.623705381322
798,0.579054191316
799,0.539102323157
800,0.446407857336
801,0.100374337072
802,0.268315037636
803,0.0
804,0.489268045463
805,0.418125503804
806,0.210850429158
807,0.307568748768
808,0.520766226441
809,0.165599870444
810,0.265959661855
811,0.159443863719
812,0.440342246218
813,0.600913722019
814,0.586378353663
815,0.387390105669
816,0.245767248403
817,0.242325253365
818,0.181202118107
819,0.0
820,0.0776015432084
821,0.369350328198
822,0.150328977809
823,0.170395517953
824,0.03144687875
825,0.260593879479
826,0.173425641064
827,0.0742647746473
828,0.741299805042
829,0.531612000426
830,0.566543944284
831,0.158886432461
832,0.0
833,0.0
834,0.0
835,0.0
836,0.0
837,0.0
838,0.0
839,0.0
840,0.0
841,0.0
842,0.0
843,0.0
844,0.0
845,0.0
846,0.0
847,0.0
848,0.0
849,0.0
850,0.0
851,0.0
852,0.44898602633
853,0.16578356211
854,0.279036921487
855,0.0636116099449
856,0.1288275418
857,0.172237917961
858,0.0573705740685
859,0.528891835648
860,0.486978116268
861,0.180048894882
862,0.0876778718406
863,0.170484436321
864,0.153292890371
865,0.36128259074
866,0.0514192740421
867,0.420910095158
868,0.582305162208
869,0.17742808925
870,0.0849330760685
871,0.132787400843
872,0.0579853121259
873,0.320433578529
874,0.0
875,0.289688858591
876,0.0777473942735
877,0.306946218913
878,0.259501438912
879,0.118411436069
880,0.603370589306
881,0.354250082737
882,0.441800771285
883,0.28483570102
884,0.13944543863
885,0.235727448589
886,0.0047532048756
887,0.265492392634
888,0.152592085935
889,0.294153333348
890,0.248406963201
891,0.253797966707
892,0.35588735652
893,0.00380239379568
894,0.407664626315
895,0.0932928402068
896,0.0
897,0.163847337377
898,0.244182244919
899,0.173400130417
900,0.245601070772
901,0.583780437735
902,0.187161708919
903,0.313265916337
904,0.493872631989
905,0.486991493173
906,0.198011055141
907,0.554743725939
