site,dnds
1,0.0
2,0.0
3,0.0
4,0.0
5,0.0
6,0.0
7,0.00788528539551
8,0.0151671842536
9,0.0
10,0.0
11,0.0
12,0.166666666667
13,0.476485413754
14,0.200168761171
15,0.284220967883
16,0.16276514175
17,0.371075604149
18,0.539402864695
19,0.295293476126
20,0.335234935384
21,0.284675647996
22,0.199290658518
23,0.292318312832
24,0.0546859856725
25,0.417699678055
26,0.498662765134
27,0.370985878759
28,0.303514321077
29,0.309104280402
30,0.135137058612
31,0.664465363272
32,0.546692204994
33,0.232848982625
34,0.290785884436
35,0.236280287672
36,0.111943615244
37,0.261734057973
38,0.256506492881
39,0.190109521992
40,0.340537884667
41,0.323084934102
42,0.403663481168
43,0.12355012435
44,0.37577893939
45,0.172851272716
46,0.599769416948
47,0.464834199487
48,0.208631792505
49,0.209168925741
50,0.197824222425
51,0.146813782056
52,0.0
53,0.133733886408
54,0.231452985389
55,0.30260575557
56,0.202431293589
57,0.370575996833
58,0.558944985486
59,0.328586793637
60,0.334638161458
61,0.478609139853
62,0.0169556878792
63,0.313144761009
64,0.0026525198939
65,0.0
66,0.363457254189
67,0.183183287424
68,0.47786939046
69,0.214604306103
70,0.629100553023
71,0.346652627452
72,0.482343075292
73,0.368152351063
74,0.56386796398
75,0.498521222566
76,0.391844019653
77,0.310156451344
78,0.526802373864
79,0.308046055043
80,0.611040408944
81,0.397850960036
82,0.235687580234
83,0.215424438171
84,0.254062645919
85,0.103497964451
86,0.245833007559
87,0.218985501756
88,0.210139791108
89,0.326575391506
90,0.400640972118
91,0.248891769805
92,0.436678061963
93,0.746756237943
94,0.308781611748
95,0.264150943396
96,0.075625445738
97,0.117459483773
98,0.0
99,0.253007094349
100,0.275643879237
101,0.150501971605
102,0.0676319415419
103,0.0729628611116
104,0.398919303749
105,0.596366351606
106,0.545991037908
107,0.563668836594
108,0.695799271601
109,0.317758998151
110,0.549174923292
111,0.378997492858
112,0.613346309449
113,0.188761845798
114,0.399946276607
115,0.419367167362
116,0.516086054413
117,0.338315312387
118,0.472621794389
119,0.297320266306
120,0.635937562144
121,0.49953647878
122,0.285827456502
123,0.452203721059
124,0.448155835523
125,0.199337595024
126,0.272976101627
127,0.234180795144
128,0.304458398382
129,0.245681718228
130,0.527385460761
131,0.482922835911
132,0.444656009138
133,0.286019207064
134,0.0
135,0.0
136,0.33624996807
137,0.442597231398
138,0.160213333282
139,0.220159566933
140,0.30589883358
141,0.25743856049
142,0.0886843077396
143,0.165905179853
144,0.102096498522
145,0.204102518642
146,0.227885280284
147,0.414303200328
148,0.282728707637
149,0.29464248528
150,0.071092018519
151,0.148195307543
152,0.123213979661
153,0.160403779032
154,0.0698971946783
155,0.292835141167
156,0.0
157,0.102347400314
158,0.0489003145457
159,0.135155036036
160,0.0246358546699
161,0.128212195248
162,0.0396084103177
163,0.0704149516759
164,0.08664339757
165,0.211333329075
166,0.0
167,0.0
168,0.16457989752
169,0.0
170,0.0
171,0.126762956385
172,0.0
173,0.233537542146
174,0.0
175,0.252830987981
176,0.305133520774
177,0.179365271619
178,0.0
179,0.302212152222
180,0.176772188203
181,0.125955549019
182,0.484009173934
183,0.536701011326
184,0.409778567666
185,0.533357284911
186,0.667261432261
187,0.564237870032
188,0.610650917392
189,0.542337121953
190,0.586156229144
191,0.69006872791
192,0.455578069856
193,0.503093809594
194,0.600881839804
195,0.316346618115
196,0.454266594398
197,0.479414807872
198,0.295530074707
199,0.477697787974
200,0.417893797001
201,0.587633043439
202,0.433656285659
203,0.334497252158
204,0.442216166805
205,0.46926842809
206,0.360948703776
207,0.460377944631
208,0.628681444127
209,0.450650451902
210,0.270008991118
211,0.279797396171
212,0.482248896075
213,0.471012241017
214,0.543041978218
215,0.650917766711
216,0.370022274492
217,0.271326458359
218,0.611153044418
219,0.3550893585
220,0.0495105128971
221,0.184422293276
222,0.084657359028
223,0.236566504604
224,0.157502063308
225,0.455333381055
226,0.269730632793
227,0.34495405044
228,0.368142832653
229,0.205259224054
230,0.52001511866
231,0.383021792639
232,0.239772301656
233,0.109861228867
234,0.122063654438
235,0.441046278035
236,0.296905643096
237,0.293361336911
238,0.440215875388
239,0.371149905101
240,0.011388251177
241,0.414298509307
242,0.325319322067
243,0.313745174328
244,0.153448739053
245,0.283511127358
246,0.700003069264
247,0.264359191754
248,0.20999211125
249,0.00597738696773
250,0.134531809501
251,0.0136005644366
252,0.00944597234282
253,0.164247470264
254,0.319048822667
255,0.36431304561
256,0.414124919078
257,0.457182885178
258,0.56151902126
259,0.693021201351
260,0.410996459002
261,0.0
262,0.0
263,0.321249297811
264,0.585340057623
265,0.254414071827
266,0.0503968594076
267,0.443159646421
268,0.1932794402
269,0.459792001046
270,0.0382264292383
271,0.254028918968
272,0.0
273,0.288797972092
274,0.175808076237
275,0.0
276,0.383761679968
277,0.162062882258
278,0.0640144142277
279,0.553362400696
280,0.168769204002
281,0.120948141872
282,0.153846153846
283,0.0680500880741
284,0.406387243681
285,0.132870101617
286,0.128677812398
287,0.289135472747
288,0.228977315557
289,0.392321350666
290,0.267913752366
291,0.325273558547
292,0.153702961875
293,0.320146629971
294,0.018835871104
295,0.00894273700995
296,0.331119178379
