site,dnds
1,0.0
2,0.0902969004385
3,0.1
4,0.112581224923
5,0.357582566141
6,0.253489139924
7,0.279283113661
8,0.498656320301
9,0.512198651654
10,0.637743156511
11,0.636860391088
12,0.593689915572
13,0.656200102324
14,0.552751422848
15,0.539694986021
16,0.356057525024
17,0.240063116864
18,0.410584382251
19,0.262527265572
20,0.219906927636
21,0.221505505144
22,0.137326536084
23,0.0915187902669
24,0.117309121543
25,0.126850464416
26,0.17251537105
27,0.465676917865
28,0.115573593076
29,0.541257621055
30,0.629418624356
31,0.652145595353
32,0.735052910936
33,0.343924795433
34,0.776527801768
35,0.15392247096
36,0.139787020541
37,0.0
38,0.0519029427717
39,0.0772314491635
40,0.260869565217
41,0.663090554394
42,0.456938812722
43,0.0
44,0.0
45,0.0
46,0.169014084507
47,0.0
48,0.314687119669
49,0.297495696636
50,0.270128592951
51,0.209251979037
52,0.218450168044
53,0.222491687587
54,0.287775442138
55,0.281478032678
56,0.513586299408
57,0.467043550642
58,0.286334958592
59,0.291035396899
60,0.52774318978
61,0.310831327489
62,0.242870138855
63,0.465731577931
64,0.605714261335
65,0.377584006293
66,0.120891910413
67,0.300198787387
68,0.0663881705658
69,0.0945042828962
70,0.190992601206
71,0.0813786880495
72,0.0
73,0.668930316448
74,0.619756609181
75,0.089725686388
76,0.570024092028
77,0.701652855735
78,0.453050556825
79,0.617696512618
80,0.285498226946
81,0.241555377999
82,0.67441854718
83,0.36194222515
84,0.340028581727
85,0.689537510012
86,0.259303660411
87,0.21578022128
88,0.246879891495
89,0.248323905416
90,0.256427189779
91,0.333445956296
92,0.658586465529
93,0.528353140026
94,0.557237640629
95,0.272572523823
96,0.315670564222
97,0.407369000093
98,0.447730863831
99,0.193586901183
100,0.44398368133
101,0.507662972618
102,0.609357490954
103,0.107444552445
104,0.667378721447
105,0.576539178479
106,0.483422981066
107,0.446097736856
108,0.281185711983
109,0.0
110,0.0
111,0.0
112,0.0
113,0.0
114,0.0
115,0.0
116,0.0
117,0.0
118,0.0
119,0.0
120,0.0
121,0.0
122,0.0
123,0.0
124,0.528174455099
125,0.602761632945
126,0.176651496914
127,0.0
128,0.0
129,0.0
130,0.0
131,0.0
132,0.0
133,0.0
134,0.0
135,0.0
136,0.0
137,0.0
138,0.0
139,0.0
140,0.0
141,0.0
142,0.0
143,0.0
144,0.0
145,0.0
146,0.0
147,0.0
148,0.0
149,0.108124028829
150,0.1087289695
151,0.0902969004385
152,0.0
153,0.0
154,0.166666666667
155,0.0
156,0.1266375922
157,0.199926972037
158,0.386121139836
159,0.267299866332
160,0.476721973873
161,0.39216046442
162,0.415007282457
163,0.624013952271
164,0.290348418345
165,0.551946266021
166,0.55657690843
167,0.522088383538
168,0.663285092415
169,0.581059058643
170,0.547649607815
171,0.566333966454
172,0.481132677086
173,0.233832783803
174,0.41069287375
175,0.279596807999
176,0.676209982704
177,0.603684787859
178,0.419686122736
179,0.540203423289
180,0.265020009326
181,0.39956274112
182,0.492381931087
183,0.323426429824
184,0.442022507451
185,0.0128629417509
186,0.206850948633
187,0.605142505228
188,0.765435827486
189,0.0
190,0.0
191,0.256583596223
192,0.28957915039
193,0.263314083922
194,0.516598233467
195,0.36795853779
196,0.0
197,0.0
198,0.0
199,0.0
200,0.0
201,0.0
202,0.1
203,0.30740398611
204,0.251667998136
205,0.411499436501
206,0.140756735558
207,0.304712947578
208,0.286059244662
209,0.306305301118
210,0.583388143127
211,0.542775657368
212,0.718730910116
213,0.762682125919
214,0.624045936634
215,0.707938209219
216,0.753843380417
217,0.397361727244
218,0.208832838619
219,0.617075929118
220,0.572558935586
221,0.563020318691
222,0.566610980812
223,0.381789152679
224,0.607296824431
225,0.43822980108
226,0.168567377451
227,0.138755551074
228,0.179039520365
229,0.591894103444
230,0.439966912388
231,0.55188516948
232,0.517740677834
233,0.590257574761
234,0.588572319171
235,0.629664930316
236,0.764841599683
237,0.591159902781
238,0.689835189336
239,0.558719238876
240,0.244204836025
241,0.156276362799
242,0.096518335622
243,0.262533625077
244,0.222481104557
245,0.0440093447975
246,0.0952380952381
247,0.199955395779
248,0.0
249,0.0
250,0.476725814066
251,0.395710910992
252,0.111239460413
253,0.40184755362
254,0.37609811928
255,0.178114578645
256,0.523739408341
257,0.665087838454
258,0.517352264122
259,0.106579116552
260,0.124161952708
261,0.216716534879
262,0.200677286134
263,0.420537970521
264,0.104883481126
265,0.401496713992
266,0.453113300014
267,0.311161120474
268,0.464252433985
269,0.317667933926
270,0.492267927455
271,0.403070080077
272,0.0959721665739
273,0.573591152393
274,0.470683920677
275,0.242109058766
276,0.49289314954
277,0.598357125109
278,0.524513330811
279,0.405249184827
280,0.0
281,0.0
282,0.0
283,0.0
284,0.0
285,0.0
286,0.0
287,0.0
288,0.0
289,0.0
290,0.0
291,0.170212765957
292,0.0
293,0.142857142857
294,0.0
295,0.0544331990652
296,0.402388491026
297,0.516268253702
298,0.546508549119
299,0.198358772963
300,0.389285084574
301,0.0398387571896
302,0.263127948899
303,0.363009256434
304,0.229981638666
305,0.315959141331
306,0.756499079425
307,0.544430781975
308,0.190476190476
309,0.0
310,0.0436628145235
311,0.0
312,0.100321263862
313,0.697834570214
314,0.634392233127
315,0.443185067559
316,0.384877812221
317,0.477018699241
318,0.40122025286
319,0.462134731147
320,0.466689569253
321,0.4085072674
322,0.316346680127
323,0.396291502105
324,0.671994190826
325,0.509658745036
326,0.843471590303
327,0.702191083097
328,0.720961896583
329,0.739318963783
330,0.499928188269
331,0.343654331442
332,0.0251475013225
333,0.0803648904997
334,0.522949285592
335,0.467192749202
336,0.351977319527
337,0.0785404334135
338,0.0086025986718
339,0.444956596832
340,0.346455308378
341,0.37305645921
342,0.0
343,0.724142500681
344,0.381016591634
345,0.641302920581
346,0.533718804498
347,0.372911913382
348,0.394341298635
349,0.666696815696
350,0.743570544868
351,0.417367512956
352,0.370488722841
353,0.363490845541
354,0.151232177519
355,0.447888346576
356,0.491842103064
357,0.645630915841
358,0.205417969414
359,0.528366110544
360,0.544601324532
361,0.549530088691
362,0.796718832113
363,0.606117148129
364,0.538359424653
365,0.546989086357
366,0.484516953056
367,0.508554794351
368,0.520296251907
369,0.67289166426
370,0.272746963056
371,0.386536611627
372,0.363545892271
373,0.0567686168468
374,0.236195734415
375,0.0
376,0.106666666667
377,0.0952380952381
378,0.0909090909091
379,0.0
380,0.285001853796
381,0.251505914816
382,0.206355323334
383,0.201191101452
384,0.203787112896
385,0.24856424245
386,0.138430351086
387,0.230572139868
388,0.294040422329
389,0.0707855592781
390,0.126026760102
391,0.0577622650467
392,0.0
393,0.0
394,0.0535908433497
395,0.15392247096
396,0.157188530445
397,0.0
398,0.148015095442
399,0.128988884385
400,0.214024420443
401,0.242659416188
402,0.27194278852
403,0.33851035793
404,0.185239630057
405,0.255569385745
406,0.287836973552
407,0.173787025246
408,0.160768461519
409,0.0377358490566
410,0.192720989318
411,0.218038420682
412,0.617069947797
413,0.489991216812
414,0.680167470808
415,0.462381642862
416,0.779462478863
417,0.857263046732
418,0.371168458446
419,0.0
420,0.0
421,0.0
422,0.0
423,0.0
424,0.0
425,0.0
426,0.0
427,0.0
428,0.0
429,0.0
430,0.0
431,0.0
432,0.0
433,0.0
434,0.0
435,0.0
436,0.0
437,0.0
438,0.0
439,0.0
440,0.0
441,0.0
442,0.0
443,0.0
444,0.0
445,0.0
446,0.0
447,0.0
448,0.0
449,0.0
450,0.0
451,0.0
452,0.0
453,0.0
454,0.0
455,0.0
456,0.7963530528
457,0.0353736445539
458,0.462833797199
459,0.517406764002
460,0.638777326474
461,0.323097915377
462,0.338494661683
463,0.323275816557
464,0.224299065421
465,0.328465471665
466,0.675624131354
467,0.21610116082
468,0.622664224586
469,0.509341118478
470,0.534968166352
471,0.403235009038
472,0.224364751871
473,0.397693792946
474,0.522181595505
475,0.590029206532
476,0.651491514293
477,0.599208379945
478,0.551484549296
479,0.511619190703
480,0.453160366924
481,0.714521961798
482,0.681766915111
483,0.463895836562
484,0.500327199174
485,0.702478880911
486,0.366080443763
487,0.709606789636
488,0.602556182361
489,0.705133548722
490,0.576715297296
491,0.625711636993
492,0.817375293393
493,0.61246068462
494,0.731198978448
495,0.520907018799
496,0.742497766836
497,0.6111425254
498,0.66718752968
499,0.604483845892
500,0.768311755976
501,0.69518165251
502,0.650384205858
503,0.697498194714
504,0.477425128258
505,0.309830022276
506,0.330930815493
507,0.20960710906
508,0.304949074854
509,0.14006700535
510,0.296941346606
511,0.126600156989
512,0.503212220139
513,0.517710749343
514,0.384977349315
515,0.559214025537
516,0.586031933078
517,0.58311830866
518,0.169819474986
519,0.544113732783
520,0.45029403402
521,0.451118893612
522,0.537959877541
523,0.333698058089
524,0.245243621783
525,0.618258026939
526,0.705255314465
527,0.412674475516
528,0.502109991885
529,0.292639615548
530,0.617393900483
531,0.371370766933
532,0.698165300994
533,0.488736893461
534,0.790480090981
535,0.652283335192
536,0.673565569871
537,0.785472251994
538,0.69943711295
539,0.700658904671
540,0.618412574296
541,0.512216031806
542,0.721554677043
543,0.598334110841
544,0.334541113897
545,0.709686899203
546,0.530174007397
547,0.528807417739
548,0.66871380417
549,0.673889397678
550,0.743420542057
551,0.365890709396
552,0.418609186933
553,0.376595667474
554,0.623518987704
555,0.516063100523
556,0.665614675777
557,0.585500938476
558,0.106638027778
559,0.0538366742182
560,0.069314718056
561,0.0
562,0.0
563,0.0
564,0.0
565,0.0897599468814
566,0.0723284014497
567,0.100840336134
568,0.0833333333333
569,0.0759613348559
570,0.0704895437858
571,0.0
572,0.0
573,0.272727272727
574,0.156202181535
575,0.15392247096
576,0.0952380952381
577,0.0729628611116
578,0.736175279193
579,0.450734901206
580,0.783026217046
581,0.138275930893
582,0.0797636278246
583,0.0
584,0.0
585,0.260869565217
586,0.153294737954
587,0.0575539568345
588,0.602901334087
589,0.647670068948
590,0.522672765184
591,0.0858766418393
592,0.364541824663
593,0.585238930693
594,0.120725154104
595,0.16503504299
596,0.0551758949699
597,0.211718345345
598,0.192407063665
599,0.287864402855
600,0.211475854915
601,0.293269901069
602,0.199111264445
603,0.411703439496
604,0.0824523870896
605,0.61479991289
606,0.487277041001
607,0.57794244848
608,0.517412199905
609,0.444959310228
610,0.194235258999
611,0.655324237847
612,0.100729089828
613,0.0
614,0.0
615,0.0
616,0.0
617,0.0
618,0.0
619,0.0
620,0.0
621,0.0
622,0.00920312809691
623,0.114757098444
624,0.500949768846
625,0.139681759731
626,0.294040422329
627,0.149750791987
628,0.302212152222
629,0.0
630,0.220004693744
631,0.0782388351955
632,0.081029564667
633,0.230893301182
634,0.0878889830934
635,0.0867325491054
636,0.071092018519
637,0.0
638,0.0588542297501
639,0.149164700507
640,0.0831723298683
641,0.210999654244
642,0.345355295796
643,0.130008336255
644,0.513660569953
645,0.411492557292
646,0.581791588394
647,0.635809999315
648,0.593072148517
649,0.192847111983
650,0.510527051796
651,0.75049593409
652,0.28429183306
653,0.468056133667
654,0.444612099052
655,0.628054736196
656,0.501118761586
657,0.603203525734
658,0.45042937617
659,0.420989237082
660,0.283057411526
661,0.352349037463
662,0.316067923656
663,0.304730512636
664,0.286665450434
665,0.294376845471
666,0.379952808813
667,0.872752181091
668,0.699813291267
669,0.551707729844
670,0.730656420012
671,0.688266521804
672,0.810296198927
673,0.399932330815
674,0.573332184346
675,0.442481921052
676,0.802361611461
677,0.677128131983
678,0.448386112052
679,0.623300723222
680,0.49046456498
681,0.505102252601
682,0.386364492181
683,0.241620389292
684,0.2317018112
685,0.396380363299
686,0.272416645274
687,0.151857880397
688,0.122774457351
689,0.265948320244
690,0.513982025863
691,0.794246734453
692,0.740410051214
693,0.583062735159
694,0.370671877167
695,0.260820525872
696,0.585844568047
697,0.430966805323
698,0.594671296856
699,0.491362795133
700,0.484854620188
701,0.438954671951
702,0.0
703,0.635403163793
704,0.491426221525
705,0.286200099644
706,0.121278706855
707,0.139914176444
708,0.624684681833
709,0.217092184003
710,0.241210698552
711,0.0
712,0.0
713,0.0
714,0.126026760102
715,0.0573189020175
716,0.254062014414
717,0.300433321139
718,0.218075190371
719,0.552693661033
720,0.374394009609
721,0.505989467347
722,0.341760011437
723,0.453762276878
724,0.131027687193
725,0.103481726641
726,0.164337387114
727,0.211934237861
728,0.326924932444
729,0.227967238196
730,0.751204957387
731,0.823369526169
732,0.69259021966
733,0.449595775084
734,0.425310686357
735,0.539531622855
736,0.685185398682
737,0.439918744734
738,0.528715943506
739,0.392133308596
740,0.112394601874
741,0.687326763282
742,0.467112220957
743,0.595732195006
744,0.55863276853
745,0.483653700902
746,0.0
747,0.20924517638
748,0.482167995566
749,0.670674083148
750,0.0
751,0.0
752,0.0
753,0.0701921195504
754,0.303967657685
755,0.128868767119
756,0.351732763023
757,0.272932814647
758,0.440406231136
759,0.145647771384
760,0.399096735983
761,0.0223835607976
762,0.15694720662
763,0.0
764,0.0
765,0.0
766,0.0
767,0.356195920715
768,0.472315812517
769,0.347813955968
770,0.561012672513
771,0.465768898422
772,0.328650743758
773,0.493873833063
774,0.407609079679
775,0.509470394283
776,0.73582812303
777,0.393734487892
778,0.318889695767
779,0.0249733736421
780,0.243192977714
781,0.164124440575
782,0.0
783,0.0
784,0.0712613376433
785,0.0
786,0.25635657948
787,0.0
788,0.0
789,0.281808273046
790,0.225352112676
791,0.34681566947
792,0.292419624075
793,0.172011543573
794,0.0827638424549
795,0.415584415584
796,0.178089544475
797,0.151922669712
798,0.230183184895
799,0.252791927607
800,0.236932680482
801,0.25952291275
802,0.661040870385
803,0.623344275369
804,0.634898053748
805,0.0935470976773
806,0.197576850219
807,0.159197904266
808,0.251818657725
809,0.356899487703
810,0.396921031407
811,0.122545161078
812,0.204348380775
813,0.677628367373
814,0.638124632654
815,0.874585296648
816,0.634539710901
817,0.566352323315
818,0.410595855771
819,0.706604434166
820,0.756506999899
821,0.522969589691
822,0.413940908542
823,0.707426665691
824,0.708121061365
825,0.424678548366
826,0.676327950632
827,0.672259060676
828,0.776679856464
829,0.582388263931
830,0.534919283386
831,0.0
832,0.093023255814
833,0.0
834,0.190476190476
835,0.326389817939
836,0.683592825835
837,0.768856107289
838,0.749467614658
839,0.821320676018
840,0.699499445183
841,0.590977633131
842,0.725858856825
843,0.75730041626
844,0.853798056906
845,0.658146385226
846,0.569298562677
847,0.568611479768
848,0.59409906443
849,0.340353226174
850,0.42388065599
851,0.564418198815
852,0.128930236692
853,0.555770990901
854,0.280204237335
855,0.149785294526
856,0.434593540743
857,0.603790436143
858,0.62175543598
859,0.627035807258
860,0.38954911849
861,0.420167301769
862,0.622903262351
863,0.639991576045
864,0.430311248108
865,0.583640402416
866,0.634560499657
867,0.686843097955
868,0.652286582438
869,0.700563440318
870,0.612691593903
871,0.719479142691
872,0.771581944522
873,0.695449430346
874,0.729992233467
875,0.62972155593
876,0.577870076449
877,0.753052372732
878,0.497871846583
879,0.490769230067
880,0.47026077973
881,0.545635987956
882,0.361794991848
883,0.399973025928
884,0.202524516788
885,0.439443119766
886,0.146142143949
887,0.329646579591
888,0.169559183198
889,0.259226272404
890,0.379929944952
891,0.20749203997
892,0.547600533437
893,0.172906456953
894,0.0205376942388
895,0.48840936653
896,0.595190529602
897,0.615840422808
898,0.678678506219
899,0.476552334467
900,0.695515203374
901,0.498209867699
902,0.7202410447
903,0.168156737515
904,0.19512195122
905,0.15392247096
906,0.0857629642374
907,0.166896666272
908,0.190346603807
909,0.194894639489
910,0.238093522127
911,0.0648744172973
912,0.299334602174
913,0.281259397317
914,0.284340318017
915,0.21401339198
916,0.363612278479
917,0.162945909489
918,0.63773356691
919,0.601344089952
920,0.652904271504
921,0.659292227862
922,0.386594257458
923,0.665576560301
924,0.416578845518
925,0.521619424215
926,0.0351304114131
927,0.0397538489306
928,0.0369772933914
929,0.329885840868
930,0.460180433583
931,0.639441111325
932,0.211547012926
933,0.169014084507
934,0.0
935,0.0
936,0.0
937,0.133303597186
938,0.0571428571429
939,0.0902969004385
940,0.141031341951
941,0.0
942,0.0
943,0.0
944,0.166666666667
945,0.0
946,0.133303597186
947,0.0616130827164
948,0.0
949,0.0
950,0.0
951,0.0
952,0.0
953,0.0544766424133
954,0.0
955,0.0693584310669
956,0.0604740709359
957,0.0
958,0.238629436112
959,0.454358051334
960,0.534602412982
961,0.749920992608
962,0.685552096967
963,0.73645061332
964,0.337072314583
965,0.316575390696
966,0.275795053276
967,0.244062334407
968,0.368386377228
969,0.407956517582
970,0.43285261274
971,0.225369755764
972,0.200433564672
973,0.262480961567
974,0.229677999412
975,0.658300202921
976,0.538997355972
977,0.490348954348
978,0.8266747317
979,0.709126126411
980,0.77626281894
981,0.648404305103
982,0.606641516366
983,0.703608278585
984,0.551108756679
985,0.579297442653
986,0.708796070025
987,0.60451331834
988,0.42233372018
989,0.516889782223
990,0.694161301146
991,0.726857823294
992,0.714276311408
993,0.789365648952
994,0.638069067773
995,0.799621773583
996,0.625916384383
997,0.704326576261
998,0.629981156399
999,0.728056736951
1000,0.782242231617
1001,0.658304326134
1002,0.699718981441
1003,0.845707809661
1004,0.547827492412
1005,0.667289318388
1006,0.524073326933
1007,0.528455945963
1008,0.595583744949
1009,0.705664196694
1010,0.536007905372
1011,0.668103923725
1012,0.602103425088
1013,0.670962114491
1014,0.251130941788
1015,0.640084378044
1016,0.434984471968
1017,0.601868851502
1018,0.604652010711
1019,0.747952862402
1020,0.438606074094
1021,0.722477799816
1022,0.794723071832
1023,0.509911788158
1024,0.403744164359
1025,0.445060170222
1026,0.518691016864
1027,0.649588845349
1028,0.501901685007
1029,0.495186976765
1030,0.527278619686
1031,0.406906703558
1032,0.326085129864
1033,0.565934018006
1034,0.508151358535
1035,0.647431929663
1036,0.386930183261
1037,0.553112001157
1038,0.557559445751
1039,0.532997784064
1040,0.45392236354
1041,0.572652541035
1042,0.254507423359
1043,0.549850138719
1044,0.648023523326
1045,0.563003238895
1046,0.767747847037
1047,0.812581141137
1048,0.740802138367
1049,0.680460541
1050,0.384769896137
1051,0.382490483371
1052,0.506179382023
1053,0.201997567396
1054,0.638242426574
1055,0.550063446621
1056,0.616363416773
1057,0.697055691109
1058,0.457641062705
1059,0.443109273567
1060,0.528989212603
1061,0.276341356232
1062,0.602183579235
1063,0.667087396527
1064,0.503469286885
1065,0.705240773082
1066,0.649704540584
1067,0.48999372744
1068,0.347649570968
1069,0.437249446655
1070,0.640131957773
1071,0.279675025532
1072,0.488468034704
1073,0.673131482742
1074,0.685850364936
1075,0.581968827372
1076,0.514240381575
1077,0.480558086522
1078,0.55940512327
1079,0.660610109676
1080,0.578323911465
1081,0.649884254325
1082,0.562177382334
1083,0.499289020695
1084,0.470332370231
1085,0.359660017167
1086,0.500629792953
1087,0.351908046962
1088,0.199462589094
1089,0.413130133837
1090,0.390896222862
1091,0.261184352187
1092,0.34127619839
1093,0.199619846169
1094,0.266186367283
1095,0.0
1096,0.3740571684
1097,0.154699067438
1098,0.0731316273378
1099,0.125347518022
1100,0.1087289695
1101,0.0
1102,0.0
1103,0.0
1104,0.0
1105,0.0
