site,dnds
1,0.0
2,0.0215453594255
3,0.837052847624
4,0.450752189538
5,0.540244699274
6,0.213418198848
7,0.0207933784596
8,0.58182898197
9,0.242347629927
10,0.00683837791787
11,0.268439790223
12,0.0812304015535
13,0.148859317926
14,0.126004241118
15,0.122125920223
16,0.277771809356
17,0.0548110673946
18,0.178782137775
19,0.0800028355855
20,0.130396963903
21,0.494976725017
22,0.233306492747
23,0.0344220191173
24,0.107855880039
25,0.0023844608796
26,0.284535118072
27,0.347363095503
28,0.0492017123386
29,0.565669228417
30,0.444652198057
31,0.0676526350194
32,0.182304174937
33,0.538059244183
34,0.0
35,0.267219131578
36,0.0769440799263
37,0.149781938802
38,0.0519684444341
39,0.429288042116
40,0.554806511467
41,0.34995001746
42,0.276443344428
43,0.0818460126023
44,0.499734177953
45,0.328384128145
46,0.0
47,0.00544721197969
48,0.301559205332
49,0.102606902219
50,0.0
51,0.268017719821
52,0.210064552275
53,0.196492207501
54,0.155312536092
55,0.374373344307
56,0.242286820662
57,0.525627557013
58,0.335465062774
59,0.147928797569
60,0.255109810332
61,0.0
62,0.249304333098
63,0.0
64,0.0100197890287
65,0.0
66,0.0192557547474
67,0.132776341132
68,0.0905566627899
69,0.280542713092
70,0.330387982558
71,0.00429408821117
72,0.254726222835
73,0.209063118655
74,0.0183846350797
75,0.0380872051323
76,0.00949860393532
77,0.2418379172
78,0.311388177628
79,0.323616192924
80,0.0834407759684
81,0.0587636049083
82,0.357509897493
83,0.391708599145
84,0.779987276766
85,0.16790886628
86,0.525250229218
87,0.509154906382
88,0.518055928443
89,0.175045972154
90,0.259570484322
91,0.171273353847
92,0.305386583899
93,0.242424242424
94,0.627802268911
95,0.643556031676
96,0.59713895718
97,0.0
98,0.0
99,0.0
100,0.0
101,0.0
102,0.0
103,0.328100795387
104,0.479407742009
105,0.508840476996
106,0.653703034544
107,0.34485960503
108,0.668773913151
109,0.686418597826
110,0.486029970017
111,0.68439035778
112,0.628546340049
113,0.439631745286
114,0.23776650262
115,0.207061274279
116,0.666045723298
117,0.0
118,0.0
119,0.170212765957
120,0.133303597186
121,0.106638027778
122,0.532647809736
123,0.198515800997
124,0.378655218667
125,0.705979057394
126,0.668199525725
127,0.753921177868
128,0.36690510974
129,0.540307377997
130,0.514152846054
131,0.408360684697
132,0.739912376425
133,0.460420691672
134,0.46068832543
135,0.2863891244
136,0.0713330365827
137,0.158804230612
138,0.281306198602
139,0.0
140,0.0
141,0.0
142,0.0
143,0.446897380254
144,0.210500340726
145,0.688454865274
146,0.663532968383
147,0.713783232063
148,0.201521548046
149,0.166666666667
150,0.147289456505
151,0.151742589248
152,0.527453242195
153,0.602227663536
154,0.427862403403
155,0.493544463427
156,0.765054575672
157,0.700933224749
158,0.112205548667
159,0.697066863613
160,0.651873456987
161,0.491528745707
162,0.194582812846
163,0.450109999285
164,0.418728119752
165,0.0590395432315
166,0.348632372856
167,0.59885746783
168,0.402322651686
169,0.242997533902
170,0.698021266076
171,0.786477330589
172,0.763082687473
173,0.18939259829
174,0.135069387481
175,0.0804020100503
176,0.293543419211
177,0.490909651625
178,0.428657098247
179,0.522139609646
180,0.424077424867
181,0.522019668806
182,0.334990969292
183,0.573591520507
184,0.764391488783
185,0.683782907718
186,0.673181105008
187,0.751970559135
188,0.609707066453
189,0.469344329228
190,0.567500002527
191,0.483380808785
192,0.647714658776
193,0.513303220436
194,0.689143122819
195,0.60083328799
196,0.67694779339
197,0.791868293284
198,0.745565107238
199,0.542488472412
200,0.292113372081
201,0.0
202,0.0928404750987
203,0.0
204,0.663812467457
205,0.707798633434
206,0.0274468945947
207,0.352080211823
208,0.649163915411
209,0.124381712301
210,0.248388777127
211,0.58457541657
212,0.403565371279
213,0.619595375921
214,0.621955872934
215,0.00827614050163
216,0.140341993478
217,0.0
218,0.0
219,0.0
220,0.0
221,0.0
222,0.0
223,0.0
224,0.0
225,0.0
226,0.0
227,0.0
228,0.0
229,0.0
230,0.0
231,0.0
232,0.0
233,0.0
234,0.0
235,0.0
236,0.0
237,0.0
238,0.0
239,0.203578818798
240,0.0873069368478
241,0.106638027778
242,0.106638027778
243,0.216156606776
244,0.0
245,0.0
246,0.0
247,0.0
248,0.0
249,0.0
250,0.0935894927338
251,0.149037463796
252,0.137326536084
253,0.137931034483
254,0.285888274171
255,0.0465981297855
256,0.0
257,0.150007769517
258,0.291151046547
259,0.0
260,0.0
261,0.5812275612
262,0.168927923931
263,0.12390508054
264,0.189215624937
265,0.24651797012
266,0.119409958849
267,0.202043053722
268,0.18460646299
269,0.317634836856
270,0.145992338894
271,0.622442378817
272,0.581873151795
273,0.357099433042
274,0.500368329567
275,0.155339805825
276,0.266666666667
277,0.106638027778
278,0.0
279,0.0
280,0.0
281,0.0
282,0.0
283,0.0
284,0.37077908696
285,0.558572060896
286,0.542663122085
287,0.15694720662
288,0.285714285714
289,0.132028034392
290,0.192771084337
291,0.203069698201
292,0.134899473774
293,0.0
294,0.0
295,0.148148148148
296,0.0481870833676
297,0.662055511444
298,0.561641728582
299,0.0556804011197
300,0.0
301,0.243829510993
302,0.308719324319
303,0.617602449229
304,0.574002321085
305,0.30015695377
306,0.221288315674
307,0.668475316381
308,0.138854102298
309,0.56655620462
310,0.514854578601
311,0.649173344004
312,0.28937769553
313,0.425275189562
314,0.609021590024
315,0.620070471956
316,0.350956984886
317,0.0
318,0.0
319,0.531446804532
320,0.621048008856
321,0.576714356158
322,0.341523223524
323,0.566599070851
324,0.556742060963
325,0.518781899981
326,0.29114009058
327,0.645590442396
328,0.346192205627
329,0.413615226828
330,0.52771392509
331,0.198694232674
332,0.58544996632
333,0.00543223414354
334,0.187167331041
335,0.549329572771
336,0.0211552497118
337,0.400325014183
338,0.553157364928
339,0.0602736766072
340,0.00118759213304
341,0.751760600404
342,0.550149756721
343,0.169435287723
344,0.0946981299549
345,0.652306588938
346,0.0719345847716
347,0.0835031781521
348,0.185298995098
349,0.61438819669
350,0.455818546374
351,0.195403902294
352,0.11191243874
353,0.513485086553
354,0.206265233768
355,0.339423268726
356,0.0
357,0.0
358,0.400688797258
359,0.0514965925387
360,0.079247363768
361,0.137839082122
362,0.13202168891
363,0.245999068254
364,0.545167217601
365,0.13240646963
366,0.0280092946155
367,0.220382698168
368,0.149670505316
369,0.297759100539
370,0.0
371,0.334888531408
372,0.357663848192
373,0.308747148052
374,0.487091435576
375,0.510891589835
376,0.0181165274298
377,0.56918437073
378,0.403534237878
379,0.145512536239
380,0.513153137942
381,0.593618117555
382,0.67795452783
383,0.196808606685
384,0.724283126948
385,0.185363070289
386,0.607007771188
387,0.768543956978
388,0.191076238875
389,0.0921033879785
390,0.0
391,0.0556250775309
392,0.0063376065008
393,0.0693669075909
394,0.0
395,0.373236240627
396,0.0116034439969
397,0.0802197768695
398,0.388801907452
399,0.182391981758
400,0.0
401,0.0
402,0.144911298862
403,0.0
404,0.00807190841985
405,0.0285191299583
406,0.0152005170643
407,0.348577628972
408,0.0460458659916
409,0.205323484937
410,0.0
411,0.478535769505
412,0.0
413,0.0
414,0.0
415,0.0
416,0.471510231877
417,0.217730154578
418,0.411698647758
419,0.464410301633
420,0.38346533993
421,0.291082321657
422,0.152951670326
423,0.580064613362
424,0.0
425,0.00608221072953
426,0.450008147356
427,0.649382672159
428,0.0
429,0.507506755205
430,0.464168725885
431,0.589538776521
432,0.473221014974
433,0.481320670979
434,0.592946538814
435,0.455390187193
436,0.276478867782
437,0.0429902447751
438,0.517934664301
439,0.416131865089
440,0.0
441,0.208374566579
442,0.0
443,0.0
444,0.0
445,0.0966624404156
446,0.0372898680697
447,0.105871625151
448,0.421976168431
449,0.485376843444
450,0.140816495375
451,0.021560719741
452,0.307416494008
453,0.13013472559
454,0.138197537298
455,0.225511101216
456,0.364166971827
457,0.414664574577
458,0.478916965449
459,0.166507029401
460,0.0653913654642
461,0.530951212405
462,0.503371072306
463,0.0
464,0.511143659523
465,0.00237478974547
466,0.497600872362
467,0.395116467952
468,0.194282537302
469,0.0120127652629
470,0.197639560862
471,0.611577546464
472,0.485985813457
473,0.333431388497
474,0.0796351880362
475,0.628602930379
476,0.446341727446
477,0.490556934218
478,0.58950536304
479,0.576802510974
480,0.542160814666
481,0.102994902063
482,0.0
483,0.409850482045
484,0.0999131071077
485,0.099173553719
486,0.0
487,0.115524530093
488,0.0846188051704
489,0.285714285714
490,0.0
491,0.0
492,0.290785884436
493,0.076109039355
494,0.0
495,0.388163589291
496,0.610466553049
497,0.0
498,0.0
499,0.0
500,0.0
501,0.501788774173
502,0.354341492242
503,0.242407367329
504,0.19219012819
505,0.0390757713731
506,0.0
507,0.0387596986236
508,0.0321954602525
509,0.00661219950344
510,0.594828453474
511,0.410735761124
512,0.0753717842424
513,0.0
514,0.147871398519
515,0.329436740728
516,0.402312149825
517,0.0
518,0.0
519,0.0
520,0.0
521,0.0984815184641
522,0.528282312447
523,0.521074271827
524,0.242668529334
525,0.27635466071
526,0.495021359328
527,0.5358658262
528,0.448130390147
529,0.381994198091
530,0.271413161192
531,0.00363578253282
532,0.00690701994285
533,0.0196529357125
534,0.0907287243255
535,0.198726680172
536,0.229936869847
537,0.266385222757
538,0.0168373874846
539,0.147858022992
540,0.0798028977029
541,0.328186505403
542,0.378964013597
543,0.597052620108
544,0.243007075572
545,0.206923357688
546,0.242407869838
547,0.159483438762
548,0.323607965378
549,0.277061856488
550,0.122575366891
551,0.724153263016
552,0.717492641453
553,0.470596082556
554,0.618043770899
555,0.637870062013
556,0.144295582204
557,0.362466738955
558,0.305400398547
559,0.208107588199
560,0.602554562805
561,0.132776341132
562,0.322267464092
563,0.326492623225
564,0.0468842082715
565,0.135178086386
566,0.286986601429
567,0.271297854721
568,0.0
569,0.0
570,0.0
571,0.0
572,0.0
573,0.0
574,0.607660746634
575,0.687514115692
576,0.57667698215
577,0.0
578,0.154774923472
579,0.427257659387
580,0.0
581,0.168016660559
582,0.258875955689
583,0.0111403658795
584,0.183196375395
585,0.00872844945241
586,0.0126714096572
587,0.0
588,0.0
589,0.0160721334232
590,0.315478673436
591,0.0527478357576
592,0.474619446123
593,0.63081186704
594,0.120188912324
595,0.00848051501432
596,0.305547055366
597,0.148179411976
598,0.632331633175
599,0.624769101605
600,0.183820054482
601,0.0
602,0.0
603,0.0
604,0.199955395779
605,0.0
606,0.119402985075
607,0.166666666667
608,0.106638027778
609,0.609129108801
610,0.542374365226
611,0.356029447827
612,0.55679127787
613,0.596948066012
614,0.649586512162
615,0.0
616,0.0
617,0.516707178785
618,0.371639471515
619,0.62499830663
620,0.069314718056
621,0.338028169014
622,0.294040422329
623,0.621988261852
624,0.502090640652
625,0.71626688946
626,0.626387268411
627,0.0861104469757
628,0.426262327849
629,0.494489948844
630,0.794975543622
631,0.433391354904
632,0.757940667442
633,0.531125390443
634,0.192563423658
635,0.517229424595
636,0.534602368585
637,0.677464851198
638,0.726936396204
639,0.665927275925
640,0.70159075351
641,0.565655522991
642,0.748629893024
643,0.114949551596
644,0.106638027778
645,0.1177084595
646,0.0
647,0.0
648,0.0
649,0.0
650,0.0
651,0.216219310825
652,0.123226165433
653,0.0894383458787
654,0.106317318258
655,0.724477716304
656,0.67772439841
657,0.433536942507
658,0.675781481837
659,0.567296338948
660,0.468957218749
661,0.41802773555
662,0.290188424109
663,0.070796625026
664,0.0281690140845
665,0.0
666,0.0
667,0.0
668,0.0
669,0.0
670,0.0
671,0.0
672,0.0
673,0.0
674,0.0
675,0.0
676,0.0
677,0.0
678,0.0
679,0.0
680,0.0
681,0.0
682,0.0
683,0.0
684,0.0
685,0.0
686,0.0
687,0.199256609205
688,0.3247175981
689,0.0
690,0.0909090909091
691,0.154032706791
692,0.0729628611116
693,0.15694720662
694,0.0
695,0.0
696,0.0
697,0.159457023627
698,0.251505914816
699,0.201642816163
700,0.425319848354
701,0.538831333883
702,0.345237929069
703,0.634625499299
704,0.417153647223
705,0.374194205386
706,0.337680818901
707,0.444040583558
708,0.29192741733
709,0.322411015175
710,0.422656695701
711,0.114564694005
712,0.310091235867
713,0.183819001909
714,0.494440682105
715,0.479536055047
716,0.194091959494
717,0.23518811899
718,0.450293655889
719,0.206935896969
720,0.312550652732
721,0.0103336485761
722,0.0142573475164
723,0.461141212287
724,0.212712777204
725,0.510456396186
726,0.146441305783
727,0.176767728681
728,0.551973205181
729,0.44090702276
730,0.248868623181
731,0.056251674237
732,0.189956210748
733,0.0
734,0.581464018998
735,0.0
736,0.171747422332
737,0.304611527959
738,0.652915245877
739,0.420069619528
740,0.143700881822
741,0.363148980245
742,0.0268147883152
743,0.0
744,0.0
745,0.684524490887
746,0.00131651886146
747,0.0496313192454
748,0.443065551245
749,0.736478001414
750,0.592736047207
751,0.557827875165
752,0.0
753,0.0
754,0.0
755,0.0
756,0.0
757,0.0
758,0.0
759,0.0
760,0.0
761,0.0
762,0.0
763,0.0
764,0.0878889830934
765,0.190819030398
766,0.124930583828
767,0.0
768,0.266980621693
769,0.482449256196
770,0.0463388694981
771,0.508009572178
772,0.276453734838
773,0.557544418654
774,0.668375436284
775,0.637639223388
776,0.574772807383
777,0.54905675236
778,0.701751630077
779,0.455332838593
780,0.337438366253
781,0.569500758275
782,0.717061957846
783,0.488756432624
784,0.310254467545
785,0.693909913222
786,0.581759502313
787,0.168706430916
788,0.425923667195
789,0.0
790,0.464431235498
