site,dnds
1,0.332143603145
2,0.0266441379031
3,0.411095879677
4,0.0495313631767
5,0.365237423275
6,0.561692973156
7,0.463303772915
8,0.256363213078
9,0.4889718909
10,0.51392648383
11,0.613674275644
12,0.6647478526
13,0.718909631506
14,0.39458946891
15,0.480748539829
16,0.361454645748
17,0.285999578144
18,0.0165389952799
19,0.121070321744
20,0.0723917863025
21,0.346561837492
22,0.00629138294925
23,0.0975878962532
24,0.0893292511454
25,0.0
26,0.0
27,0.0
28,0.267684737164
29,0.205442165155
30,0.463657429086
31,0.00916198481339
32,0.196404080961
33,0.0661899880707
34,0.235288211511
35,0.0
36,0.0
37,0.0
38,0.357023124009
39,0.139455210083
40,0.348406268062
41,0.490656211352
42,0.0744534235589
43,0.521020402036
44,0.0672568630637
45,0.1875
46,0.122241958052
47,0.0
48,0.0326320481783
49,0.214387451009
50,0.0941924798456
51,0.14201183432
52,0.0904105018122
53,0.276032209884
54,0.272091715413
55,0.169268536896
56,0.0924196240747
57,0.0555555555556
58,0.0894383458787
59,0.0
60,0.221007290955
61,0.25652201035
62,0.0
63,0.162186043243
64,0.0348705542366
65,0.270439596377
66,0.0972153849259
67,0.0579710144928
68,0.132495954412
69,0.101534849101
70,0.0735621939759
71,0.0625
72,0.0
73,0.199193785948
74,0.0948554782245
75,0.191063006725
76,0.129965096355
77,0.0663488358722
78,0.0
79,0.0
80,0.80165294998
81,0.412221229276
82,0.670360627411
83,0.552350121609
84,0.554114513211
85,0.68199722053
86,0.662782001008
87,0.312268031609
88,0.521967889534
89,0.660569004704
90,0.772331332648
91,0.763518334265
92,0.758330417207
93,0.579309126978
94,0.701995259545
95,0.0
96,0.596345286014
97,0.710757843186
98,0.17204519122
99,0.099182072937
100,0.259377575771
101,0.415839152578
102,0.49892778068
103,0.601713411379
104,0.639273416576
105,0.699013086591
106,0.359115986174
107,0.494629789074
108,0.405732386232
109,0.226968681536
110,0.486104671279
111,0.313644838708
112,0.73552840052
113,0.297006909404
114,0.0552906965602
115,0.589099154615
116,0.695604174892
117,0.526087863606
118,0.573716692759
119,0.155181368161
120,0.219416630653
121,0.158032567495
122,0.197530864198
123,0.2230037269
124,0.777356642467
125,0.692632046384
126,0.61101279073
127,0.425797548098
128,0.0
129,0.0
130,0.0
131,0.0
132,0.0
133,0.0
134,0.0
135,0.0
136,0.0
137,0.0
138,0.0
139,0.0
140,0.0
141,0.0
142,0.0
143,0.0
144,0.0
145,0.0
146,0.0
147,0.0
148,0.0
149,0.0
150,0.0
151,0.524620597397
152,0.725584386846
153,0.0416536556821
154,0.150633351487
155,0.546556076621
156,0.400501712277
157,0.0795649585884
158,0.276429774456
159,0.252128103374
160,0.314533284853
161,0.543647479052
162,0.054371321628
163,0.17032439935
164,0.550422498253
165,0.532654897707
166,0.34159285261
167,0.260414456263
168,0.0
169,0.526115467054
170,0.481696822241
171,0.0350333792228
172,0.49792999929
173,0.116755460711
174,0.436668993102
175,0.171436840725
176,0.0156726871259
177,0.215759475264
178,0.045103078324
179,0.352690873719
180,0.155794688738
181,0.146823189873
182,0.0608009965976
183,0.312796717706
184,0.403226860258
185,0.0940338899291
186,0.0872994505251
187,0.668285780826
188,0.545937619582
189,0.59044972948
190,0.199955395779
191,0.0
192,0.0
193,0.322661048237
194,0.209500639698
195,0.180331636312
196,0.176926048906
197,0.2114171014
198,0.0
199,0.0616461583825
200,0.068458980796
201,0.0
202,0.350786499176
203,0.490389932507
204,0.412759309201
205,0.0924196240747
206,0.0842105263158
207,0.042366726366
208,0.374232196366
209,0.331041083858
210,0.370983071457
211,0.37705636165
212,0.47822577589
213,0.399961151821
214,0.118825230953
215,0.346303725999
216,0.512757969065
217,0.299040261384
218,0.388224278986
219,0.546637353163
220,0.0
221,0.393036964279
222,0.328160155049
223,0.625738204931
224,0.49535275955
225,0.19470809971
226,0.285828720089
227,0.139569194936
228,0.256082610053
229,0.285671537575
230,0.280751490285
231,0.0263157894737
232,0.0818777826245
233,0.488207059076
234,0.168381900966
235,0.188652424168
236,0.505960284561
237,0.49150399637
238,0.523734704219
239,0.638918204696
240,0.400064405556
241,0.547275578995
242,0.292235855139
243,0.446863724677
244,0.691415153767
245,0.276466452103
246,0.390076181714
247,0.288970626227
248,0.408389887854
249,0.297540458974
250,0.448601133782
251,0.62283419805
252,0.307892185848
253,0.100653298615
254,0.0551822687071
255,0.55723672511
256,0.0
257,0.0
258,0.0
259,0.0
260,0.0
261,0.0
262,0.0
263,0.0
264,0.0
265,0.0
266,0.0
267,0.0
268,0.0616130827164
269,0.4787409213
270,0.385284909807
271,0.191701943738
272,0.381916930084
273,0.371884825399
274,0.222177739754
275,0.415330778568
276,0.333050223238
277,0.0367895723128
278,0.291966901588
279,0.0117632901447
280,0.278135149684
281,0.26939067849
282,0.141401072365
283,0.102198994099
284,0.209869084248
285,0.0167392445683
286,0.0553902728121
287,0.0
288,0.0
289,0.0
290,0.0
291,0.0
292,0.0
293,0.0
294,0.0
295,0.0
296,0.0
297,0.191962785856
298,0.200434659351
299,0.239885141753
300,0.301008831411
301,0.181199179764
302,0.203818210535
303,0.145898125534
304,0.720913771353
305,0.256971892049
306,0.726727894679
307,0.0
308,0.0
309,0.0
310,0.0
311,0.0
312,0.0
313,0.0
314,0.0
315,0.0
316,0.0
317,0.0
318,0.0
319,0.0
320,0.0
321,0.0
322,0.0
323,0.0
324,0.0
325,0.0
326,0.0
327,0.0
328,0.0
329,0.0
330,0.0
331,0.0
332,0.0
333,0.0
334,0.370255079227
335,0.227471172676
336,0.220606346964
337,0.202301717931
338,0.501258020428
339,0.478724991848
340,0.494130339018
341,0.764842343396
342,0.673099931157
343,0.566198165381
344,0.0477790704384
345,0.0659167373201
346,0.298230564003
347,0.263733851216
348,0.288248303739
349,0.350003930614
350,0.167096928043
351,0.411600046722
352,0.251587525884
353,0.300660647708
354,0.214848169392
355,0.314512883157
356,0.231192513467
357,0.0395500423921
358,0.0
359,0.0800747645412
360,0.0380173121243
361,0.0
362,0.0
363,0.192461234949
364,0.0
365,0.148848103785
366,0.0
367,0.389047629772
368,0.0
369,0.120590418884
370,0.0
371,0.389599079367
372,0.062657372254
373,0.0671909800961
374,0.292955504285
375,0.234265971544
376,0.278571997841
377,0.569013417606
378,0.604258102928
379,0.0248672677596
380,0.535645706753
381,0.476325836925
382,0.235122656185
383,0.539931225988
384,0.0
385,0.0
386,0.182768710122
387,0.758532071055
388,0.409732265666
389,0.644219187958
390,0.331621607108
391,0.545894663535
392,0.540095484262
393,0.556351552552
394,0.374593742072
395,0.574677077025
396,0.64858663375
397,0.469161445037
398,0.386053640364
399,0.606705533253
400,0.579941958785
401,0.420010051571
402,0.507436460454
403,0.367522822792
404,0.658426709908
405,0.390708378056
406,0.293645190314
407,0.52288803965
408,0.20309497752
409,0.126058950583
410,0.134562321815
411,0.19201314097
412,0.224346017916
413,0.460317354039
414,0.639442971396
415,0.654875259689
416,0.560086443449
417,0.759910096648
418,0.469595742369
419,0.493778134177
420,0.328591394036
421,0.750246013193
422,0.344327268396
423,0.290099128002
424,0.263318163293
425,0.467767607895
426,0.469665286423
427,0.0144736156424
428,0.0268856520949
429,0.0534679339466
430,0.719913007683
431,0.278294663639
432,0.315941214329
433,0.686427466193
434,0.448370411805
435,0.434759257077
436,0.248096439044
437,0.0
438,0.232868344125
439,0.0
440,0.256083226174
441,0.0
442,0.108108108108
443,0.314118264178
444,0.546230108732
445,0.750713890323
446,0.0
447,0.381950919352
448,0.309021780609
449,0.102741220843
450,0.546356403969
451,0.271902475149
452,0.0811676432319
453,0.214154577456
454,0.0641824287485
455,0.403596909828
456,0.453898398583
457,0.241079755547
458,0.239311075715
459,0.373558363334
460,0.148277125568
461,0.0785998030245
462,0.0
463,0.306236364326
464,0.486369617092
465,0.170838326804
466,0.074812631462
467,0.676610632613
468,0.356542750418
469,0.233892698695
470,0.596100307888
471,0.800974135701
472,0.599002549569
473,0.454816805499
474,0.533955617401
475,0.734260276026
476,0.627937203555
477,0.75585212449
478,0.420904336583
479,0.601554608388
480,0.27972666465
481,0.605990274414
482,0.163377559902
483,0.170785780968
484,0.833391276317
485,0.572712609813
486,0.405330253409
487,0.312095629757
488,0.699864122111
489,0.656285179688
490,0.461605255503
491,0.236291519788
492,0.0
493,0.0
494,0.0
495,0.0
496,0.0
497,0.0
498,0.0
499,0.0
500,0.0
501,0.0
502,0.169014084507
503,0.380641982863
504,0.39866218112
505,0.31343645309
506,0.255901674544
507,0.303817569937
508,0.481990322139
509,0.744545968844
510,0.591674201861
511,0.386737485618
512,0.452159916054
513,0.205287265708
514,0.494431427408
515,0.588629897095
516,0.722004287028
517,0.677965366009
518,0.676547216343
519,0.672968391342
520,0.692829030777
521,0.676665419339
522,0.483664136029
523,0.582519345533
524,0.50675856048
525,0.293549924393
526,0.18718993457
527,0.411072634103
528,0.226626654785
529,0.707596443736
530,0.69509043191
531,0.518145714508
532,0.774948070481
533,0.0241039834457
534,0.329644635692
535,0.668702795878
536,0.518903730368
537,0.727286500877
538,0.0
539,0.0
540,0.154032706791
541,0.158433641271
542,0.0
543,0.0
544,0.0
545,0.0574746748912
546,0.653743647693
547,0.248021628042
548,0.273346758511
549,0.0558809737751
550,0.578715135203
551,0.380896215712
552,0.413953604069
553,0.410848718185
554,0.695629620576
555,0.135705647679
556,0.0396333891811
557,0.0706392031144
558,0.133390207526
559,0.251505914816
560,0.138087394777
561,0.0
562,0.0
563,0.0
564,0.0
565,0.0
566,0.0902969004385
567,0.166666666667
568,0.125
569,0.199955395779
570,0.0
571,0.0
572,0.0571428571429
573,0.213300054625
574,0.338577934412
575,0.117685263689
576,0.297399573416
577,0.0
578,0.403346762211
579,0.318304805186
580,0.418551599539
581,0.363922647215
582,0.116904545439
583,0.37634209912
584,0.232004978709
585,0.192468505568
586,0.316146848345
587,0.0
588,0.245361833827
589,0.417986524683
590,0.167536760016
591,0.536330952288
592,0.56654837212
593,0.578763407544
594,0.56187436862
595,0.811044110321
596,0.518565325497
597,0.511151688492
598,0.444736748769
599,0.723923116176
600,0.620308500875
601,0.700484361036
602,0.720632405326
603,0.699174085199
604,0.643500248499
605,0.373526269908
606,0.480271539142
607,0.564129096336
608,0.524135427161
609,0.0626586588117
610,0.439893575927
611,0.00922199252764
612,0.679306473375
613,0.031427846455
614,0.139016608494
615,0.0724859796664
616,0.0775491027295
617,0.0
618,0.0
619,0.0
620,0.257344872271
621,0.0789031692871
622,0.1
623,0.0
624,0.0
625,0.0
626,0.608148822204
627,0.508555522726
628,0.151430184483
629,0.4659742106
630,0.437496025143
631,0.728704387616
632,0.795469494614
633,0.586606957083
634,0.345728467496
635,0.198467692548
636,0.17603737919
637,0.112825073561
638,0.0
639,0.744808016091
640,0.714277878434
641,0.610018420465
642,0.558621171354
643,0.11729234854
644,0.450513956206
645,0.395979559127
646,0.349095958532
647,0.486708973479
648,0.410651419136
649,0.424822776514
650,0.3124311762
651,0.171737267686
652,0.534025752924
653,0.270690645136
654,0.401904354721
655,0.626476695619
656,0.422864494954
657,0.300655006108
658,0.733922059318
659,0.648149763647
660,0.585740357698
661,0.471512687546
662,0.0
663,0.0
664,0.0
665,0.0
666,0.0
667,0.0
668,0.0
669,0.0
670,0.0
671,0.0
672,0.0
673,0.0
674,0.0
675,0.0
676,0.0
677,0.0
678,0.0
679,0.0
680,0.0
681,0.0
682,0.0
683,0.0
684,0.0
685,0.0
686,0.166666666667
687,0.166666666667
688,0.125
689,0.0
690,0.0
691,0.0
692,0.0
693,0.0
694,0.0
695,0.0
696,0.0
697,0.0
698,0.0
699,0.0
700,0.0815467271247
701,0.0
702,0.203276853173
703,0.0863538043495
704,0.122411259879
705,0.290178454107
706,0.554451430457
707,0.315908467673
708,0.667305150071
709,0.793758412399
710,0.419897590729
711,0.311764295504
712,0.626153029999
713,0.0
714,0.343096760508
715,0.135910798598
716,0.0751187889688
717,0.21978021978
718,0.136538345871
719,0.249942766472
720,0.296765236878
721,0.159405287364
722,0.089277839821
723,0.117919604549
724,0.0505025268168
725,0.392797437019
726,0.345834317731
727,0.429991051504
728,0.250656853105
729,0.674964606913
730,0.574297221785
731,0.827029910818
732,0.727084836929
733,0.781691202889
734,0.739022042364
735,0.753857260297
736,0.766495893803
737,0.691961394217
738,0.62213303883
739,0.61963842777
740,0.681862900191
741,0.687301584462
742,0.692658035552
743,0.641083700276
744,0.571494683134
745,0.457281670245
746,0.508427126214
747,0.620972856724
748,0.505758170625
749,0.407267117615
750,0.4978753644
751,0.401746860285
752,0.578991205505
753,0.453328374138
754,0.38040217129
755,0.0727706563921
756,0.0163970724861
757,0.0232375811753
758,0.307089853081
759,0.462161521697
760,0.354552309581
761,0.630316778648
762,0.141756424344
763,0.18436040396
764,0.0705137094403
765,0.00169998033063
766,0.310171913155
767,0.510951322497
768,0.135685671926
769,0.263704383883
770,0.0868328305721
771,0.175110889454
772,0.117224494022
773,0.0
774,0.254538065186
775,0.0
776,0.117699510361
777,0.30554566226
778,0.37237829015
779,0.464093402651
780,0.853659211148
781,0.269530060127
782,0.588148728347
783,0.266192067684
784,0.111439353519
785,0.143841036226
786,0.0
787,0.241415686865
788,0.262836341373
789,0.210799673108
790,0.0
791,0.180517234383
792,0.114435975509
793,0.126221197318
794,0.368128326345
795,0.0
796,0.102386255384
797,0.166419092903
798,0.166666666667
799,0.0515943059118
800,0.222273965073
801,0.0717837358235
802,0.305217270761
803,0.0544439736535
804,0.37933794281
805,0.0
806,0.0
807,0.0
808,0.0
809,0.0
810,0.0
811,0.0
812,0.0
813,0.0
814,0.0665825629496
815,0.0620728818412
816,0.0
817,0.241006151659
818,0.285179805137
819,0.122460785523
820,0.376495132478
821,0.23383122496
822,0.529768577295
823,0.429128864294
824,0.248817657352
825,0.574847804002
826,0.472636617769
827,0.643489970535
828,0.346284158998
829,0.506798181469
830,0.680089993019
831,0.457615594155
832,0.652013683836
833,0.506427076049
834,0.581967072801
835,0.667117194735
836,0.729174358269
837,0.751323269519
838,0.638711366995
839,0.653307931154
840,0.26812864958
841,0.519246935855
842,0.00459203996939
843,0.703851919217
844,0.727585696876
845,0.403074066154
846,0.0438137477095
847,0.150127167479
848,0.283958865222
849,0.198807729968
850,0.101332799379
851,0.231431893879
852,0.37922430121
853,0.248758082142
854,0.523531585275
855,0.364211522143
856,0.479354078705
857,0.53180416436
858,0.239369860311
859,0.235355365488
860,0.292437756525
861,0.655274611404
862,0.480433811794
863,0.68346756827
864,0.571459230617
865,0.666632425485
866,0.431210577541
867,0.600971254003
868,0.713294151797
869,0.820912658045
870,0.381718212043
871,0.597158326112
872,0.584851985985
873,0.612675310354
874,0.348518093424
875,0.537141785312
876,0.357082957797
877,0.521793980403
878,0.456979598327
879,0.305015649125
880,0.248460820135
881,0.741322232824
882,0.590422587839
883,0.512195244856
884,0.472819814798
885,0.662308210685
886,0.342503281798
887,0.470004883905
888,0.510991764822
889,0.411705226766
890,0.073896893373
891,0.522732799792
892,0.557172702093
893,0.465307356402
894,0.247482567474
895,0.110123393858
896,0.0840178400679
897,0.41157675521
898,0.713445831246
899,0.271366681865
900,0.664354292293
901,0.366783771981
902,0.519856589625
903,0.223959384849
904,0.181588968127
905,0.593499178043
906,0.606267957777
907,0.0264887002356
908,0.0658673619792
909,0.0
910,0.0
911,0.425988106568
912,0.212881578483
913,0.0
914,0.300285268807
915,0.115203671719
916,0.180458397946
917,0.483345303887
918,0.371563512053
919,0.721179705637
920,0.456945580908
921,0.454182953754
922,0.243371186373
923,0.522955794523
924,0.485976255338
925,0.285464562654
926,0.632568696738
927,0.590893384428
928,0.470487098461
929,0.714291466957
930,0.535509132462
931,0.713141071144
932,0.384761384555
933,0.0982477309192
934,0.62010635035
935,0.265324252391
936,0.425506464182
937,0.415882588006
938,0.532706683241
939,0.433034164659
940,0.0
941,0.0
942,0.0
943,0.0
944,0.266666666667
945,0.170212765957
946,0.0
947,0.0
948,0.0
949,0.110770716339
950,0.137652080177
951,0.326121561917
952,0.239165352982
953,0.169322301096
954,0.0634199175926
955,0.253058900535
956,0.0773341597618
957,0.0420504689612
958,0.154199652285
959,0.349209867962
960,0.244136064148
961,0.00101677681749
962,0.17441785445
963,0.269541420083
964,0.489765221795
965,0.602537096729
966,0.0
967,0.244136064148
968,0.0
969,0.321746820643
970,0.576784617037
971,0.651862754239
972,0.471912084339
973,0.118384819898
974,0.238005235608
975,0.412166492989
976,0.449518640236
977,0.103605645855
978,0.62711027326
979,0.335654132004
980,0.584669423935
981,0.516954302229
982,0.579451336663
983,0.437257440955
984,0.643032183618
985,0.585269686871
986,0.517039695346
987,0.608875277008
988,0.422356052169
989,0.57297081533
990,0.393809355619
991,0.510074557135
992,0.0271134776547
993,0.218892963531
994,0.157635978034
995,0.280711736498
996,0.1087289695
997,0.0724859796664
