site,dnds
1,0.0691201670916
2,0.12374642871
3,0.335034430956
4,0.30791159735
5,0.197943853811
6,0.0891189232149
7,0.157627143853
8,0.177191360429
9,0.361068164004
10,0.393974957639
11,0.415635686893
12,0.0
13,0.0
14,0.0
15,0.0
16,0.0
17,0.0
18,0.251246212406
19,0.408234248669
20,0.592608461598
21,0.65697952324
22,0.341245893296
23,0.24392881982
24,0.0
25,0.593090344019
26,0.576265879961
27,0.293262996473
28,0.0175554539334
29,0.0
30,0.551342318191
31,0.0
32,0.0
33,0.519155870842
34,0.645072126046
35,0.738215368924
36,0.628510679788
37,0.55973480077
38,0.586316437173
39,0.508831473576
40,0.586130016847
41,0.177574097135
42,0.0256975043245
43,0.582832397361
44,0.180539155952
45,0.605630462114
46,0.412214130832
47,0.391815392898
48,0.429403524197
49,0.375100107007
50,0.559676964524
51,0.610591632878
52,0.472112662878
53,0.690754442373
54,0.336381151083
55,0.564150139349
56,0.158242385094
57,0.0849364610505
58,0.500643092257
59,0.00730496098406
60,0.317818196738
61,0.514880980065
62,0.235294117647
63,0.486669864238
64,0.722236932794
65,0.455842748166
66,0.477322339771
67,0.228972390347
68,0.49616645671
69,0.442380577603
70,0.0
71,0.0
72,0.0
73,0.0
74,0.0
75,0.399064993799
76,0.551688188587
77,0.0201703127541
78,0.40389339825
79,0.329553482906
80,0.533002960869
81,0.0735634270368
82,0.0
83,0.186113564247
84,0.591850480069
85,0.311219899919
86,0.439602799242
87,0.388061530974
88,0.66256310324
89,0.47884391221
90,0.152885382982
91,0.576125347742
92,0.6336018706
93,0.470893207574
94,0.310341205236
95,0.133303597186
96,0.468590569041
97,0.575230453642
98,0.592723694761
99,0.547986525557
100,0.274832366656
101,0.667192197326
102,0.414957014956
103,0.584678551929
104,0.180930888442
105,0.0
106,0.442685672788
107,0.335258334146
108,0.16853130437
109,0.0239621900322
110,0.490194419184
111,0.0442761444463
112,0.0596767888197
113,0.168532681649
114,0.069314718056
115,0.0
116,0.0
117,0.0
118,0.0
119,0.0
120,0.0
121,0.402756690478
122,0.724255244453
123,0.291313153439
124,0.689565474509
125,0.568234435181
126,0.359481943429
127,0.507501578812
128,0.46442541421
129,0.519566385251
130,0.475240922183
131,0.396007007959
132,0.695575743302
133,0.0299897999053
134,0.0
135,0.0
136,0.494874648974
137,0.433542141806
138,0.13218896186
139,0.201394989968
140,0.166666666667
141,0.44096195356
142,0.0
143,0.0
144,0.0
145,0.0
146,0.365121658967
147,0.142523556278
148,0.159085551954
149,0.382710573489
150,0.0116783697571
151,0.629093977228
152,0.613428229252
153,0.700120446891
154,0.0028308475735
155,0.171154292705
156,0.0737209287469
157,0.139130777169
158,0.136496272181
159,0.0611053601563
160,0.094592854468
161,0.196684837106
162,0.215079806375
163,0.266429110259
164,0.0535853299208
165,0.378326819206
166,0.0404341936064
167,0.0
168,0.0
169,0.0
170,0.144405662617
171,0.102994902063
172,0.303820459065
173,0.201334398509
174,0.0551758949699
175,0.281928645061
176,0.0
177,0.0
178,0.0
179,0.169014084507
180,0.0
181,0.166666666667
182,0.142857142857
183,0.0
184,0.302503059388
185,0.171541742033
186,0.0
187,0.24941656401
188,0.63341644123
189,0.426397238399
190,0.419454672386
191,0.0198093151949
192,0.288034459007
193,0.564822484782
194,0.491634274406
195,0.140364533103
196,0.132343464328
197,0.45736644701
198,0.492547373782
199,0.237190026821
200,0.00635149505707
201,0.272626895842
202,0.257447936656
203,0.226380797734
204,0.414760317265
205,0.415187862894
206,0.441832983995
207,0.0
208,0.0397699495292
209,0.176230681079
210,0.365266969907
211,0.121015495593
212,0.298367912243
213,0.215058601495
214,0.201390075215
215,0.161493368012
216,0.353231924854
217,0.245045089112
218,0.0
219,0.17603737919
220,0.211497552899
221,0.102221374533
222,0.315831066902
223,0.362841925706
224,0.319462413093
225,0.723297035323
226,0.258519452363
227,0.173063934861
228,0.0
229,0.0
230,0.0
231,0.0
232,0.47244836702
233,0.0330794921295
234,0.248852785439
235,0.503108072815
236,0.573819687969
237,0.29295985653
238,0.609599418603
239,0.657824391889
240,0.481710407579
241,0.656444049693
242,0.0907365854614
243,0.345621625973
244,0.379185497475
245,0.686107501936
246,0.34147835552
247,0.595957742397
248,0.212962282254
249,0.28094792144
250,0.534362339843
251,0.447176534202
252,0.472484969155
253,0.0939963449854
254,0.476804927699
255,0.202206479692
256,0.494449816885
257,0.270186373126
258,0.202463524498
259,0.48346412771
260,0.55403019885
261,0.331219766875
262,0.561988505739
263,0.546095140426
264,0.243939198026
265,0.700235834497
266,0.401307500585
267,0.414626881956
268,0.609896872657
269,0.0
270,0.0
271,0.0
272,0.522796307401
273,0.595150163603
274,0.452705213346
275,0.529098382011
276,0.594935549389
277,0.341629621445
278,0.08802060637
279,0.529051643787
280,0.261192235558
281,0.31369537432
282,0.35965110123
283,0.360890443764
284,0.0
285,0.0
286,0.171839621021
287,0.261870376232
288,0.0
289,0.303174826028
290,0.32664486384
291,0.284805428043
292,0.390610300594
293,0.418051219782
294,0.471885247538
295,0.579784425349
296,0.144496011478
297,0.179441965259
298,0.206179042231
299,0.0047532048756
300,0.0519402204277
301,0.0
302,0.144705011749
303,0.195118084483
304,0.139529588538
305,0.358137329026
306,0.403401544291
307,0.635111329514
308,0.194695920334
309,0.521129552141
310,0.450302856215
311,0.285635359872
312,0.60492379538
313,0.152882566882
314,0.635761322295
315,0.343039085947
316,0.424396912152
317,0.645528442543
318,0.238045187903
319,0.453140643186
320,0.109935805356
321,0.0
322,0.0
323,0.0
324,0.0
325,0.0
326,0.362271037599
327,0.152683117735
328,0.219924777078
329,0.263097213718
330,0.486273954258
331,0.0874145791637
332,0.0
333,0.0
334,0.0
335,0.0
336,0.0
337,0.0
338,0.0
339,0.0
340,0.0
341,0.340814332362
342,0.549044812657
343,0.36460295059
344,0.417562516171
345,0.612109680648
346,0.289971523866
347,0.576473976871
348,0.355505127451
349,0.464379523505
350,0.625216542763
351,0.00430493736678
352,0.215981469357
353,0.00620948177575
354,0.0227849184147
355,0.0
356,0.0215155361106
357,0.0
358,0.0
359,0.213108306228
360,0.00681276246326
361,0.14763784987
362,0.0
363,0.0329400095212
364,0.275263809256
365,0.0342665431414
366,0.534343083391
367,0.57005916455
368,0.574183539605
369,0.236070759626
370,0.270836457305
371,0.0
372,0.0
373,0.0
374,0.0
375,0.0
376,0.0
377,0.0
378,0.0
379,0.0
380,0.0
381,0.0
382,0.0
383,0.0
384,0.0
385,0.0
386,0.0
387,0.468964882137
388,0.574907681092
389,0.424897324701
390,0.379386897801
391,0.683418735868
392,0.0363189997926
393,0.551257076726
394,0.303302709655
395,0.169597502669
396,0.51974182613
397,0.327403077305
398,0.617661927412
399,0.37071681364
400,0.344952702561
401,0.553168891422
402,0.534972316505
403,0.682081002378
404,0.386639771201
405,0.259709611802
406,0.414731493336
407,0.0273109685213
408,0.0
409,0.0
410,0.0
411,0.0
412,0.0
413,0.0
414,0.0
415,0.0
416,0.0
417,0.0
418,0.0
419,0.0
420,0.0
421,0.0341820040523
422,0.342485657972
423,0.0484640536082
424,0.06921371647
425,0.00582751096166
426,0.0
427,0.228040306409
428,0.0546541849787
429,0.0
430,0.0
431,0.0
432,0.0
433,0.0
434,0.0
435,0.0
436,0.0
437,0.0
438,0.0
439,0.0
440,0.0
441,0.0
442,0.0
443,0.0
444,0.0
445,0.0
446,0.0
447,0.0
448,0.0
449,0.0
450,0.0
451,0.0
452,0.0
453,0.0
454,0.0
455,0.0
456,0.0
457,0.0
458,0.0
459,0.0
460,0.0
461,0.0
462,0.0
463,0.471935997482
464,0.532134719393
465,0.337236779098
466,0.53366834855
467,0.0
468,0.0
469,0.417850303416
470,0.0918917713327
471,0.0
472,0.0
473,0.586987446177
474,0.0998735139124
475,0.605489660011
476,0.27528159166
477,0.222377202405
478,0.485863254397
479,0.41970495703
480,0.357159225853
481,0.492947137792
482,0.13108594599
483,0.456969713989
484,0.269123726904
485,0.261147482805
486,0.585629319186
487,0.215905778612
488,0.59695458138
489,0.334204710798
490,0.197004819877
491,0.603508041748
492,0.42146912792
493,0.166015913874
494,0.054795080393
495,0.0975183317888
496,0.404226933657
497,0.126934510355
498,0.272183884166
499,0.0324018464538
500,0.456805415082
501,0.0111403658795
502,0.225208166926
503,0.153522668729
504,0.294457467078
505,0.0874358098982
506,0.29590415584
507,0.303956265861
508,0.594173760823
509,0.687418833561
510,0.517362796868
511,0.069314718056
512,0.126928207756
513,0.0491454025845
514,0.106638027778
515,0.15958471129
516,0.166666666667
517,0.166666666667
518,0.0
519,0.0122771410612
520,0.0701921195504
521,0.0
522,0.142857142857
523,0.0
524,0.166666666667
525,0.0
526,0.204853894345
527,0.692162635648
528,0.497149903636
529,0.343836840752
530,0.578408488826
531,0.197501014091
532,0.288657262665
533,0.339152441584
534,0.592337323782
535,0.298997030162
536,0.303240659771
537,0.144896607685
538,0.478483643149
539,0.215590358873
540,0.415639205748
541,0.34032939147
542,0.407377132854
543,0.524189684934
544,0.38937031745
545,0.639487869916
546,0.276553148065
547,0.162516790608
548,0.437342492996
549,0.0116471117642
550,0.226910986358
551,0.0943842067383
552,0.16632392664
553,0.312138340865
554,0.619786637457
555,0.329712039768
556,0.466242379014
557,0.516175858632
558,0.620455018594
559,0.618480333487
560,0.146984194075
561,0.397724574988
562,0.321679357745
563,0.499376356431
564,0.454866827671
565,0.584975881591
566,0.00667189034017
567,0.233897637956
568,0.439403705605
569,0.5127153956
570,0.617076699259
571,0.272204761616
572,0.00521401317681
573,0.488452944892
574,0.309008080091
575,0.237585080402
576,0.527623766804
577,0.251440184629
578,0.579352682282
579,0.31300362513
580,0.176813267701
581,0.515462942
582,0.431995666513
583,0.434828529949
584,0.0
585,0.126878032849
586,0.649043956406
587,0.237902817988
588,0.662563053195
589,0.650060546724
590,0.552515482956
591,0.41086368366
592,0.409173689856
593,0.236365719624
594,0.353117198018
595,0.693601634056
596,0.657151718605
597,0.561278102436
598,0.615988809723
599,0.486939319814
600,0.618951937204
601,0.00913812704451
602,0.654350397535
603,0.234196442712
604,0.4194751734
605,0.460287120406
606,0.211052317526
607,0.0964159337826
608,0.428750900468
609,0.52827160783
610,0.424547978642
611,0.207630978024
612,0.377792552363
613,0.0145020100069
