site,dnds
1,0.0
2,0.0
3,0.0
4,0.0
5,0.0272155948195
6,0.0443758955788
7,0.348293698712
8,0.514732696297
9,0.63921835666
10,0.669463811381
11,0.524265027349
12,0.501208957335
13,0.386255146778
14,0.248698406901
15,0.0255200545363
16,0.0725594388359
17,0.0275968769502
18,0.0
19,0.159006784657
20,0.00663042756548
21,0.00189217988576
22,0.0155528969981
23,0.0
24,0.00545013129063
25,0.0
26,0.0635191212368
27,0.356796498365
28,0.0493253354571
29,0.0858659468532
30,0.27372124638
31,0.202325062649
32,0.177733011471
33,0.358121870868
34,0.470634372727
35,0.542606095853
36,0.372809659006
37,0.0
38,0.619584924106
39,0.507277897397
40,0.418214829372
41,0.260342585252
42,0.397800685623
43,0.624963406169
44,0.498455363665
45,0.664258842207
46,0.294494309692
47,0.52771411709
48,0.739240219132
49,0.201360436882
50,0.095261719943
51,0.0171531584824
52,0.106605884863
53,0.0971918814564
54,0.102709162428
55,0.289835881335
56,0.42696185636
57,0.0506942702094
58,0.0443255514885
59,0.403061393648
60,0.0
61,0.0
62,0.0
63,0.0
64,0.0
65,0.0
66,0.0
67,0.0
68,0.0
69,0.0
70,0.0305500697444
71,0.483069718959
72,0.589152484121
73,0.123908333923
74,0.0811102545183
75,0.680480255788
76,0.120048870167
77,0.308839229576
78,0.458870884892
79,0.477626771771
80,0.338389981614
81,0.174789356266
82,0.583197681904
83,0.566933173483
84,0.244451304873
85,0.0
86,0.102519627988
87,0.217601996698
88,0.0779181842316
89,0.490628834696
90,0.601733318588
91,0.643577344189
92,0.437351514411
93,0.0
94,0.0
95,0.0695083042471
96,0.368023317072
97,0.460152897321
98,0.205620184241
99,0.0653649030937
100,0.210627897071
101,0.400267721497
102,0.677630121297
103,0.0
104,0.737802990019
105,0.614452236911
106,0.0373246607564
107,0.16326803686
108,0.700753402856
109,0.650194099015
110,0.127594318661
111,0.06675155656
112,0.201869918442
113,0.211942327994
114,0.404661224896
115,0.28085639563
116,0.0258156085736
117,0.0
118,0.65064158733
119,0.545856712918
120,0.0
121,0.0
122,0.0
123,0.0503883272946
124,0.406250664359
125,0.607510364987
126,0.461977516205
127,0.336341790916
128,0.257627540567
129,0.0852299353493
130,0.576703232845
131,0.611263138045
132,0.612314274653
133,0.391986107005
134,0.390602437349
135,0.721342072488
136,0.721964588776
137,0.74896657843
138,0.741843170713
139,0.676436902976
140,0.558843036317
141,0.440607341447
142,0.187204891307
143,0.0
144,0.161596202482
145,0.0500486041851
146,0.139768555328
147,0.314092464128
148,0.563988269646
149,0.271372111839
150,0.368177811262
151,0.640437856904
152,0.260944989394
153,0.315897195225
154,0.301385256055
155,0.169314718056
156,0.384575688655
157,0.26490944396
158,0.571100163284
159,0.106638027778
160,0.370825582462
161,0.444409688698
162,0.277379357781
163,0.166002521001
164,0.378024560714
165,0.659023930487
166,0.294824767462
167,0.0
168,0.0630133800509
169,0.209247054196
170,0.393257973146
171,0.215700892467
172,0.723328055463
173,0.170212765957
174,0.777513900773
175,0.724380062117
176,0.728705469191
177,0.772571280242
178,0.426608205926
179,0.29783232728
180,0.0929246493428
181,0.168138163142
182,0.0
183,0.0
184,0.0
185,0.0
186,0.0
187,0.0
188,0.0
189,0.0
190,0.0
191,0.0
192,0.0
193,0.660697513595
194,0.354430368377
195,0.108506940993
196,0.252841585678
197,0.0
198,0.0
199,0.00630204062738
200,0.105041699619
201,0.110146562779
202,0.23193855757
203,0.137165113716
204,0.72505550226
205,0.525832012887
206,0.200727870104
207,0.00838074074889
208,0.344343504784
209,0.616958322139
210,0.0754640475806
211,0.275164467287
212,0.3763708975
213,0.27189953394
214,0.274806134168
215,0.430193129064
216,0.498244892422
217,0.280925720162
218,0.272337506222
219,0.66187164168
220,0.532094430009
221,0.372130324784
222,0.229055560357
223,0.554877732169
224,0.501614250213
225,0.234590191764
226,0.410784146415
227,0.0
228,0.0
