site,dnds
1,0.0
2,0.142630125776
3,0.252379052375
4,0.14359903276
5,0.0396413278925
6,0.0832797217844
7,0.448897904057
8,0.287664043708
9,0.0720651000946
10,0.38979391886
11,0.573671920262
12,0.280299690058
13,0.161425285529
14,0.202949291272
15,0.252312177859
16,0.0797380720323
17,0.247869425837
18,0.158106166392
19,0.0427065410887
20,0.0663197244454
21,0.267788278892
22,0.450788420099
23,0.242402314653
24,0.0356316622938
25,0.159983274855
26,0.387882464163
27,0.319115503027
28,0.252892577233
29,0.170032646232
30,0.0
31,0.17530787233
32,0.0501464418813
33,0.309366114715
34,0.327870602556
35,0.131101293399
36,0.0518706158497
37,0.312142041333
38,0.255873469397
39,0.0
40,0.231932972899
41,0.210873586296
42,0.0
43,0.0943550664616
44,0.0449238397201
45,0.237573665726
46,0.233089446708
47,0.398779961486
48,0.314059102239
49,0.210078816643
50,0.206995189014
51,0.338220366128
52,0.347088823826
53,0.334903231596
54,0.316503384658
55,0.292934419467
56,0.347677701957
57,0.214247575269
58,0.384943027056
59,0.14773170615
60,0.220828819073
61,0.105597652114
62,0.18543368198
63,0.206118454081
64,0.0643603648467
65,0.372293860678
66,0.189683090603
67,0.106627552062
68,0.313110488264
69,0.268960609557
70,0.296215124836
71,0.173447772354
72,0.0853691318957
73,0.252099261488
74,0.0794211909439
75,0.0797277450983
76,0.189607747294
77,0.332087403888
78,0.0953842185545
79,0.375175180514
80,0.478197144238
81,0.461146730394
82,0.482315776311
83,0.421219072946
84,0.486317343744
85,0.298246045967
86,0.362856588964
87,0.603864649001
88,0.232761113155
89,0.345126244598
90,0.590451896235
91,0.482258506804
92,0.446968455724
93,0.707157613467
94,0.661531643918
95,0.66627867007
96,0.589451032299
97,0.629112457598
98,0.638545523606
99,0.666930661474
100,0.514316360741
101,0.553196752017
102,0.529044617394
103,0.777380503406
104,0.416813360464
105,0.647016551722
106,0.568784988242
107,0.733115877682
108,0.762830403455
109,0.723131596961
110,0.610435901284
111,0.714079385092
112,0.661454404287
113,0.61605720934
114,0.777861685117
115,0.571006191501
116,0.687060704111
117,0.738264529037
118,0.823636511967
119,0.810344960368
120,0.637393071475
121,0.531627091667
122,0.726177258963
123,0.657653406029
124,0.680706557453
125,0.669789142339
126,0.771328897489
127,0.701005221693
128,0.796077845208
129,0.572573199822
130,0.709361449795
131,0.621535456559
132,0.284324250289
133,0.0204977273527
134,0.296211420238
135,0.205030069061
136,0.132992945676
137,0.161809129237
138,0.0
139,0.303901008316
140,0.00721107980307
141,0.200260610029
142,0.199962902477
143,0.00718921835909
144,0.260353863401
145,0.436875744649
146,0.0736365291213
147,0.223800283032
148,0.433464594306
149,0.346394427119
150,0.204733382125
151,0.480044416846
152,0.504089316366
153,0.508981688892
154,0.0406222264309
155,0.0
156,0.238998794465
157,0.400266894351
158,0.28422707037
159,0.444435206663
160,0.123968971359
161,0.388168864166
162,0.361201334856
163,0.427142589026
164,0.220100178931
165,0.000981513527717
166,0.293909154635
167,0.385714670952
168,0.625979149727
169,0.603271628354
170,0.182050937612
171,0.0642893603624
172,0.101365788626
173,0.235584438083
174,0.607267066773
175,0.285169225745
176,0.153266692774
177,0.305283350802
178,0.245091585534
179,0.143366293472
180,0.35495124739
181,0.12333334141
182,0.219388371977
183,0.355755800027
184,0.367898545444
185,0.340706027947
186,0.0
187,0.0
188,0.0
189,0.0
190,0.0
191,0.569320382044
192,0.553437170734
193,0.182763520334
194,0.530793085301
195,0.604619347801
196,0.148625907756
197,0.16722640774
198,0.0
199,0.357800648407
200,0.0564751511315
201,0.320672481936
202,0.20730298682
203,0.0884008107022
204,0.144832706348
205,0.0
206,0.0344493079908
207,0.331639792707
208,0.136555143689
209,0.102517671771
210,0.255855056596
211,0.104140444474
212,0.12981877978
213,0.219440176132
214,0.321791670391
215,0.146267170271
216,0.265230734013
217,0.192257513909
218,0.0787090205031
219,0.109149936369
220,0.251514288423
221,0.200161560053
222,0.34042140067
223,0.295729238548
224,0.0
225,0.16508412459
226,0.147478123523
227,0.104956586485
228,0.0749934708899
229,0.249929370969
230,0.310997299261
231,0.0567080640255
232,0.0
233,0.348309981275
234,0.298442840037
235,0.0646208171453
236,0.151539786813
237,0.152834868775
238,0.190610789754
239,0.141801148419
240,0.558912760824
241,0.125076627056
242,0.158361417028
243,0.625219064066
244,0.303902283391
245,0.0
246,0.0
247,0.0
248,0.00951035923593
249,0.23991535798
250,0.415179428702
251,0.492620617338
252,0.466241560458
253,0.0683695750081
254,0.330332900295
255,0.559957292581
256,0.233626029878
257,0.164119817539
258,0.452170046456
259,0.188459971162
260,0.210109142347
261,0.174293016188
262,0.376490373746
263,0.135102456211
264,0.50032709461
265,0.463885461291
266,0.166111484985
267,0.266154861325
268,0.412948318917
269,0.456987918943
270,0.148015095442
271,0.0
272,0.133303597186
273,0.0
274,0.0
275,0.0690436973884
276,0.0
277,0.172331197653
278,0.345135609813
279,0.429462493006
280,0.443565914689
281,0.370407985108
282,0.268810200036
283,0.561937774767
284,0.467912850348
285,0.280216340698
286,0.579984814641
287,0.650028129377
288,0.378660227797
289,0.300620666724
290,0.589190604385
291,0.0549821407758
292,0.110777973671
293,0.445734948839
294,0.513678123062
295,0.652336826512
296,0.5816427885
297,0.181118765963
298,0.462694701545
299,0.469574568627
300,0.348375573013
301,0.317349057788
302,0.342822607009
303,0.413171181322
304,0.627207156843
305,0.461285144689
306,0.389868784749
307,0.557478653188
308,0.014515386077
309,0.0
310,0.0
311,0.0
312,0.176908033752
313,0.368031817803
314,0.0775222595534
315,0.0116471117642
316,0.131160381768
317,0.247799701205
318,0.556376269645
319,0.410099293338
320,0.185729535892
321,0.0336338667407
322,0.284492360199
323,0.0976316109377
324,0.208510659428
325,0.303936444649
326,0.165475049325
327,0.342163585048
328,0.0
329,0.368858383196
330,0.109843305511
331,0.283621445452
332,0.336034479865
333,0.574455301451
334,0.291924887455
335,0.604817551157
336,0.564760155678
337,0.107356390808
338,0.0828719634889
339,0.101579777802
340,0.060053653449
341,0.0
342,0.311892063181
343,0.382043613088
344,0.193298982649
345,0.0
346,0.538341607013
347,0.47751048622
348,0.481569090476
349,0.489524465654
350,0.668581210589
351,0.652111046863
352,0.228906075775
353,0.53067682979
354,0.610282285433
355,0.594126227652
356,0.459159446413
357,0.674952883024
358,0.492416147171
359,0.516179220892
360,0.654109045747
361,0.259095020191
362,0.439897020716
363,0.255563173158
364,0.0
365,0.0
366,0.0
367,0.0
368,0.0
369,0.0
370,0.0
371,0.0
372,0.0
373,0.0
374,0.512189559627
375,0.337963351192
376,0.605689244607
377,0.471496104017
378,0.479243224874
379,0.647220236549
380,0.442310409383
381,0.390771288524
382,0.573203355545
383,0.311806888994
384,0.577945375245
385,0.468440358094
386,0.350113016757
387,0.422473678839
388,0.602261293782
389,0.154032706791
390,0.26674066766
391,0.133992278593
392,0.356595850541
393,0.186775269023
394,0.17791060175
395,0.245295903896
396,0.415055556114
397,0.579589093507
398,0.51233616094
399,0.203630618503
400,0.287319246535
401,0.568653324343
402,0.0
403,0.0
404,0.0
405,0.0
406,0.0
407,0.190230367881
408,0.583450200197
409,0.0406115259628
410,0.198968395212
411,0.0544736280523
412,0.0
413,0.0
414,0.170157753135
415,0.548012749236
416,0.341229892564
417,0.670005406085
418,0.614624298362
419,0.425902456202
420,0.0987223750325
421,0.165814854627
422,0.0629976186657
423,0.0829993534455
424,0.0840197154924
425,0.227770547408
426,0.26735834059
427,0.292040735744
428,0.0
429,0.0617969412376
430,0.23809490079
431,0.307548131815
432,0.366486615809
433,0.686165656373
434,0.686426347049
435,0.460518058231
436,0.478678189098
437,0.598639183819
438,0.575787425642
439,0.53725590296
440,0.587278189694
441,0.504597547245
442,0.717294552409
443,0.338578066095
444,0.3962152757
445,0.297415658427
446,0.556939148586
447,0.0667583361885
448,0.320505348177
449,0.516101573732
450,0.11086223163
451,0.170168073378
452,0.00235789118121
453,0.0
454,0.120135722729
455,0.263364298744
456,0.274806927093
457,0.28080403104
458,0.0648544240418
459,0.2348047821
460,0.386900337453
461,0.106638027778
462,0.760348829407
463,0.443156965435
464,0.286857254654
465,0.415252738016
466,0.531416462759
467,0.37931457751
468,0.315961292868
469,0.260858044589
470,0.11487050999
471,0.198851202965
472,0.0
473,0.0
474,0.241094671499
475,0.0
476,0.0496179598548
477,0.456616063476
478,0.318545153927
479,0.588253935033
480,0.423857308048
481,0.503054048068
482,0.475570943055
483,0.718818012718
484,0.302461493025
485,0.0603867176733
486,0.0953384962685
487,0.0
488,0.393649505101
489,0.547339637323
490,0.0630133800509
491,0.191990497049
492,0.164528086124
493,0.181044885481
494,0.0
495,0.0
496,0.173077199171
497,0.266539091995
498,0.066232656345
499,0.0581358204675
500,0.196218110662
501,0.117132898594
502,0.409788900857
503,0.563287754803
504,0.28667225362
505,0.372568241386
506,0.515508943614
507,0.463341957244
508,0.369785954973
509,0.0628561981728
510,0.311810795881
511,0.64149923326
512,0.413902332468
513,0.417504830399
514,0.0945990564158
515,0.132054011965
516,0.47581695994
517,0.351246520535
518,0.162766152955
519,0.0
520,0.524990741911
521,0.115505289541
522,0.0117488658208
523,0.147711058423
524,0.457760686176
525,0.439795758495
526,0.315068492002
527,0.373258817727
528,0.733871640342
529,0.175065162588
530,0.218803781138
531,0.434956895595
532,0.533480882341
533,0.588701204099
534,0.0908946479767
535,0.154501967862
536,0.204269302277
537,0.0536793515706
538,0.0
539,0.226813581327
540,0.0
541,0.29099666616
542,0.275522336124
543,0.503018312578
544,0.582582741119
545,0.13623094252
546,0.341074866872
547,0.426419095261
548,0.137176686821
549,0.37164659213
550,0.352521119199
551,0.0755862704093
552,0.0493316477573
553,0.389979605268
554,0.0
555,0.463052408558
556,0.283394120602
557,0.26675611126
558,0.51341208273
559,0.039239557682
560,0.258307380816
561,0.438388247052
562,0.438396510993
563,0.423001421467
564,0.484304240842
565,0.178526825862
566,0.524460052359
567,0.369613791247
568,0.212026596
569,0.171763605257
570,0.289426641595
571,0.363762411366
572,0.0877066461787
573,0.320049659259
574,0.50224658644
575,0.53621274415
576,0.0174014180335
577,0.452239528335
578,0.0163213775993
579,0.0173104273091
580,0.377357660632
581,0.281535741628
582,0.0947760239125
583,0.0
584,0.0
585,0.0
586,0.40264402675
587,0.399893569344
588,0.0785562862303
589,0.208321777016
590,0.317277581401
591,0.530089994375
592,0.461576338275
593,0.0268277410095
594,0.0283172055852
595,0.421704564463
596,0.269931387732
597,0.210874511413
598,0.499715725135
599,0.272364805662
600,0.263189366335
601,0.555848820172
602,0.573729682973
603,0.256498097701
604,0.463451715569
605,0.536019449498
606,0.544777094755
607,0.50273170934
608,0.278773246455
609,0.172374217316
610,0.0990210257943
611,0.150943396226
612,0.427528131581
613,0.215882964851
614,0.490812928494
615,0.511168515294
616,0.0491454025845
617,0.236884846808
618,0.127907053116
619,0.0972838148154
620,0.407845632755
621,0.179302909321
622,0.382678043931
623,0.387016884635
624,0.421903602829
625,0.136562389108
626,0.449696673928
627,0.623272048024
628,0.550387632835
629,0.56891893218
630,0.593087489058
631,0.719226557835
632,0.550131557869
633,0.0
634,0.264374989514
635,0.466005154833
636,0.494944459793
637,0.434330029304
638,0.616355258375
639,0.544947403185
640,0.336552040508
641,0.19163504895
642,0.422334822038
643,0.724574202183
644,0.349658419845
645,0.544413721074
646,0.462713742062
647,0.574927319227
648,0.222897272901
649,0.649873365651
650,0.606851165491
651,0.701755059896
652,0.293458142969
653,0.375877669298
654,0.578770751845
655,0.553610977179
656,0.542268360136
657,0.389624298627
658,0.412251202152
659,0.383868146897
660,0.272767507936
661,0.4297007602
662,0.579727744814
663,0.32412936902
664,0.369378853663
665,0.164510158926
666,0.0
667,0.0
668,0.0
669,0.0
670,0.0
671,0.0
672,0.0
673,0.0
674,0.0
675,0.0
676,0.500934164483
677,0.478375172398
678,0.447042544833
679,0.311253176577
680,0.365602397675
681,0.0
682,0.292356698749
683,0.580921890713
684,0.579104723594
685,0.529826572654
686,0.279664776127
687,0.60894153934
688,0.0
689,0.0
690,0.0
691,0.582130713069
692,0.335188883055
693,0.52416951399
694,0.539542370858
695,0.628862362271
696,0.0850539591933
697,0.209838883322
698,0.746608637388
699,0.584277143318
700,0.4093817901
701,0.528326644354
702,0.0
703,0.630201654836
704,0.40325139054
705,0.29930499237
706,0.571944395297
707,0.117834376259
708,0.0
709,0.0
710,0.0
711,0.0
712,0.0
713,0.0
714,0.0
715,0.0
716,0.0
717,0.0
718,0.0
719,0.0
720,0.0
721,0.0
722,0.0
723,0.574622767557
724,0.0
725,0.0
726,0.41924485497
727,0.0897725587621
728,0.283451819355
729,0.200054214288
730,0.568685644048
731,0.479411117448
732,0.0710777477838
733,0.136358348177
734,0.242658343007
735,0.546657929359
736,0.466394445598
737,0.426666426895
738,0.61742095329
739,0.817271350039
740,0.671653132239
741,0.482433802681
742,0.615756898922
743,0.353842636179
744,0.542163334355
745,0.428800091962
746,0.0
747,0.115289208854
748,0.163422878209
749,0.202247487301
750,0.296983664674
751,0.366185899974
752,0.513362906422
753,0.430154825696
754,0.623114610182
755,0.0586235634911
756,0.452290009035
757,0.315301653219
758,0.00188720005185
759,0.178535225476
760,0.148029022797
761,0.0
762,0.0116471117642
763,0.0
764,0.285279951921
765,0.508226279044
766,0.171241493388
767,0.183127697895
768,0.605768640197
769,0.59997866346
770,0.341161135875
771,0.269410087204
772,0.0869384451539
773,0.422536574015
774,0.519840698542
775,0.688594342485
776,0.700863668185
777,0.608635155984
778,0.423771493662
779,0.424706045384
780,0.514769265377
781,0.430864077356
782,0.0
783,0.0
784,0.0
785,0.0
786,0.0
787,0.0
788,0.0
789,0.0
790,0.0
791,0.0
792,0.0
793,0.0
794,0.0
795,0.0
796,0.0
797,0.0
798,0.0
799,0.287037667803
800,0.235303598389
801,0.385730054873
802,0.582958877119
803,0.434503643347
804,0.520426607223
805,0.627853570968
806,0.287555512995
807,0.255179246779
808,0.554669703632
809,0.0373476734768
810,0.181989314214
811,0.143283389026
812,0.091362093018
813,0.154337280904
814,0.0
815,0.00543556434181
816,0.258158024314
817,0.336664107754
818,0.117810332493
819,0.119296087159
820,0.102981586945
821,0.318223499501
822,0.0167634193546
823,0.0160967210398
824,0.429542456908
825,0.0
826,0.0
827,0.0
828,0.0364936774229
829,0.0
830,0.206311778141
831,0.0176794276127
832,0.172166279331
833,0.0923208319046
834,0.141004957406
835,0.39419119993
836,0.33006952054
837,0.267037481856
838,0.244013460563
839,0.404141794907
840,0.171541533184
841,0.087257251072
842,0.0
843,0.169674154305
844,0.388812360769
845,0.115909835416
846,0.106305137881
847,0.627598619404
848,0.533461895534
849,0.216157917193
850,0.364655097539
851,0.0
852,0.0
853,0.57640848248
854,0.528561038064
855,0.371924644255
856,0.282698140027
857,0.221110262227
