site,dnds
1,0.0
2,0.241862485413
3,0.437488377466
4,0.142995775607
5,0.443845922301
6,0.437909989998
7,0.445926463095
8,0.524535694053
9,0.421232523381
10,0.0432501456972
11,0.389041977233
12,0.0815467271247
13,0.0517574423903
14,0.667211264477
15,0.616871244742
16,0.543704059181
17,0.179857571981
18,0.610729583588
19,0.616067840584
20,0.253888273277
21,0.191701242827
22,0.585511502396
23,0.0448132513938
24,0.487061411486
25,0.174554906178
26,0.0647062233499
27,0.0
28,0.233305114768
29,0.0
30,0.285749547277
31,0.039016484286
32,0.273731877195
33,0.494109482591
34,0.132932999146
35,0.0
36,0.192771084337
37,0.0831102704648
38,0.277304745026
39,0.043372916069
40,0.0109109497259
41,0.334080838667
42,0.263998339462
43,0.0
44,0.0
45,0.0571853983797
46,0.0150287357701
47,0.228986562702
48,0.35580677036
49,0.036132154327
50,0.188970180303
51,0.459966830662
52,0.0605658640507
53,0.189392077694
54,0.471106189428
55,0.0694051148695
56,0.564186423597
57,0.342394805314
58,0.0
59,0.502335123423
60,0.0
61,0.0
62,0.174840095213
63,0.367358368064
64,0.024565628847
65,0.0179410819447
66,0.260025897617
67,0.0
68,0.0751180738453
69,0.0
70,0.181384620859
71,0.203094959191
72,0.146875659261
73,0.0
74,0.0
75,0.0
76,0.0
77,0.0
78,0.0
79,0.382245962389
80,0.468694031664
81,0.332524744017
82,0.0543799132796
83,0.38191665725
84,0.283974007609
85,0.0
86,0.355000514057
87,0.267096382461
88,0.255844887643
89,0.455350292362
90,0.330662296777
91,0.307385988458
92,0.0652696657735
93,0.249072888843
94,0.348873050674
95,0.509305658927
96,0.162056769778
97,0.151261939565
98,0.0
99,0.0
100,0.428967284314
101,0.350359418627
102,0.0998257467467
103,0.383414678098
104,0.0780657706043
105,0.40408691274
106,0.0
107,0.0
108,0.494021327335
109,0.0
110,0.0474902433065
111,0.128291105861
112,0.176595268554
113,0.14740573813
114,0.122439624019
115,0.00962473829927
116,0.386261044349
117,0.0
118,0.287539310135
119,0.146949342933
120,0.0254640785978
121,0.0729109875309
122,0.351700117849
123,0.474938993344
124,0.282838124983
125,0.397962122774
