site,dnds
1,0.0
2,0.0
3,0.0
4,0.0
5,0.0
6,0.0695083042471
7,0.0
8,0.11032089928
9,0.405973207912
10,0.388757696513
11,0.508245783052
12,0.00526547593971
13,0.0
14,0.64379694344
15,0.344802795011
16,0.662980185731
17,0.87509528545
18,0.268431243564
19,0.636144520424
20,0.413029884294
21,0.731560501206
22,0.724995343884
23,0.53907033736
24,0.0106003949832
25,0.334625061173
26,0.400436946116
27,0.546840186483
28,0.57741227288
29,0.464405206091
30,0.521705160061
31,0.615751893859
32,0.559663653212
33,0.751606786128
34,0.725094448111
35,0.786895062149
36,0.777126128085
37,0.696479480259
38,0.0827699368764
39,0.126141177275
40,0.176385293835
41,0.0543228789888
42,0.0132528851566
43,0.58991134257
44,0.602233572915
45,0.132483371232
46,0.30256528783
47,0.835640496054
48,0.568924547499
49,0.210853680436
50,0.387939296782
51,0.0841682034302
52,0.0045325826647
53,0.00908125520496
54,0.0291405965889
55,0.254559531666
56,0.205890260553
57,0.285899414781
58,0.537082348594
59,0.734097150749
60,0.0
61,0.153650196132
62,0.0918917713327
63,0.149750791987
64,0.747023678382
65,0.148129014196
66,0.18868543619
67,0.439231142791
68,0.775051845066
69,0.508171399999
70,0.618810410573
71,0.349799719237
72,0.198704198552
73,0.379288036548
74,0.105263157895
75,0.202030712795
76,0.166145615944
77,0.41358824502
78,0.108886772724
79,0.10808711413
80,0.504420774887
81,0.0
82,0.0160967210398
83,0.133407451104
84,0.283821632142
85,0.235533503888
86,0.17584314013
87,0.40508464253
88,0.538520132809
89,0.571783794832
90,0.0187979000871
91,0.342777298556
92,0.34509712501
93,0.174300402865
94,0.0
95,0.0874706099977
96,0.0023439319454
97,0.0
98,0.352268324103
99,0.704577391713
100,0.585501692163
101,0.822184975262
102,0.248356785913
103,0.229281942848
104,0.205097965409
105,0.0775491027295
106,0.0
107,0.134899473774
108,0.133303597186
109,0.170212765957
110,0.194827795035
111,0.369312672134
112,0.24213655786
113,0.434485738504
114,0.348356670633
115,0.629900423772
116,0.737554803457
117,0.0
118,0.0
119,0.776913943421
120,0.481102389173
121,0.715825641037
122,0.488154985742
123,0.636661258699
124,0.0
125,0.796287492472
126,0.278410419655
127,0.618357829593
128,0.212486752918
129,0.579578034597
130,0.451685858586
131,0.0126827080098
132,0.611990281923
133,0.473673261044
134,0.25034258604
135,0.180677660427
136,0.331333106439
137,0.4581257575
138,0.747064715554
139,0.575750817177
140,0.610650040776
141,0.618199558577
142,0.0
143,0.192478819059
144,0.551973924542
145,0.868962975186
146,0.816692934452
147,0.692393537861
148,0.58531525616
149,0.514102782121
150,0.67344073889
151,0.709303969467
152,0.48790599966
153,0.737524437875
154,0.59153640626
155,0.829879045308
156,0.292302755448
157,0.580058192392
158,0.299740173719
159,0.308032640768
160,0.487006747409
161,0.361230280092
162,0.370428369786
163,0.0
164,0.0
165,0.0
166,0.0
167,0.0
168,0.0
169,0.0
170,0.0
171,0.729403179811
172,0.170672032729
173,0.30758558008
174,0.658326958549
175,0.165991083479
176,0.559454565233
177,0.789598696928
178,0.27611731045
179,0.817438664906
180,0.806723059572
181,0.477303808017
182,0.805501502536
183,0.657207801099
184,0.519433003146
185,0.0
186,0.154032706791
187,0.0840178400679
188,0.0611038836857
189,0.241094671499
190,0.252053520204
191,0.751465513318
192,0.552820230516
193,0.396188425825
194,0.0
195,0.20787592466
196,0.15432749147
197,0.207429439109
198,0.480101271733
199,0.328980833816
200,0.125939846265
201,0.562097430681
202,0.629290035133
203,0.280968750591
204,0.383992746501
205,0.684241072103
206,0.405755105112
207,0.0
208,0.331628769699
209,0.0729628611116
210,0.612231819519
211,0.624379543775
212,0.275688598394
213,0.638181565473
214,0.3597602536
215,0.226087785837
216,0.0698770035409
217,0.130907235234
218,0.125670185836
219,0.624047306099
220,0.66201806332
221,0.473495569608
222,0.20831225355
223,0.142459728994
224,0.581014425572
225,0.717652765108
226,0.825755628031
227,0.475120849962
228,0.625102928113
229,0.352903988236
230,0.690693897451
231,0.325086758961
232,0.557247204438
233,0.825935552964
234,0.165661093847
235,0.367040384621
236,0.211753489781
237,0.27551065524
238,0.0
239,0.00292519427996
240,0.0
241,0.101694915254
242,0.657194051521
243,0.378003186657
244,0.695207217487
245,0.580134663235
246,0.410115828331
247,0.262251594074
248,0.719920480361
249,0.149430275101
250,0.344448033184
251,0.123616721248
252,0.0
253,0.0
254,0.0
255,0.0
256,0.0
257,0.0
258,0.0
259,0.0
260,0.0
261,0.0
262,0.0
263,0.0
264,0.0
265,0.0
266,0.0
267,0.0
268,0.296556189034
269,0.393071452107
270,0.348481556922
271,0.494876504762
272,0.266050589116
273,0.769364461226
274,0.814135134906
275,0.429671012025
276,0.657378247873
277,0.750326980241
278,0.138216096372
279,0.0863734804436
280,0.0671459699996
281,0.281994759743
282,0.347575655627
283,0.382896526343
284,0.738018871178
285,0.346017370648
286,0.282151626257
287,0.349820787006
288,0.399207642104
289,0.439166538531
290,0.434127803443
291,0.609057160153
292,0.614352242789
293,0.0
294,0.263260509387
295,0.669987555383
296,0.142857142857
297,0.802952475435
298,0.712620578921
299,0.60660468991
300,0.505816325888
301,0.65881195146
302,0.515728321244
303,0.360151159074
304,0.537164334161
305,0.563123323285
306,0.377083311686
307,0.553365035588
308,0.343214796831
309,0.399122004635
310,0.509327125357
311,0.0
312,0.0
313,0.781452485514
314,0.233526024541
315,0.0531586591291
316,0.0
317,0.154032706791
318,0.0
319,0.1
320,0.404785346386
321,0.456164511081
322,0.623324371886
323,0.0138511650623
324,0.530349118948
325,0.0
326,0.0864206361458
327,0.00582478489479
328,0.142857142857
329,0.433450739948
330,0.633853570762
331,0.384118628978
332,0.535294832842
333,0.0943950062869
334,0.233574998305
335,0.300799554013
336,0.00762496548673
337,0.301701945603
338,0.00543556434181
339,0.169406313997
340,0.0
341,0.0
342,0.0
343,0.0
344,0.0
345,0.0
346,0.0
347,0.0
348,0.0
349,0.0
350,0.0124715098493
351,0.00951035923593
352,0.010733091202
353,0.0
354,0.0
355,0.0243715370685
356,0.266054074664
357,0.209230234444
358,0.288064639288
359,0.236898923623
360,0.194106968669
361,0.539657661404
362,0.652092427265
363,0.652125844584
364,0.812607160823
365,0.666575425243
366,0.1263858107
367,0.0
368,0.191750385737
369,0.0
370,0.461838275124
371,0.697876216007
372,0.0771501372453
373,0.558838571719
374,0.214398689035
375,0.474947936791
376,0.0
377,0.218743683082
378,0.0527800940295
379,0.0
380,0.0
381,0.00235789118121
382,0.125533995252
383,0.199955395779
384,0.696386887455
385,0.27004399623
386,0.0326994307807
387,0.178136109961
388,0.613394183321
389,0.377986450821
390,0.0
391,0.0
392,0.0
393,0.0
394,0.0
395,0.0
396,0.0
397,0.0
398,0.0
399,0.0
400,0.389789032732
401,0.402828367492
402,0.0097762782613
403,0.0758761973786
404,0.0905044491193
405,0.0472068874906
406,0.324055692485
407,0.298856413458
408,0.134551666374
409,0.633321593875
410,0.711218872076
411,0.305989800345
412,0.629893296767
413,0.432051648529
414,0.0
415,0.109990247275
416,0.697662337633
417,0.595054575602
418,0.556235211037
419,0.390181513075
420,0.468645704741
421,0.590366921976
422,0.0932052959578
