site,dnds
1,0.256083226174
2,0.0819359755498
3,0.113185983064
4,0.308259049353
5,0.26534409116
6,0.14497188395
7,0.160832558821
8,0.12858323465
9,0.312091494026
10,0.273415726365
11,0.0
12,0.0
13,0.328870174327
14,0.0
15,0.114203688625
16,0.346307927816
17,0.169750329933
18,0.282000601209
19,0.29843415415
20,0.0883783487034
21,0.0540937350484
22,0.41791788973
23,0.197244013966
24,0.0785096298462
25,0.125459209553
26,0.427113124272
27,0.188826414325
28,0.188688551137
29,0.25355399013
30,0.226997811138
31,0.0824844684537
32,0.0123116437095
33,0.316344155428
34,0.310319508162
35,0.141756424344
36,0.0
37,0.27051671712
38,0.324789711842
39,0.112416628116
40,0.327816996952
41,0.165228260906
42,0.0585992111255
43,0.233441101844
44,0.218148324191
45,0.357419364054
46,0.139371218912
47,0.0617969412376
48,0.0
49,0.0
50,0.0
51,0.0677642282445
52,0.141717680343
53,0.0
54,0.176872289198
55,0.0797518542
56,0.150159825213
57,0.0
58,0.102994902063
59,0.0
60,0.198766366538
61,0.0
62,0.434850573434
63,0.0
64,0.224663753833
65,0.0
66,0.285944588765
67,0.199338043977
68,0.0540937350484
69,0.212634636516
70,0.0
71,0.0
72,0.0
73,0.107912322857
74,0.0
75,0.306417227547
76,0.323005179109
77,0.16758492539
78,0.0283094196
79,0.158516063224
80,0.0
81,0.255699089789
82,0.0
83,0.291919705003
84,0.183210608973
85,0.380995830671
86,0.414447799992
87,0.308378173791
88,0.220989576293
89,0.315559825945
90,0.291052260211
91,0.494521735985
92,0.0536745950299
93,0.205974434835
94,0.0522080367691
95,0.0
96,0.0579584855639
97,0.146463225704
98,0.225464514073
99,0.132123683802
100,0.396999077518
101,0.200988558075
102,0.0302047780809
103,0.316019681072
104,0.272743704858
105,0.169659402046
106,0.267746166793
107,0.304235679623
108,0.0
109,0.4315191594
110,0.0141846755713
111,0.216508885452
112,0.14561768849
113,0.0
114,0.0
115,0.119520157095
116,0.124598787533
117,0.206418600491
118,0.0
119,0.292081366099
120,0.0273748581267
121,0.0
122,0.233851963389
123,0.293104545455
124,0.0
125,0.0832009067026
126,0.34454147181
127,0.199630428985
128,0.316119557514
129,0.418367440601
130,0.272504563346
131,0.298563644961
132,0.428237710916
133,0.181776728217
134,0.157155544104
135,0.0
136,0.11335209927
137,0.199506619171
138,0.0
139,0.103959302752
140,0.19324509702
141,0.0
142,0.0
143,0.0
144,0.0
145,0.0
146,0.363710066454
147,0.0
148,0.215975772206
149,0.0943129255763
150,0.131894693859
151,0.189644496696
152,0.171624689526
153,0.229698231255
154,0.269396946918
155,0.0440167282456
156,0.279478820183
157,0.26551149092
158,0.00784763846607
159,0.0405187602396
160,0.0316826200414
161,0.253882955007
162,0.0120180114858
163,0.0747695885855
164,0.0
165,0.1742799004
166,0.162683177718
167,0.136923534563
168,0.0364609331606
169,0.102119903005
170,0.0954455739747
171,0.389135782758
172,0.0632831503936
173,0.0
174,0.0
175,0.372342725227
176,0.17038323321
177,0.267590093906
178,0.136033177507
179,0.282041679693
180,0.0
181,0.222008746922
182,0.209464280538
183,0.104684048214
184,0.270459053206
185,0.02895654018
186,0.110663778503
187,0.245484924986
188,0.226333594489
189,0.173032714433
190,0.0808465407429
191,0.12326876957
192,0.322332544171
193,0.0
194,0.288811753707
195,0.0340695554846
196,0.0
197,0.0
198,0.0
199,0.0
200,0.0385178121534
201,0.0790767099738
202,0.0123116437095
203,0.0320410271255
204,0.118151362143
205,0.0
206,0.28941347438
207,0.195122339838
208,0.0706298644619
209,0.052599141825
210,0.349134621165
211,0.416214464282
212,0.0
213,0.0
214,0.103181918872
215,0.0
216,0.41430271171
217,0.0785096298462
218,0.133465723268
219,0.0963481445009
220,0.0241133820111
221,0.0
222,0.107912322857
223,0.0
224,0.0
225,0.0
226,0.0
227,0.0
228,0.0
229,0.159314281209
230,0.0660239453188
231,0.188803444092
232,0.183313490147
233,0.278553306361
234,0.236660016981
235,0.407712319174
236,0.197069105327
237,0.25405370605
238,0.100321263862
239,0.0
240,0.061176050021
241,0.0
242,0.0437347258814
243,0.0498464799977
244,0.0
245,0.114446024115
246,0.0546271303758
247,0.237664260063
248,0.0
249,0.00787115198956
250,0.0
251,0.131291964878
252,0.0842065930465
253,0.0475979953791
254,0.0
255,0.144141492523
256,0.136972921769
257,0.387131331855
258,0.0
259,0.309063128403
260,0.0242607770163
261,0.350978202899
262,0.229602503484
263,0.0703502319725
264,0.0583525271986
265,0.0437973757416
266,0.0
267,0.325789090562
268,0.150393911528
269,0.29541122326
270,0.0
271,0.282412666591
272,0.150192490373
273,0.0
274,0.0440167282456
275,0.0278260148162
276,0.0272252272673
277,0.0
278,0.030352006299
279,0.0
280,0.125533719476
281,0.0
282,0.102123866118
283,0.0
284,0.0221462611903
285,0.148896632396
286,0.0546483696011
287,0.0145267818894
288,0.106839061438
289,0.0
290,0.0893353873551
291,0.0323284942432
292,0.0645592669724
293,0.136431536027
294,0.0
295,0.0
296,0.0449842226097
297,0.11789281883
298,0.0
299,0.197318226938
300,0.0413386242274
301,0.0698686789008
302,0.127621671893
303,0.217837598937
304,0.345519626521
305,0.0952479010527
306,0.177371647886
307,0.0
308,0.0
309,0.362819299196
310,0.0
311,0.364158506306
312,0.312984175175
313,0.195499450302
314,0.180597308551
315,0.311923784554
316,0.0
317,0.134216344355
318,0.301631502068
319,0.290588070096
320,0.0
321,0.204500841477
322,0.159677085955
323,0.18650462123
324,0.0460977032173
325,0.346005946456
326,0.108457914981
327,0.0867250342142
328,0.177190321584
329,0.235777861813
330,0.208270865516
331,0.00707720915971
332,0.0
333,0.0
334,0.0
335,0.0
336,0.0
337,0.0
338,0.0
339,0.0
340,0.0
341,0.0
342,0.0
343,0.0
344,0.0
345,0.0
346,0.0
347,0.0
348,0.0
349,0.0
350,0.0
351,0.0
352,0.0
353,0.0990210257943
354,0.0803862650245
355,0.317895266668
356,0.387276839832
357,0.0521634711146
358,0.34115307492
359,0.0
360,0.265497421325
361,0.421486869892
362,0.323468018123
363,0.216732720719
364,0.170764245064
365,0.281841193672
366,0.253942271727
367,0.0
368,0.234771375075
369,0.224208349287
370,0.0
371,0.0
372,0.243742404853
373,0.221490561329
374,0.0262608940732
375,0.331604040423
376,0.443333661608
377,0.326818219011
378,0.0
379,0.0343604679663
380,0.237752555729
381,0.113346243009
382,0.0
383,0.19582924515
384,0.249444023552
385,0.0927856374109
386,0.0
387,0.222439081356
388,0.0
389,0.0
390,0.188024044682
391,0.0
392,0.0
393,0.117188736727
394,0.0
395,0.14904311279
396,0.0
397,0.0311452572373
398,0.0361823902417
399,0.0442045324942
400,0.257936002593
401,0.0
402,0.150752782432
403,0.0943943773837
404,0.133575722199
405,0.0
406,0.416261274094
407,0.068921703269
408,0.136675158236
409,0.212089932973
410,0.289519271443
411,0.116450970937
412,0.149828686538
413,0.308476393504
414,0.305959998061
415,0.443958357256
416,0.271999972485
417,0.0262571290653
418,0.212084342645
419,0.261726515534
420,0.188492422144
421,0.10168010451
422,0.176026984256
423,0.243093286862
424,0.0709477918602
425,0.0
426,0.30790530953
427,0.204822427374
428,0.169007317743
429,0.127393158912
430,0.405282485104
431,0.0273094185889
432,0.0
433,0.364846497623
434,0.142154285639
435,0.327546621077
436,0.293016528007
437,0.085228954285
438,0.207886447114
439,0.251989910281
440,0.122469138656
441,0.0
442,0.0
443,0.0
444,0.0
445,0.0
446,0.0
447,0.0
448,0.0
449,0.0
450,0.0
451,0.0
452,0.0
453,0.0
454,0.0
455,0.0
456,0.138947114953
457,0.16538545927
458,0.108325882291
459,0.311081806189
460,0.0853929764825
461,0.228913406119
462,0.0565291772158
463,0.354386025369
464,0.195062672383
465,0.146959960975
466,0.12288173283
467,0.244875803757
468,0.127207407566
469,0.338135621265
470,0.369238582902
471,0.0979160694273
472,0.207132607293
473,0.164024569616
474,0.206423988356
475,0.302221829362
476,0.311149698245
477,0.237526527389
478,0.232142853092
479,0.296096364319
480,0.223811153504
481,0.15007956563
482,0.301982868095
483,0.240621231143
484,0.258001246101
485,0.30755840152
486,0.295620820143
487,0.417827245017
488,0.244097048095
489,0.41746541889
490,0.280507329257
491,0.540016997655
492,0.49393325681
493,0.525190681866
494,0.0
495,0.0716703787691
496,0.0856061523637
497,0.122028625626
498,0.0
499,0.0
500,0.153846153846
501,0.432097329852
502,0.566156926901
503,0.313835001058
504,0.463418021902
505,0.47772962786
506,0.187243031044
507,0.0092977243214
508,0.353313985319
509,0.302472399035
510,0.251150796086
511,0.515621626521
512,0.307238474423
513,0.374391350774
514,0.57052215864
515,0.401709351236
516,0.282046506233
517,0.190613837451
518,0.299519532277
519,0.482318944339
520,0.349485676486
521,0.320281051794
522,0.424296108967
523,0.337892813582
524,0.191437947161
525,0.273904186265
526,0.598968389178
527,0.317159137354
528,0.227677540147
529,0.471100714926
530,0.595381744153
531,0.0970685045928
532,0.0
533,0.47281003426
534,0.333073111556
535,0.36723490183
536,0.307598749599
537,0.209501760019
538,0.415794688998
539,0.573181436412
540,0.326967958665
541,0.425063975942
542,0.410566289646
543,0.430104610136
544,0.0
545,0.322292051415
546,0.0
547,0.139057649831
548,0.131937599556
549,0.110700960004
550,0.205915248602
551,0.476943512538
552,0.280764535109
553,0.0
554,0.170101097185
555,0.0
556,0.396984868592
557,0.0
558,0.363053666037
559,0.0
560,0.0
561,0.0
562,0.0
563,0.0
564,0.0
565,0.0
566,0.0
567,0.213227630142
568,0.171434734455
569,0.108884599494
570,0.0
571,0.333002296175
572,0.069331352299
573,0.263520295453
574,0.0
575,0.137527433423
576,0.214755003779
577,0.0791568025998
578,0.234648413557
579,0.0608034946996
580,0.035253238345
581,0.0409406598607
582,0.346790710035
583,0.132861132396
584,0.378444989458
585,0.322882766384
586,0.286670754896
587,0.303016065281
588,0.438052716559
589,0.423816189755
590,0.314016660602
591,0.368896842869
592,0.419951878003
593,0.0
594,0.0
595,0.0
596,0.0
597,0.0
598,0.0
599,0.0
600,0.199955395779
601,0.0
602,0.0
603,0.0
604,0.0
605,0.0
606,0.0
607,0.0
608,0.510405427764
609,0.60972766004
610,0.418058456455
611,0.426614676262
612,0.376713123187
613,0.0
614,0.0
615,0.0
616,0.149164700507
617,0.0
618,0.206137712458
619,0.221395778141
620,0.180818667329
621,0.17703925183
622,0.287788989647
623,0.39443774456
624,0.147182087099
625,0.0
626,0.0
627,0.0
628,0.281501764192
629,0.223432058202
630,0.453628062725
631,0.253755310659
632,0.132909052987
633,0.150837988827
634,0.312166017681
635,0.413891873162
636,0.439394417868
637,0.188761084078
638,0.237942961686
639,0.108080737012
640,0.242786204338
641,0.28579985251
642,0.320716060258
643,0.066376096275
644,0.165355518683
645,0.159095619654
646,0.0977090803074
647,0.462194484665
648,0.0609375918323
649,0.205689790145
650,0.265285320349
651,0.252952484194
652,0.358858504002
653,0.164018167703
654,0.167778665424
655,0.337688878898
656,0.229211938545
657,0.434606622572
658,0.317323079367
659,0.399137203414
660,0.404285150297
661,0.0896756050243
662,0.0
663,0.168619605228
664,0.0
665,0.0353694608206
666,0.308661415829
667,0.29615662479
668,0.0413400881518
669,0.195277990783
670,0.234271555441
671,0.244132410655
672,0.0873505267309
673,0.25782834094
674,0.388494784794
675,0.291872208002
676,0.246214291601
677,0.22938341246
678,0.487862109035
679,0.423823985961
680,0.475042987413
681,0.398013122602
682,0.351383741171
683,0.387517160718
684,0.223403331882
685,0.279145744547
686,0.162035155514
687,0.0447191729394
688,0.224994961441
689,0.248255807001
690,0.0615384615385
691,0.28246598571
692,0.0887228391117
693,0.0797636278246
694,0.115524530093
695,0.0803779948813
696,0.0
697,0.298540284417
698,0.393334924656
699,0.485221893252
700,0.458664667244
701,0.18751669034
702,0.505895848104
703,0.289907222662
704,0.408786301761
705,0.276668577033
706,0.132741856267
707,0.0
708,0.147856539089
709,0.174627217205
710,0.0215117107436
711,0.129573997537
712,0.114895866447
713,0.0382856917913
714,0.154043744885
715,0.406054123795
716,0.0
717,0.499249753305
718,0.257705714059
719,0.117167821865
720,0.246578907392
721,0.331985699255
722,0.216779625836
723,0.279047564126
724,0.0
725,0.380609656569
726,0.446726716097
727,0.0875943999001
728,0.0145527437246
729,0.0
730,0.054481540324
731,0.0229676432119
732,0.0
733,0.0
734,0.355243829052
735,0.0655348768607
736,0.463768091339
737,0.277169448478
738,0.0752438278206
739,0.157316197494
740,0.0784857281909
741,0.330965307394
742,0.0838338363008
743,0.283970564111
744,0.242766890804
745,0.533652732327
746,0.0962532615584
747,0.278482252149
748,0.0
749,0.0
750,0.269691299241
751,0.148278784269
752,0.0
753,0.25073780543
754,0.0
755,0.201195916582
756,0.400174667393
757,0.361752170697
758,0.275541724306
759,0.0
760,0.0
761,0.0
762,0.0
763,0.0
764,0.0
765,0.0
766,0.0
767,0.0
768,0.0
769,0.0
770,0.0
771,0.0
772,0.0
773,0.0
774,0.0
775,0.142857142857
776,0.199955395779
777,0.0
778,0.106638027778
779,0.0
780,0.125
781,0.266666666667
782,0.0
783,0.132776341132
784,0.0867325491054
785,0.0
786,0.0
787,0.0695083042471
788,0.142857142857
789,0.0
790,0.0
791,0.0
792,0.241094671499
793,0.332430558649
794,0.171697827503
795,0.368142558561
796,0.440930961569
797,0.296200978877
798,0.442976888624
799,0.358521539087
800,0.197763097114
801,0.0833997646004
802,0.2220892699
803,0.44664770876
804,0.233586915339
805,0.182759721916
806,0.493848053763
807,0.0
808,0.0
809,0.34161868168
810,0.139562553793
811,0.272659417583
812,0.177286036522
813,0.230818096156
814,0.0673181490804
815,0.35980534269
816,0.165410287667
817,0.0
818,0.0
819,0.0944152280428
820,0.0
821,0.154833498444
822,0.0
823,0.138999652614
824,0.124057228328
825,0.278518579841
826,0.0922015086443
827,0.205014866831
828,0.0448415114987
829,0.353605837654
830,0.350464593694
831,0.0498793729963
832,0.0
833,0.0
834,0.125
835,0.132776341132
836,0.0123456790123
837,0.167620830821
838,0.284778183086
839,0.514285722939
840,0.059521700663
841,0.241735633761
842,0.311316951331
843,0.0398934183505
844,0.0
845,0.0
846,0.0
847,0.123055169926
848,0.119611710792
849,0.222810321687
850,0.0
851,0.0
852,0.0
853,0.0
854,0.0
855,0.0
856,0.0
857,0.0
858,0.0
859,0.0
860,0.0283775699384
861,0.161136399668
862,0.0
863,0.24840020545
864,0.0
865,0.147651209677
866,0.053729747464
867,0.0415810678049
868,0.0936375260867
869,0.0
870,0.319368994234
871,0.222258510935
872,0.331720481384
873,0.212953984714
874,0.333666603132
875,0.169093610906
876,0.47458083754
877,0.313212266777
878,0.0703201266799
879,0.330538874161
880,0.344217264733
881,0.392366950466
882,0.306759001478
883,0.417206042602
884,0.0
885,0.0
886,0.0
887,0.0
888,0.0
889,0.0
890,0.0
891,0.0
892,0.0
893,0.0
894,0.0
895,0.0
896,0.0
897,0.199955395779
898,0.199955395779
899,0.133303597186
900,0.166666666667
901,0.0
902,0.142857142857
903,0.229201582473
904,0.410372343274
905,0.472841156752
906,0.521066184729
907,0.130060867015
908,0.370717939384
909,0.320740483711
910,0.304680419202
911,0.384497713443
912,0.165384973339
913,0.191967850504
914,0.166666666667
915,0.165499608153
916,0.0441959954701
917,0.0639467009354
918,0.0
919,0.00647801103327
920,0.0
921,0.206773294871
922,0.239810362312
923,0.126723534003
924,0.282217869071
925,0.370160933249
926,0.283755823201
927,0.0709767853012
928,0.104378322172
929,0.353443111182
930,0.236756941851
931,0.368822241584
932,0.35727341526
933,0.358635420548
934,0.591485630836
935,0.0423382939244
936,0.476691276891
937,0.0910815507816
938,0.0
939,0.645779785887
940,0.531643499707
941,0.241866595718
942,0.105999966166
943,0.449117504507
944,0.595905155917
945,0.172646618689
946,0.459414047524
947,0.130221549305
948,0.163271461674
949,0.0253519538291
950,0.130701566592
951,0.0
952,0.2818338838
953,0.0
954,0.0
955,0.0
956,0.0
957,0.0
958,0.0
959,0.0
960,0.0
961,0.0
962,0.0
963,0.0
964,0.0
965,0.0
966,0.0
967,0.0
968,0.0
969,0.0
970,0.0
971,0.0
972,0.0
973,0.0
974,0.0
975,0.17982484297
976,0.0
977,0.0527587859581
978,0.0780460920869
979,0.222596461058
980,0.0993672693556
981,0.0398934183505
982,0.101486395772
983,0.0503771794337
984,0.24397393335
985,0.0
986,0.0
987,0.136388474191
988,0.243961940382
989,0.0
990,0.352921152907
991,0.102217556039
992,0.355063754595
993,0.468056949268
994,0.169881961546
995,0.28385461024
996,0.303802687864
997,0.482650593463
998,0.50526021837
999,0.136988074996
1000,0.37062367016
1001,0.602239070535
1002,0.375510493471
1003,0.164876321136
1004,0.484824617069
1005,0.342141912797
1006,0.0588542297501
1007,0.0
1008,0.0660140171962
1009,0.0797636278246
1010,0.0
1011,0.0
1012,0.0
1013,0.0
1014,0.0
1015,0.0
1016,0.083889332712
1017,0.0
1018,0.0
1019,0.0
1020,0.120939084326
1021,0.126026760102
1022,0.416343850761
1023,0.273792284731
1024,0.348822366976
1025,0.347855720317
1026,0.516731076195
1027,0.0886139768762
1028,0.42627515404
1029,0.255294120079
1030,0.401069561829
1031,0.246844279523
1032,0.179570274271
1033,0.323132000209
1034,0.350939675464
1035,0.0996673981987
1036,0.23077734693
1037,0.207422845018
1038,0.214183830799
1039,0.0124437844385
1040,0.301830484792
1041,0.345516313602
1042,0.1532125995
1043,0.178013992973
1044,0.217813291144
1045,0.276369034853
1046,0.519895647843
1047,0.402921770424
1048,0.43978242833
1049,0.199955395779
1050,0.166666666667
1051,0.0
1052,0.133303597186
1053,0.0680500880741
1054,0.199955395779
1055,0.0990210257943
1056,0.169014084507
1057,0.0
1058,0.0
1059,0.0
1060,0.0
1061,0.0
1062,0.0
1063,0.0
1064,0.0
1065,0.0
1066,0.0
1067,0.0664733865506
1068,0.447187903796
1069,0.404056201642
1070,0.239305492046
1071,0.120348134578
1072,0.431128938673
1073,0.229936882596
1074,0.131085128283
1075,0.458542496662
1076,0.469206160178
1077,0.312953133972
1078,0.0
1079,0.0
1080,0.0
1081,0.0
1082,0.0
1083,0.0
1084,0.0
1085,0.0
1086,0.0
1087,0.0
1088,0.0
1089,0.0
1090,0.0
1091,0.0
1092,0.0
1093,0.0843175776104
1094,0.183789771693
1095,0.322112044802
1096,0.296723802637
1097,0.561116393937
1098,0.324598999151
1099,0.264244673958
1100,0.1
1101,0.479651086143
1102,0.0
1103,0.422592976652
1104,0.0
1105,0.1367366423
1106,0.36596921012
1107,0.367539351875
1108,0.20505385439
1109,0.231461395116
1110,0.481034400492
1111,0.508904828649
1112,0.390776861269
1113,0.181466722556
1114,0.327869875232
1115,0.218932429666
1116,0.0650103324156
1117,0.523348986457
1118,0.298221770347
1119,0.0734962902807
1120,0.117763526033
1121,0.390315702358
1122,0.0
1123,0.125056336609
1124,0.0
1125,0.164749524512
1126,0.196286987527
1127,0.148874881476
1128,0.200344106812
1129,0.11005046389
1130,0.187865512163
1131,0.367037892506
1132,0.259109459856
1133,0.156202181535
1134,0.316843887354
1135,0.25120856989
1136,0.340455333599
1137,0.145460977017
1138,0.456137811513
1139,0.321171592118
1140,0.045164348215
1141,0.251571077214
1142,0.447332649845
1143,0.05837718804
1144,0.0
1145,0.0
1146,0.106638027778
1147,0.296672190521
1148,0.299111133797
1149,0.0
1150,0.125385084865
1151,0.507802695811
1152,0.308409938134
1153,0.451749098067
1154,0.519285802733
1155,0.308581015193
1156,0.604728108911
1157,0.649854084239
1158,0.594599894566
1159,0.23077079786
1160,0.467050006564
1161,0.515208954267
1162,0.23473045407
1163,0.370202763588
1164,0.0926196939118
1165,0.154105384264
1166,0.261459884118
1167,0.170834058509
1168,0.34524165661
1169,0.17827542549
1170,0.296837002663
1171,0.348677095364
1172,0.11902623112
1173,0.32012085449
1174,0.535104468357
1175,0.0747298478485
1176,0.452032417648
1177,0.355691888887
1178,0.475162365793
1179,0.329699353525
1180,0.508498003903
1181,0.337233374435
1182,0.251145764768
1183,0.277013655285
1184,0.128605673056
1185,0.389793643546
1186,0.224938814588
1187,0.285423641019
1188,0.350501389819
1189,0.0
1190,0.211547012926
1191,0.489110428478
1192,0.55863695021
1193,0.405127686595
1194,0.600702771334
1195,0.658386592521
1196,0.42401263777
1197,0.437381219804
1198,0.500710626681
1199,0.281401330938
1200,0.548359738492
1201,0.381577301229
1202,0.30308048277
1203,0.647547882704
1204,0.355326361794
1205,0.452130553228
1206,0.501062316667
1207,0.506548028021
1208,0.07652642624
1209,0.0
1210,0.0927781256392
1211,0.220290297754
1212,0.139425291634
1213,0.0
1214,0.349491389902
1215,0.365705526132
1216,0.448624391274
1217,0.0
1218,0.0
1219,0.0
1220,0.0
1221,0.0
1222,0.0
1223,0.234953480452
1224,0.181827543848
1225,0.174863338153
1226,0.270128183363
1227,0.344343681689
1228,0.407448907247
1229,0.165436179278
1230,0.51989434102
1231,0.326028812438
1232,0.242209495524
1233,0.0734962902807
1234,0.155735830838
1235,0.152487199695
1236,0.0758521982042
1237,0.0
1238,0.144613599642
1239,0.287973764261
1240,0.0770584582927
1241,0.224090128699
1242,0.196651097326
1243,0.153902128548
1244,0.0
1245,0.233237400192
1246,0.0
1247,0.0
1248,0.0
1249,0.0
1250,0.0
1251,0.0
1252,0.0
1253,0.0
1254,0.0
1255,0.0
1256,0.0
1257,0.0
1258,0.0
1259,0.0
1260,0.0
1261,0.0
1262,0.0
1263,0.0
1264,0.0
1265,0.0
1266,0.0
1267,0.0
1268,0.0
1269,0.0
1270,0.0762803394976
1271,0.133831910618
1272,0.498141102432
1273,0.529269219628
1274,0.259355592301
1275,0.337324445386
1276,0.429996183474
1277,0.1271105405
1278,0.255846009955
1279,0.202792722679
1280,0.390692223067
1281,0.210861947514
1282,0.407749155229
1283,0.350822367987
1284,0.210321192166
1285,0.251228417431
1286,0.199837411429
1287,0.0
1288,0.0
1289,0.37268662169
1290,0.117429861803
1291,0.392127672594
1292,0.0479595871984
1293,0.360163789061
1294,0.0974267203918
1295,0.359952508496
1296,0.305938704192
1297,0.320325209136
1298,0.200334485662
1299,0.165864929109
1300,0.17778045053
1301,0.0
1302,0.0
1303,0.074431087248
1304,0.115107771463
1305,0.104524972609
1306,0.0
1307,0.134395107332
1308,0.161110909211
1309,0.245376054631
1310,0.332695659556
1311,0.166172399711
1312,0.187720675147
1313,0.12266209753
1314,0.356119937662
1315,0.276726663446
1316,0.0
1317,0.0
1318,0.0
1319,0.0
1320,0.0
1321,0.0
1322,0.0
1323,0.0
1324,0.0
1325,0.0
1326,0.0
1327,0.0
1328,0.0
1329,0.0
1330,0.0
1331,0.0
1332,0.0
1333,0.0
1334,0.0
1335,0.0
1336,0.0
1337,0.0
1338,0.0
1339,0.0
1340,0.0
1341,0.0
1342,0.0
1343,0.0
1344,0.0
1345,0.0
1346,0.0
1347,0.0
1348,0.0
1349,0.0
1350,0.0
1351,0.0
1352,0.0
1353,0.0
1354,0.0
1355,0.0
1356,0.0
1357,0.0
1358,0.0
1359,0.0
1360,0.0
1361,0.0
1362,0.0
1363,0.0
1364,0.0
1365,0.0
1366,0.0
1367,0.0
1368,0.0
1369,0.0
1370,0.0
1371,0.0
1372,0.0
1373,0.0
1374,0.0
1375,0.0
1376,0.0
1377,0.0
1378,0.0
1379,0.0
1380,0.0
1381,0.0
1382,0.0
1383,0.0
1384,0.0
1385,0.0
1386,0.0
1387,0.0
1388,0.0
1389,0.0
1390,0.0
1391,0.0
1392,0.0
1393,0.0
1394,0.0
1395,0.0
1396,0.0
1397,0.0
1398,0.0
1399,0.0
1400,0.0
1401,0.0
1402,0.0
1403,0.0
1404,0.0
1405,0.0
1406,0.0
1407,0.0
1408,0.0
1409,0.0
1410,0.0
1411,0.0
1412,0.0
1413,0.0
1414,0.0
1415,0.0
1416,0.0
1417,0.0
1418,0.0
1419,0.0
1420,0.0
1421,0.0
1422,0.0
1423,0.0
1424,0.0
1425,0.0
1426,0.0
1427,0.0
1428,0.0
1429,0.0
1430,0.0
1431,0.0
1432,0.0
1433,0.0
1434,0.0
1435,0.0
1436,0.0
1437,0.0
1438,0.0
1439,0.0
1440,0.0
1441,0.0
1442,0.0
1443,0.0
1444,0.0
1445,0.0
1446,0.0
1447,0.0
1448,0.0
1449,0.0
1450,0.0
1451,0.0
1452,0.0
1453,0.0
1454,0.0
1455,0.0
1456,0.0
1457,0.0
1458,0.0
1459,0.0
1460,0.0
1461,0.0
1462,0.0
1463,0.0
1464,0.0
1465,0.0
1466,0.0
1467,0.0
1468,0.0
1469,0.0
1470,0.0
1471,0.0
1472,0.0
1473,0.227632758806
1474,0.3837765222
1475,0.224797563422
1476,0.363592466241
1477,0.0
1478,0.0
1479,0.0
1480,0.0
1481,0.0611038836857
1482,0.108108108108
1483,0.0
1484,0.0
1485,0.0
1486,0.0
1487,0.0728851309516
1488,0.0789031692871
1489,0.0
1490,0.0
1491,0.0
1492,0.0680500880741
1493,0.1087289695
1494,0.0990210257943
1495,0.0990210257943
1496,0.0571428571429
