site,dnds
1,0.0
2,0.0
3,0.0
4,0.235171572586
5,0.192313981644
6,0.507787702101
7,0.752229203735
8,0.628957767981
9,0.600826591258
10,0.400880105938
11,0.566746433528
12,0.598497556433
13,0.12063424704
14,0.153294737954
15,0.219385863028
16,0.176107324923
17,0.349321759906
18,0.354636170055
19,0.627636485931
20,0.518689391887
21,0.0192704278983
22,0.365103735564
23,0.593335510035
24,0.433254392235
25,0.248858764216
26,0.46559137557
27,0.569755852162
28,0.115408658968
29,0.374920141726
30,0.415614608784
31,0.437072606319
32,0.0
33,0.111240933622
34,0.285093975066
35,0.38963678503
36,0.070237275863
37,0.430248864426
38,0.0156249880899
39,0.447841242685
40,0.343254749552
41,0.311661059333
42,0.0
43,0.4004415988
44,0.303861046741
45,0.104634232994
46,0.0047532048756
47,0.480211236625
48,0.23702382595
49,0.254690828079
50,0.476152823425
51,0.210384419186
52,0.014779902222
53,0.549692256876
54,0.551132322529
55,0.164629049242
56,0.0
57,0.506958075328
58,0.447018498257
59,0.235645269943
60,0.0133009074816
61,0.345661734747
62,0.345859784806
63,0.440956976265
64,0.0
65,0.0
66,0.409280578579
67,0.408303541975
68,0.189320614446
69,0.0114717043209
70,0.0117830632596
71,0.131766684315
72,0.239641072375
73,0.225575275007
74,0.0492110717508
75,0.0669437618144
76,0.309341870497
77,0.133765245371
78,0.693969501405
79,0.389879607368
80,0.363757698689
81,0.503299515099
82,0.61015432438
83,0.668428824735
84,0.0874174139488
85,0.702830525488
86,0.437033694789
87,0.0
88,0.137922985209
89,0.590798500305
90,0.00475715600185
91,0.70739414994
92,0.545933150522
93,0.195825259061
94,0.0376599808011
95,0.139837483847
96,0.0
97,0.155238421017
98,0.416940214646
99,0.0923781069623
100,0.342667401794
101,0.109413275438
102,0.33486181003
103,0.594413017243
104,0.0
105,0.0
106,0.0
107,0.0
108,0.125
109,0.0
110,0.166666666667
111,0.0
112,0.0
113,0.0
114,0.459729771995
115,0.288833969873
116,0.520786065991
117,0.770985515138
118,0.176530484124
119,0.357274513302
120,0.0
121,0.0
122,0.489326324218
123,0.440461613965
124,0.0
125,0.542980412465
126,0.540874070711
127,0.126945725903
128,0.386196917711
129,0.63793956454
130,0.439997896497
131,0.71225036293
132,0.356202528362
133,0.486225426598
134,0.491508757787
135,0.488315666875
136,0.594774655357
137,0.511280769684
138,0.541347862702
139,0.222243844211
140,0.151848286117
141,0.413292195736
142,0.0
143,0.066809366801
144,0.76900427741
145,0.781176864663
146,0.741497298577
147,0.742964914484
148,0.591798679982
149,0.483301226346
150,0.645874952404
151,0.595631799896
152,0.418903143967
153,0.214306374666
154,0.144571041379
155,0.0
156,0.0
157,0.0
158,0.0695083042471
159,0.0990210257943
160,0.0
161,0.266666666667
162,0.0
163,0.0
164,0.266666666667
165,0.0
166,0.0573189020175
167,0.181818181818
168,0.185117218065
169,0.36493110635
170,0.243965424334
171,0.181389121254
172,0.498748236998
173,0.60807377026
174,0.126928207756
175,0.0
176,0.0901033573574
177,0.0
178,0.169314718056
179,0.671274087482
180,0.619772880362
181,0.217437898014
182,0.433396757111
183,0.196885999824
184,0.0191219177258
185,0.267145446729
186,0.0
187,0.404337917248
188,0.0
189,0.0
190,0.248413054504
191,0.182567719669
192,0.397782167649
193,0.289818591916
194,0.1341158094
195,0.582437152344
196,0.00632346332634
197,0.250441724735
198,0.408469477645
199,0.0340210976077
200,0.0
201,0.0
202,0.0
203,0.0
204,0.0
205,0.587743650516
206,0.245013477172
207,0.347069608138
208,0.352787436031
209,0.168768268018
210,0.287256347614
211,0.0174910548019
212,0.00670844036756
213,0.0
214,0.0590122419371
215,0.0
216,0.566520291987
217,0.408184698755
218,0.0770163533955
219,0.0
220,0.113983177196
221,0.195337838496
222,0.132880439504
223,0.0395003921393
224,0.594829932314
225,0.00591297471534
226,0.424856802295
227,0.171747847064
228,0.117700543372
229,0.156886358136
230,0.463026635922
231,0.437823558197
232,0.180703839538
233,0.0150045267307
234,0.402244317726
235,0.47470135066
236,0.159244502413
237,0.440805739052
238,0.251713794224
239,0.785117372745
240,0.516148369468
241,0.574826929199
242,0.636145664311
243,0.636609857219
244,0.384499764425
245,0.491684114048
246,0.494588859457
247,0.140521065845
248,0.234501988888
249,0.212384454927
250,0.153274314773
251,0.0535908433497
252,0.105413444676
253,0.310315567555
254,0.581375908376
255,0.32881620829
256,0.598970497862
257,0.472016217711
258,0.331904031749
259,0.153959821754
260,0.552003496376
261,0.302706880756
262,0.181170800457
263,0.266867589268
264,0.528979643621
265,0.657380339487
266,0.0
267,0.0531586591291
268,0.499805380054
269,0.414388565324
270,0.1381510035
271,0.17526595565
272,0.438092239218
273,0.372200828417
274,0.586328865019
275,0.39957738925
276,0.170212765957
277,0.166666666667
278,0.0
279,0.166666666667
280,0.0
281,0.0
282,0.0
283,0.0
284,0.0
285,0.0
286,0.0
287,0.0
288,0.0
289,0.0
290,0.0
291,0.0
292,0.0
293,0.0643638697108
294,0.725570423993
295,0.134788148839
296,0.18751031981
297,0.338592103191
298,0.705522987586
299,0.397807901882
300,0.283930068714
301,0.291950698525
302,0.247154621771
303,0.30814769563
304,0.194589963345
305,0.328011141387
306,0.538063183894
307,0.338063126192
308,0.16215238479
309,0.54544663838
310,0.291762106224
311,0.540274358094
312,0.103876848045
313,0.214730236703
314,0.0
315,0.0
316,0.0
317,0.173933649191
318,0.304781451206
319,0.194822118549
320,0.500127174326
321,0.518241336566
322,0.551645200175
323,0.569371058607
324,0.0252131169584
325,0.541479570007
326,0.428494929014
327,0.391841216475
328,0.0
329,0.44197345061
330,0.507382393128
331,0.255695493997
332,0.53524783776
333,0.453261668474
334,0.0728851309516
335,0.0
336,0.0
337,0.0588542297501
338,0.0
339,0.0660140171962
340,0.585272547327
341,0.180225640873
342,0.0
343,0.419546881402
344,0.43545708878
345,0.551864491956
346,0.0680289555751
347,0.151284842798
348,0.0
349,0.0117488658208
350,0.0
351,0.0
352,0.137614457407
353,0.0303442705633
354,0.0533658438944
355,0.0
356,0.216134602879
357,0.186928119466
358,0.0525568564134
359,0.0462293605732
360,0.0968334723748
361,0.103150820478
362,0.334487651141
363,0.423473814361
364,0.274829741202
365,0.176624920576
366,0.0986762481948
367,0.488667329461
368,0.0
369,0.46666976807
370,0.00962473829927
371,0.566132954026
372,0.375421759727
373,0.31263079417
374,0.42537154252
375,0.117955203147
376,0.106638027778
377,0.0
378,0.170212765957
379,0.141031341951
380,0.401842288859
381,0.512149794846
382,0.376567289671
383,0.71859815375
384,0.340683057174
385,0.326619623842
386,0.297979214586
387,0.45073586521
388,0.377688477866
389,0.518468245008
390,0.692583547404
391,0.561336937878
392,0.594954330821
393,0.576390156893
394,0.788588957646
395,0.587123253494
396,0.82946792759
397,0.741546535032
398,0.200951104094
399,0.266666666667
400,0.0
401,0.0
402,0.0
403,0.0
404,0.0
405,0.0
406,0.491680759324
407,0.445501675091
408,0.764117891313
409,0.584228238065
410,0.59756883319
411,0.736156541809
412,0.187019851288
413,0.101162926576
414,0.0
415,0.166666666667
416,0.170212765957
417,0.10971993168
418,0.0
419,0.616075561791
420,0.499398345377
421,0.218284417048
422,0.536585102577
423,0.67098206364
424,0.499974605559
425,0.52074028346
426,0.24685385844
427,0.72332992362
428,0.0
429,0.119402985075
430,0.0
431,0.0
432,0.0
433,0.166666666667
434,0.166666666667
435,0.1
436,0.0827638424549
437,0.21610116082
438,0.179194604564
439,0.161008809116
440,0.294117647059
441,0.0657881414846
442,0.143330547769
443,0.230320510005
444,0.256140494865
445,0.258136318602
446,0.163936257928
447,0.403280893207
448,0.289375631536
449,0.570531170691
450,0.468489810137
451,0.699147266009
452,0.29097681598
453,0.583610753141
454,0.435316082446
455,0.385048657899
456,0.557057163844
457,0.623567740558
458,0.333458671262
459,0.059463833637
460,0.314066558343
461,0.454764395084
462,0.242655033736
463,0.320355066776
464,0.243085827898
465,0.555735046708
466,0.618288875483
467,0.0
468,0.0
469,0.0
470,0.0
471,0.0
472,0.0
473,0.0
474,0.0
475,0.0
476,0.647470709781
477,0.522355787488
478,0.542730470236
479,0.331001939351
480,0.75683458646
481,0.356081663828
482,0.686270042468
483,0.508143488323
484,0.445729522148
485,0.336364594945
486,0.676561091307
487,0.487416459837
488,0.258815427854
489,0.309652588614
490,0.612377329583
491,0.648323457782
492,0.303199512956
493,0.590258201902
494,0.0840178400679
495,0.55594130423
496,0.599376804907
497,0.010906465459
498,0.626653220125
499,0.592193936863
500,0.195213863233
501,0.441444494001
502,0.18858978527
503,0.381107474461
504,0.151097010929
505,0.0
506,0.0
507,0.368273777508
508,0.00744138713031
509,0.359451255741
510,0.0
511,0.20489492478
512,0.137979147198
513,0.419675977301
514,0.531939694751
515,0.610226366854
516,0.447642166861
517,0.100911972556
518,0.514180046819
519,0.490548370768
520,0.0993762874751
521,0.0
522,0.277318823544
523,0.181684937656
524,0.333520039947
525,0.0
526,0.132113841498
527,0.392959110911
528,0.0
529,0.0527134508199
530,0.00883160756087
531,0.069387068642
532,0.288038779167
533,0.00451996229571
534,0.289449983681
535,0.0
536,0.116759613047
537,0.133191264187
538,0.1784604944
539,0.230752175158
540,0.199224999544
541,0.377902680138
542,0.640383505184
543,0.0931822377198
544,0.51205570695
545,0.33436879749
546,0.477817955288
547,0.409770366424
548,0.140361586359
549,0.47471132098
550,0.36534570901
551,0.197297902706
552,0.0419542400868
553,0.0
554,0.0121441218686
555,0.00714737290401
556,0.0
557,0.289303470999
558,0.365343616063
559,0.0813859601479
560,0.0
561,0.160609449086
562,0.05178712958
563,0.418616181764
564,0.256970663273
565,0.434122385972
566,0.0481253306914
567,0.0579797089125
568,0.487499997081
569,0.279418858131
570,0.312556737872
571,0.0
572,0.155366142409
573,0.253176303507
574,0.0392044842081
575,0.315946597939
576,0.190495074591
577,0.0489831434696
578,0.156904300392
579,0.00962473829927
580,0.0159097856807
581,0.0
582,0.431978452402
583,0.13723611391
584,0.230538207641
585,0.259457297611
586,0.214605970914
587,0.0
588,0.182278104024
589,0.115416976729
590,0.0659306328959
591,0.208244396386
592,0.0
593,0.394315616378
594,0.148041117549
595,0.0523351103214
596,0.0
597,0.0
598,0.550774020435
599,0.38361734635
600,0.105352211271
601,0.101877082599
602,0.308409120598
603,0.304684764527
604,0.245050718708
605,0.0697101826902
606,0.0
607,0.377108122887
608,0.0659137089863
609,0.498502362834
610,0.25382262493
611,0.31400687633
612,0.08594692858
613,0.125435777319
614,0.0201703127541
615,0.211917141909
616,0.131478825914
617,0.0
618,0.0
619,0.27184007458
620,0.130652170776
621,0.445351460248
622,0.573142771739
623,0.177043137899
624,0.364207140169
625,0.686323740363
626,0.0
627,0.0
628,0.0
629,0.0
630,0.0
631,0.0
632,0.0
633,0.0
634,0.405949616617
635,0.43097724546
636,0.0565159406257
637,0.392955932612
638,0.134454984983
639,0.115524530093
640,0.113003375352
641,0.329579060615
642,0.698354453245
643,0.206896551724
644,0.191213015327
645,0.14253305487
646,0.272758913049
647,0.1087289695
648,0.318642799275
649,0.123258100559
650,0.0803764978575
651,0.145770261903
652,0.0482189342998
653,0.165127226891
654,0.53612513642
655,0.408426489472
656,0.0233747295461
657,0.566971430945
658,0.508247338279
659,0.0
660,0.0
661,0.0
662,0.0
663,0.0
664,0.0
665,0.0
666,0.0
667,0.0
668,0.0
669,0.0
670,0.0
671,0.0
672,0.0
673,0.0
674,0.0
675,0.124371202491
676,0.172705385088
677,0.434128541754
678,0.246813131776
679,0.159128542074
680,0.361961024435
681,0.65224140531
682,0.321392621669
683,0.0225822229086
684,0.57361050478
685,0.591134212542
686,0.0
687,0.0
688,0.306061866808
689,0.0
690,0.294998781746
691,0.295051167281
692,0.618042133015
693,0.376220327835
694,0.42690980241
695,0.154503632983
696,0.297821316392
697,0.654851356133
698,0.348711268121
699,0.0
700,0.132776341132
701,0.0
702,0.0
703,0.0
704,0.0
705,0.0
706,0.0
707,0.106638027778
708,0.199955395779
709,0.0
710,0.113166886622
711,0.271084968924
712,0.0425531914894
713,0.0957998757401
714,0.142305882386
715,0.0
716,0.0943427180949
717,0.199885941534
718,0.249883042044
719,0.21854750865
720,0.391499413073
721,0.461264576058
722,0.0322375512758
723,0.0
724,0.499167924479
725,0.0409710844225
726,0.322262286836
727,0.127010593038
728,0.678430888749
729,0.668151453897
730,0.0
731,0.337288920335
732,0.17246598091
733,0.118704513339
734,0.503671296019
735,0.392628646398
736,0.241280369823
737,0.496613670344
738,0.314897949905
739,0.492571286516
740,0.0917982098366
741,0.118721178
742,0.250999093763
743,0.114385403781
744,0.0424924749912
745,0.500705740878
746,0.058649615658
747,0.147514130075
748,0.132049789582
749,0.11338004729
750,0.407633099639
751,0.133288981019
752,0.325782626286
753,0.00418653971276
754,0.450596854411
755,0.253861586077
756,0.467599862944
757,0.255156925774
758,0.554764318979
759,0.334787636366
760,0.271645229525
761,0.461180121106
762,0.492821449515
763,0.664257295072
764,0.056338028169
765,0.1883335352
766,0.0
767,0.146580140299
768,0.0318438344541
769,0.447156707446
770,0.266666666667
771,0.0
772,0.0990210257943
773,0.0571428571429
774,0.0
775,0.0
776,0.0
777,0.0
778,0.0
779,0.0
780,0.0
781,0.0
782,0.0
783,0.0
784,0.0
785,0.0
786,0.0
787,0.0
788,0.0
789,0.0
790,0.0
791,0.0
792,0.0
793,0.0
794,0.0
795,0.0
796,0.0
797,0.0
798,0.0
799,0.0
800,0.0
801,0.0
802,0.0
803,0.0
804,0.0
805,0.0
806,0.0
807,0.0
808,0.0
809,0.0
810,0.488289321798
811,0.0
812,0.0
813,0.237924447627
814,0.591125896034
815,0.36413852613
816,0.388011251898
817,0.286212361826
818,0.0986073745078
819,0.253774220926
820,0.147161342389
821,0.0
822,0.0
823,0.0
824,0.657535407247
825,0.123375650409
826,0.259934488937
827,0.397415361407
828,0.551797429229
829,0.741840573605
830,0.458965979546
831,0.0887899956397
832,0.606705869511
833,0.512988569739
834,0.395613558754
835,0.632400851872
836,0.758010196095
837,0.292422372319
838,0.0867325491054
839,0.166666666667
840,0.0
841,0.0
842,0.119402985075
843,0.0478032538317
844,0.0
845,0.151898734177
846,0.270472666413
847,0.1087289695
848,0.0
849,0.0
850,0.0
851,0.112279424416
852,0.100821408081
853,0.0
854,0.0
855,0.0
856,0.0
857,0.142857142857
858,0.0645161290323
859,0.142857142857
860,0.199820296374
861,0.137326536084
862,0.28906181145
863,0.460024430741
864,0.107079476162
865,0.102994902063
866,0.0689655172414
867,0.166014191759
868,0.0659340659341
869,0.0951378483121
870,0.0645161290323
871,0.16472421565
872,0.179772919964
873,0.209654070645
874,0.403904394417
875,0.201672098459
876,0.137326536084
877,0.0833333333333
878,0.0
879,0.151751722242
880,0.253376378063
881,0.298174278202
882,0.352236392996
883,0.144184858795
884,0.13391065506
885,0.360467817271
886,0.529567510947
887,0.37648322018
888,0.416709140532
889,0.42693046527
890,0.256444582458
891,0.100025398058
892,0.255797581373
893,0.14625611694
894,0.207807061797
895,0.202676345578
896,0.522802295362
897,0.0564751511315
898,0.0
899,0.0
900,0.0
901,0.0
902,0.0
903,0.0
904,0.0
905,0.0
906,0.0
907,0.133303597186
908,0.0
909,0.0
910,0.0
911,0.0
912,0.0
913,0.0
914,0.124424503978
915,0.245654283809
916,0.0
917,0.0
918,0.0
919,0.0
920,0.0
921,0.0
922,0.0
923,0.0
924,0.0
925,0.0
926,0.0
927,0.0
928,0.0
929,0.0
930,0.0
931,0.0
932,0.0
933,0.0
934,0.0
935,0.0
936,0.0
937,0.0
938,0.0
939,0.0
940,0.0
941,0.0
942,0.0
943,0.0
944,0.0
945,0.0
946,0.0
947,0.279257962888
948,0.594914124501
949,0.219885830054
950,0.325999744727
951,0.54982088329
952,0.579796931188
953,0.225902743419
954,0.179627130794
955,0.419027837586
956,0.560963006118
957,0.0
958,0.236027521785
959,0.0784693581971
960,0.628986266742
961,0.445406487132
962,0.472980313958
963,0.398139910147
964,0.509635372603
965,0.16320093538
966,0.401451102436
967,0.226173599245
968,0.23101917565
969,0.214746900638
970,0.0553670226401
971,0.0305489511717
972,0.0395814970872
973,0.170180709868
974,0.288070957874
975,0.0977709714517
976,0.0
977,0.388306927181
978,0.465093366657
979,0.341119257866
980,0.0829118140088
981,0.375318123955
982,0.631502933206
983,0.163669915544
984,0.141740111293
985,0.603850398909
986,0.401595155357
987,0.155787796835
988,0.509492096812
989,0.436870050513
990,0.427106002762
991,0.420797871235
992,0.549031611007
993,0.394611124995
994,0.466356295018
995,0.621863069994
996,0.124659795308
997,0.0
998,0.131502197224
999,0.102564102564
1000,0.436781188438
1001,0.702344689868
1002,0.346363530157
1003,0.0
1004,0.0
1005,0.0
1006,0.0
1007,0.0
1008,0.0
1009,0.0
1010,0.0
1011,0.0
1012,0.0
1013,0.0
1014,0.0
1015,0.0
1016,0.0
1017,0.0479358371263
1018,0.228839468625
1019,0.350191278204
1020,0.0892767210513
1021,0.0791792640482
1022,0.271822881895
1023,0.132449098567
1024,0.258788715814
1025,0.243155725995
1026,0.29266612491
1027,0.103398803639
1028,0.274927376908
1029,0.405176638103
1030,0.205906591664
1031,0.232617987742
1032,0.0
1033,0.100657582678
1034,0.20071427513
1035,0.465411541562
1036,0.260638596386
1037,0.607011135365
1038,0.556479217466
1039,0.279916578281
1040,0.524170234072
1041,0.293499508082
1042,0.30114651933
1043,0.00661219950344
1044,0.531835945627
1045,0.357162625088
1046,0.343848849739
1047,0.0733017550799
1048,0.636306223948
1049,0.235075278395
1050,0.358654482327
1051,0.603975405365
1052,0.655879220372
1053,0.111866319683
1054,0.133760994746
1055,0.595168083695
1056,0.484214171775
1057,0.429326518485
1058,0.568846813136
1059,0.218473582268
1060,0.521895291254
1061,0.545529264052
1062,0.510388397284
1063,0.316858842209
1064,0.541327463366
1065,0.499906781142
1066,0.129096112283
1067,0.49463043484
1068,0.560074168179
1069,0.44267358759
1070,0.241415686865
1071,0.254538065186
1072,0.499428962095
1073,0.0583937727368
1074,0.0
1075,0.328530590544
1076,0.51210406813
1077,0.185409687336
1078,0.555898216998
1079,0.499784784504
1080,0.0
1081,0.232449929245
