site,dnds
1,0.182617615055
2,0.289411081974
3,0.378463738665
4,0.29770231218
5,0.351194928759
6,0.00687656133582
7,0.215258866577
8,0.107942632302
9,0.496509817687
10,0.0
11,0.116902357065
12,0.0
13,0.478612156616
14,0.694574956174
15,0.00642872529365
16,0.10832897101
17,0.654745657283
18,0.100169240609
19,0.0978490437317
20,0.677096082761
21,0.375592523986
22,0.0162052976035
23,0.434812830261
24,0.549683084642
25,0.631179436366
26,0.181328610887
27,0.106297331204
28,0.069314718056
29,0.0
30,0.0
31,0.317691681873
32,0.158429752592
33,0.235217744842
34,0.301094182775
35,0.760270111471
36,0.527680694728
37,0.694588284459
38,0.643361269454
39,0.331679955752
40,0.525418230731
41,0.29429059286
42,0.456597681703
43,0.172388198496
44,0.319800948425
45,0.538029093518
46,0.271019931013
47,0.27603081442
48,0.685126061895
49,0.330972485384
50,0.44380288675
51,0.197378433335
52,0.0
53,0.0
54,0.221342690464
55,0.285261248125
56,0.641412931431
57,0.710950375426
58,0.324172987471
59,0.72047286493
60,0.542154499492
61,0.179772919964
62,0.0
63,0.414572169363
64,0.398931427228
65,0.161635637529
66,0.100476978732
67,0.137326536084
68,0.125418309671
69,0.254779454236
70,0.192300411345
71,0.143182774795
72,0.290623208346
73,0.389597696968
74,0.311590757458
75,0.32847103077
76,0.390303668505
77,0.325017283221
78,0.161647236002
79,0.366889395562
80,0.530646038064
81,0.499957812374
82,0.443171965739
83,0.183968208891
84,0.754742553308
85,0.702309231826
86,0.226824914105
87,0.517258318197
88,0.685411581521
89,0.505654452499
90,0.0848483002556
91,0.553457061856
92,0.291442708351
93,0.143439932689
94,0.225072636782
95,0.213091151706
96,0.15694720662
97,0.0
98,0.0
99,0.57687376483
100,0.488388000423
101,0.184523169916
102,0.306991440591
103,0.545278266989
104,0.124586949825
105,0.577856990598
106,0.509174823068
107,0.528986768653
108,0.621019925592
109,0.273970778357
110,0.533980543693
111,0.421334138347
112,0.0910417404584
113,0.499001038824
114,0.16033193124
115,0.582429345251
116,0.554807819391
117,0.71244034
118,0.673386599915
119,0.579643162727
120,0.403542521079
121,0.808484037711
122,0.583814983589
123,0.510061907892
124,0.238437123011
125,0.64224303426
126,0.474950491141
127,0.545268274837
128,0.469313858798
129,0.269303247778
130,0.597524209147
131,0.563426403558
132,0.331438283549
133,0.290066679093
134,0.304401750401
135,0.0493297936994
136,0.597800831211
137,0.397961886181
138,0.16213649647
139,0.317585095556
140,0.444122534244
141,0.421573410052
142,0.278339030576
143,0.653254712065
144,0.558494781772
145,0.226358581832
146,0.183124471575
147,0.630024785813
148,0.580958012333
149,0.477455076955
150,0.623460364112
151,0.639246621432
152,0.700571532842
153,0.226008526303
154,0.741293720106
155,0.684304214588
156,0.0
157,0.0
158,0.0
159,0.0
160,0.755048940339
161,0.0
162,0.0
163,0.0
164,0.0
165,0.0
166,0.316996714686
167,0.419954788586
168,0.814865712298
169,0.520036978493
170,0.642778981127
171,0.798336442548
172,0.305413408119
173,0.260869565217
174,0.531513356824
175,0.234263972538
176,0.585016626765
177,0.268557536259
178,0.474227686544
179,0.521122229015
180,0.430552451088
181,0.209413714384
182,0.39441424844
183,0.545136312363
184,0.297830245715
185,0.536558471699
186,0.319643423757
187,0.106666666667
188,0.362730249888
189,0.0
190,0.0
191,0.0
192,0.0
193,0.420977085353
194,0.0386473429952
195,0.227199224264
196,0.572813702598
197,0.203148906614
198,0.16381708
199,0.306944923903
200,0.0913275296559
201,0.105741925549
202,0.166075990712
203,0.135095541233
204,0.093440309375
205,0.247488823
206,0.291137891711
207,0.303752229436
208,0.274396751435
209,0.573248417081
210,0.610466776759
211,0.702023730454
212,0.551688478762
213,0.743091683874
214,0.626358838814
215,0.50786967794
216,0.798642684058
217,0.355318668106
218,0.23216331548
219,0.523294548927
220,0.296423756172
221,0.120725154104
222,0.704114144173
223,0.744362164615
224,0.601980162115
225,0.746175376895
226,0.812175769909
227,0.528667835021
228,0.735352481815
229,0.593707460397
230,0.631172275359
231,0.156359678001
232,0.71793758321
233,0.674576101513
234,0.60541930047
235,0.801390925552
236,0.537017652178
237,0.627250382573
238,0.812008397872
239,0.807715530222
240,0.104676125612
241,0.869746466928
242,0.711345338794
243,0.776926236804
244,0.887706666916
245,0.400804502938
246,0.373987719402
247,0.524515239831
248,0.507736033031
249,0.731553125675
250,0.722782901054
251,0.421780690445
252,0.492072409387
253,0.481005391574
254,0.149118624597
255,0.56479718105
256,0.83000609539
257,0.615043811732
258,0.76388285252
259,0.617849480862
260,0.617122902524
261,0.796899167349
262,0.622392100289
263,0.550522638878
264,0.60262364325
265,0.199111922295
266,0.567701496524
267,0.214202126172
268,0.0421647007952
269,0.611154070206
270,0.0571428571429
271,0.0878889830934
272,0.0
273,0.2438527586
274,0.0735080807888
275,0.230769230769
276,0.0
277,0.0
278,0.0519029427717
279,0.216156606776
280,0.0
281,0.106693174944
282,0.108723238199
283,0.115524530093
284,0.0945685154644
285,0.099173553719
286,0.114285714286
287,0.0538366742182
288,0.191750385737
289,0.330053159997
290,0.750912089173
291,0.68054020807
292,0.502901599321
293,0.514976909621
294,0.590747200135
295,0.316391446981
296,0.415171337254
297,0.0
298,0.0
299,0.0
300,0.0
301,0.0695083042471
302,0.142857142857
303,0.141031341951
304,0.0
305,0.525283191838
306,0.217286801825
307,0.742207716681
308,0.750933353938
309,0.550786457825
310,0.607148882399
311,0.553299174166
312,0.601011000379
313,0.578263230035
314,0.560637668398
315,0.307272619296
316,0.325382761204
317,0.351841846797
318,0.0946675324936
319,0.213933390247
320,0.373727081468
321,0.389415167629
322,0.443732858011
323,0.235520532259
324,0.388254880003
325,0.648706696412
326,0.472846965494
327,0.621506121036
328,0.686058341157
329,0.634979312112
330,0.0
331,0.178226019006
332,0.0436628145235
333,0.0
334,0.0
335,0.0
336,0.158903194291
337,0.17114745199
338,0.244897959184
339,0.186132726558
340,0.557296060682
341,0.766834188487
342,0.616691494749
343,0.741026976453
344,0.603175307256
345,0.655752383047
346,0.683418250295
347,0.608259774483
348,0.65702074168
349,0.72009748222
350,0.284033272302
351,0.17951016464
352,0.526734436574
353,0.46036303833
354,0.185364722865
355,0.14275390398
356,0.703048215865
357,0.521233348059
358,0.147220618388
359,0.67006406799
360,0.603225101898
361,0.434122776865
362,0.264142501671
363,0.600198012894
364,0.632623148448
365,0.00514275204647
366,0.488393579949
367,0.692560808718
368,0.141031341951
369,0.0
370,0.0
371,0.166666666667
372,0.64251555693
373,0.671542197035
374,0.479921225089
375,0.810587003845
376,0.645744486772
377,0.0
378,0.623734971963
379,0.635107036277
380,0.680164596358
381,0.0163261578525
382,0.128219285287
383,0.399322919486
384,0.0626329680338
385,0.326138505064
386,0.0
387,0.67462602266
388,0.538095528715
389,0.300974624446
390,0.0
391,0.0
392,0.0
393,0.0974425794487
394,0.0163063736952
395,0.600731859433
396,0.139175336787
397,0.0534006019425
398,0.214561424733
399,0.19615152036
400,0.136821778764
401,0.245803094485
402,0.456279245143
403,0.0
404,0.477097898274
405,0.277248631098
406,0.0860078993728
407,0.251074312947
408,0.118639930071
409,0.0
410,0.271043114262
411,0.235212073507
412,0.21302136726
413,0.260335140768
414,0.460502792173
415,0.520203085531
416,0.486801100698
417,0.327552133825
418,0.624031460119
419,0.616919322931
420,0.596075652631
421,0.574683785233
422,0.667140164669
423,0.61582394835
424,0.845516749647
425,0.657129863228
426,0.463296585567
427,0.454349499776
428,0.587699850944
429,0.498360346676
430,0.560573487903
431,0.534640027846
432,0.618207612964
433,0.832977064217
434,0.679313623504
435,0.798616430087
436,0.796292175642
437,0.759330797454
438,0.762399633157
439,0.404614608986
440,0.547521908604
441,0.56628982262
442,0.488383595548
443,0.0183655767407
444,0.424804748381
445,0.352627311431
446,0.0684850339901
447,0.283725752345
448,0.324034920707
449,0.00987084727969
450,0.0
451,0.233037720143
452,0.0247612322415
453,0.212044767399
454,0.450674971413
455,0.216891998388
456,0.293657343432
457,0.271880075925
458,0.356091897031
459,0.428555239247
460,0.240311816093
461,0.0328353686863
462,0.621489008195
463,0.37545245222
464,0.0
465,0.0
466,0.0
467,0.235149470715
468,0.540787912032
469,0.543849722313
470,0.543016996024
471,0.296026733737
472,0.209882790289
473,0.521314035637
474,0.624955878949
475,0.45418546472
476,0.168857987661
477,0.462848573993
478,0.600604923057
479,0.497815825639
480,0.602610616778
481,0.00393143119923
482,0.266092979502
483,0.378845474259
484,0.0634227512452
485,0.648222365781
486,0.703766366205
487,0.387838582652
488,0.364642402701
489,0.574460038427
490,0.653741127397
491,0.0
492,0.0
493,0.0
494,0.62650050696
495,0.283828920414
496,0.593871887025
497,0.136655356033
498,0.0
499,0.19145822268
500,0.455186768052
501,0.045222324378
502,0.470554366506
503,0.0
504,0.0
505,0.165605604243
506,0.0
507,0.256264690421
508,0.0991812108365
509,0.0
510,0.0
511,0.153133346775
512,0.00237970388281
513,0.0910319826174
514,0.1109722736
515,0.131608456916
516,0.240775320869
517,0.507080096467
518,0.22496848542
519,0.0372303209889
520,0.0628610254596
521,0.0249396248406
522,0.0127521351193
523,0.0018868078928
524,0.00545013129063
525,0.286257321278
526,0.0
527,0.0105090461724
528,0.184258661926
529,0.159052479787
530,0.0989663632303
531,0.0373379372468
532,0.0149510691731
533,0.0365720459825
534,0.267390144783
535,0.0
536,0.220513700278
537,0.0180119486592
538,0.29804653882
539,0.221143841942
540,0.118455404966
541,0.0
542,0.187834148965
543,0.496494506782
544,0.0
545,0.0486700134613
546,0.315604233606
547,0.0857087108837
548,0.0
549,0.0910262597244
550,0.353825432415
551,0.384684926448
552,0.0
553,0.361587427441
554,0.00266317913697
555,0.150706444153
556,0.0825817033445
557,0.405052906206
558,0.159348379207
559,0.165889148823
560,0.0222606528599
561,0.224392313455
562,0.131698058383
563,0.0406310981298
564,0.0
565,0.0
566,0.0112766742091
567,0.379487514015
568,0.0905928426517
569,0.0629556342715
570,0.23730632102
571,0.0
572,0.267422441501
573,0.0047532048756
574,0.228510022144
575,0.180018745428
576,0.0
577,0.06911923947
578,0.0668511709016
579,0.0
580,0.151877683029
581,0.00357161355992
582,0.0187249491402
583,0.0
584,0.428980645937
585,0.43098184713
586,0.0117248021125
587,0.148768673359
588,0.256974603026
589,0.0950234715305
590,0.0377130932171
591,0.0
592,0.274880141884
593,0.493556513712
594,0.0464405935468
595,0.628656835208
596,0.137776350771
597,0.156402025413
598,0.114135542501
599,0.424098326545
600,0.0398053658916
601,0.326778919088
602,0.0
603,0.0
604,0.0
605,0.0
606,0.0
607,0.0
608,0.0650552072642
609,0.0749599526208
610,0.0673983297883
611,0.372749618006
612,0.677646914458
613,0.0
614,0.0
615,0.0
616,0.432704637295
617,0.245245103372
618,0.592959378139
619,0.334431756592
620,0.0
621,0.545886001957
622,0.181653587484
623,0.0272875766862
624,0.586117774858
625,0.00932885945543
626,0.263383918817
627,0.746233254581
628,0.289914323315
629,0.524758027736
630,0.65175422522
631,0.605515323441
632,0.666996517432
633,0.728215607909
634,0.806135165292
635,0.684074281919
636,0.475132230448
637,0.751218082211
638,0.777057860419
639,0.377976265776
640,0.35747274448
641,0.318483910318
642,0.647305134491
643,0.219563577737
644,0.129299034445
645,0.758418695041
646,0.0
647,0.0
648,0.135445350658
649,0.188057498729
650,0.211499357646
651,0.0788413854665
652,0.275371687595
653,0.395124589717
654,0.0
655,0.107216538
656,0.726786370483
657,0.10026582208
658,0.292629342875
659,0.0855814219307
660,0.195055070106
661,0.0751947677485
662,0.313451560783
663,0.65157543794
664,0.327132245218
665,0.0468693819853
666,0.560332977138
667,0.46119421052
668,0.217283579188
669,0.15734360891
670,0.513724580695
671,0.371255442406
672,0.206547485538
673,0.450357452896
674,0.582609496551
675,0.426897857477
676,0.121897698646
677,0.360417956592
678,0.0
