site,dnds
1,0.294503427281
2,0.506084252946
3,0.40387555227
4,0.359020420987
5,0.394235684536
6,0.615112789496
7,0.456597341291
8,0.338986979444
9,0.256144419664
10,0.524703265367
11,0.509241013557
12,0.259953428843
13,0.0
14,0.0
15,0.0
16,0.0
17,0.0
18,0.0
19,0.0
20,0.0
21,0.0
22,0.362182363715
23,0.579880759277
24,0.553390931835
25,0.0233992795529
26,0.585912153032
27,0.618909243654
28,0.423372255498
29,0.341428841294
30,0.485894461314
31,0.0
32,0.177524105986
33,0.0852593079104
34,0.0619953833367
35,0.233198714838
36,0.177534483597
37,0.246536875111
38,0.410988749436
39,0.34943793393
40,0.225304755782
41,0.179375807873
42,0.277891949414
43,0.0
44,0.0
45,0.0
46,0.255575730438
47,0.336206560122
48,0.498021305889
49,0.38313156602
50,0.162407094001
51,0.345817403592
52,0.502543508582
53,0.373080198695
54,0.0
55,0.0
56,0.610250601162
57,0.0
58,0.0
59,0.0
60,0.0
61,0.0
62,0.0
63,0.0
64,0.0
65,0.0
66,0.748679841614
67,0.270023053863
68,0.404720648152
69,0.450498279313
70,0.521463733665
71,0.397381500871
72,0.457091751545
73,0.491138612631
74,0.115457835786
75,0.0623810901889
76,0.0
77,0.338571157622
78,0.162186043243
79,0.600652179411
80,0.0448067314763
81,0.116152841093
82,0.225352112676
83,0.0
84,0.14820889504
85,0.0
86,0.0
87,0.0455050023931
88,0.0588235294118
89,0.674637345655
90,0.526789158271
91,0.682631303415
92,0.665344185842
93,0.671982494565
94,0.150263398599
95,0.453973882051
96,0.585220441051
97,0.399822808054
98,0.459369686026
99,0.687811696851
100,0.414899929077
101,0.420991767098
102,0.177118220784
103,0.445243133576
104,0.340159761553
105,0.129475419576
106,0.704225302117
107,0.312242254281
108,0.418201118484
109,0.0491426159359
110,0.552651879934
111,0.47323808315
112,0.58983899164
113,0.657951064151
114,0.247919309026
115,0.608677405722
116,0.343898085403
117,0.376396335027
118,0.424756334936
119,0.290258699272
120,0.169314718056
121,0.46754032827
122,0.445914690898
123,0.28477644981
124,0.447873149795
125,0.594208495704
126,0.594136878275
127,0.346198469465
128,0.460160502267
129,0.380762082274
130,0.465416163164
131,0.702557775602
132,0.647848188667
133,0.463454290134
134,0.378919952175
135,0.309455841348
136,0.35567144131
137,0.319150569885
138,0.390769362417
139,0.483485339794
140,0.175461391125
141,0.222826281004
142,0.0778597395561
143,0.0609360158734
144,0.197347173601
145,0.136917961592
146,0.116404602981
147,0.380961840208
148,0.193888309312
149,0.25513453466
150,0.150503972509
151,0.363920405935
152,0.129013517011
153,0.094592854468
154,0.123292316765
155,0.243836598628
156,0.164424850348
157,0.222390454089
158,0.123529828539
159,0.0467449821055
160,0.199471836054
161,0.171894559632
162,0.182568298853
163,0.17488682257
164,0.103733770739
165,0.154799363456
166,0.322090814841
167,0.404468856899
168,0.25346345789
169,0.117023215913
170,0.0
171,0.274481558571
172,0.108947256105
173,0.0
174,0.0966479728885
175,0.581504609231
176,0.595381176163
177,0.44884557897
178,0.709636455941
179,0.562317031368
180,0.576278563219
181,0.379882647199
182,0.516702157395
183,0.581751791741
184,0.434534011067
185,0.00573589598601
186,0.245788068228
187,0.46810580166
188,0.00449879045309
189,0.525310010666
190,0.584055400871
191,0.61586684223
192,0.327891719021
193,0.476925597507
194,0.477569671839
195,0.00521067705729
196,0.3198704409
197,0.622469964636
198,0.320815473546
199,0.0
200,0.0
201,0.0
202,0.0
203,0.0
204,0.0
205,0.0
206,0.0
207,0.0
208,0.0
209,0.0
210,0.0
211,0.0
212,0.0
213,0.0
214,0.0
215,0.0
216,0.0
217,0.0
218,0.0
219,0.0
220,0.0
221,0.0
222,0.0
223,0.0
224,0.0
225,0.0
226,0.0
227,0.0
228,0.0
229,0.0
230,0.0
231,0.0
232,0.0
233,0.0
234,0.0
235,0.0
236,0.0
237,0.0
238,0.0
239,0.0
240,0.0
241,0.0
242,0.0
243,0.351718180276
244,0.417465542487
245,0.495846409877
246,0.422228987717
247,0.451728044382
248,0.184399207127
249,0.460562592024
250,0.412554411224
251,0.282281291311
252,0.442818822673
253,0.477338577875
254,0.364454893956
255,0.402400408038
256,0.424243436913
257,0.688092766059
258,0.567980115218
259,0.168040676494
260,0.722758582478
261,0.609373960304
262,0.38629677613
263,0.0621890870776
264,0.494357961637
265,0.702343227439
266,0.611491308624
267,0.808824538208
268,0.650035076683
269,0.231049060187
270,0.287169574005
271,0.139834548938
272,0.0637751077711
273,0.464125592137
274,0.167889534515
275,0.359924477183
276,0.0
277,0.0
278,0.0
279,0.0
280,0.0
281,0.0
282,0.0
283,0.0
284,0.0
285,0.0
286,0.0
287,0.0
288,0.0
289,0.0
290,0.0
291,0.147871398519
292,0.0
293,0.0
294,0.0
295,0.734466144249
296,0.410877116482
297,0.298377498978
298,0.229879715956
299,0.281576376666
300,0.199806365861
301,0.178062862217
302,0.462984050678
303,0.228265556482
304,0.24709303393
305,0.618278966256
306,0.437053525909
307,0.361909540382
308,0.588823051418
309,0.663737772503
310,0.106146549495
311,0.41501961555
312,0.596075500817
313,0.321133215932
314,0.276347988999
315,0.515536859863
316,0.516598158391
317,0.519867821553
318,0.526257201915
319,0.672396057352
320,0.462041459281
321,0.0
322,0.0
323,0.0
324,0.0
325,0.0
326,0.0
327,0.0
328,0.0
329,0.0
330,0.0
331,0.666799733376
332,0.485814360586
333,0.0
334,0.1087289695
335,0.0
336,0.0
337,0.0
338,0.0
339,0.0
340,0.220558060946
341,0.655684777255
342,0.441081013447
343,0.0
344,0.372434524723
345,0.47591503691
346,0.220669266381
347,0.0988751597585
348,0.32934281657
349,0.0838912549619
350,0.257507655278
351,0.308234700687
352,0.0640085494335
353,0.36648713064
354,0.156202181535
355,0.198372974585
356,0.160685525416
357,0.423874817264
358,0.195317406639
359,0.0176463849931
360,0.0297681079644
361,0.189197375649
362,0.487895262074
363,0.410702130101
364,0.37960740079
365,0.54772908216
366,0.0
367,0.0
368,0.0
369,0.0
370,0.0
371,0.0
372,0.0
373,0.0
374,0.0
375,0.0
376,0.0
377,0.0
378,0.0
379,0.0
380,0.0
381,0.0
382,0.0
383,0.0
384,0.0
385,0.0
386,0.0
387,0.0
388,0.0
389,0.0
390,0.0
391,0.0
392,0.0
393,0.0
394,0.0
395,0.0
396,0.0
397,0.0
398,0.0
399,0.0
400,0.0
401,0.0
402,0.0
403,0.0
404,0.0
405,0.0
406,0.0
407,0.0
408,0.0
409,0.0
410,0.0
411,0.0
412,0.0
413,0.0
414,0.0
415,0.0
416,0.579044031955
417,0.438614844003
418,0.571853255584
419,0.407558753267
420,0.578580856184
421,0.471339397423
422,0.0
423,0.0680500880741
424,0.0990210257943
425,0.0
426,0.0
427,0.127035993766
428,0.184930163356
429,0.101453121165
430,0.0195867368506
431,0.323165710606
432,0.293915638858
433,0.363289059724
434,0.278494880071
435,0.204759684942
436,0.347418843849
437,0.26943561913
438,0.255601115598
439,0.447803723045
440,0.506250872562
441,0.61124488348
442,0.21413010992
443,0.16298230677
444,0.626612111568
445,0.652457521165
446,0.329710388932
447,0.180543222163
448,0.43137246403
449,0.497828770369
450,0.279812645129
451,0.347295545628
452,0.387712045507
453,0.127473272372
454,0.248347270901
455,0.0
456,0.105622427514
457,0.0
458,0.187143943306
459,0.0
460,0.0
461,0.187143943306
462,0.240860767333
463,0.241094671499
464,0.0
465,0.106638027778
466,0.276345232207
467,0.0
468,0.0
469,0.0
470,0.213276055557
471,0.111766521697
472,0.0
473,0.149164700507
474,0.0
475,0.174776483155
476,0.107181686699
477,0.304227780137
478,0.178279931553
479,0.241094671499
480,0.0
481,0.161910226756
482,0.352873560075
483,0.115524530093
484,0.117647058824
485,0.217442182164
486,0.210868338593
487,0.255964302957
488,0.31126496407
489,0.486822328603
490,0.219837798565
491,0.560108145893
492,0.273905615842
493,0.376714397039
494,0.426297905371
495,0.423133619656
496,0.500600306378
497,0.31802601523
498,0.360147116476
499,0.401751390843
500,0.487238209107
501,0.637185808537
502,0.273541012003
503,0.35521325395
504,0.0
505,0.0
506,0.0
507,0.0
508,0.566073835135
509,0.14004972329
510,0.135351992756
511,0.726550023711
512,0.027640475056
513,0.498022577807
514,0.724145339647
515,0.387183633658
516,0.663627634607
517,0.364228205459
518,0.265737254063
519,0.279253540369
520,0.202678466649
521,0.0619819273541
522,0.170212765957
523,0.137931034483
524,0.0
525,0.192217827066
526,0.267835509417
527,0.251112971886
528,0.164543004123
529,0.160104618207
530,0.447453792956
531,0.136441532523
532,0.456582184908
533,0.601825990291
534,0.621574648769
535,0.0
536,0.0
537,0.702823285526
538,0.374792503136
539,0.155625334964
540,0.61886246001
541,0.738654273574
542,0.176605015801
543,0.187702330421
544,0.565671344467
545,0.681285750531
546,0.316104818123
547,0.251990374742
548,0.647467022845
549,0.350304352009
550,0.533870694885
551,0.637749730984
552,0.502313821704
553,0.656125639709
554,0.496961749442
555,0.31315764131
556,0.567561962045
557,0.581145348243
558,0.421551063673
559,0.397801197555
560,0.590724773252
561,0.555963740141
562,0.406122339425
563,0.397343451617
564,0.530185240127
565,0.0547512742775
566,0.389412150421
567,0.529152094498
568,0.732260536022
569,0.312782821628
570,0.0615744732873
571,0.725453233024
572,0.484534252009
573,0.130138847242
574,0.534128572863
575,0.613029035203
576,0.447934269716
577,0.391246207042
578,0.667108366522
579,0.369985528056
580,0.291054105359
581,0.474005211197
582,0.643921499888
583,0.524007203758
584,0.405074125758
585,0.414747791852
586,0.28947912646
587,0.0
