site,dnds
1,0.0
2,0.0
3,0.139247440036
4,0.132435117751
5,0.359143528423
6,0.479303664119
7,0.310206091228
8,0.44575516372
9,0.614424386875
10,0.580808207421
11,0.0
12,0.0
13,0.0
14,0.0
15,0.0
16,0.488784447387
17,0.579646959744
18,0.409808006667
19,0.0928015941497
20,0.291859996151
21,0.433012787639
22,0.349287356231
23,0.0290387850993
24,0.19009620125
25,0.423499323416
26,0.511961017897
27,0.185293198721
28,0.285547005923
29,0.507285380766
30,0.081079589544
31,0.298607161768
32,0.0592328178503
33,0.0
34,0.0
35,0.371558089875
36,0.0
37,0.30933935565
38,0.0909090909091
39,0.120948141872
40,0.25330232278
41,0.526007367143
42,0.395132880517
43,0.415759741481
44,0.0
45,0.0
46,0.320725440593
47,0.410053342705
48,0.407837025157
49,0.245945097367
50,0.414000890091
51,0.241110323049
52,0.15392927259
53,0.405498824906
54,0.24675710449
55,0.164655022224
56,0.578191439976
57,0.457298433771
58,0.666001609925
59,0.379365367785
60,0.327460721328
61,0.420237365289
62,0.0
63,0.0990210257943
64,0.1087289695
65,0.0
66,0.0
67,0.0
68,0.0
69,0.320340182699
70,0.222240597303
71,0.599462773544
72,0.660240162718
73,0.523303720917
74,0.351573975961
75,0.0960061149809
76,0.550656071061
77,0.672030347823
78,0.409282818418
79,0.00406973042084
80,0.11800832155
81,0.105413970501
82,0.0679213423032
83,0.0256018020042
84,0.375388348238
85,0.228737678605
86,0.371340187207
87,0.142133168343
88,0.21616095699
89,0.572845595806
90,0.0
91,0.486568715716
92,0.479384677238
93,0.45155266015
94,0.356846051719
95,0.110289136834
96,0.665365146473
97,0.712001366132
98,0.069314718056
99,0.0701921195504
100,0.156202181535
101,0.0704895437858
102,0.564644755984
103,0.16519852356
104,0.346916830219
105,0.517195507904
106,0.0
107,0.0
108,0.0
109,0.0
110,0.0
111,0.0
112,0.0
113,0.0
114,0.0
115,0.0
116,0.0
117,0.267683771681
118,0.128818668168
119,0.0243114028214
120,0.137829693243
121,0.515625835779
122,0.186084873686
123,0.542050151044
124,0.60401558738
125,0.390880683029
126,0.636017211932
127,0.151109447424
128,0.322556512319
129,0.523105209421
130,0.443845330591
131,0.383823104183
132,0.447554429569
133,0.448404872511
134,0.300536796354
135,0.0319064720816
136,0.21405959487
137,0.576450811101
138,0.397653932169
139,0.40522699563
140,0.40152748593
141,0.37933523132
142,0.244209186983
143,0.114968696422
144,0.445794808338
145,0.0
146,0.106519095103
147,0.418285496092
148,0.570044151063
149,0.184459270416
150,0.343342671525
151,0.134453781513
152,0.254820507498
153,0.0
154,0.0
155,0.0
156,0.28811798938
157,0.0
158,0.0402247942581
159,0.369585516618
160,0.0488958380752
161,0.374453651615
162,0.137549956333
163,0.00683392445132
164,0.332668847575
165,0.193735964904
166,0.326037706269
167,0.0
168,0.490138292635
169,0.290535657215
170,0.0105822799521
171,0.235475394854
172,0.0
173,0.170212765957
174,0.668134388015
175,0.417889967968
176,0.239400977872
177,0.335717672259
178,0.355566514956
179,0.11527870111
180,0.208851990018
181,0.0212465942972
182,0.0164724591054
183,0.426447506629
184,0.504534266934
185,0.229729236618
186,0.0
187,0.530521534303
188,0.364526255454
189,0.41373807544
190,0.342672123049
191,0.366817285316
192,0.363177188687
193,0.390175757197
194,0.0
195,0.0
196,0.0
197,0.0
198,0.372545879836
199,0.113457254772
200,0.0
201,0.544060544173
202,0.324954138047
203,0.514286396045
204,0.0701921195504
205,0.211554074972
206,0.211835967675
207,0.0245903210454
208,0.034188034188
209,0.168095815177
210,0.0419164434138
211,0.0
212,0.299403846861
213,0.227390611265
214,0.110588619633
215,0.0
216,0.258793432998
217,0.225182222901
218,0.143769083164
219,0.117699510361
220,0.109759618108
221,0.0869920440688
222,0.170481380648
223,0.0547325305102
224,0.258480744486
225,0.104934474361
226,0.556807864202
227,0.597532359002
228,0.482298674214
229,0.0586214614132
230,0.725608931167
231,0.511166315242
232,0.634990011893
233,0.602881702055
234,0.117624976095
235,0.516059737209
236,0.656732666767
237,0.22101125296
238,0.0
239,0.689337157484
240,0.48097350362
241,0.752715441042
242,0.647995602146
243,0.527617029304
244,0.130701006422
245,0.0666701197852
246,0.35732093587
247,0.661052474467
248,0.688715739069
249,0.597998558443
250,0.2289773741
251,0.254536138453
252,0.414804447748
253,0.497378379653
254,0.409186783798
255,0.391063878569
256,0.276053106065
257,0.591593716763
258,0.591883117531
259,0.394622845399
260,0.0
261,0.495481053688
262,0.0
263,0.0
264,0.0
265,0.0
266,0.0
267,0.0
268,0.066809366801
269,0.0663881705658
270,0.372852523282
271,0.205847373707
272,0.255785231291
273,0.604621850407
274,0.603769422862
275,0.531524475773
276,0.670741209332
277,0.333333333333
278,0.752807548825
279,0.353244537547
280,0.378524126406
281,0.322231524207
282,0.0047532048756
283,0.21389432961
284,0.0044740417631
285,0.394534064521
286,0.314255196237
287,0.525055749513
288,0.0235422594626
289,0.0
290,0.0
291,0.0
292,0.0
293,0.0
294,0.0
295,0.0
296,0.0
297,0.0
298,0.0
299,0.0
300,0.103191820902
301,0.648813384244
302,0.104946178807
303,0.481531222935
304,0.563516633715
305,0.425716192837
306,0.0176963124899
307,0.0
308,0.235474793662
309,0.272088090535
310,0.0
311,0.152273636328
312,0.110800944431
313,0.304013884696
314,0.319127610171
315,0.222865287508
316,0.468060300702
317,0.470942824164
318,0.481255960897
319,0.297510938991
320,0.0
321,0.024828320697
322,0.231672383454
323,0.00668253933679
324,0.091879685107
325,0.157627277704
326,0.440270284907
327,0.0914433261479
328,0.463640053849
329,0.127095762078
330,0.129935246572
331,0.59604376542
332,0.604645060125
333,0.384258427103
334,0.557984402672
335,0.476982217661
336,0.479478603337
337,0.477271029845
338,0.357115464869
339,0.173129927729
340,0.354492616783
341,0.133225150078
342,0.0
343,0.388415852502
344,0.339286770387
345,0.0834427598123
346,0.347019845008
347,0.639386422389
348,0.443380864905
349,0.365013791663
350,0.185219618119
351,0.418967312206
352,0.483951949182
353,0.502094024445
354,0.251027007184
355,0.0
356,0.550297975692
357,0.613131400123
358,0.449557228047
359,0.115029402927
360,0.0
361,0.356293016251
362,0.206021750926
363,0.0
364,0.473961010044
365,0.475426687272
366,0.323939073833
367,0.256131932803
368,0.354028907472
369,0.215942254373
370,0.340941163808
371,0.0
372,0.2286150951
373,0.00305148316198
374,0.244223903616
375,0.216420479486
376,0.049049361178
377,0.231227998575
378,0.169624669367
379,0.140243206129
380,0.315069038275
381,0.33288583658
382,0.421413079808
383,0.422462735892
384,0.306972645203
385,0.342072567642
386,0.0769738916829
387,0.342056094676
388,0.38476453953
389,0.529068085973
390,0.317649405888
391,0.0702595367011
392,0.442252789077
393,0.611272663933
394,0.454540818002
395,0.242624514454
396,0.389681881037
397,0.204511253179
398,0.0
399,0.0784063398129
400,0.0128881128584
401,0.0360604050958
402,0.00118732026416
403,0.420701562877
404,0.0951070644124
405,0.0
406,0.109722751103
407,0.337180493969
408,0.138030675101
409,0.657291723034
410,0.467107873759
411,0.400465079853
412,0.472911663667
413,0.0252386098222
414,0.206384262264
415,0.148964554942
416,0.275126941847
