site,dnds
1,0.16457989752
2,0.0621856012454
3,0.163017590003
4,0.243209537039
5,0.0
6,0.0
7,0.338236206547
8,0.144576386897
9,0.188730961112
10,0.269978724895
11,0.335587024743
12,0.335257641085
13,0.616020853565
14,0.541183615024
15,0.491965553572
16,0.368081550007
17,0.814661679079
18,0.537631607804
19,0.397756929128
20,0.526506786211
21,0.383357334543
22,0.580538382313
23,0.592573318259
24,0.31366117736
25,0.340756023005
26,0.628819766403
27,0.169889200989
28,0.486570808814
29,0.0108593143648
30,0.0776665663008
31,0.0296770508776
32,0.411440200876
33,0.127578104385
34,0.403482703233
35,0.676220300664
36,0.0
37,0.0
38,0.0
39,0.169014084507
40,0.592460696734
41,0.0
42,0.0
43,0.0
44,0.0
45,0.471117407711
46,0.482320458789
47,0.0
48,0.0
49,0.0
50,0.0
51,0.0
52,0.528110405268
53,0.213724182145
54,0.330524575044
55,0.210180145811
56,0.217394716247
57,0.0
58,0.0
59,0.0
60,0.0
61,0.0
62,0.0
63,0.0
64,0.0370838047697
65,0.21025158189
66,0.286220486967
67,0.406156843633
68,0.476412933674
69,0.347970585927
70,0.437890550762
71,0.0
72,0.0
73,0.0
74,0.0
75,0.0
76,0.0
77,0.0
78,0.0
79,0.0
80,0.0
81,0.0
82,0.0
83,0.0
84,0.0
85,0.0
86,0.0
87,0.481234698092
88,0.354159271054
89,0.251335876718
90,0.467332824192
91,0.133303597186
92,0.410140207964
93,0.80854910096
94,0.572914548546
95,0.335773905771
96,0.726674040463
97,0.0
98,0.199955395779
99,0.166666666667
100,0.132776341132
101,0.58525226144
102,0.556364645369
103,0.46154709001
104,0.636685198857
105,0.378090681886
106,0.591055624691
107,0.67830801038
108,0.407853845664
109,0.343661058216
110,0.362082059243
111,0.581198284888
112,0.376582688292
113,0.133241596168
114,0.320051972704
115,0.0
116,0.454182716
117,0.595546701556
118,0.423327716935
119,0.343787478709
120,0.201954829966
121,0.393229513602
122,0.0531170778407
123,0.208387137786
124,0.0
125,0.59562159636
126,0.0781544857342
127,0.220346157025
128,0.449645234097
129,0.515013888944
130,0.564942283836
131,0.432816739112
132,0.625594715841
133,0.512903134481
134,0.20405822357
135,0.444860445029
136,0.50139495895
137,0.426407267787
138,0.480283975704
139,0.541823485284
140,0.156428572809
141,0.375129988288
142,0.486680113708
143,0.532118023615
144,0.584688979307
145,0.0
146,0.120237127203
147,0.168624274312
148,0.0
149,0.0
150,0.367391693568
151,0.434472743186
152,0.444460780434
153,0.507755523542
154,0.471264624382
155,0.435906371827
156,0.0
157,0.0
158,0.398480514064
159,0.60789609657
160,0.755786982015
161,0.217456147365
162,0.34024926395
163,0.358836751151
164,0.2975483639
165,0.669937100583
166,0.575837134158
167,0.0
168,0.0
169,0.0
170,0.0
171,0.0
172,0.0
173,0.106638027778
174,0.0
175,0.40564209871
176,0.490527010572
177,0.0
178,0.443093984291
179,0.38707067115
180,0.45609857142
181,0.767458176449
182,0.0909090909091
183,0.345572065563
184,0.606495894065
185,0.367144915216
186,0.463508285841
187,0.509723824902
188,0.403810840221
189,0.241313702407
190,0.3719703361
191,0.188915739713
192,0.0
193,0.0231779396927
194,0.452055532256
195,0.327372482457
196,0.311220307076
197,0.331799079703
198,0.483562875454
199,0.131227152912
200,0.0
201,0.0
202,0.141031341951
203,0.450754706821
204,0.0551980043954
205,0.602321779178
206,0.494123016218
207,0.0599795717377
208,0.117980121446
209,0.137255628456
210,0.0568640311414
211,0.125777749936
212,0.677545067711
213,0.312768898849
214,0.115099480165
215,0.35404462987
216,0.709415594251
217,0.570954741525
218,0.56003704131
219,0.46392672797
220,0.347609440114
221,0.101627317936
222,0.762324503661
223,0.603776087819
224,0.548530035512
225,0.646346964559
226,0.777716120426
227,0.4645996167
228,0.402328708477
229,0.148725124883
230,0.469657990261
231,0.0
232,0.142857142857
233,0.0
234,0.693185065097
235,0.481067799024
236,0.605152726384
237,0.296005719858
238,0.128360171166
239,0.248637312613
240,0.49947862294
241,0.464737406008
242,0.244136064148
243,0.08664339757
244,0.492350917111
245,0.525887519906
246,0.426981817816
247,0.0
248,0.0
249,0.0
250,0.0
251,0.227937926953
252,0.169014084507
253,0.125
254,0.61004764399
255,0.196691073464
256,0.560260242922
257,0.624844412397
258,0.55811601854
259,0.46713375334
260,0.614053232056
261,0.23143162322
262,0.06527641505
263,0.49450790021
264,0.466853334914
265,0.370377692671
266,0.0
267,0.594441194531
268,0.82281911586
269,0.702315522733
270,0.249011222393
271,0.0047532048756
272,0.00820395030965
273,0.341428605066
274,0.331578624171
275,0.296477436226
276,0.156995744933
277,0.0
278,0.0
279,0.0
280,0.0
281,0.0
282,0.0
283,0.0
284,0.311957603913
285,0.121994921547
286,0.303389224279
287,0.511192899188
288,0.0
289,0.0
290,0.640951577899
291,0.230580738754
292,0.133890782748
293,0.378296024228
294,0.410533373759
295,0.346926095193
296,0.301679089003
297,0.38153902625
298,0.496816058293
299,0.721668016303
300,0.432108151935
301,0.761217250047
302,0.386030901077
303,0.0
304,0.0
305,0.0
306,0.0
307,0.558448034903
308,0.0528112137569
309,0.68017056409
310,0.729317570749
311,0.55112418675
312,0.597185928168
313,0.265470199411
314,0.317335194098
315,0.276284484433
316,0.0
317,0.0
318,0.0
319,0.0
320,0.0
321,0.0
322,0.321176305994
323,0.351521901442
324,0.480830263709
325,0.758937579649
326,0.239179925567
327,0.102994902063
328,0.0
329,0.0
330,0.687042059705
331,0.0
332,0.0
333,0.492871739502
334,0.467606901093
335,0.098279841419
336,0.759671935376
337,0.535370254824
338,0.439820171684
339,0.591916884112
340,0.444527270668
341,0.571364767366
342,0.521982295449
343,0.546558935553
344,0.29668343647
345,0.445946612878
346,0.583607543151
347,0.432313827338
348,0.544023124078
349,0.729960571329
350,0.601989258983
351,0.490840078894
352,0.454720917364
353,0.680390873156
354,0.556461013793
355,0.568043198509
356,0.0813786880495
357,0.213091151706
358,0.435257199937
359,0.66832545618
360,0.724708732226
361,0.254729550842
362,0.745310387624
363,0.356796004707
364,0.0
365,0.0
366,0.389164347832
367,0.263639760082
368,0.492615485345
369,0.0400140916061
370,0.659047093995
371,0.581093588679
372,0.0356592145231
373,0.297955411713
374,0.277113067507
375,0.133119031901
376,0.290141093542
377,0.177677432305
378,0.561028853567
379,0.529959189278
380,0.348410511324
381,0.428022159318
382,0.130390863068
383,0.340868522303
384,0.0772303861934
385,0.1358874032
386,0.305700321114
387,0.40481663633
388,0.306224137787
389,0.476581200697
390,0.310879608168
391,0.440596633029
392,0.312200754694
393,0.294899450834
394,0.435671493747
395,0.226972421719
396,0.0
397,0.0
398,0.0
399,0.159267508376
400,0.0
401,0.123226165433
402,0.143105332273
403,0.211672486291
404,0.140350877193
405,0.146199787469
406,0.166344659737
407,0.0
408,0.131147540984
409,0.0
410,0.189578716051
411,0.104636156931
412,0.303722265885
413,0.421155362159
414,0.0
415,0.0
416,0.0
417,0.184123678175
418,0.515394862238
419,0.22015637974
420,0.394858185753
421,0.382449774993
422,0.308958003724
423,0.696087658112
424,0.601065135309
425,0.108859248134
426,0.542269102564
427,0.59306530885
428,0.381428617363
429,0.495691893702
430,0.462784422613
431,0.239522682495
432,0.0
433,0.0
434,0.763569096407
435,0.588403082957
436,0.175104859291
437,0.184794435957
438,0.50774108821
439,0.0
440,0.457865621926
441,0.779233081823
442,0.590884829862
443,0.2721861271
444,0.403953569674
445,0.108884627649
446,0.326357794858
447,0.208478317214
448,0.0335466148659
449,0.0512239826609
450,0.151898130038
451,0.562921330909
452,0.469909751375
453,0.445671023917
454,0.490771020057
455,0.424973852
456,0.127504078984
457,0.178165958577
458,0.345075491814
459,0.172380341608
460,0.476599319577
461,0.551321762564
462,0.613893507185
463,0.57562141448
464,0.361291584282
465,0.262359485929
466,0.380009619066
467,0.41907432541
468,0.475760867107
469,0.310374996594
470,0.421994391063
471,0.423029750476
472,0.576612211108
473,0.375813935181
474,0.104087722453
475,0.386778262299
476,0.300953121013
477,0.0334976327624
478,0.496137492232
479,0.424893953305
480,0.304129260375
481,0.49549380078
482,0.488615781825
483,0.589645138379
484,0.0759613348559
485,0.384587390319
486,0.628828631707
487,0.0
488,0.0
489,0.0
490,0.0
491,0.437569506024
492,0.683349894158
493,0.0
494,0.514268113255
495,0.497921264953
496,0.670398286927
497,0.366411350238
498,0.0890766720542
499,0.214285714286
500,0.63255553858
501,0.23686441473
502,0.402599418374
503,0.342288269936
504,0.419339492758
505,0.198072328413
506,0.0
