site,dnds
1,0.0
2,0.416899852769
3,0.400312118887
4,0.274560755968
5,0.458689798043
6,0.2942383637
7,0.249262989346
8,0.0206777115919
9,0.132985669158
10,0.119920789248
11,0.0
12,0.213540280464
13,0.0
14,0.00642603469587
15,0.121790693315
16,0.101815377267
17,0.0
18,0.0
19,0.0
20,0.0
21,0.0
22,0.0
23,0.0
24,0.0
25,0.351919963718
26,0.0728307521575
27,0.229931995862
28,0.193095258573
29,0.461446100684
30,0.504523775576
31,0.29352481436
32,0.486411475179
33,0.360606771019
34,0.0
35,0.0
36,0.0
37,0.0
38,0.0
39,0.0
40,0.0
41,0.0
42,0.0
43,0.0
44,0.0
45,0.0
46,0.0
47,0.0
48,0.0
49,0.0
50,0.0
51,0.0
52,0.0
53,0.0
54,0.0
55,0.0
56,0.0
57,0.0
58,0.0
59,0.0
60,0.0
61,0.0
62,0.0
63,0.0
64,0.0
65,0.0
66,0.0
67,0.0
68,0.0
69,0.0
70,0.166877816
71,0.0
72,0.141031341951
73,0.0
74,0.139016608494
75,0.0
76,0.581024574793
77,0.859115159919
78,0.443464969445
79,0.743353096557
80,0.0
81,0.115055669694
82,0.318207335579
83,0.359075510412
84,0.357887136267
85,0.762854218791
86,0.45855857782
87,0.441687956839
88,0.369989983945
89,0.521846382169
90,0.617586923752
91,0.599603101032
92,0.0899556935481
93,0.166896666272
94,0.163936257928
95,0.144656802899
96,0.256576347783
97,0.324521343546
98,0.680504721854
99,0.147826817356
100,0.110941723405
101,0.0
102,0.0
103,0.266666666667
104,0.132776341132
105,0.0
106,0.481396319001
107,0.339414805159
108,0.246399339183
109,0.275050795906
110,0.196870637315
111,0.0507514097034
112,0.246318682909
113,0.0154327090146
114,0.128817093094
115,0.0
116,0.0
117,0.165103499365
118,0.0
119,0.240213621402
120,0.0
121,0.0418452488599
122,0.0111547340248
123,0.00452163125621
124,0.00476058764893
125,0.0
126,0.197774408499
127,0.437781376962
128,0.244598649256
129,0.0164513005919
130,0.461016989166
131,0.213370674828
132,0.432704390365
133,0.608450108645
134,0.606460371816
135,0.272517759596
136,0.481654417696
137,0.537776606949
138,0.321881978362
139,0.231286083961
140,0.344827586207
141,0.0
142,0.202723895017
143,0.0
144,0.0
145,0.266666666667
146,0.142857142857
147,0.0923076923077
148,0.134899473774
149,0.0797636278246
150,0.123593882475
151,0.353275707028
152,0.354505966128
153,0.626979674985
154,0.575702200095
155,0.36293582897
156,0.417538793563
157,0.410797275987
158,0.409635075399
159,0.284034781344
160,0.475482356724
161,0.144797119183
162,0.0759163318712
163,0.119953247742
164,0.569113570667
165,0.416015966268
166,0.0
167,0.023049078868
168,0.628458468685
169,0.259442189764
170,0.207708646642
171,0.270351088077
172,0.176197335995
173,0.143763859672
174,0.325605227031
175,0.153032837229
176,0.25605651498
177,0.179798775471
178,0.110182415264
179,0.0
180,0.0
181,0.0
182,0.0
183,0.0
184,0.0
185,0.0
186,0.0
187,0.0
188,0.0
189,0.362940944432
190,0.547072872839
191,0.547157139642
192,0.559453235601
193,0.406068370344
194,0.161250322218
195,0.548225388545
196,0.642197100483
197,0.442982958562
198,0.106571084294
199,0.172590540991
200,0.140446186763
201,0.173377427077
202,0.31665901942
203,0.356252276661
204,0.263442692431
205,0.0908933344022
206,0.0
207,0.118493906428
208,0.682108374297
209,0.275371687595
210,0.657038269383
211,0.119421072887
212,0.178760936849
213,0.683061740693
214,0.118784870489
215,0.0
216,0.427341943431
217,0.178846517583
218,0.122251592934
219,0.00616442809395
220,0.280452070886
221,0.0
222,0.0
223,0.0
224,0.0
225,0.0
226,0.0
227,0.0
228,0.0
229,0.0
230,0.0
231,0.0
232,0.0
233,0.0
234,0.0
235,0.0
236,0.0
237,0.0
238,0.0
239,0.0
240,0.0
241,0.0
242,0.0
243,0.0
244,0.166666666667
245,0.309477224896
246,0.428601157964
247,0.218153309948
248,0.577358516512
249,0.132776341132
250,0.0
251,0.0
252,0.0
253,0.0
254,0.0
255,0.0
256,0.0
257,0.0
258,0.0
259,0.0
260,0.0
261,0.0
262,0.0
263,0.138571107241
264,0.212159324018
265,0.455208709354
266,0.351351887724
267,0.094083350374
268,0.392221888858
269,0.41960198702
270,0.0623065881827
271,0.0168969717045
272,0.345119022232
273,0.00312409805355
274,0.0399985566161
275,0.139033190664
276,0.129096434454
277,0.245554356059
278,0.00513470872314
279,0.39905255678
280,0.556029706868
281,0.0
282,0.0
283,0.0
284,0.0
285,0.0
286,0.0
287,0.0
288,0.0
289,0.0
290,0.0
291,0.0
292,0.0
293,0.0
294,0.0
295,0.0
296,0.0
297,0.0
298,0.0
299,0.0
300,0.0
301,0.563551099608
302,0.585790915292
303,0.521280831888
304,0.70537428667
305,0.190297335404
306,0.238629436112
307,0.300229461415
308,0.103855082433
309,0.366947417501
310,0.218141264747
311,0.138233618382
312,0.16141620119
313,0.219631625712
314,0.367880799176
315,0.0832870553985
316,0.173852582446
317,0.532273618998
318,0.221342690464
319,0.145454545455
320,0.437447563605
321,0.581950706005
322,0.0
323,0.0
324,0.0
325,0.0
326,0.0
327,0.0
328,0.0
329,0.170212765957
330,0.120766806633
331,0.144116415463
332,0.266666666667
333,0.0740740740741
334,0.0
335,0.247997801002
336,0.273261984526
337,0.394424372864
338,0.319469754956
339,0.327506557034
340,0.0784357937318
341,0.399877702373
342,0.608043330853
343,0.243137924723
344,0.278224793568
345,0.146514539621
346,0.337357630967
347,0.0
348,0.206465365117
349,0.0
350,0.0
351,0.0
352,0.0770315459211
353,0.320088143035
354,0.0
355,0.109302161709
356,0.173263335104
357,0.0
358,0.334208232106
359,0.0454470749655
360,0.357590773484
361,0.412159312566
362,0.265014177983
363,0.456245145462
364,0.5656075081
365,0.398079887178
366,0.0
367,0.0
368,0.0
369,0.0
370,0.0
371,0.0
372,0.60209647743
373,0.16907731379
374,0.4494706169
375,0.0
376,0.0
377,0.0
378,0.0
379,0.0
380,0.0
381,0.208947944421
382,0.702985190747
383,0.0742048142192
384,0.225071350825
385,0.240469562361
386,0.436375805146
387,0.481764441735
388,0.421016774262
389,0.194057537709
390,0.226141869574
391,0.539400724998
392,0.608710464775
393,0.137317090005
394,0.533048162363
395,0.678191567706
396,0.0
397,0.12953926976
398,0.0
399,0.228013591368
400,0.600905904899
401,0.284183698503
402,0.41486013214
403,0.426569839105
404,0.145760323713
405,0.301643105569
406,0.427322250382
407,0.432330604521
408,0.138327746844
409,0.0
410,0.0122430173915
411,0.0121584765981
412,0.106900238685
413,0.343419254581
414,0.199244465883
415,0.351080630884
416,0.135288684081
417,0.10664780162
418,0.143397777132
419,0.451724988742
420,0.28650903936
421,0.00306010783667
422,0.292898231507
423,0.245477610398
424,0.109435057077
425,0.304241684048
426,0.538292537486
427,0.554241286208
428,0.443979211395
429,0.139787020541
430,0.154781197591
431,0.114285714286
432,0.0604740709359
433,0.108124028829
434,0.0495614566316
435,0.178226019006
436,0.45737748099
437,0.363620969138
438,0.154032706791
439,0.0827638424549
440,0.112016302034
441,0.47719613099
442,0.329540441043
443,0.129269990216
444,0.324458798394
445,0.375291633686
446,0.561644835115
447,0.437421090305
448,0.558946194756
449,0.3331429929
450,0.432729033984
451,0.482064086898
452,0.364047226972
453,0.561321095695
454,0.350263975292
455,0.0
456,0.0
457,0.0
458,0.244136064148
459,0.0
460,0.524969393163
461,0.571950621745
462,0.239218617214
463,0.550289970418
464,0.211000444604
465,0.505441908558
466,0.609126280489
467,0.48465804463
468,0.590594445652
469,0.619352879648
470,0.50410388042
471,0.780008251929
472,0.0
473,0.0
474,0.0
475,0.710726406407
476,0.598662626727
477,0.755220336155
478,0.658406915063
479,0.573635868425
480,0.605759595782
481,0.689989717597
482,0.486404436182
483,0.380965045556
484,0.662402928508
485,0.609401962391
486,0.289493107368
487,0.0
488,0.0
489,0.0
490,0.0
491,0.166666666667
492,0.0803862650245
493,0.0
494,0.0
495,0.0
496,0.503420841182
497,0.49642155399
498,0.548455144648
499,0.495123599919
500,0.464485477117
501,0.322399745278
502,0.631567969055
503,0.578877458401
504,0.451129054357
505,0.491016278131
506,0.671233844673
507,0.565600573577
508,0.689523135038
509,0.614178542177
510,0.665501792895
511,0.814351254715
512,0.666680764583
513,0.671459445907
514,0.726734703118
515,0.617161388733
516,0.746817806884
517,0.529820508658
518,0.418579859793
519,0.452803967097
520,0.467185872126
521,0.67873624998
522,0.425269522278
523,0.332486011597
524,0.621154375769
525,0.539252796789
526,0.507794082817
527,0.478987211324
528,0.558801727867
529,0.588637348203
530,0.718018040779
531,0.51600915847
532,0.730947717236
533,0.533446401881
534,0.437230017632
535,0.24001725431
536,0.354968438701
537,0.495657440854
538,0.356759794038
539,0.496883736032
540,0.559803330491
541,0.554640644211
542,0.204545454545
543,0.241967289517
544,0.481114856423
545,0.417593172723
546,0.584195751388
547,0.503070656607
548,0.335857885594
549,0.135138904844
550,0.468742857227
551,0.504809440458
552,0.443588271596
553,0.00847376085289
554,0.538251091885
555,0.237752011976
556,0.41219721058
557,0.550822221143
558,0.383282509228
559,0.326555706905
560,0.473077701007
561,0.421621093481
562,0.38525989342
563,0.558422661254
564,0.625523288378
565,0.0
566,0.572609264008
567,0.108108108108
568,0.0
569,0.0
570,0.0
571,0.492173503861
572,0.316227303364
573,0.34470870737
574,0.385147481614
575,0.215451774445
576,0.140296183461
577,0.327930578205
578,0.387529747452
579,0.350568130453
580,0.236928323053
581,0.623655931832
582,0.449267709948
583,0.510365552394
584,0.343877654817
585,0.439544323804
586,0.394017803595
587,0.0
588,0.193215400876
589,0.330231176677
590,0.151124453106
591,0.505390487986
592,0.279695817572
593,0.139447284918
594,0.135248230353
595,0.591149951355
596,0.720941996546
597,0.573955321746
598,0.63745461428
599,0.424690738425
600,0.535741034628
601,0.398497786612
602,0.545117581386
603,0.382593804487
604,0.482293147519
605,0.301764659769
606,0.199812287724
607,0.254965096355
608,0.354457954334
609,0.26617276977
610,0.15392247096
611,0.0
612,0.0
613,0.0
614,0.0
615,0.0
616,0.0
617,0.253363427588
618,0.59260722948
619,0.300594894364
620,0.54735840365
621,0.384281278796
622,0.511502808877
623,0.106638027778
624,0.133303597186
625,0.0
626,0.0
627,0.487506704718
628,0.341937109302
629,0.199223043172
630,0.538556798786
631,0.174045252481
632,0.362086720927
633,0.134962671998
634,0.464306561465
635,0.299439797637
636,0.297167558496
637,0.344961711271
638,0.351254624409
639,0.336223588244
640,0.317770125348
641,0.166903223381
642,0.243815855443
643,0.302302512363
644,0.484038746088
645,0.490356605703
646,0.495619912781
647,0.438078250443
648,0.225352112676
649,0.0
650,0.178226019006
651,0.0918034207037
652,0.117699510361
653,0.0660140171962
654,0.335793370065
655,0.317467244522
656,0.0
657,0.299792875552
658,0.276637736536
659,0.279999653683
660,0.244333539068
661,0.395660231581
662,0.334725398764
663,0.184039811463
664,0.154199568111
665,0.0
666,0.0228176703799
667,0.336267462416
668,0.231870055254
669,0.641250230004
670,0.423953502797
671,0.416647221766
672,0.486433751642
673,0.0948744879873
674,0.0852025251477
675,0.1
676,0.272727272727
677,0.0
678,0.0
679,0.274689835713
680,0.3308307273
681,0.367293005095
682,0.308782320998
683,0.623087082465
684,0.462191537778
685,0.0
686,0.385133022599
687,0.223465381539
688,0.0644422696106
689,0.077080604514
690,0.674336857597
691,0.640972050471
692,0.518872196405
693,0.27520092825
694,0.280188441912
695,0.343933666661
696,0.378074828504
697,0.0
698,0.15976852403
699,0.626864476491
700,0.0767896915383
701,0.0763917197545
702,0.609280148558
703,0.0272463839553
704,0.135927403359
705,0.14870661443
706,0.576139783538
707,0.627784587572
708,0.783941088155
709,0.718575671638
710,0.640992112049
711,0.645649504561
712,0.696850366376
713,0.463667771943
714,0.781596207159
715,0.690351169149
716,0.570335260273
717,0.363949186192
718,0.490053328032
719,0.28710276126
720,0.489136125572
721,0.537858168965
722,0.515904924758
723,0.629613481159
724,0.437009913085
725,0.453088440367
726,0.635409135346
727,0.694439822495
728,0.570080496068
729,0.341791054042
730,0.671361737324
731,0.576008351448
732,0.401246528616
733,0.145556808638
734,0.59181860407
735,0.282426809302
736,0.0619970160167
737,0.703910218973
738,0.542999890948
739,0.209115621921
740,0.462055283637
741,0.0354294634676
742,0.184289587151
743,0.349062659794
744,0.0
745,0.0
746,0.311675627205
747,0.0692206342172
748,0.126716005301
749,0.0
750,0.0492297437217
751,0.328481418643
752,0.00707571717044
753,0.465733340532
754,0.0356176974887
755,0.212615258284
756,0.287740347269
757,0.132274479046
758,0.2307649784
759,0.631152617811
760,0.100571238562
761,0.133229116952
762,0.600892635914
763,0.438101635924
764,0.103685507503
765,0.333123574569
766,0.638524502658
767,0.584510318974
768,0.397718347111
769,0.486786522617
770,0.483697079482
771,0.0484477115934
772,0.597427093745
773,0.732646812214
774,0.647289781949
775,0.45966810413
776,0.79661024763
777,0.818267276189
778,0.620980094906
779,0.660247583813
780,0.557127776011
781,0.758451077507
782,0.498241525646
783,0.447958680893
784,0.445095147402
785,0.325218893272
786,0.453235038322
787,0.296936103219
788,0.518339953985
789,0.619828946729
790,0.844221533593
791,0.785658655602
792,0.623867314573
793,0.7466123558
794,0.848506062662
795,0.606296114643
796,0.73110223245
797,0.487452625149
798,0.576740212627
799,0.566915061479
800,0.618006873289
801,0.709386946052
802,0.626333044527
803,0.336842105263
804,0.305133520774
805,0.420003229731
806,0.0
807,0.166666666667
808,0.486308186433
809,0.704042846895
810,0.676855083078
811,0.528297825651
812,0.0963855421687
813,0.0
814,0.354904430955
815,0.628268828211
816,0.604120882231
817,0.327760764168
818,0.366477182458
819,0.176470588235
820,0.264346680919
821,0.462438285287
822,0.628829271228
823,0.573041093856
824,0.272037116045
825,0.422682339721
826,0.248244646381
827,0.565560665477
828,0.302634869562
829,0.0154623260995
830,0.56772153438
831,0.419267674454
832,0.214715364472
833,0.182989897128
834,0.387754241143
835,0.299173948445
836,0.0
837,0.556730180296
838,0.431928390605
839,0.39844726839
840,0.0645073487414
841,0.481395708012
842,0.0
843,0.0803862650245
844,0.640477277257
845,0.696865254693
846,0.0
847,0.0
848,0.199859595516
849,0.333747845724
850,0.384791321282
851,0.439855113867
852,0.135593220339
853,0.390506764825
854,0.335544520022
855,0.0
856,0.394014448225
857,0.332379999662
858,0.379540620009
859,0.462820765067
860,0.122728914191
861,0.325165297059
862,0.190144434577
863,0.119626829444
864,0.450494091829
865,0.0021622122281
866,0.51631053012
867,0.0
868,0.0
869,0.0
870,0.481778767656
871,0.523803391286
872,0.417536312682
873,0.540151725662
874,0.448410312814
875,0.102961413018
876,0.400282916579
877,0.56021826237
878,0.351402119456
879,0.284889238116
880,0.348220053853
881,0.180222276308
