site,dnds
1,0.0
2,0.0
3,0.0
4,0.0
5,0.0
6,0.0
7,0.0
8,0.0
9,0.0
10,0.0
11,0.0
12,0.0
13,0.0
14,0.0
15,0.0
16,0.0
17,0.0
18,0.0
19,0.0
20,0.0
21,0.0
22,0.0
23,0.0
24,0.0
25,0.0
26,0.0
27,0.0
28,0.0
29,0.297392942692
30,0.448003237678
31,0.456530387676
32,0.473002721897
33,0.449194879745
34,0.0181843718679
35,0.486886344905
36,0.617831847684
37,0.587719037691
38,0.54919313264
39,0.32632064015
40,0.716363813698
41,0.634696098661
42,0.263410736398
43,0.207740228316
44,0.326672437219
45,0.577644262393
46,0.459504146095
47,0.760288892594
48,0.64900241797
49,0.299123234893
50,0.476578715768
51,0.659599620468
52,0.564117836024
53,0.326438821619
54,0.606801125762
55,0.698850986889
56,0.376936825959
57,0.269265029767
58,0.669578130339
59,0.650142470345
60,0.25281072133
61,0.487864455827
62,0.601492575389
63,0.523931613999
64,0.419458700482
65,0.612352938812
66,0.664346506911
67,0.491077244488
68,0.526823519079
69,0.52489816926
70,0.467996912232
71,0.187222726151
72,0.202916961991
73,0.222026210629
74,0.348381410742
75,0.0775491027295
76,0.0
77,0.0
78,0.133303597186
79,0.106638027778
80,0.0
81,0.0
82,0.0
83,0.0
84,0.0
85,0.0
86,0.0
87,0.0
88,0.0
89,0.0
90,0.68398117493
91,0.64848202549
92,0.591088363774
93,0.616845397101
94,0.731417374567
95,0.585568286928
96,0.234623875601
97,0.103523006325
98,0.0448974576369
99,0.174359611911
100,0.359849729216
101,0.667153609345
102,0.482741066525
103,0.129639953775
104,0.0427749614062
105,0.198246065787
106,0.595813857365
107,0.117765560996
108,0.601772653484
109,0.179790708363
110,0.131095627953
111,0.0846188051704
112,0.400100220384
113,0.706988001553
114,0.592939488629
115,0.699520485454
116,0.553892361961
117,0.627409888563
118,0.724909726708
119,0.61590712505
120,0.36691352112
121,0.566369100664
122,0.664211925738
123,0.721232131348
124,0.590988738191
125,0.493038366208
126,0.186421079435
127,0.181818181818
128,0.304285564862
129,0.183719135544
130,0.341127114295
131,0.144623900674
132,0.114986168641
133,0.15974911193
134,0.441138394788
135,0.28119839342
136,0.544084635442
137,0.146421902042
138,0.220934873382
139,0.334875880928
140,0.745554390624
141,0.658984003495
142,0.402174058994
143,0.641282009695
144,0.7060512423
145,0.0
146,0.0
147,0.0
148,0.35101558452
149,0.0840710788296
150,0.133303597186
151,0.0810810810811
152,0.181422212808
153,0.203069698201
154,0.144121501799
155,0.139016608494
156,0.106666666667
157,0.102564102564
158,0.0223595864697
159,0.0495105128971
160,0.0
161,0.0
162,0.135379798801
163,0.0739356992597
164,0.487004806735
165,0.428248551294
166,0.516912245894
167,0.293933230548
168,0.328766442827
169,0.246956625062
170,0.131505282145
171,0.662512043383
172,0.744227246074
173,0.623626965827
174,0.63193577076
175,0.422931476551
176,0.74988925264
177,0.660523682188
178,0.339257157716
179,0.195200704917
180,0.174691450695
181,0.223173630202
182,0.499240881855
183,0.502201535643
184,0.503246023331
185,0.285613740375
186,0.147871398519
187,0.121945024972
188,0.0
189,0.249672003979
190,0.23043656137
191,0.194894639489
192,0.262977789996
193,0.323228345199
194,0.392748085873
195,0.198577322439
196,0.280157399489
197,0.229204854216
198,0.36463250827
199,0.296441548234
200,0.584816850032
201,0.400027397845
202,0.617460380969
203,0.00753969530965
204,0.480130854214
205,0.189295757654
206,0.242156391481
207,0.328715370323
208,0.41747867386
209,0.205156690377
210,0.103178074112
211,0.2
212,0.196158233863
213,0.197815135301
214,0.225184870842
215,0.182980459723
216,0.111068023438
217,0.212861239362
218,0.122249259534
219,0.166265956673
220,0.102564102564
221,0.157188530445
222,0.0
223,0.24
224,0.0928404750987
225,0.0619819273541
226,0.193539169222
227,0.11692876561
228,0.0538366742182
229,0.0
230,0.069314718056
231,0.171457942335
232,0.169314718056
233,0.0
234,0.276304532139
235,0.0
236,0.0
237,0.0
238,0.0
239,0.0
240,0.097311625946
241,0.231176336831
242,0.109861228867
243,0.268128006198
244,0.190827696084
245,0.11141071713
246,0.262651007795
247,0.269655295204
248,0.155661530205
249,0.0
250,0.125098466578
251,0.243855181789
252,0.271812021492
253,0.257378887733
254,0.120730481036
255,0.437253024421
256,0.272655226576
257,0.299035398758
258,0.372011566187
259,0.604214548227
260,0.637550196175
261,0.529834719778
262,0.762315601855
263,0.611900385849
264,0.512954040134
265,0.726922136518
266,0.00242571229307
267,0.65864230509
268,0.659442664024
269,0.507774374931
270,0.453481728433
271,0.705335891969
272,0.673642027156
273,0.320466061592
274,0.504815237083
275,0.430376217046
276,0.473177478039
277,0.575925012381
278,0.185317769385
279,0.2630721747
280,0.101961857358
281,0.397058670048
282,0.246043435949
283,0.562835123617
284,0.0990210257943
285,0.311716676276
286,0.0
287,0.0
288,0.0
289,0.0
290,0.0
291,0.125533995252
292,0.0
293,0.0
294,0.203069698201
295,0.471495014784
296,0.661259327077
297,0.307362417383
298,0.0798654172786
299,0.197992785539
300,0.1087289695
301,0.0990210257943
302,0.0364814305558
303,0.116789053505
304,0.152702866379
305,0.0
306,0.786132415964
307,0.524789787034
308,0.583984088244
309,0.35410527827
310,0.546943912538
311,0.125369090753
312,0.568421951587
313,0.190046041742
314,0.435692565399
315,0.41123456454
316,0.462625584733
317,0.408061630253
318,0.202547030542
319,0.370440046366
320,0.547672614255
321,0.482742499363
322,0.46577126406
323,0.517405724405
324,0.539835625603
325,0.374054190572
326,0.405496165087
327,0.482907179163
328,0.47785396234
329,0.49564396694
330,0.00698877054792
331,0.0
332,0.0
333,0.320067665103
334,0.399407498989
335,0.0655631964867
336,0.716332316884
337,0.278512573109
338,0.170857849957
339,0.125
340,0.0
341,0.133303597186
342,0.434711961244
343,0.144254117726
344,0.176832958621
345,0.0736499858325
346,0.118023414339
347,0.111723283593
348,0.407372066616
349,0.206882984295
350,0.337504878276
351,0.331317766051
352,0.255980175542
353,0.184657359028
354,0.223309322338
355,0.232101187747
356,0.102517124064
357,0.066809366801
358,0.0
359,0.0
360,0.597122070648
361,0.0
362,0.0
363,0.0
364,0.0547965852289
365,0.0
366,0.0867325491054
367,0.0
368,0.0
369,0.247411571087
370,0.140055050338
371,0.202814798776
372,0.212985156808
373,0.229885057471
374,0.147062219571
375,0.262866790522
376,0.332099462492
377,0.708950475453
378,0.609618747482
379,0.539719051877
380,0.736702389277
381,0.560208296697
382,0.638564278983
383,0.660648505581
384,0.755368241646
385,0.212700801502
386,0.632641927972
387,0.758999926425
388,0.371389690745
389,0.60754541806
390,0.604401760593
391,0.700815430654
392,0.560819354501
393,0.550553590136
394,0.296109116119
395,0.680885981095
396,0.596325396706
397,0.545075617322
398,0.544139347461
399,0.350906525155
400,0.311892903738
401,0.437102385069
402,0.746913041292
403,0.332267395315
404,0.485687242555
405,0.277837232474
406,0.271512059206
407,0.305463144339
408,0.0
409,0.196274994157
410,0.325322696032
411,0.30754076897
412,0.271188284623
413,0.0676383584059
414,0.251009673575
415,0.246867920891
416,0.582538365044
417,0.502270001989
418,0.0255789387522
419,0.0465953997777
420,0.519243862093
421,0.459894288031
422,0.0120890922401
423,0.508214443544
424,0.697182293588
425,0.751966438651
426,0.406654505268
427,0.517154618336
428,0.493084356715
429,0.356692433921
430,0.473754869852
431,0.461492915629
432,0.328694238273
433,0.399486162295
434,0.280561660139
435,0.238084401653
436,0.320470090982
437,0.425021113529
438,0.649677699796
439,0.190476190476
440,0.0
441,0.437267073713
442,0.385934484076
443,0.58510635487
444,0.223032249273
445,0.583647003909
446,0.440170420748
447,0.38355487604
448,0.285111074601
449,0.142857142857
450,0.0556179974153
451,0.166824498307
452,0.344623811095
453,0.0838248912726
454,0.17850354623
455,0.0403782680274
456,0.255735150498
457,0.42865376085
458,0.0825046924826
459,0.140384239101
460,0.166185182583
461,0.198187315462
462,0.0
463,0.432899517699
464,0.316391505841
465,0.415912401556
466,0.166066150691
467,0.148100862076
468,0.127934250393
469,0.319956199347
470,0.057580843755
471,0.172746960887
472,0.267380618865
473,0.0
474,0.0
475,0.0
476,0.0
477,0.0
478,0.0
479,0.0878889830934
480,0.0
481,0.0
482,0.316966857828
483,0.0917728962903
484,0.100655872784
485,0.0677966101695
486,0.0890766720542
487,0.0582647235345
488,0.389575952556
489,0.33580631664
490,0.333283545748
491,0.0
492,0.191990497049
493,0.0636347441368
494,0.0547965852289
495,0.0
496,0.0840178400679
497,0.115524530093
498,0.0
499,0.0
500,0.0
501,0.285714285714
502,0.0
503,0.230345601421
504,0.0794177558073
505,0.41996367968
506,0.618014865265
507,0.0
508,0.0579235868726
509,0.0
510,0.0
511,0.0
512,0.0
513,0.0
514,0.14629857421
515,0.0
516,0.0
517,0.0
518,0.170212765957
519,0.132028034392
520,0.0
521,0.672984422558
522,0.409757233877
523,0.633263183539
524,0.6957702052
525,0.265174297338
526,0.176662766924
527,0.48009121968
528,0.565456911333
529,0.191990497049
530,0.114285714286
531,0.200010359356
532,0.115524530093
533,0.0884651144963
534,0.0
535,0.0935894927338
536,0.0
537,0.106638027778
538,0.0
539,0.0
540,0.0
541,0.0
542,0.0
543,0.0
544,0.0
545,0.0
546,0.0
547,0.0
548,0.0
549,0.574322700423
550,0.191213015327
551,0.195520097884
552,0.415854839244
553,0.24294225205
554,0.24634409836
555,0.446152258265
556,0.566771450792
557,0.718486084113
558,0.249618658542
559,0.412576320153
560,0.597960763471
561,0.533712325415
562,0.569397377155
563,0.251967958451
564,0.576621306291
565,0.695848460598
566,0.136232113442
567,0.212957852862
568,0.202427986458
569,0.322230932461
570,0.275527585707
571,0.433277981852
572,0.446142955226
573,0.0
574,0.0
575,0.0
576,0.0
577,0.138116449422
578,0.205766229491
579,0.51143779794
580,0.497773285701
581,0.385515303144
582,0.385291790393
583,0.427222297313
584,0.196565164442
585,0.0225987167841
586,0.0
587,0.0
588,0.0
