site,dnds
1,0.0
2,0.0320585459549
3,0.0
4,0.0
5,0.0
6,0.0
7,0.0
8,0.233447388715
9,0.416354154848
10,0.439522813644
11,0.666142010971
12,0.363100829097
13,0.526265459914
14,0.0278453256657
15,0.487343166546
16,0.0
17,0.0
18,0.0
19,0.263093953582
20,0.505031425582
21,0.356057784548
22,0.0174618073857
23,0.0246108236799
24,0.0
25,0.256973370936
26,0.153422745214
27,0.120232381693
28,0.0
29,0.203069698201
30,0.0999131071077
31,0.214363373399
32,0.1
33,0.112676056338
34,0.178938077432
35,0.106638027778
36,0.0
37,0.211547012926
38,0.0
39,0.0
40,0.166877816
41,0.0
42,0.0
43,0.0
44,0.0
45,0.0
46,0.166877816
47,0.0
48,0.0
49,0.0571428571429
50,0.0
51,0.170212765957
52,0.0
53,0.410617892566
54,0.06154222764
55,0.0323933915341
56,0.0815424286492
57,0.179104477612
58,0.0678449437783
59,0.273289925722
60,0.342150748094
61,0.302552440482
62,0.0670553338836
63,0.148107718679
64,0.16675974066
65,0.239891068572
66,0.23380900265
67,0.394182022951
68,0.319634965201
69,0.493860845105
70,0.294870215819
71,0.301757234785
72,0.180649533781
73,0.326672437219
74,0.289432942558
75,0.143738978429
76,0.568100634651
77,0.383381021939
78,0.685060060187
79,0.469075231396
80,0.532565578154
81,0.699282892438
82,0.535578296275
83,0.72309974898
84,0.289048538786
85,0.658338532847
86,0.788031173833
87,0.847812028627
88,0.591009388091
89,0.643111965885
90,0.146407325267
91,0.16272022386
92,0.667020335925
93,0.584782676588
94,0.419190412545
95,0.664834297063
96,0.274722492396
97,0.236605738278
98,0.597083979821
99,0.0
100,0.0
101,0.0
102,0.0
103,0.0
104,0.0
105,0.0
106,0.0
107,0.0
108,0.0
109,0.163869985622
110,0.75550669763
111,0.543526190291
112,0.0
113,0.0
114,0.0
115,0.0
116,0.0601646739003
117,0.0
118,0.148708983427
119,0.191188633583
120,0.420009390124
121,0.157522751977
122,0.0
123,0.0
124,0.447117392056
125,0.0840178400679
126,0.227884004568
127,0.121574206837
128,0.603491491281
129,0.175325387869
130,0.458948045416
131,0.586182203721
132,0.599064069437
133,0.0
134,0.0
135,0.0
136,0.0
137,0.0
138,0.0
139,0.0
140,0.609649497733
141,0.0
142,0.0
143,0.0
144,0.0
145,0.534981058509
146,0.341547717572
147,0.619126382714
148,0.442246147299
149,0.792312245599
150,0.823738801921
151,0.712514184852
152,0.680933188634
153,0.28258123588
154,0.255703006509
155,0.460896608999
156,0.47636414167
157,0.420629397446
158,0.264911159907
159,0.241963874265
160,0.360016058218
161,0.31853739964
162,0.0597920896749
163,0.378026829484
164,0.069079883151
165,0.124476637938
166,0.226534839627
167,0.159943810787
168,0.145668261644
169,0.0
170,0.0
171,0.449279527312
172,0.449248905325
173,0.517381439604
174,0.463849628554
175,0.722687661142
176,0.276184449109
177,0.698494315097
178,0.598148548396
179,0.485361834526
180,0.367949342013
181,0.531807319436
182,0.492311077733
183,0.380854131609
184,0.584268109305
185,0.526432332035
186,0.644011249377
187,0.146138438763
188,0.453306203374
189,0.0
190,0.0
191,0.0
192,0.0
193,0.630188991287
194,0.653203084618
195,0.487111746285
196,0.39363697177
197,0.664840104307
198,0.582386052868
199,0.0
200,0.0
201,0.0
202,0.0
203,0.0
204,0.0
205,0.0
206,0.0
207,0.0
208,0.0
209,0.0
210,0.0
211,0.421303282009
212,0.580877757058
213,0.686575935078
214,0.4466965567
215,0.688298967493
216,0.637275327704
217,0.454713209543
218,0.578773534949
219,0.242912990614
220,0.672561066983
221,0.424999482665
222,0.273780668201
223,0.466319616443
224,0.576942353025
225,0.320447113673
226,0.335164023217
227,0.318187177889
228,0.0
229,0.0
230,0.428660553696
231,0.418195763151
232,0.139533476484
233,0.301743777305
234,0.0195141259939
235,0.0
236,0.0
237,0.0
238,0.0648983526858
239,0.0
240,0.146154404924
241,0.368598288135
242,0.450197356131
243,0.0
244,0.0
245,0.0
246,0.428558198787
247,0.0775378887228
248,0.287173387465
249,0.359600991353
250,0.288645185222
251,0.445218109722
252,0.392144309635
253,0.461732540989
254,0.307622161897
255,0.30521892879
256,0.531794748221
257,0.402194637811
258,0.413823391521
259,0.27091242021
260,0.626142194677
261,0.118128497293
262,0.212341195675
263,0.293694415537
264,0.306716786045
265,0.660909456576
266,0.422580808224
267,0.556963055816
268,0.303914503146
269,0.366240798689
270,0.230406017428
271,0.612572680857
272,0.370477757364
273,0.475633708115
274,0.0
275,0.0
276,0.0
277,0.0
278,0.0
279,0.0
280,0.206823372476
281,0.604246904311
282,0.396308332047
283,0.405411860791
284,0.240647239323
285,0.337532868975
286,0.0
287,0.0
288,0.0
289,0.0
290,0.0
291,0.0
292,0.0
293,0.0
294,0.0
295,0.0
296,0.0
297,0.0
298,0.0
299,0.0
300,0.0
301,0.0
302,0.0
303,0.0
304,0.0
305,0.511534510746
306,0.247158625608
307,0.357920248855
308,0.0
309,0.0
310,0.0
311,0.0
312,0.0
313,0.0
314,0.0
315,0.0
316,0.0
317,0.0
318,0.277049149813
319,0.282870927488
320,0.0
321,0.0
322,0.0
323,0.0
324,0.368485770029
325,0.00668577143842
326,0.343036769377
327,0.521698138466
328,0.592515051758
329,0.242822356709
330,0.246433453622
331,0.239656477777
332,0.0
333,0.352081092169
334,0.453623223878
335,0.258692906761
336,0.242416381404
337,0.238157860119
338,0.222540929546
339,0.354385343537
340,0.423463678675
341,0.378033987049
342,0.484756841168
343,0.499912097705
344,0.131844312467
345,0.229968694774
346,0.320605197271
347,0.348814181448
348,0.782664391299
349,0.01793463098
350,0.336842105263
351,0.330196930509
352,0.0
353,0.0845086375899
354,0.118825230953
355,0.248709177885
356,0.247264488182
357,0.170668176095
358,0.347396659525
359,0.258606830083
360,0.0964378685996
361,0.189504094873
362,0.0952380952381
363,0.0
364,0.133245224677
365,0.118825230953
366,0.230838587942
367,0.227093429698
368,0.0823959216501
369,0.309848608291
370,0.163371878684
371,0.300519475832
372,0.274404007595
373,0.432357341219
374,0.319615343976
375,0.55681059229
376,0.543211358446
377,0.505858742456
378,0.360750060155
379,0.0324279382718
380,0.510210593155
381,0.726826199672
382,0.458789775921
383,0.663977227356
384,0.769925907451
385,0.802135963792
386,0.722760011168
387,0.690771408414
388,0.553491185572
389,0.684904415597
390,0.490953744302
391,0.617299081394
392,0.490645310451
393,0.578782177072
394,0.663014068283
395,0.382808587032
396,0.584471024381
397,0.601543143092
398,0.735265485234
399,0.717729001767
400,0.67915524044
401,0.21852797518
402,0.735352746306
403,0.72418283351
404,0.756216425283
405,0.690703973812
406,0.620967159976
407,0.622312671306
408,0.594492670451
409,0.502698060108
410,0.696519215199
411,0.81558661683
412,0.634029117819
413,0.556128503667
414,0.0797303746038
415,0.607598712489
416,0.630034646724
417,0.611773855243
418,0.51146920311
419,0.108564136503
420,0.662536974659
421,0.658187269034
422,0.589620726759
423,0.461986988352
424,0.371838873412
425,0.288960779833
426,0.356886749116
427,0.0819396358086
428,0.0
429,0.0285729084794
430,0.117699510361
431,0.27410071808
432,0.257326154088
433,0.336873027149
434,0.225695773948
435,0.149393825158
436,0.211236086418
437,0.120341028446
438,0.608502562974
439,0.493574359771
440,0.535443840188
441,0.708165963918
442,0.583366467479
443,0.0975777942664
444,0.213902986463
445,0.566561672329
446,0.677306912989
447,0.684922991346
448,0.130762651643
449,0.585249305476
450,0.08664339757
451,0.0533333333333
452,0.266666666667
453,0.678438803456
454,0.58695163576
455,0.319338546214
456,0.827024834596
457,0.154114345154
458,0.261275694989
459,0.486699748904
460,0.504883767505
461,0.400858223589
462,0.0685776645422
463,0.315122709556
464,0.603297831587
465,0.574932013682
466,0.584722485537
467,0.314899757523
468,0.359692787371
469,0.47120835865
470,0.192487673068
471,0.276942918571
472,0.297064152319
473,0.112060210414
474,0.487135041054
475,0.773374507878
476,0.668876077757
477,0.778219535266
478,0.529521022941
479,0.232503264063
480,0.626693988406
481,0.590218060132
482,0.217741563591
483,0.0744592096717
484,0.0908469702479
485,0.0577622650467
486,0.0
487,0.158433641271
488,0.0
489,0.132028034392
490,0.0
491,0.0
492,0.201289672191
493,0.51044252125
494,0.0579235868726
495,0.108124028829
496,0.0
497,0.0731707317073
498,0.0
499,0.170212765957
500,0.0
501,0.0
502,0.0
503,0.106638027778
504,0.0
505,0.142857142857
506,0.27634145827
507,0.569517036065
508,0.777519195472
509,0.50625959946
510,0.333552863119
511,0.13315477818
512,0.345218475887
513,0.610921282981
514,0.428159303202
515,0.356601802829
516,0.224449832811
517,0.386963029769
518,0.0969540911105
519,0.0914040238101
520,0.0680500880741
521,0.0
522,0.132776341132
523,0.0
524,0.254514295616
525,0.0
526,0.366051501111
527,0.206765075863
528,0.167063884043
529,0.479716975839
530,0.282957660113
531,0.0879904075158
532,0.299496044492
533,0.284623528718
534,0.15936992616
535,0.22604947629
536,0.385451029043
537,0.299334211905
538,0.315023098082
539,0.35577065858
540,0.262406292438
541,0.221283592348
542,0.37013360557
543,0.377818140079
544,0.279917092207
545,0.425624605392
546,0.407327380835
547,0.0
548,0.0
549,0.372101129505
550,0.463197553132
551,0.1647145402
552,0.131966469653
553,0.11814934306
554,0.213849964282
555,0.652089089719
556,0.574392004839
557,0.0
558,0.202079114308
559,0.0
560,0.10980549395
561,0.0
562,0.0
563,0.108108108108
564,0.188300992878
565,0.120948141872
566,0.0483900386912
567,0.530787861989
568,0.426920529326
569,0.302256832248
570,0.177532434708
571,0.207781050343
572,0.110051999041
573,0.126026760102
574,0.199377016415
575,0.174826685297
576,0.121872031747
577,0.371747078697
578,0.11320754717
579,0.099420961717
580,0.062657372254
581,0.0987748414405
582,0.112503146179
583,0.107684584422
584,0.136300168344
585,0.353954348185
586,0.550481614264
587,0.0373443886697
588,0.454925745941
589,0.379347774456
590,0.33112639521
591,0.42243535455
592,0.247791991317
593,0.182827311164
594,0.483235484955
595,0.411243298382
596,0.518449099257
597,0.395998480461
598,0.591826725744
599,0.463547226139
600,0.354750211317
601,0.567813411177
602,0.357852994328
603,0.41249286283
604,0.403764562878
605,0.718529331106
606,0.518774771689
607,0.18850250595
608,0.398505141143
609,0.117525893679
610,0.452885231833
611,0.398416753961
612,0.272050199161
613,0.455678225325
614,0.295262061862
615,0.409093650138
616,0.286397368873
617,0.0924196240747
618,0.272585796846
619,0.168508151861
620,0.185372736468
621,0.366909589056
622,0.33230307773
623,0.575271031998
624,0.20035673391
625,0.617513621971
626,0.428593671496
627,0.449580987138
628,0.175440980112
629,0.453532291526
630,0.481280284755
631,0.55135587542
632,0.0
633,0.0
634,0.0
635,0.0
636,0.0
637,0.0
638,0.0
639,0.0
640,0.0
641,0.0
642,0.0
643,0.0
644,0.0
645,0.0
646,0.0
647,0.0
648,0.0
649,0.0
650,0.0
651,0.0
652,0.0
653,0.0
654,0.0
655,0.0
656,0.0
657,0.0
658,0.0
659,0.0
660,0.0
661,0.0
662,0.0
663,0.0
664,0.0
665,0.0
666,0.0
667,0.0
668,0.0
669,0.0
670,0.0
671,0.0
672,0.0
673,0.0
674,0.0
675,0.0
676,0.0
677,0.546204982591
678,0.556706123084
679,0.275499260613
680,0.410024279705
681,0.691598267922
682,0.501598775607
683,0.18426312942
684,0.543294103947
685,0.351430412994
686,0.088398402945
687,0.401123075364
688,0.347671181968
689,0.0734551352121
690,0.143024676883
691,0.232145768541
692,0.524089650034
693,0.189410809648
694,0.351734272516
695,0.402919197536
696,0.580168777832
697,0.442103466517
698,0.157677299211
699,0.278882316653
700,0.302449378227
701,0.534973412799
702,0.318797106458
703,0.564558365174
704,0.655771831028
705,0.472786467829
706,0.477655615874
707,0.180353614478
708,0.202582083
709,0.632220926759
710,0.00320504710155
711,0.392449111073
712,0.603149807626
713,0.335223701784
714,0.278996554802
715,0.645167836166
716,0.543484469826
717,0.677875269779
718,0.157894736842
719,0.148148148148
720,0.113745309827
721,0.645588267907
722,0.418624822585
723,0.486346396185
724,0.672720267384
725,0.569090353979
726,0.58480932732
727,0.510548784482
728,0.629995648269
729,0.346705159069
730,0.248734798996
731,0.340607564929
732,0.324314626178
733,0.26560833034
734,0.0
735,0.0
736,0.0840178400679
737,0.0
738,0.0
739,0.138629436112
740,0.117699510361
741,0.208126838546
742,0.0
743,0.0
744,0.0
745,0.0
