site,dnds
1,0.214295674401
2,0.274906761092
3,0.0
4,0.572887934661
5,0.587376028785
6,0.548240456179
7,0.236920010361
8,0.597794012054
9,0.650498007516
10,0.0521975707797
11,0.140555460008
12,0.57339015401
13,0.244671361343
14,0.233444949591
15,0.0160346197056
16,0.0956396632342
17,0.500742148237
18,0.605139119689
19,0.257009177695
20,0.605962609837
21,0.589449800062
22,0.18475117643
23,0.273971418242
24,0.625645080627
25,0.564670712909
26,0.10129640476
27,0.152382674158
28,0.565495863607
29,0.580696258746
30,0.0969020753463
31,0.408087738551
32,0.484141416859
33,0.0
34,0.0
35,0.0
36,0.131172472583
37,0.154496650041
38,0.0
39,0.313969859697
40,0.392295351188
41,0.665943114223
42,0.361158590049
43,0.259556090403
44,0.0422550491126
45,0.160437424347
46,0.0142891152195
47,0.201225780335
48,0.549659950762
49,0.492469663449
50,0.00607725345335
51,0.270094195698
52,0.382083401255
53,0.572521150113
54,0.456828963969
55,0.0905477181856
56,0.110501684606
57,0.0539324362939
58,0.0679942259312
59,0.0836929204663
60,0.139159762826
61,0.0
62,0.0
63,0.0
64,0.0
65,0.0
66,0.0
67,0.0776031982727
68,0.300861130916
69,0.123894666586
70,0.0
71,0.0
72,0.0450510841782
73,0.0
74,0.0381556614089
75,0.196205597604
76,0.0
77,0.0
78,0.0
79,0.391726923285
80,0.224753587108
81,0.138307558404
82,0.172186281696
83,0.0
84,0.446733227546
85,0.510442595347
86,0.0
87,0.0455317538711
88,0.0
89,0.0
90,0.43543759624
91,0.0
92,0.211920131686
93,0.120680343653
94,0.0855165147019
95,0.0030425493844
96,0.191430177494
97,0.539552384793
98,0.488054534592
99,0.0725230463438
100,0.295915221745
101,0.352491139297
102,0.0852791070616
103,0.303507361956
104,0.65022960133
105,0.0
106,0.0
107,0.0
108,0.0
109,0.0
110,0.349505462711
111,0.0819299354867
112,0.538909650458
113,0.0
114,0.0
115,0.128594827921
116,0.0
117,0.432240515755
118,0.0
119,0.526544133394
120,0.514556091968
121,0.0
122,0.0296808704798
123,0.467228393605
124,0.0265020447241
125,0.0
126,0.0445848543874
127,0.137249317475
128,0.0966632743293
129,0.00962473829927
130,0.0
131,0.252480801165
132,0.0838934479952
133,0.0378371417872
134,0.0446785555854
135,0.0
136,0.0623286629628
137,0.274579816463
138,0.144237215302
139,0.398072483614
140,0.0540632673765
141,0.186182556862
142,0.0504580286327
143,0.00188733080776
144,0.1689911481
145,0.419957036778
146,0.551056638604
147,0.0
148,0.0
149,0.0423039397527
150,0.551088242757
151,0.06827483789
152,0.0
153,0.0661534526177
154,0.341087169003
155,0.198645903602
156,0.123027792082
157,0.507061131086
158,0.530546452395
159,0.291086168126
160,0.0852911702152
161,0.469771248684
162,0.522105775253
163,0.559056320623
164,0.470352658441
165,0.23930022624
166,0.385622911614
167,0.108388217742
168,0.0270390549644
169,0.41962932894
170,0.0
171,0.0
172,0.0
173,0.310956589799
174,0.313230867154
175,0.0
176,0.118863697649
177,0.30737000441
178,0.0
179,0.321422233646
180,0.499360727805
181,0.579494125661
182,0.141023194261
183,0.112419829925
184,0.525612476762
185,0.631521817594
186,0.0
187,0.0
188,0.0
189,0.0
190,0.315325219695
191,0.0331341987801
192,0.493330211269
193,0.169508880257
194,0.206992100507
195,0.449226149508
196,0.270774673712
197,0.223029794687
198,0.0
199,0.0
200,0.0
201,0.0
202,0.137574797793
203,0.0287397776452
204,0.0508211178552
205,0.301579683859
206,0.104848005863
207,0.0
208,0.010673281943
209,0.00475715600185
210,0.19936134795
211,0.0161921731645
212,0.1503713496
213,0.382312146354
214,0.0835021299476
215,0.0
216,0.0825375721232
217,0.292915314438
218,0.239224993157
219,0.0
220,0.481036492383
221,0.351652036683
222,0.0140613683875
223,0.551353472561
224,0.431424232354
225,0.57783849352
226,0.0969783688592
227,0.572901079442
228,0.604065626242
229,0.183108190015
230,0.0578921971328
231,0.242089858044
232,0.0
233,0.27242981051
234,0.315383851531
235,0.319914164942
236,0.468169634892
237,0.405672819636
238,0.445853760517
239,0.381160233294
240,0.263780171638
241,0.176666371068
242,0.0
243,0.0
