site,dnds
1,0.0
2,0.0
3,0.0
4,0.0
5,0.0
6,0.0813786880495
7,0.133303597186
8,0.199955395779
9,0.0
10,0.0
11,0.0
12,0.0990210257943
13,0.0579235868726
14,0.106638027778
15,0.213091151706
16,0.266666666667
17,0.0695083042471
18,0.0
19,0.156202181535
20,0.0568247735518
21,0.093023255814
22,0.0646650034007
23,0.0
24,0.1
25,0.0
26,0.202079114308
27,0.0621856012454
28,0.105263157895
29,0.0
30,0.0
31,0.138629436112
32,0.0
33,0.108108108108
34,0.0797636278246
35,0.11090354889
36,0.0
37,0.1263858107
38,0.0
39,0.105263157895
40,0.298507462687
41,0.115524530093
42,0.310918268043
43,0.117679193757
44,0.0797867258198
45,0.0912296493243
46,0.206796602206
47,0.122320090687
48,0.0606060606061
49,0.139660791091
50,0.280434193372
51,0.25632026002
52,0.120311723181
53,0.160249490667
54,0.145955951713
55,0.113398311748
56,0.127269032593
57,0.173116271902
58,0.167897011733
59,0.237627705345
60,0.317908108832
61,0.230136248539
62,0.121040771304
63,0.225142539535
64,0.0
65,0.192657604721
66,0.0506831385135
67,0.226395150354
68,0.217789364376
69,0.153019043566
70,0.203533996851
71,0.307994702857
72,0.270228816709
73,0.37908402453
74,0.360842159375
75,0.370206173609
76,0.350409766415
77,0.444855330377
78,0.333734752249
79,0.434138356611
80,0.262987727598
81,0.351672023313
82,0.563498814017
83,0.432746065448
84,0.474290970196
85,0.359634349435
86,0.514190299501
87,0.435675807032
88,0.320823686469
89,0.226029906111
90,0.310847581159
91,0.295102483534
92,0.443938849333
93,0.373482059373
94,0.376288373703
95,0.458320066736
96,0.448691578713
97,0.423412014164
98,0.51265830582
99,0.407301730178
100,0.444870758966
101,0.477336836572
102,0.375895700565
103,0.198376648784
104,0.169012239972
105,0.480365922996
106,0.497698301534
107,0.412446184511
108,0.461109669811
109,0.528914106637
110,0.327502562583
111,0.473603222095
112,0.174272579152
113,0.264499867619
114,0.120821979146
115,0.460460524951
116,0.337325095029
117,0.336813627406
118,0.219262244598
119,0.345458509952
120,0.293581865101
121,0.408866103996
122,0.252799608856
123,0.490716229228
124,0.355385419328
125,0.541599775229
126,0.218194327804
127,0.419509754326
128,0.557087188969
129,0.543954661883
130,0.393707764289
131,0.318740368838
132,0.371622821711
133,0.456255881103
134,0.407836924138
135,0.321949907996
136,0.573036076638
137,0.400280547818
138,0.355084776592
139,0.521999789134
140,0.404681909105
141,0.188578775762
142,0.399851653842
143,0.411405780006
144,0.362319803752
145,0.475536588881
146,0.387711260811
147,0.267043698707
148,0.369969244926
149,0.306448124205
150,0.300155126743
151,0.247941439348
152,0.249809587052
153,0.22061646054
154,0.351792425441
155,0.319174086669
156,0.259446864621
157,0.313641498805
158,0.256878541102
159,0.415633593306
160,0.323597338925
161,0.353327245628
162,0.413482302063
163,0.465993454328
164,0.252680201882
165,0.52491309263
166,0.428179319254
167,0.430888248103
168,0.385797474395
169,0.399118723725
170,0.311568208078
171,0.356187718687
172,0.317625993687
173,0.443956788612
174,0.485447130866
175,0.274436819727
176,0.341154561026
177,0.262180441024
178,0.276054686445
179,0.351669684242
180,0.368950226052
181,0.255546697158
182,0.433462422826
183,0.367113764379
184,0.462822457148
185,0.48720084216
186,0.41536167685
187,0.629514386275
188,0.604646719938
189,0.605093528751
190,0.577810437778
191,0.684052214796
192,0.669689942004
193,0.487265329168
194,0.707459723247
195,0.727867068838
196,0.72882770588
197,0.798183051
198,0.646076097701
199,0.543652127086
200,0.527509132605
201,0.640873197451
202,0.554861730682
203,0.756381360943
204,0.622662735569
205,0.548574446178
206,0.758201607765
207,0.71433669018
208,0.703079143181
209,0.691209718409
210,0.557582378784
211,0.529940592104
212,0.496015261562
213,0.488873557726
214,0.330422181211
215,0.380822944613
216,0.311326303719
217,0.260869378501
218,0.439930576218
219,0.470878380338
220,0.27268606612
221,0.484871789956
222,0.374537510014
223,0.433973860972
224,0.559553811731
225,0.424731563533
226,0.209868670607
227,0.233397316342
228,0.314576636125
229,0.524583674273
230,0.459997677627
231,0.157131629839
232,0.357314548879
233,0.255891396731
234,0.307347101925
235,0.424179553696
236,0.50106638878
237,0.0
238,0.0
239,0.0
240,0.0
241,0.0
242,0.0
243,0.0
244,0.0
245,0.0
246,0.0
247,0.0
248,0.0
249,0.0
250,0.0
251,0.55048745822
252,0.384971505987
253,0.258117874222
254,0.300298495609
255,0.2828095222
256,0.32497144199
257,0.499669303985
258,0.487936937542
259,0.517293235492
260,0.287800403036
261,0.580402443247
262,0.422415911222
263,0.280820821257
264,0.544659846674
265,0.766443344696
266,0.680997436032
267,0.578795099147
268,0.741359957894
269,0.761092420814
270,0.674066238738
271,0.622867522514
272,0.637096904286
273,0.757384360368
274,0.694068004502
275,0.619352468467
276,0.501900963193
277,0.506123355741
278,0.46225143854
279,0.502337047854
280,0.522089985676
281,0.459529369666
282,0.405893031867
283,0.442574978687
284,0.610374483561
285,0.315530575989
286,0.362624050038
287,0.281546293685
288,0.543619556183
289,0.463576711101
290,0.545650252873
291,0.384240342036
292,0.447766862083
293,0.649533138569
294,0.554031275312
295,0.421602175039
296,0.58375541692
297,0.610146980261
298,0.328666722225
299,0.562192933898
300,0.531548237716
301,0.69713074628
302,0.430964037365
303,0.0718609755484
304,0.619406245738
305,0.36900458824
306,0.514757437252
307,0.30342248267
308,0.430466568333
309,0.524544888615
310,0.515120854775
311,0.595940002922
312,0.624492466025
313,0.578143682376
314,0.487935985329
315,0.47570029302
316,0.517626667009
317,0.334044526837
318,0.384447469328
319,0.479393499564
320,0.458350938559
321,0.583932067042
322,0.436395996783
323,0.361927121725
324,0.509871233273
325,0.47290522801
326,0.567199671135
327,0.532474029428
328,0.337255874308
329,0.438358087093
330,0.344214563261
331,0.292341959117
332,0.331886765682
333,0.145650310247
334,0.517784500873
335,0.428690396334
336,0.637948770594
337,0.670354938837
338,0.459441792457
339,0.379550667593
340,0.64624935358
341,0.534888929497
342,0.543599526036
343,0.203587397523
344,0.0921186334015
345,0.426139138718
346,0.756657991058
347,0.504130376713
348,0.648546915836
349,0.0666832343398
350,0.350682130533
351,0.258157584236
352,0.194319480079
353,0.377712096522
354,0.0246879165993
355,0.0915214692195
356,0.311694457068
357,0.209202130343
358,0.357136180434
359,0.269311667267
360,0.47728254384
361,0.359251277538
362,0.400139417615
363,0.0950325464342
364,0.19527418721
365,0.0969363784119
366,0.112208724954
367,0.228710010759
368,0.209709409244
369,0.12626307002
370,0.265572850953
371,0.176503231633
372,0.322531405948
373,0.0879012510811
374,0.106032285233
375,0.0981417949433
376,0.279669712862
377,0.50810336815
378,0.179443219984
379,0.265077019595
380,0.139830013692
381,0.19629786929
382,0.100417395576
383,0.167509978964
384,0.349139412808
385,0.162957737034
386,0.105201757779
387,0.0975445351887
388,0.0685293140465
389,0.116768771073
390,0.0810810810811
391,0.0
392,0.0316192847511
393,0.031328686127
394,0.191750385737
395,0.069314718056
396,0.084427737477
397,0.460804511404
398,0.434605722342
399,0.252411077107
400,0.347027843431
401,0.61335451404
402,0.548853746308
403,0.491605215246
404,0.598513202836
405,0.546110339754
406,0.516939453314
407,0.60814380469
408,0.493171364096
409,0.433031980012
410,0.322287843819
411,0.181839275366
412,0.23926577211
413,0.106693174944
414,0.216917762248
415,0.183561104702
416,0.0430178799928
417,0.24762601007
418,0.157121353089
419,0.281895086334
420,0.26069921204
421,0.26405308497
422,0.584639167317
423,0.659155080065
424,0.420748714821
425,0.571013860823
426,0.67358801051
427,0.634216440818
428,0.515775437753
429,0.311654088774
430,0.121222715706
431,0.0
432,0.0899123303254
433,0.0544766424133
434,0.169314718056
435,0.154032706791
436,0.10980549395
437,0.0884651144963
438,0.0952380952381
439,0.133618733602
440,0.0
441,0.0990210257943
442,0.142857142857
443,0.0
444,0.142857142857
445,0.0990210257943
446,0.0
447,0.106638027778
448,0.0579235868726
449,0.0
450,0.266666666667
451,0.0867325491054
452,0.0
453,0.106638027778
454,0.0
455,0.266666666667
456,0.730531510136
457,0.60278684321
458,0.722383451993
459,0.62533838686
460,0.584047250335
461,0.722739795592
462,0.653758169555
463,0.269604594883
464,0.244131191123
465,0.607608626929
466,0.629875152028
467,0.615764367183
468,0.45494317386
469,0.418565424967
470,0.285800823974
471,0.48092225879
472,0.312668146516
473,0.266788019268
474,0.372353282484
475,0.374324853524
476,0.489398623827
477,0.432759443853
478,0.501508957778
479,0.696806678964
480,0.701829545986
481,0.737505305233
482,0.655541298618
483,0.659864366496
484,0.625615327471
485,0.334274049832
486,0.66399804186
487,0.569950984008
488,0.622531575396
489,0.733309586773
490,0.713839964327
491,0.633593998969
492,0.720161379605
493,0.620802837261
494,0.634708817292
495,0.720004479602
496,0.715012908549
497,0.533891798678
498,0.674805316835
499,0.701936644614
500,0.321494146017
501,0.459022217787
502,0.570893018164
503,0.464694830885
504,0.317958425778
505,0.512222154353
506,0.298863536039
507,0.416192957651
508,0.285801054295
509,0.3988943605
510,0.345919767577
511,0.521026050607
512,0.154150632723
513,0.194365416833
514,0.372782291556
515,0.0726109085977
516,0.154980765768
517,0.0328779511373
518,0.397521867572
519,0.107533361414
520,0.579005725369
521,0.183763652116
522,0.551238752429
523,0.526403469782
524,0.433338583345
525,0.474539518306
526,0.597475308564
527,0.204003167554
528,0.208782923923
529,0.469264803895
530,0.252197172795
531,0.258448795829
532,0.333074954901
533,0.0
534,0.352505712629
535,0.181334632994
536,0.141214954102
537,0.25330232278
538,0.0884651144963
539,0.101281779808
540,0.0
541,0.0
542,0.0
543,0.158660782086
544,0.179181470026
545,0.521911608802
546,0.470743442947
547,0.096039597687
548,0.530357323276
549,0.234523236515
550,0.0429871237295
551,0.468847888468
552,0.0542404969391
553,0.394509821784
554,0.128714642951
555,0.216498160724
556,0.243711784054
557,0.325322696032
558,0.124031007752
559,0.290897189035
560,0.137909465812
561,0.266199955972
562,0.211837029557
563,0.413163221891
564,0.289192082586
565,0.189433014598
566,0.125
567,0.0
568,0.493772039465
569,0.751765809762
570,0.629767129089
571,0.363849293862
572,0.54173476838
573,0.232142052066
574,0.0
575,0.335158118415
576,0.207295692742
577,0.528341901393
578,0.490422118789
579,0.260919208622
580,0.502103176744
581,0.578879558026
582,0.109231773755
583,0.156392997775
584,0.226634583194
585,0.244467520945
586,0.443861622514
587,0.272760255745
588,0.127684642059
589,0.0500006739219
590,0.20097374202
591,0.516983598048
592,0.170469480175
593,0.131456851638
594,0.0
595,0.0
596,0.0
597,0.0935688711019
598,0.199024465294
599,0.0
600,0.0
601,0.0
602,0.106638027778
603,0.0851063829787
604,0.32687266545
605,0.0
606,0.145952293367
607,0.243944275798
608,0.0
609,0.227802972478
610,0.0981652366999
611,0.0543201055786
612,0.0935688711019
613,0.0757663647357
614,0.0
615,0.122981680314
616,0.281479555679
617,0.490227333635
618,0.540726778778
619,0.0856061523637
620,0.156165544919
621,0.163442531238
622,0.203920366198
623,0.0634920634921
624,0.52274166844
625,0.57291748104
626,0.522817393742
627,0.420272512983
628,0.257842253557
629,0.409786055318
630,0.3643013535
631,0.288704913794
632,0.340133558113
633,0.441047535005
634,0.344936569918
635,0.31655714832
636,0.167151031468
637,0.362314302436
638,0.430521458121
639,0.548575620268
640,0.566912687513
641,0.568340295646
642,0.155568073556
643,0.399238100015
644,0.331599061077
645,0.566093351557
646,0.563760559956
647,0.561616195756
648,0.610715927414
649,0.377872935502
650,0.237037037037
651,0.0625565869571
652,0.595715785149
653,0.0976445460513
654,0.339109098628
655,0.0884624628394
656,0.302590474491
657,0.341087590824
658,0.506320281796
659,0.453448496302
660,0.347054727266
661,0.321904392572
662,0.12298591758
663,0.453664777684
664,0.360120118788
665,0.0
666,0.183339132599
667,0.215891251876
668,0.161023785193
669,0.0
670,0.237085074229
671,0.161077120171
672,0.315683560337
673,0.232007866784
674,0.151989431875
675,0.413767525036
676,0.162748537443
677,0.0168035680136
678,0.312153292528
679,0.361840482251
680,0.307639346227
681,0.394783315882
682,0.323354911309
683,0.228203175072
684,0.0386473429952
685,0.0973372557817
686,0.0
687,0.0223446567187
688,0.162553971064
689,0.0909350060526
690,0.0
691,0.125654450262
692,0.427894510745
693,0.372915864222
694,0.374699683978
695,0.359934521565
696,0.198127392906
697,0.475103331928
698,0.491306431986
699,0.55409023668
700,0.310722646942
701,0.451769792895
702,0.400955938069
703,0.358187063631
704,0.337853673442
705,0.297848723397
706,0.318649082458
707,0.492584450401
708,0.118568033562
709,0.143227942343
710,0.150323083033
711,0.434539147699
712,0.30786556245
713,0.600283576049
714,0.0974676774145
715,0.612195296142
716,0.380982035325
717,0.495784949859
718,0.65113832886
719,0.0
720,0.115786900175
721,0.0
722,0.115786900175
723,0.135800263946
724,0.0831102704648
725,0.171216799195
726,0.260932497944
727,0.080376379989
728,0.354599429059
729,0.305154973604
730,0.628970501885
731,0.500414170337
732,0.338232949052
733,0.386842613558
734,0.0
735,0.320891372193
736,0.0
737,0.0
738,0.431343611331
739,0.40885623786
740,0.480257991642
741,0.146234976248
742,0.266666666667
743,0.0
744,0.512060185331
745,0.0161625878505
746,0.0851063829787
747,0.0
748,0.0823797457116
749,0.114313502329
750,0.0372159560032
751,0.069314718056
752,0.175253830466
753,0.275781688524
754,0.0986817945327
755,0.210918248184
756,0.238136454671
757,0.150892653689
758,0.323770888729
759,0.40752612613
760,0.298939561856
761,0.697902133274
762,0.386760027715
763,0.49950941133
764,0.373048707552
765,0.356061539609
766,0.329519716253
767,0.724174960626
768,0.617315321248
769,0.466186766049
770,0.506486408155
771,0.435134875
772,0.556653272511
773,0.659571943099
774,0.622202466971
775,0.735492798007
776,0.714240641809
777,0.741447811214
778,0.615788056864
779,0.468849257577
780,0.465003623248
781,0.631187257693
782,0.603402647051
783,0.567660131289
784,0.544986502076
785,0.720784786575
786,0.671005566038
787,0.776000621676
788,0.636437255033
789,0.609430701058
790,0.649267272452
791,0.616067680586
792,0.752305355626
793,0.713580743566
794,0.485461869561
795,0.510574692756
796,0.112676056338
797,0.617538355324
798,0.451034899217
799,0.638415028215
800,0.0999131071077
801,0.0
802,0.0467947463669
803,0.0767896915383
804,0.0733944954128
805,0.254514295616
806,0.0909090909091
807,0.658847757896
808,0.454629781045
809,0.248833214363
810,0.0
811,0.0
812,0.0
813,0.0
814,0.0
815,0.0
816,0.0
817,0.0
818,0.0
819,0.0
820,0.0
821,0.0
822,0.0
823,0.0
824,0.0
825,0.0
826,0.0
827,0.0
828,0.0
829,0.0
830,0.0
831,0.0
832,0.0
833,0.0
834,0.0
835,0.0
836,0.0
837,0.0
838,0.0
839,0.0
840,0.0
841,0.0
842,0.0
843,0.0
844,0.0
845,0.0
846,0.0
847,0.0
848,0.0
849,0.0
850,0.0
851,0.0
852,0.0
853,0.0
854,0.0
855,0.0
856,0.0
857,0.0
858,0.0
859,0.0
860,0.0966643793565
861,0.591150763553
862,0.279435788215
863,0.424380182841
864,0.499885585719
865,0.376214366642
866,0.648026876114
867,0.588006683601
868,0.581918567593
869,0.603478908944
870,0.539098144519
871,0.482440783299
872,0.635666446602
873,0.336628252971
874,0.596179225118
875,0.487070451383
876,0.365700835974
877,0.172190802341
878,0.450492643457
879,0.684601722019
880,0.356098095587
881,0.400431677719
882,0.190637345735
883,0.471523643306
884,0.314312940609
885,0.461267212246
886,0.344571356626
887,0.399042300836
888,0.348748973595
889,0.382970641883
890,0.265190368274
891,0.329388939077
892,0.565756987576
893,0.441133285109
894,0.549011647905
895,0.644749559664
896,0.587242173571
897,0.640904657219
898,0.642606526801
899,0.0419851830064
900,0.40311932662
901,0.530864178191
902,0.504090295466
903,0.403847184828
904,0.388740121378
905,0.415644918287
906,0.302545552692
907,0.0
908,0.354650812493
909,0.219345089085
910,0.0638412446076
911,0.226096677158
912,0.291151046547
913,0.726584044648
914,0.528232685444
915,0.337339558395
916,0.421054130927
917,0.477435736661
918,0.504729724013
919,0.494530833809
920,0.316213847006
921,0.45841199592
922,0.417600783706
923,0.766822311165
924,0.67265893374
925,0.721933349711
926,0.493495583645
927,0.666830865237
928,0.496471435058
929,0.54424286871
930,0.807584903371
931,0.620110950968
932,0.805884204045
933,0.37450235751
934,0.280423465619
935,0.068975423324
936,0.346783820092
937,0.0542480882735
938,0.0
939,0.297592493544
940,0.19629786929
941,0.0594500837716
942,0.607145768128
943,0.532241456325
944,0.50271826501
945,0.579455420757
946,0.661886562512
947,0.554292443004
948,0.238223724338
949,0.286604516769
950,0.333596023055
951,0.326312591212
952,0.0616130827164
953,0.115524530093
954,0.224691114606
955,0.167949676883
956,0.267864915252
957,0.0871848224899
958,0.0
959,0.102994902063
960,0.102688471194
961,0.122068032074
962,0.130398053617
963,0.202709950698
964,0.232882665961
965,0.256773009963
966,0.219429385135
967,0.321064581136
968,0.351590166497
969,0.368240006705
970,0.334956118516
971,0.399889190448
972,0.454718252398
973,0.454506269675
974,0.0594370860106
975,0.123718331439
976,0.0969489438306
977,0.0397014733497
978,0.101281779808
979,0.250634326876
980,0.129730585717
981,0.21508595137
982,0.200276995547
983,0.310814259659
984,0.116142116521
985,0.0454522741351
986,0.295399666287
987,0.571546852461
988,0.40316078029
989,0.110160299844
990,0.460039823608
991,0.274436166849
992,0.240779701309
993,0.252448596323
994,0.491072068235
995,0.37209717637
996,0.315009550025
997,0.0981534597426
998,0.0599243066546
999,0.0
1000,0.149333286524
1001,0.14225622595
1002,0.35056527552
1003,0.272050740596
1004,0.413122671005
1005,0.45763376972
1006,0.152926499222
1007,0.0995938228882
1008,0.0815467271247
1009,0.192682279475
1010,0.285328815781
1011,0.291666666667
1012,0.352183022433
1013,0.228556078928
1014,0.16423472685
1015,0.188330922313
1016,0.0
1017,0.241908882907
1018,0.224646441978
1019,0.393103952818
1020,0.0
1021,0.29366753717
1022,0.514508744421
1023,0.00900342909376
1024,0.347722715231
1025,0.208827129251
1026,0.213978598996
1027,0.248205649153
1028,0.349119256158
1029,0.329209378399
1030,0.521198163034
1031,0.348446819412
1032,0.331675266949
1033,0.455728397137
1034,0.401779168976
1035,0.454951002942
1036,0.432362511312
1037,0.272655958047
1038,0.427792512757
1039,0.555819089682
1040,0.444504943285
1041,0.342879526055
1042,0.216281041228
1043,0.57554824532
1044,0.423761738913
1045,0.432653056522
1046,0.310178427437
1047,0.427213500727
1048,0.348000621834
1049,0.424048875758
1050,0.484973883759
1051,0.392248944594
1052,0.376010289067
1053,0.484763810497
1054,0.498239847348
1055,0.542804928733
1056,0.470120883351
1057,0.500946680505
1058,0.678174296571
1059,0.392349779824
1060,0.534364509455
1061,0.409311253169
1062,0.574746816767
1063,0.323357623038
1064,0.617599292523
1065,0.329087629264
1066,0.567509005198
1067,0.471474179096
1068,0.481971417984
1069,0.480925094863
1070,0.518113244497
1071,0.575716100094
1072,0.589429695247
1073,0.545758027567
1074,0.313240340067
1075,0.568855236766
1076,0.494113767066
1077,0.0
1078,0.0
1079,0.0
1080,0.0
1081,0.133303597186
1082,0.0990210257943
1083,0.0
1084,0.0
1085,0.142857142857
1086,0.0
1087,0.125
1088,0.0
1089,0.205989804125
1090,0.166666666667
1091,0.0
1092,0.0
1093,0.147871398519
1094,0.0
1095,0.0
1096,0.0
1097,0.0
1098,0.0
1099,0.0
1100,0.0
1101,0.0
1102,0.0
1103,0.0
1104,0.0
1105,0.0
1106,0.0
1107,0.0
1108,0.0
1109,0.266666666667
1110,0.0
1111,0.0
1112,0.0775491027295
1113,0.0
1114,0.142857142857
1115,0.0
1116,0.0
1117,0.106638027778
1118,0.141031341951
1119,0.0701921195504
1120,0.266666666667
1121,0.106638027778
1122,0.0
1123,0.0
1124,0.0
1125,0.100821408081
1126,0.0
1127,0.0
1128,0.166666666667
1129,0.0
1130,0.0
1131,0.0
1132,0.0
1133,0.0
1134,0.0
1135,0.133303597186
1136,0.0
1137,0.170212765957
1138,0.0
1139,0.0
1140,0.0
1141,0.166666666667
1142,0.0
1143,0.0
1144,0.0
1145,0.0
1146,0.0
1147,0.0
1148,0.0
1149,0.0
1150,0.0
1151,0.0
1152,0.0
1153,0.0
1154,0.0
1155,0.0
1156,0.0
1157,0.558775843531
1158,0.536607204255
1159,0.359548587519
1160,0.48021593534
1161,0.502299889361
1162,0.594438535766
1163,0.534100631984
1164,0.599562425903
1165,0.583920371091
1166,0.631737359149
1167,0.549759464656
1168,0.54453649553
1169,0.517698819179
1170,0.455501256647
1171,0.535114305979
1172,0.392420295058
1173,0.491191557414
1174,0.517315322687
1175,0.19868455224
1176,0.487259532845
1177,0.38453946189
1178,0.0540540540541
1179,0.0441048484733
1180,0.190852732499
1181,0.461442750699
1182,0.537109719263
1183,0.261611305331
1184,0.0
1185,0.0
1186,0.0
1187,0.0
1188,0.0
1189,0.0
1190,0.0
1191,0.0
1192,0.0
1193,0.0
1194,0.0
1195,0.0
1196,0.0
1197,0.138629436112
1198,0.0
1199,0.0
1200,0.196110128143
1201,0.0728851309516
1202,0.0
1203,0.0
1204,0.0
1205,0.0
1206,0.0
1207,0.211547012926
1208,0.102994902063
1209,0.0495105128971
1210,0.0562120617797
1211,0.0
1212,0.24532935429
1213,0.168421052632
1214,0.205647446879
1215,0.137442588625
1216,0.138629436112
1217,0.230461535513
1218,0.0
1219,0.0
1220,0.166355323334
1221,0.249949275267
1222,0.0
1223,0.137326536084
1224,0.137326536084
1225,0.209113022489
1226,0.291293133005
1227,0.236422294144
1228,0.1855975376
1229,0.164528086124
1230,0.318415462447
1231,0.0
1232,0.0666666666667
1233,0.16493495923
1234,0.154032706791
1235,0.239150808687
1236,0.133153223563
1237,0.0
1238,0.0273347263893
1239,0.179365271619
1240,0.123447781686
1241,0.0299621533273
1242,0.0458279127643
1243,0.262085501107
1244,0.254712551801
1245,0.201069994672
1246,0.271816161195
1247,0.0425764626351
1248,0.0998738444244
1249,0.216289276679
1250,0.0901514198354
1251,0.238312252397
1252,0.279108493925
1253,0.315256907203
1254,0.219751498321
1255,0.287545640827
1256,0.146076197815
1257,0.102994902063
1258,0.0993719658092
1259,0.0
1260,0.266229218119
1261,0.285714285714
1262,0.239248583099
1263,0.25801731536
1264,0.122068032074
1265,0.16758492539
1266,0.157377182792
1267,0.139103875315
1268,0.218470603943
1269,0.0
1270,0.16503504299
1271,0.217628054995
1272,0.178153344108
1273,0.254514295616
1274,0.169314718056
1275,0.150621929756
1276,0.0780079731599
1277,0.278269032752
1278,0.309511889982
1279,0.136614999627
1280,0.237485904754
1281,0.240100515517
1282,0.24339282079
1283,0.150317755031
1284,0.111723283593
1285,0.247382867032
1286,0.0443614195558
1287,0.275479955722
1288,0.262498197827
1289,0.249255799274
1290,0.324910693416
1291,0.210699249994
1292,0.142465334992
1293,0.269340614588
1294,0.109861228867
1295,0.16735279356
1296,0.0940637322533
1297,0.0
1298,0.260358745723
1299,0.284165401153
1300,0.25251327413
1301,0.438572993388
1302,0.69200244007
1303,0.0
1304,0.0
1305,0.0
1306,0.0
1307,0.0
1308,0.0
1309,0.0
1310,0.0
1311,0.0
1312,0.0
1313,0.0
1314,0.0
1315,0.0
1316,0.0
1317,0.0
1318,0.0
1319,0.0
1320,0.0
1321,0.0
1322,0.0
1323,0.0
1324,0.0
1325,0.0
1326,0.0
1327,0.0
1328,0.0
1329,0.0
1330,0.0
1331,0.0
1332,0.0
1333,0.0
1334,0.0
1335,0.0
1336,0.181884602225
1337,0.660881166371
1338,0.0
1339,0.0
1340,0.0867325491054
1341,0.0
1342,0.119402985075
1343,0.0
1344,0.0990210257943
1345,0.0
1346,0.0
1347,0.0775491027295
1348,0.100821408081
1349,0.0
1350,0.142857142857
1351,0.213091151706
1352,0.0
1353,0.0
1354,0.0
1355,0.170212765957
1356,0.0
1357,0.0
1358,0.415649098242
1359,0.0186238423223
1360,0.642512204616
1361,0.266666666667
1362,0.147871398519
1363,0.0
1364,0.0
1365,0.0732036626334
1366,0.0
1367,0.0909196376829
1368,0.132254370415
1369,0.621980964848
1370,0.126865774772
1371,0.671967044009
1372,0.676438761607
1373,0.472680142612
1374,0.266014588123
1375,0.39486236998
1376,0.269428104297
1377,0.234600077748
1378,0.502612769907
1379,0.60616300203
1380,0.553672899348
1381,0.375161288925
1382,0.196726107156
1383,0.0663881705658
1384,0.0
1385,0.169314718056
1386,0.0754716981132
1387,0.396125157755
1388,0.614743641306
1389,0.378393782803
1390,0.302359158173
1391,0.370261849115
1392,0.440159925685
1393,0.345190210049
1394,0.332123790553
1395,0.275738545209
1396,0.104198348315
1397,0.277867960009
1398,0.272581336121
1399,0.595424553613
1400,0.592745337757
1401,0.449743228535
1402,0.443761208519
1403,0.456559872886
1404,0.588287295558
1405,0.413759871084
1406,0.381052727099
1407,0.347661526259
1408,0.443561448289
1409,0.439747303722
1410,0.623970608017
1411,0.45138267983
1412,0.338460185979
1413,0.503434237684
1414,0.618924614321
1415,0.258271565268
1416,0.661887674713
1417,0.49629611714
1418,0.30605979128
1419,0.534878536522
1420,0.393455426872
1421,0.345315897131
1422,0.112090115218
1423,0.211438542882
1424,0.547464481858
1425,0.295287200018
1426,0.187852865908
1427,0.65796097768
1428,0.387109049307
1429,0.511148990575
1430,0.176977642973
1431,0.244087366945
1432,0.0
1433,0.0
1434,0.0
1435,0.0
1436,0.0
1437,0.0
1438,0.373853487494
1439,0.38845369489
1440,0.269431035566
1441,0.464332842867
1442,0.516617181819
1443,0.360530709855
1444,0.327367362006
1445,0.723731414968
1446,0.573836361154
1447,0.502412160078
1448,0.407129930291
1449,0.728760804915
1450,0.576246076564
1451,0.221816840531
1452,0.301481149707
1453,0.359261988532
1454,0.477585397785
1455,0.0516251469933
1456,0.302830488601
1457,0.0727500333368
1458,0.652337208572
1459,0.410921297222
1460,0.397600778387
1461,0.507728182229
1462,0.623212684105
1463,0.316676988166
1464,0.454221996219
1465,0.464228478922
1466,0.674158680265
1467,0.442285047481
1468,0.314728425032
1469,0.4496140589
1470,0.0490091040075
1471,0.441142607787
1472,0.223523127348
1473,0.722425434416
1474,0.116852077199
1475,0.294816203818
1476,0.0740988691938
1477,0.65144964833
1478,0.497112949431
1479,0.0860714939774
1480,0.255146897597
1481,0.350946647962
1482,0.582830634395
1483,0.635957515668
1484,0.354848289812
1485,0.608947755968
1486,0.611925179734
1487,0.712152810096
1488,0.639481492591
1489,0.680913268353
1490,0.640853447776
1491,0.331940141494
1492,0.385232019706
1493,0.58315825609
1494,0.463904940022
1495,0.381626242437
1496,0.241478268129
1497,0.467721630386
1498,0.462816855209
1499,0.516449040132
1500,0.239843805866
1501,0.161260230245
1502,0.356678347328
1503,0.24118106671
1504,0.124304368862
1505,0.215286989489
1506,0.3985224396
1507,0.122447095168
1508,0.0957585538466
1509,0.105914728618
1510,0.338308065932
1511,0.228686308526
1512,0.390666087884
1513,0.417634702056
1514,0.608916984888
1515,0.423786531362
1516,0.605315225084
1517,0.686285959152
1518,0.493054144839
1519,0.740230221772
1520,0.523418024317
1521,0.625020066558
1522,0.425942309755
1523,0.320538590502
1524,0.465600863869
1525,0.0113166886622
1526,0.593595478916
1527,0.603097292762
1528,0.5618308953
1529,0.512184676617
1530,0.38327496908
1531,0.283489493781
1532,0.255842232764
1533,0.0803862650245
1534,0.0
1535,0.0
1536,0.0680500880741
1537,0.0775491027295
1538,0.0
1539,0.0
1540,0.0
1541,0.0
1542,0.0
1543,0.0
1544,0.0
1545,0.0
1546,0.0
1547,0.0
1548,0.0
1549,0.0
1550,0.0
1551,0.0
1552,0.0
1553,0.0
1554,0.0
1555,0.0
1556,0.0
1557,0.0
1558,0.0
1559,0.0
1560,0.0
1561,0.0
1562,0.0
1563,0.0
1564,0.0
1565,0.0
1566,0.0
1567,0.0
1568,0.0
1569,0.0
1570,0.0
1571,0.0
1572,0.0
1573,0.0
1574,0.0
1575,0.0
1576,0.0
1577,0.0
1578,0.0
1579,0.0
1580,0.0
1581,0.0
1582,0.0
1583,0.397621048056
1584,0.328499958946
1585,0.236860783513
1586,0.105622427514
1587,0.176900922641
1588,0.195289645289
1589,0.263016910356
1590,0.113581059955
1591,0.205992084674
1592,0.104486547073
1593,0.227116016601
1594,0.272715918811
1595,0.428439490772
1596,0.19702558776
1597,0.156745852843
1598,0.153762883389
1599,0.188976377953
1600,0.23938769974
1601,0.0
1602,0.0979516874002
1603,0.120591135952
1604,0.153729544636
1605,0.0754445910814
1606,0.268277950831
1607,0.289564858072
1608,0.204276407812
1609,0.365616619732
1610,0.0452918205512
1611,0.404859952829
1612,0.173742355952
1613,0.2542229801
1614,0.0981028756294
1615,0.354935090283
1616,0.195862470878
1617,0.0
1618,0.0
1619,0.573873392492
1620,0.508489334278
1621,0.644721022751
1622,0.553338859262
1623,0.43002410761
1624,0.27338644923
1625,0.537765083356
1626,0.2438527586
1627,0.592392604284
1628,0.455047634754
1629,0.635847737297
1630,0.675527264701
1631,0.624943469304
1632,0.630372546712
1633,0.662493406407
1634,0.3348111322
1635,0.271056217365
1636,0.516345593201
1637,0.557797519964
1638,0.557665862765
1639,0.438471151954
1640,0.438580546666
1641,0.369624381186
1642,0.435969881972
1643,0.431302374472
1644,0.591117080046
1645,0.591611035825
1646,0.227882938966
1647,0.202488346714
1648,0.364900068377
1649,0.196354139488
1650,0.301631536899
1651,0.244749634271
1652,0.132606768342
1653,0.362597653276
1654,0.263757876304
1655,0.311744741282
1656,0.147586078219
1657,0.164202117888
1658,0.172993789688
1659,0.218344754159
1660,0.0781519736168
1661,0.128191862144
1662,0.262472617898
1663,0.375458345057
1664,0.495736730545
1665,0.305418932619
1666,0.480539076766
1667,0.242988549287
1668,0.313645560712
1669,0.357420535897
1670,0.39561845484
1671,0.178727083871
1672,0.0826686315715
1673,0.108407045304
1674,0.182856014114
1675,0.188168751559
1676,0.254502948891
1677,0.210470891675
1678,0.220620940047
1679,0.316275982824
1680,0.333255824644
1681,0.430870918211
1682,0.339328214941
1683,0.404946703141
1684,0.374264240062
1685,0.443668194871
1686,0.394361120913
1687,0.351690126716
1688,0.518278278222
1689,0.51294955586
1690,0.541980913936
1691,0.675958921739
1692,0.645478072468
1693,0.716274051336
1694,0.377617044786
1695,0.714079101313
1696,0.642898702902
1697,0.349483165701
1698,0.509830730647
1699,0.380962980955
1700,0.0
1701,0.0
1702,0.0
1703,0.055055197035
1704,0.0
1705,0.0
1706,0.0833333333333
1707,0.0
1708,0.0
1709,0.0
1710,0.276544982865
1711,0.463809151535
1712,0.384721352418
1713,0.434569977348
1714,0.240019591663
1715,0.0
1716,0.0
1717,0.0
1718,0.335266474029
1719,0.0627050093466
1720,0.343281357808
1721,0.0831571777744
1722,0.306674530858
1723,0.0530786664629
1724,0.0645268199892
1725,0.161401765519
1726,0.505028249603
1727,0.331776584632
1728,0.0691312893449
1729,0.0
1730,0.0
1731,0.147966211678
1732,0.327620839985
1733,0.320175582151
1734,0.314980895538
1735,0.391057327335
1736,0.394661356101
1737,0.348619807966
1738,0.549065424429
1739,0.171002079777
1740,0.532138536828
1741,0.417462876642
1742,0.377660449778
1743,0.460935364917
1744,0.350648468823
1745,0.157289915389
1746,0.468696615161
1747,0.107308519803
1748,0.0805986275515
1749,0.108736504008
1750,0.141718563979
1751,0.140182187219
1752,0.160689224503
1753,0.413482226451
1754,0.145279448025
1755,0.0407336980169
1756,0.0784723063334
1757,0.0
1758,0.245696418251
1759,0.212634636516
1760,0.376527895533
1761,0.144672679285
1762,0.208981405304
1763,0.264991664443
1764,0.0157088381308
1765,0.114410833414
1766,0.168177687311
1767,0.179602820786
1768,0.180763832604
1769,0.237175450673
1770,0.350713366284
1771,0.322452960267
1772,0.564874133844
1773,0.352632605668
1774,0.426374799452
1775,0.326289872223
1776,0.470347154217
1777,0.421263212279
1778,0.451156743221
1779,0.339442007812
1780,0.107570077377
1781,0.193435982114
1782,0.111455068641
1783,0.239228833764
1784,0.235483075826
1785,0.212969493029
1786,0.0919100177629
1787,0.222672484349
1788,0.311193240964
1789,0.108771030234
1790,0.0
1791,0.163598134031
1792,0.365425438553
1793,0.325641350043
1794,0.0685261321673
1795,0.28716463026
1796,0.0
1797,0.0925581918602
1798,0.216141381987
1799,0.110233367023
1800,0.256605941082
1801,0.232896529051
1802,0.0061598573135
1803,0.0867325491054
1804,0.0
1805,0.230650202821
1806,0.0
1807,0.0
1808,0.0
1809,0.0
1810,0.270435409653
1811,0.287524105382
1812,0.073796128275
1813,0.49738407136
1814,0.150408255053
1815,0.166831975127
1816,0.139336861096
1817,0.393631121264
1818,0.396772388388
1819,0.321178644976
1820,0.249471801649
1821,0.0944814284859
1822,0.333850093506
1823,0.305642432906
1824,0.346352423448
1825,0.309526346154
1826,0.33247834563
1827,0.12505548106
1828,0.498639044024
1829,0.398888628014
1830,0.447077747005
1831,0.5208114754
1832,0.539890939923
1833,0.417778060505
1834,0.40438660017
1835,0.378497081489
1836,0.527400255344
1837,0.431447785746
1838,0.208296236957
1839,0.124103546968
1840,0.0830960913265
1841,0.144030792682
1842,0.288134188695
1843,0.0683762999996
1844,0.0544597608851
1845,0.015477234435
1846,0.31804497684
1847,0.552100658479
1848,0.198173732646
1849,0.0858965679845
1850,0.203214328553
1851,0.337807056791
1852,0.205109541507
1853,0.214117322607
1854,0.300293611237
1855,0.309189538051
1856,0.163812535212
1857,0.310576323384
1858,0.345195875335
1859,0.42068524623
1860,0.0109538138978
1861,0.735875357734
1862,0.509404078621
1863,0.45152563268
1864,0.680343027432
1865,0.595994716324
1866,0.663188668025
1867,0.593140838541
1868,0.368977023386
1869,0.519909296456
1870,0.398100290502
1871,0.470647935257
1872,0.453477861659
1873,0.242824856737
1874,0.410346265554
1875,0.642562347348
1876,0.329294214768
1877,0.263329146807
1878,0.171481305556
1879,0.221200795596
1880,0.285887513449
1881,0.233817648524
1882,0.200077052217
1883,0.422107829062
1884,0.354284879081
1885,0.276220223647
1886,0.22726612963
1887,0.201690717693
1888,0.178820509217
1889,0.117185310791
1890,0.254107019409
1891,0.0826013074534
1892,0.147569708524
1893,0.768773365158
1894,0.414972431415
1895,0.607326729761
1896,0.564915854428
1897,0.247805712987
1898,0.223268269851
1899,0.322510567074
1900,0.318932041073
1901,0.429621643074
1902,0.376731273325
1903,0.276864657193
1904,0.419236830606
1905,0.499968891248
1906,0.00471785256437
1907,0.430170515349
1908,0.192081845689
1909,0.329957978803
1910,0.334145866984
1911,0.227636887574
1912,0.236744024219
1913,0.189784028006
1914,0.084660227106
1915,0.377633721081
1916,0.284752355257
1917,0.291243177356
1918,0.182852577044
1919,0.43184479391
1920,0.456610578125
1921,0.409066538199
1922,0.226337279493
1923,0.273593556039
1924,0.124097739359
1925,0.0680949145421
1926,0.313597923202
1927,0.0694677736978
1928,0.256328313589
1929,0.366262007826
1930,0.305160300615
1931,0.27548969032
1932,0.0568242314341
1933,0.276366103494
1934,0.184285709528
1935,0.292638263422
1936,0.293497196041
1937,0.377242066618
1938,0.286262556429
1939,0.0645161290323
1940,0.159915447526
1941,0.161726566837
1942,0.169647066492
1943,0.246244235971
1944,0.361549418704
1945,0.18330842987
1946,0.201678375262
1947,0.444107854871
1948,0.126479819394
1949,0.120069944134
1950,0.35105803043
1951,0.314571055495
1952,0.0504043178794
1953,0.248547090459
1954,0.254890309546
1955,0.274874699993
1956,0.165951854323
1957,0.166764994151
1958,0.12953926976
1959,0.181044885481
1960,0.28548926381
1961,0.344081089088
1962,0.143282071253
1963,0.0
1964,0.199368464171
1965,0.316784046059
1966,0.198260166792
1967,0.399524658749
1968,0.0
1969,0.241881557428
1970,0.0945769542471
1971,0.0656520841192
1972,0.467978175661
1973,0.287922325579
1974,0.421393050315
1975,0.203392164453
1976,0.196630261378
1977,0.216216216216
1978,0.0543644847498
1979,0.198072328413
1980,0.218888583335
1981,0.100632232635
1982,0.132776341132
1983,0.215451774445
1984,0.290888391183
1985,0.218888583335
1986,0.0593363572841
1987,0.14253305487
1988,0.123226165433
1989,0.0243121726844
1990,0.221995934925
1991,0.267185443317
1992,0.156487971444
1993,0.349047030939
1994,0.232367570408
1995,0.335664614477
1996,0.332025461702
1997,0.166816718588
1998,0.307441425407
1999,0.103529815266
2000,0.273293508948
2001,0.174777706348
2002,0.242389230121
2003,0.273542321494
2004,0.0464860821417
2005,0.0785396882296
2006,0.228864363243
2007,0.124782931205
2008,0.0605605132124
2009,0.296585040695
2010,0.0998070093191
2011,0.359862878955
2012,0.121764294935
2013,0.299975216838
2014,0.457108066667
2015,0.428272591038
2016,0.135221388091
2017,0.469421895206
2018,0.506094767146
2019,0.536935022164
2020,0.512860346585
2021,0.533936755079
2022,0.503334317286
2023,0.440707566846
2024,0.464462805667
2025,0.479701040078
2026,0.561311930031
2027,0.514261100839
2028,0.56010407491
2029,0.721532113204
2030,0.303456414209
2031,0.570398900783
2032,0.40916325225
2033,0.57192586351
2034,0.592523146051
2035,0.44760933166
2036,0.672822083405
2037,0.39847539094
2038,0.397465409013
2039,0.419875349278
2040,0.279827643211
2041,0.443272731338
2042,0.433340968041
2043,0.226227321395
2044,0.293278328505
2045,0.436096722411
2046,0.78630816231
2047,0.465483946576
2048,0.475927746797
2049,0.450495559263
2050,0.187280975574
2051,0.536794823512
2052,0.422206551911
2053,0.532356541296
2054,0.469972972066
2055,0.669289638042
2056,0.589609615388
2057,0.581572153323
2058,0.435119475147
2059,0.540162819662
2060,0.588615854903
2061,0.499305989081
2062,0.366980947089
2063,0.379916892001
2064,0.302111229041
2065,0.434717351747
2066,0.597316382381
2067,0.121821864285
2068,0.394139444345
2069,0.479295968369
2070,0.453863494317
2071,0.608589552994
2072,0.624728671875
2073,0.496786560162
2074,0.605498355934
2075,0.603370253826
2076,0.0
2077,0.0
2078,0.633445779766
2079,0.527670503086
2080,0.697516196595
2081,0.584570737856
2082,0.632215164211
2083,0.535654170193
2084,0.680828272424
2085,0.383168446004
2086,0.569404299486
2087,0.230007713491
2088,0.32714195681
2089,0.515191408393
2090,0.451993927258
2091,0.348382464592
2092,0.239826039878
2093,0.296760255218
2094,0.31945563024
2095,0.250956072957
2096,0.53458580863
2097,0.378319589639
2098,0.529003958166
2099,0.566537732591
2100,0.49059274194
2101,0.665675847527
2102,0.642394791564
2103,0.522783947736
2104,0.636496994183
2105,0.494828655834
2106,0.536149913324
2107,0.445359277064
2108,0.365062589831
2109,0.532250314503
2110,0.217155264236
2111,0.534494512019
2112,0.5670005039
2113,0.579124278425
2114,0.351228272673
2115,0.402582069474
2116,0.327213740313
2117,0.368301733432
2118,0.370535118842
2119,0.417120319701
2120,0.449140817254
2121,0.325314213912
2122,0.386547724536
2123,0.327501871562
2124,0.322517304812
2125,0.485151301846
2126,0.506150000707
2127,0.475818047165
2128,0.529968076086
2129,0.517049181098
2130,0.626452304527
2131,0.494699126198
2132,0.529113485358
2133,0.555860010276
2134,0.447456906124
2135,0.526107279299
2136,0.466869650536
2137,0.328203673554
2138,0.224984443008
2139,0.537065709085
2140,0.337284274645
2141,0.135434694997
2142,0.288026175234
2143,0.39211106985
2144,0.557754970914
2145,0.208390587197
2146,0.451956020824
2147,0.358712233626
2148,0.309304652375
2149,0.410759378101
2150,0.404155492914
2151,0.402091447081
2152,0.362956859548
2153,0.25917224484
2154,0.471285059485
2155,0.279809566963
2156,0.199727895772
2157,0.286383347577
2158,0.510103095861
2159,0.377915112434
2160,0.444126682331
2161,0.199697563687
2162,0.384619014213
2163,0.263321694603
2164,0.406139752594
2165,0.239319635309
2166,0.291174833108
2167,0.48076050921
2168,0.411103928616
2169,0.520278244809
2170,0.389693117188
2171,0.359223560211
2172,0.32338504044
2173,0.275457594559
2174,0.547717292027
2175,0.386875176146
2176,0.372524918025
2177,0.252219567382
2178,0.0928107548822
2179,0.230162273413
2180,0.316830773993
2181,0.325561332812
2182,0.314289448361
2183,0.506396320224
2184,0.396247414215
2185,0.449208556718
2186,0.422806624389
2187,0.327455068876
2188,0.273000592029
2189,0.183647038821
2190,0.326432091475
2191,0.352726186229
2192,0.347625958641
2193,0.144030894522
2194,0.22186748314
2195,0.495096444816
2196,0.414560008641
2197,0.430296041388
2198,0.37400539729
2199,0.319101589293
2200,0.173262511355
2201,0.285618397988
2202,0.430672625948
2203,0.392448447035
2204,0.229962537139
2205,0.493116684643
2206,0.18708812576
2207,0.479645463894
2208,0.326045472033
2209,0.460971276135
2210,0.377191186794
2211,0.263220454356
2212,0.228337720299
2213,0.314279235914
2214,0.322214193625
2215,0.335882287825
2216,0.44449877834
2217,0.293771557592
2218,0.326644602093
2219,0.401462391266
2220,0.339428284519
2221,0.405058587904
2222,0.310721402639
2223,0.300664203733
2224,0.301179336718
2225,0.368045025635
2226,0.537494072643
2227,0.183508793501
2228,0.457005334264
2229,0.457138723771
2230,0.236973395063
2231,0.144859730103
2232,0.244863500495
2233,0.244942074931
2234,0.201798605044
2235,0.381545747123
2236,0.267004179411
2237,0.341837212552
2238,0.298528358374
2239,0.188822954477
2240,0.2232420578
2241,0.249175601862
2242,0.101244949934
2243,0.319007316914
2244,0.227500288999
2245,0.329775142769
2246,0.153076071169
2247,0.370882189527
2248,0.0350960597752
2249,0.145603842051
2250,0.386466737416
2251,0.391125415567
2252,0.15730884464
2253,0.353388840645
2254,0.392498336247
2255,0.15827062132
2256,0.394091350396
2257,0.468466525486
2258,0.285420598034
2259,0.357940761325
2260,0.360230913583
2261,0.284419986023
2262,0.432268479912
2263,0.222657422298
2264,0.171286550402
2265,0.427666808994
2266,0.385484261641
2267,0.298676188851
2268,0.118470921137
2269,0.401538648656
2270,0.388403243334
2271,0.197857730084
2272,0.314635897402
2273,0.326848206005
2274,0.254935799044
2275,0.187233880231
2276,0.127982819231
2277,0.141369693076
2278,0.134025060272
2279,0.0518275054166
2280,0.113730341745
2281,0.241730376378
2282,0.297455015118
2283,0.238002548569
2284,0.0740740740741
2285,0.258876436811
2286,0.277876503626
2287,0.259437657999
2288,0.151299508664
2289,0.15833773073
2290,0.142722987542
2291,0.197319017877
2292,0.0676060862982
2293,0.0
2294,0.225663386569
2295,0.267363846715
2296,0.311155037623
2297,0.22378876495
2298,0.257242634776
2299,0.33366650954
2300,0.151274984805
2301,0.130434782609
2302,0.249039779803
2303,0.113166886622
2304,0.269947245826
2305,0.386496786131
2306,0.167891204841
2307,0.358827502479
2308,0.141180244414
2309,0.230410630848
2310,0.0
2311,0.0
2312,0.0725416820814
2313,0.246757163006
2314,0.275781688524
2315,0.115272637183
2316,0.199270911669
2317,0.325394904333
2318,0.0197787857614
2319,0.0901654869021
2320,0.414802120946
2321,0.216441410307
2322,0.275140431113
2323,0.0
2324,0.241144748957
2325,0.258164758673
2326,0.220047970588
2327,0.314419175087
2328,0.170353582901
2329,0.2850270905
2330,0.0379806674279
2331,0.236585447989
2332,0.182827225447
2333,0.303286013338
2334,0.190011406555
2335,0.226616240973
2336,0.30251072535
2337,0.236422294144
2338,0.170212765957
2339,0.165487555239
2340,0.268484208096
2341,0.22638938638
2342,0.20388834339
2343,0.205323350254
2344,0.264966742464
2345,0.112706858628
2346,0.294112048684
2347,0.152498727556
2348,0.254458308504
2349,0.327145380462
2350,0.0759613348559
2351,0.31787783656
2352,0.21306600466
2353,0.242111116842
2354,0.183081886559
2355,0.194623251892
2356,0.0
2357,0.0
2358,0.0621856012454
2359,0.0
2360,0.0
2361,0.0
2362,0.0
