site,dnds
1,0.0
2,0.0
3,0.111111111111
4,0.237051516062
5,0.0
6,0.137380522273
7,0.277029374957
8,0.447686967646
9,0.55157021818
10,0.437684126178
11,0.0448235273815
12,0.0
13,0.0
14,0.0
15,0.0
16,0.391477486568
17,0.23761205105
18,0.537684521886
19,0.574590450947
20,0.458262506167
21,0.495596534086
22,0.516482286718
23,0.479229232401
24,0.652359309055
25,0.16697783155
26,0.198847100294
27,0.538331835643
28,0.3890193983
29,0.12828741458
30,0.314501153836
31,0.453446951935
32,0.43129451711
33,0.0108357616878
34,0.114946007295
35,0.231586054113
36,0.340001313036
37,0.0995219423029
38,0.0
39,0.294101784489
40,0.127593039774
41,0.0
42,0.0
43,0.0
44,0.185209458837
45,0.537639103302
46,0.183371028716
47,0.547622378032
48,0.511663194778
49,0.677508812807
50,0.198760012893
51,0.139915767699
52,0.307370010852
53,0.294242362712
54,0.231812275627
55,0.160316558051
56,0.225352112676
57,0.1
58,0.107883121569
59,0.165378319548
60,0.290443132192
61,0.179783208885
62,0.442117552399
63,0.398651915276
64,0.247028698283
65,0.281855345527
66,0.421945778122
67,0.244995864945
68,0.303782298372
69,0.152033274469
70,0.203312459272
71,0.194340641587
72,0.801669707599
73,0.807604333075
74,0.72147443044
75,0.717279298303
76,0.761916877221
77,0.241288876928
78,0.742907909141
79,0.357321199342
80,0.633174501025
81,0.553206662707
82,0.709757617181
83,0.662954387518
84,0.635468820788
85,0.635282230933
86,0.597313565073
87,0.451304410793
88,0.103896605984
89,0.273923201842
90,0.477746298008
91,0.212619546324
92,0.168369837053
93,0.189427259629
94,0.265285961389
95,0.218561989739
96,0.101036960631
97,0.0271822423749
98,0.263435140791
99,0.252238441143
100,0.491873947971
101,0.125476050613
102,0.263922517078
103,0.106638027778
104,0.0
105,0.0
106,0.0
107,0.633966256319
108,0.689867155078
109,0.632963491213
110,0.637269255083
111,0.0
112,0.0
113,0.0
114,0.601254005469
115,0.458562798217
116,0.505712977423
117,0.510273022537
118,0.572949899237
119,0.347843185986
120,0.195987842644
121,0.364805151553
122,0.651334105929
123,0.470680309132
124,0.0
125,0.0695083042471
126,0.0701921195504
127,0.142857142857
128,0.0813786880495
129,0.0701921195504
130,0.08664339757
131,0.0
132,0.0
133,0.166666666667
134,0.0571428571429
135,0.0616130827164
136,0.0
137,0.0
138,0.0
139,0.0
140,0.141031341951
141,0.0
142,0.0701921195504
143,0.0
144,0.0
145,0.132776341132
146,0.0878889830934
147,0.0571428571429
148,0.0
149,0.106638027778
150,0.0
151,0.0
152,0.0571428571429
153,0.0
154,0.0571428571429
155,0.00735898596721
156,0.171656255921
157,0.165676730127
158,0.512177926212
159,0.318642799275
160,0.137326536084
161,0.337377309866
162,0.277745203552
163,0.537763306561
164,0.49568570559
165,0.370070489346
166,0.0
167,0.0524805719201
168,0.0639560785378
169,0.0206183439062
170,0.229320336455
171,0.24304078053
172,0.218548792702
173,0.360004072657
174,0.189481250796
175,0.393089173615
176,0.423637989973
177,0.0834994704106
178,0.0
179,0.034657359028
180,0.134899473774
181,0.112676056338
182,0.294040422329
183,0.0657510986121
184,0.234828829449
185,0.320838893125
186,0.132028034392
187,0.16493495923
188,0.162186043243
189,0.0
190,0.187953619431
191,0.471995327744
192,0.0108316451555
193,0.31393403976
194,0.426868378841
195,0.241235735676
196,0.618195660896
197,0.583387945255
198,0.710903851507
199,0.334734054245
200,0.518465301623
201,0.423885719889
202,0.117699510361
203,0.573808060408
204,0.638849483738
205,0.198962254012
206,0.523092172246
207,0.617389368027
208,0.521110859328
209,0.47535628216
210,0.297992922653
211,0.673942662746
212,0.513094631218
213,0.0441983153182
214,0.509125959079
215,0.648759455791
216,0.283669961092
217,0.484238306697
218,0.294508413745
219,0.572535176402
220,0.325749086536
221,0.214352467043
222,0.316089033124
223,0.205580630758
224,0.349675501399
225,0.567467372683
226,0.580192780102
227,0.0
228,0.0
229,0.0
230,0.0
231,0.022694829958
232,0.0
233,0.472321577549
234,0.460326782359
235,0.310264891488
236,0.1379331422
237,0.543046927797
238,0.172844279825
239,0.293393676166
240,0.332569264424
241,0.0246593365537
242,0.0
243,0.360972226683
244,0.127850482144
245,0.252479138507
246,0.395591929677
247,0.488592408519
248,0.204745298151
249,0.361065016174
250,0.0150373893303
251,0.476438935882
252,0.0898153874762
253,0.0045325826647
254,0.233127286759
255,0.202335128951
256,0.295556711959
257,0.162487425425
258,0.286823101806
259,0.234824148584
260,0.195585202298
261,0.327166721
262,0.169014084507
263,0.0
264,0.0
265,0.098855694854
266,0.0
267,0.0
268,0.0
269,0.0
270,0.0
271,0.0
272,0.0
273,0.0
274,0.0
275,0.0
276,0.0
277,0.0
278,0.0
279,0.0
280,0.0
281,0.0
282,0.0
283,0.0
284,0.0
285,0.0
286,0.0
287,0.137564171927
288,0.0
289,0.0
290,0.0
291,0.10461166271
292,0.100840336134
293,0.131502197224
294,0.0
295,0.0
296,0.183587163595
297,0.3193811014
298,0.610014367371
299,0.229981063271
300,0.382457417688
301,0.304650134224
302,0.431770645152
303,0.469902627971
304,0.33869095501
305,0.495249011394
306,0.345805101788
307,0.337355586442
308,0.0634510532068
309,0.620590121293
310,0.110621892044
311,0.409654925566
312,0.332376865244
313,0.292418661828
314,0.472070948198
315,0.0256871854207
316,0.447051943375
317,0.564899704944
318,0.0966921633322
319,0.466081507353
320,0.160184945623
321,0.262041421848
322,0.0
323,0.150280852123
324,0.397372244842
325,0.173381283107
326,0.26772443394
327,0.439340846639
328,0.159606607403
329,0.135224357955
330,0.293852999721
331,0.0393544870486
332,0.00131526979233
333,0.0323620802277
334,0.0
335,0.320312681697
336,0.267119686893
337,0.0
338,0.284640526205
339,0.340872474262
340,0.104577798979
341,0.0153236865579
342,0.113330215403
343,0.241929171175
344,0.531748688267
345,0.311807713911
346,0.370630184478
347,0.617717977916
348,0.553882490242
349,0.292648374503
350,0.399925290064
351,0.714367731147
352,0.251701454922
353,0.524865665051
354,0.212052900408
355,0.661279248767
356,0.0116177728543
357,0.373397089349
358,0.0251390532293
359,0.0
360,0.0
361,0.0
362,0.0904687519609
363,0.169014084507
364,0.0
365,0.190476190476
366,0.614451793694
367,0.568910609255
368,0.047140038381
369,0.503818025606
370,0.0
371,0.0
372,0.0
373,0.419624871807
374,0.215319500559
375,0.470196119626
376,0.458938457449
377,0.0240280365742
378,0.251021855224
379,0.0
380,0.140027671021
381,0.25169950879
382,0.25239812249
383,0.319781851946
384,0.302377947175
385,0.0
386,0.267574992092
387,0.0
388,0.496049471442
389,0.262841705321
390,0.55814406135
391,0.615905058572
392,0.574987321924
393,0.501491018898
394,0.599690858952
395,0.0
396,0.515104442187
397,0.0744319120064
398,0.155885737803
399,0.345542046789
400,0.168972263628
401,0.512604807779
402,0.593370073857
403,0.678388892274
404,0.266861414553
405,0.315936028291
406,0.303086248782
407,0.0
408,0.0
409,0.0
410,0.658625749547
411,0.653684222243
412,0.537898586096
413,0.235759415125
414,0.296222392227
415,0.419129125121
416,0.226493498833
417,0.149971456565
418,0.387922428758
419,0.0
420,0.0
421,0.121727883961
422,0.416748517725
423,0.13440761582
424,0.245442941373
425,0.0589739788439
426,0.422140364305
427,0.465763179151
428,0.452325996775
429,0.520369246111
430,0.0
431,0.0
432,0.0241516674381
433,0.199577267981
434,0.34847588641
435,0.1731052081
436,0.0823274751419
437,0.127161416331
438,0.44237347726
439,0.0142895192285
440,0.239866365152
441,0.0
442,0.0
443,0.0
444,0.517281980278
445,0.142368635952
446,0.305275772539
447,0.302090653922
448,0.452291276144
449,0.0
450,0.314061986992
451,0.676066936264
452,0.516928670312
453,0.347544832431
454,0.430619793091
455,0.61984701192
456,0.559203551969
457,0.219036850786
458,0.527798389544
459,0.480733943844
460,0.523167546794
461,0.250053974674
462,0.361662422405
463,0.455253528975
464,0.134807132279
465,0.14642423407
466,0.522442841526
467,0.65508419621
468,0.265267636661
469,0.347078233464
470,0.454969919702
471,0.642935925606
472,0.350157225424
473,0.0960094480324
474,0.320918423661
475,0.500940314847
476,0.313625697511
477,0.334465545187
478,0.0
479,0.522437908331
480,0.170738353374
481,0.206948711366
482,0.18129897144
483,0.297270593055
484,0.321683443069
485,0.274265092365
486,0.18308306509
487,0.437724079116
488,0.206527151069
489,0.0308739899731
490,0.229223689856
491,0.25539865801
492,0.133832910794
493,0.102994902063
494,0.0900058269298
495,0.49887868635
496,0.278784218599
497,0.0657559022747
498,0.0
499,0.17328679514
500,0.115524530093
501,0.0845086375899
502,0.0
503,0.0
504,0.0
505,0.0754794099734
506,0.291438595745
507,0.0819949041288
508,0.352372656648
509,0.178287693202
510,0.514692382963
511,0.430464453294
512,0.24348661507
513,0.407620441647
514,0.298413397102
515,0.358660600059
516,0.408896325229
517,0.0197037628849
518,0.0831959057107
519,0.0
520,0.0
521,0.0
522,0.0
523,0.522821946402
524,0.425991412995
525,0.161899400329
526,0.30420968096
527,0.0390163808195
528,0.437286251857
529,0.0
530,0.31852246923
531,0.234341475077
532,0.173289193049
533,0.178601883636
534,0.0
535,0.0878738450204
536,0.477934501999
537,0.299072073098
538,0.215202837315
539,0.64567908017
540,0.436703659528
541,0.436522655989
542,0.766437989323
543,0.0728851309516
544,0.188976377953
545,0.0
546,0.0
547,0.0849835623675
548,0.0797636278246
549,0.154032706791
550,0.128041613087
551,0.730128625774
552,0.120948141872
553,0.574872737535
554,0.0
555,0.1941432251
556,0.461139790013
557,0.154924304146
558,0.151510753087
559,0.134794238424
560,0.434808362369
561,0.577187053744
562,0.311631647638
563,0.664969091181
564,0.240035165229
565,0.66773574045
566,0.727184147019
567,0.51607505687
568,0.373453581824
569,0.408160158482
570,0.646771940168
571,0.488085644529
572,0.292855887752
573,0.525780694947
574,0.473766057446
575,0.0627259847871
576,0.0
577,0.447848616994
578,0.0774734191083
579,0.177586676846
580,0.0
581,0.0
582,0.0
583,0.527733108593
584,0.0674356489702
585,0.322371388665
586,0.504840217517
587,0.145230837832
588,0.242130905048
589,0.563659458301
590,0.569782890036
591,0.0
592,0.0
593,0.0
594,0.0
595,0.166666666667
596,0.0
597,0.0
598,0.467395065402
599,0.749002670782
600,0.775795449816
601,0.0
602,0.0
603,0.0
604,0.277256943753
605,0.737652894691
606,0.0
607,0.719823289324
608,0.685582576092
609,0.30771672791
610,0.634970550075
611,0.6053815894
612,0.323622765096
613,0.255087174899
614,0.498817592986
615,0.511060300884
616,0.080816287978
617,0.651065839018
618,0.2666704998
619,0.492512884376
620,0.297524057319
621,0.484260668424
622,0.392722453222
623,0.21203157233
624,0.0878041668161
625,0.385390539714
626,0.0785357568986
627,0.058711775779
628,0.436021437131
629,0.137545161271
630,0.203417162211
631,0.0
632,0.336820068199
633,0.418921013527
634,0.0
635,0.253973242016
636,0.536887376229
637,0.233994336864
638,0.023093528135
639,0.118782335429
640,0.0224532551301
641,0.0
642,0.0
643,0.0
644,0.0
645,0.0
646,0.0
647,0.166666666667
648,0.328670504944
649,0.0
650,0.572133295611
651,0.129506943456
652,0.254626210098
653,0.193244114967
654,0.28907557855
655,0.748861932055
656,0.492667880422
657,0.0
658,0.566100901066
659,0.800921779581
660,0.582747828395
661,0.809857032302
662,0.660366502831
663,0.78341124085
664,0.762351605265
665,0.676702054172
666,0.624080132046
667,0.485817453902
668,0.585126757408
669,0.559104251602
670,0.421769628938
671,0.0
672,0.0
673,0.0
674,0.222338315309
675,0.343884341916
676,0.506996550638
677,0.517643869283
678,0.085999051577
679,0.226746295793
680,0.420295771146
681,0.328694801533
682,0.193995121973
683,0.345953741222
684,0.32232271777
685,0.1712647899
686,0.530492073557
687,0.0805288481385
688,0.0264095971683
689,0.0215161140917
690,0.0792287981617
691,0.00951035923593
692,0.0
693,0.0
694,0.0
695,0.0
696,0.0
697,0.0
698,0.0
699,0.0
700,0.0
701,0.0
702,0.0
703,0.548941092837
704,0.106638027778
705,0.34823373716
706,0.17145748928
707,0.464244422256
708,0.427732723381
709,0.575532369028
710,0.132776341132
711,0.0
712,0.0
713,0.0803862650245
714,0.248490022969
715,0.0
716,0.0
717,0.262498197827
718,0.199616295894
719,0.0
720,0.225413717255
721,0.0940637322533
722,0.612623581202
723,0.476313243828
724,0.0
725,0.0
726,0.0428685576854
727,0.181044885481
728,0.0
729,0.573292649717
730,0.0605703614279
731,0.0
732,0.185326960904
733,0.520891405208
734,0.224397403643
735,0.23381752872
736,0.0781010907673
737,0.582916068779
738,0.338938381751
739,0.561620580426
740,0.665908849269
741,0.362690859185
742,0.323179406293
743,0.592618650703
744,0.589979829995
745,0.0
746,0.0
747,0.0
748,0.0
749,0.402843207891
750,0.22274094682
751,0.157754298055
752,0.20707908831
753,0.324984377359
754,0.0
755,0.431348496419
756,0.311045983276
757,0.0867755771655
758,0.301638330957
759,0.389579012403
760,0.730157108985
761,0.554245132192
762,0.602575859405
763,0.257171052549
764,0.545180504037
765,0.0120904100041
766,0.277024304799
767,0.00880201514053
768,0.414507110463
769,0.555425703152
770,0.0
771,0.199955395779
772,0.0
773,0.0
774,0.0
775,0.0
776,0.0
777,0.170212765957
778,0.0
779,0.170212765957
780,0.0
781,0.0
782,0.609574047615
783,0.443262422548
784,0.019383675
785,0.113370866088
786,0.0351571664174
787,0.613518254752
788,0.75474104982
789,0.452537187049
790,0.0
791,0.0
792,0.0
793,0.0
794,0.205989804125
795,0.0
796,0.166666666667
797,0.0
798,0.106638027778
799,0.0
800,0.0
801,0.489186673341
802,0.257344872271
803,0.0
804,0.630638244995
805,0.730009534934
806,0.718632476066
807,0.121469769036
808,0.507804346252
809,0.204056200535
810,0.346785194382
811,0.804880476267
812,0.193243287656
813,0.0
814,0.0
815,0.0
816,0.0
817,0.330351760385
818,0.0597862797248
819,0.0987753479816
820,0.169014084507
821,0.148129014196
822,0.160326191742
823,0.0
824,0.0
825,0.0
826,0.0
827,0.0
828,0.0
829,0.0
830,0.0
831,0.133887584173
832,0.0786050901641
833,0.271172929729
834,0.0356985672391
835,0.140386908594
836,0.166047174338
837,0.11090354889
838,0.203900339446
839,0.284769196732
840,0.334259431037
841,0.175671557207
842,0.467619164611
843,0.211630165197
844,0.301613550011
845,0.199941384753
846,0.430205656127
847,0.154578448681
848,0.129032258065
849,0.239847391948
850,0.2970474045
851,0.261028999707
852,0.327707510559
853,0.128652852277
854,0.0
855,0.52376595515
856,0.488645369205
857,0.243140199752
858,0.301140245431
859,0.367879683234
860,0.514155081249
861,0.205767941618
862,0.395502681521
863,0.467429820648
864,0.549018243854
865,0.0
866,0.0
867,0.0
868,0.612641014514
869,0.476865981451
870,0.596621342105
871,0.599307620225
872,0.137326536084
873,0.0
874,0.0
875,0.128041613087
876,0.0
877,0.0
878,0.120948141872
879,0.0
880,0.0
881,0.0924196240747
882,0.0
883,0.67228196582
884,0.527994632286
885,0.515789177602
886,0.600524821404
887,0.389909008361
888,0.623966205297
889,0.281930085423
890,0.503077916767
891,0.537896350362
892,0.472547025537
893,0.464544150959
894,0.594267649322
895,0.545811199692
896,0.766749347931
897,0.636610484043
898,0.414338104546
899,0.203599440772
900,0.0
901,0.0
902,0.0935688711019
903,0.248223746705
904,0.159932025577
905,0.0556804011197
906,0.251864733666
907,0.209690132163
908,0.480704354687
909,0.584658325444
910,0.400618595488
911,0.414241315732
912,0.502745125949
913,0.396433516624
914,0.405624890274
915,0.289915367964
916,0.278793576064
917,0.219809697283
918,0.290499751742
919,0.429769128063
920,0.584780060406
921,0.64962206424
922,0.685695422819
923,0.34327524498
924,0.579973976431
925,0.369011141694
926,0.578897237724
927,0.601740940118
928,0.65122471274
929,0.510269413376
930,0.469687831358
931,0.749850696243
932,0.620083178688
933,0.529319550792
934,0.74308883937
935,0.629220562873
936,0.490329833221
937,0.448071248567
938,0.674319063796
939,0.528277799169
940,0.341668874045
941,0.51321796219
942,0.528579247669
943,0.734209625334
944,0.17827919927
945,0.633649744503
946,0.469830369996
947,0.394889431788
948,0.621387257436
949,0.306241512652
950,0.145284248996
951,0.294697053735
952,0.29815247029
953,0.214168789328
954,0.33942771191
955,0.264589236002
956,0.50510174403
957,0.00236447357457
958,0.170699477843
959,0.793324000415
960,0.458533266851
961,0.122012046267
962,0.527847274285
963,0.32253231267
964,0.0
965,0.0823036269005
966,0.0657881414846
967,0.0
968,0.191765594298
969,0.106611354665
970,0.392763667058
971,0.150495329195
972,0.302886934972
973,0.258198694884
974,0.0296296296296
975,0.0623813144354
976,0.0
977,0.186414755969
978,0.389351485531
979,0.235480878713
980,0.361068872987
981,0.387697346198
982,0.337195905316
983,0.15217048232
984,0.108536270087
985,0.42422580916
986,0.355498943938
987,0.031692486364
988,0.234778566599
989,0.327055752603
990,0.122905760645
991,0.380101776442
992,0.728549469417
993,0.0302678462395
994,0.292907064157
995,0.591285389093
996,0.0
997,0.0
998,0.0
999,0.0867325491054
1000,0.0
1001,0.170212765957
1002,0.254091194132
1003,0.0658342229833
1004,0.1973050848
1005,0.104934474361
1006,0.646612951631
1007,0.19332165906
1008,0.0309250626586
1009,0.132028034392
1010,0.263901048659
1011,0.202914483879
1012,0.0
1013,0.202263842338
1014,0.662854979742
1015,0.550549848134
1016,0.431814835833
1017,0.240040516323
1018,0.636365122036
1019,0.333006705063
1020,0.487185011384
1021,0.546872953189
1022,0.25402281544
1023,0.423348319193
1024,0.282948053215
1025,0.461597671596
1026,0.311458241763
1027,0.0
1028,0.0
1029,0.0
1030,0.0
1031,0.0
1032,0.0
1033,0.0
1034,0.0
1035,0.0
1036,0.0
1037,0.0
1038,0.0
1039,0.0
1040,0.0
1041,0.0
1042,0.0
1043,0.0
1044,0.0
1045,0.0
1046,0.0
1047,0.0
1048,0.0
1049,0.78241679665
1050,0.149967457214
1051,0.679882620685
1052,0.546262185336
1053,0.337165238184
1054,0.397479734847
1055,0.624895678708
1056,0.505368151821
1057,0.482187279481
1058,0.456168078932
1059,0.414701740457
1060,0.536533022892
1061,0.341485573109
1062,0.0
1063,0.0
1064,0.312059397919
1065,0.0
1066,0.142728582652
1067,0.307179462837
1068,0.232876212618
1069,0.370500568036
1070,0.3016740728
1071,0.561587959679
1072,0.528360187967
1073,0.367086538086
1074,0.0121477125379
1075,0.0309561267638
1076,0.0377181084246
1077,0.374657284143
1078,0.601446764462
1079,0.578416831892
1080,0.519348079374
1081,0.437247023798
1082,0.50535851048
1083,0.265163287753
1084,0.665668830601
1085,0.528639886527
1086,0.711764161861
1087,0.488755089315
1088,0.347344898006
1089,0.266666666667
1090,0.10033075212
1091,0.495618024883
1092,0.387260786856
1093,0.354174250165
1094,0.337951510871
1095,0.029900050245
1096,0.400545063562
1097,0.122440004996
1098,0.0
1099,0.35089914966
1100,0.133129380389
1101,0.248236766665
1102,0.0841496861957
1103,0.678918343359
1104,0.208110752001
1105,0.378890468745
1106,0.246010259919
1107,0.212697579867
1108,0.297195489747
1109,0.187723013209
1110,0.252976871962
1111,0.139315570798
1112,0.341117837847
1113,0.433856528268
1114,0.394109106126
1115,0.0784024232823
1116,0.362646493632
1117,0.38235103954
1118,0.275831327242
1119,0.289009061204
1120,0.0273899882364
1121,0.0
1122,0.0
1123,0.0
1124,0.0305796781034
1125,0.496980175197
1126,0.0540612202624
1127,0.141925585889
1128,0.0734259576225
1129,0.380086547697
1130,0.447809386472
1131,0.227054003476
1132,0.157262554996
1133,0.0515522582501
1134,0.278986482757
1135,0.515273731851
1136,0.465868404142
1137,0.437069705671
1138,0.0998005815129
1139,0.495461304274
1140,0.0
1141,0.224784046088
1142,0.519040662433
1143,0.256932904045
1144,0.0601003232924
1145,0.214143848978
1146,0.0
1147,0.312096013957
1148,0.367954622828
1149,0.423806876265
1150,0.432135058989
1151,0.501940223312
1152,0.537329111303
1153,0.447677541371
1154,0.137326536084
1155,0.0
1156,0.224299065421
1157,0.445202179381
1158,0.664206756061
1159,0.59318433655
1160,0.524436333344
1161,0.585492862549
1162,0.385399588611
1163,0.371423053301
1164,0.139794389357
1165,0.278668107806
1166,0.271815470322
1167,0.25
1168,0.0
1169,0.140003423258
1170,0.358447273988
1171,0.28778343394
1172,0.129930692758
1173,0.410479058236
1174,0.461037653088
1175,0.609072650294
1176,0.410871038366
1177,0.677618508723
1178,0.490434816147
1179,0.374639460398
1180,0.659969632619
1181,0.411464206677
1182,0.465166571984
1183,0.075200841242
1184,0.573335152274
1185,0.264006526072
1186,0.636837467633
1187,0.255395965914
1188,0.169014084507
1189,0.139016608494
1190,0.0
1191,0.474427385549
1192,0.700011258798
1193,0.0
1194,0.0
1195,0.0
1196,0.0
1197,0.0
1198,0.0
1199,0.0
1200,0.142857142857
1201,0.0
1202,0.270605237776
1203,0.273390354108
1204,0.65771919936
1205,0.528863844697
1206,0.129284981981
1207,0.0
1208,0.494874589756
1209,0.0532582872952
1210,0.252053520204
1211,0.132028034392
1212,0.0
1213,0.173041755665
1214,0.174001111074
1215,0.230256299275
1216,0.192739370485
1217,0.00586855570934
1218,0.201335416344
1219,0.0
1220,0.0175925509143
1221,0.268170093254
1222,0.0241457541514
1223,0.309708810226
1224,0.134686599017
1225,0.193607740874
