site,dnds
1,0.0845864089137
2,0.338683090153
3,0.502361093663
4,0.0991441697889
5,0.260937435672
6,0.00475715600185
7,0.0201703127541
8,0.12281881778
9,0.173494191037
10,0.268146830167
11,0.282982031922
12,0.179234289528
13,0.0
14,0.00632783579441
15,0.141776717515
16,0.109570217993
17,0.0926884489932
18,0.0
19,0.0952380952381
20,0.480066842368
21,0.139061054596
22,0.473799515506
23,0.238721127858
24,0.0
25,0.241650061886
26,0.100539537928
27,0.248018147376
28,0.387240011384
29,0.0
30,0.0
31,0.0
32,0.097311625946
33,0.0
34,0.0
35,0.0995173194955
36,0.411869425916
37,0.472429540821
38,0.526900651539
39,0.0211781412979
40,0.541629662533
41,0.0
42,0.270781425387
43,0.0951859924405
44,0.0241485219183
45,0.0239500714022
46,0.315911012606
47,0.273908877723
48,0.00236447357457
49,0.163823768497
50,0.299675670331
51,0.203645747322
52,0.0199456166922
53,0.16767143321
54,0.535893764956
55,0.294791696309
56,0.33624442136
57,0.521989636699
58,0.578337101922
59,0.328871640263
60,0.501610728468
61,0.63677676223
62,0.406880283391
63,0.316076217051
64,0.486377975355
65,0.247875756695
66,0.114536273749
67,0.0463085120502
68,0.278645415189
69,0.0
70,0.308744065955
71,0.288137075423
72,0.400297648215
73,0.251607823369
74,0.591768325909
75,0.162283025039
76,0.122706938522
77,0.241175028369
78,0.0116252967056
79,0.0
80,0.219904209327
81,0.109066461209
82,0.364593292309
83,0.377284630775
84,0.301534665373
85,0.0959328528594
86,0.00612036547645
87,0.0
88,0.370982895488
89,0.411803246083
90,0.484625139951
91,0.15711209172
92,0.480046215423
93,0.42812929591
94,0.0
95,0.0
96,0.236928647953
97,0.215276660805
98,0.0
99,0.375668732438
100,0.340887895777
101,0.179448979098
102,0.0148643023994
103,0.313035653953
104,0.248411318589
105,0.17946478085
106,0.294751111691
107,0.564746478803
108,0.00543223414354
109,0.0
110,0.0
111,0.0
112,0.0
113,0.0
114,0.0
115,0.0
116,0.0
117,0.316390835946
118,0.411200796846
119,0.347115660884
120,0.368410857539
121,0.219466691239
122,0.474978676427
123,0.414049941619
124,0.328006805061
125,0.436415726881
126,0.0
127,0.0
128,0.106118280842
129,0.220750572678
130,0.252533384545
131,0.403002758323
132,0.268932503498
133,0.55422933143
134,0.459430172473
135,0.331067259083
136,0.537594631235
137,0.410864624134
138,0.111407143504
139,0.155722500218
140,0.0
141,0.0111681319534
142,0.0
143,0.0
144,0.0
145,0.0
146,0.0
147,0.0
148,0.0
149,0.0
150,0.314576245095
151,0.0856894650584
152,0.164548991977
153,0.0790017684601
154,0.205201904355
155,0.203681450987
156,0.526880743459
157,0.452230446226
158,0.147895944556
159,0.548428476751
160,0.0
161,0.0
162,0.541843042169
163,0.517220747171
164,0.127704305269
165,0.555456193928
166,0.626741225947
167,0.0
168,0.106759541175
169,0.399731898456
170,0.170027339176
171,0.260309302895
172,0.186820518071
173,0.0911300821186
174,0.0
175,0.0608582833589
176,0.0
177,0.251777359523
178,0.183587367059
179,0.0
180,0.115160853206
181,0.117013201262
182,0.0
183,0.409808704285
184,0.352925904101
185,0.507758859085
186,0.15829909101
187,0.412449099415
188,0.356326183878
189,0.557288516006
190,0.290275835832
191,0.0
192,0.0695083042471
193,0.295312900945
194,0.136263617825
195,0.0
196,0.0
197,0.0
198,0.0
199,0.0
200,0.0
201,0.37088091584
202,0.240626985108
203,0.213901342102
204,0.285952652172
205,0.35581784857
206,0.518369419833
207,0.48049864315
208,0.656869186637
209,0.510963637035
210,0.193043761256
211,0.383836473117
212,0.496096655517
213,0.501389731074
214,0.141892771598
215,0.678945663005
216,0.311811920094
217,0.0965155163788
218,0.125029698273
219,0.106638027778
220,0.0623995892052
221,0.341831981501
222,0.494790612689
223,0.0210188181193
224,0.430243257882
225,0.297610503838
226,0.323071039214
227,0.221452728047
228,0.0862750959661
229,0.413324817678
230,0.179599056018
231,0.228397289917
232,0.0680767940322
233,0.282742298484
234,0.0
235,0.0345488178837
236,0.370907728362
237,0.167592668183
238,0.0
239,0.0047532048756
240,0.208954454025
241,0.00541751385941
242,0.00951485680853
243,0.177769046483
244,0.144967303067
245,0.0367223614568
246,0.125873714233
247,0.0
248,0.16024382329
249,0.00215601830076
250,0.0281796866386
251,0.0111681319534
252,0.462099417092
253,0.258272731172
254,0.0815971586618
255,0.248988707992
256,0.51268844588
257,0.36024784168
258,0.363572702021
259,0.0666666666667
260,0.0877108957951
261,0.223818235058
262,0.361572303585
263,0.409487244322
264,0.576367584574
265,0.319947907007
266,0.35813732757
267,0.457946060183
268,0.426537508087
269,0.335199855195
270,0.420833594349
271,0.459597702943
272,0.252915989703
273,0.301134184368
274,0.334207262702
275,0.0
276,0.268534481493
277,0.0968087090223
278,0.0
279,0.0
280,0.111992663343
281,0.291643935709
282,0.183691322873
283,0.454655027135
284,0.388054753263
285,0.401907544426
286,0.430321602795
287,0.2141661144
288,0.363067903692
289,0.477505966168
290,0.394310162697
291,0.29016501805
292,0.384596218184
293,0.516176555236
294,0.217868739519
295,0.499390472302
296,0.375803605008
297,0.159738734559
298,0.116216093119
299,0.445373628902
300,0.0238456987145
301,0.281269832353
302,0.221276993171
303,0.288652383229
304,0.392063716126
305,0.314065804268
306,0.0
307,0.0
308,0.0
309,0.242590688139
310,0.274860804972
311,0.315962483178
312,0.315162726726
313,0.463073628057
314,0.796077876081
315,0.660879399998
316,0.533988932508
317,0.504661160725
318,0.465848364192
319,0.190777604558
320,0.308065413582
321,0.239423278683
322,0.254767704345
323,0.277067168682
324,0.266743039725
325,0.343395480016
326,0.783162799099
327,0.718500581298
328,0.785669807735
329,0.580557792074
330,0.0
331,0.355448923699
332,0.261036661085
333,0.79895322667
334,0.522928243791
335,0.481572291554
336,0.219983712727
337,0.52485944746
338,0.390865828802
339,0.177514088992
340,0.042984923827
341,0.26726655034
