site,dnds
1,0.240571754467
2,0.543409837065
3,0.401123935084
4,0.153344950873
5,0.580306578463
6,0.571762983023
7,0.371612068086
8,0.155631934344
9,0.499001739125
10,0.544529716416
11,0.578681853599
12,0.0680500880741
13,0.0549355903669
14,0.249255225229
15,0.211808655487
16,0.398860666145
17,0.394751814214
18,0.294807632307
19,0.0
20,0.360269375196
21,0.10707288321
22,0.486261179028
23,0.475649580613
24,0.709175335586
25,0.647998483401
26,0.116184276028
27,0.0
28,0.0550199544324
29,0.316695056935
30,0.36179223537
31,0.0937100312642
32,0.156053417552
33,0.0
34,0.111766521697
35,0.210347989172
36,0.838580947091
37,0.431503143678
38,0.663102674235
39,0.584004233578
40,0.384446822634
41,0.627543101171
42,0.0
43,0.0
44,0.0
45,0.18339498736
46,0.238125344975
47,0.0
48,0.325152055432
49,0.678941015819
50,0.426574264116
51,0.767725214022
52,0.651045510054
53,0.463038858725
54,0.422646045918
55,0.640225613396
56,0.57370734593
57,0.495176852769
58,0.62103334671
59,0.365150408374
60,0.0540785843522
61,0.177040684855
62,0.200730237058
63,0.398087040031
64,0.0449395651411
65,0.21390779322
66,0.1091154431
67,0.0107821322038
68,0.444749079506
69,0.0272925285956
70,0.00847267115078
71,0.117149390969
72,0.35656208718
73,0.542068589663
74,0.296664801835
75,0.2220015532
76,0.150551043192
77,0.549445988321
78,0.335161362913
79,0.232643196429
80,0.464953630079
81,0.0
82,0.143594632066
83,0.0
84,0.198714536236
85,0.121246923513
86,0.306459228344
87,0.0830379524687
88,0.561994555371
89,0.674363740626
90,0.299636004507
91,0.0667655057795
92,0.50810254885
93,0.465799981415
94,0.333309324552
95,0.394317805888
96,0.308513942605
97,0.0598750326241
98,0.617562102823
99,0.48155042873
100,0.260063532447
101,0.273774636683
102,0.0
103,0.310906389057
104,0.653439114513
105,0.395378424729
106,0.0729819664817
107,0.0886699786567
108,0.00455031327814
109,0.157586197857
110,0.129967796412
111,0.339541480157
112,0.00247991475
113,0.0875277011123
114,0.203455128784
115,0.0265469577179
116,0.280338589403
117,0.0
118,0.114387257658
119,0.548193591303
120,0.0269296695302
121,0.0
122,0.0
123,0.0
124,0.0
125,0.0
126,0.0
127,0.40875652808
128,0.41896635085
129,0.484755770476
130,0.28195383676
131,0.0
132,0.619600790285
133,0.540623289345
134,0.125799878921
135,0.506458757462
136,0.554864351011
137,0.70902619632
138,0.231049060187
139,0.0
140,0.0
141,0.166666666667
142,0.266666666667
143,0.0
144,0.0
145,0.0
146,0.0
147,0.0
148,0.0
149,0.415910318078
150,0.0
151,0.050710018383
152,0.0796182254509
153,0.0435789024418
154,0.236324907401
155,0.0
156,0.40824953646
157,0.560681062649
158,0.49719449372
159,0.222260199889
160,0.489252412238
161,0.55615576494
162,0.317033198633
163,0.273191098324
164,0.581510612242
165,0.484724934893
166,0.0373068041924
167,0.125641597541
168,0.577165481324
169,0.448242845859
170,0.243636216993
171,0.219487452118
172,0.462752775709
173,0.155529876544
174,0.0899550574932
175,0.174222502347
176,0.115282138645
177,0.281796637125
178,0.0
179,0.0
180,0.133303597186
181,0.0
182,0.0
183,0.154032706791
184,0.250046113315
185,0.425630504499
186,0.327253983208
187,0.00175702707366
188,0.0127465962808
189,0.0105355874787
190,0.117956207863
191,0.00749610963729
192,0.0
193,0.0
194,0.0
195,0.0
196,0.0
197,0.0
198,0.0
199,0.0
200,0.0
201,0.0
202,0.0
203,0.0
204,0.0
205,0.0
206,0.0
207,0.0
208,0.0
209,0.0
210,0.0
211,0.0
212,0.0
213,0.193061084042
214,0.381599945399
215,0.411478245
216,0.271981122157
217,0.0457243029062
218,0.193954567502
219,0.202982743156
220,0.10971993168
221,0.120939084326
222,0.0
223,0.180206714715
224,0.0554517744448
225,0.342540479231
226,0.298512343745
227,0.23108462189
228,0.195883858207
229,0.18368998581
230,0.654343773774
231,0.598267106582
232,0.52561792012
233,0.254538065186
234,0.0769023334557
235,0.203088881797
236,0.269470623017
237,0.0769230769231
238,0.0
239,0.120766806633
240,0.0
241,0.218537754261
242,0.0
243,0.0
244,0.0
245,0.0518187243492
246,0.0
247,0.0
248,0.0
249,0.0
250,0.367688749926
251,0.501356691887
252,0.213091151706
253,0.0
254,0.181921092774
255,0.512647520944
256,0.142788907957
257,0.354192724841
258,0.415364622022
259,0.535715824428
260,0.415293105948
261,0.0
262,0.0
263,0.0
264,0.0
265,0.0
266,0.0
267,0.00745359007289
268,0.0
269,0.0
270,0.0
271,0.0
272,0.0
273,0.139794389357
274,0.0
275,0.0
276,0.381260122844
277,0.39570914552
278,0.0
279,0.0
280,0.157218777048
281,0.252091666726
282,0.50231573781
283,0.545379345319
284,0.0756627242548
285,0.089837797185
286,0.335994745666
287,0.293897593619
288,0.0327135957657
289,0.210301249272
290,0.314461435385
291,0.0
292,0.102284417146
293,0.0275057431951
294,0.0496502132402
295,0.525829970768
296,0.0
297,0.178281084141
298,0.209647815589
299,0.0112203995493
300,0.0
301,0.0
302,0.0
303,0.0
304,0.0
305,0.0
306,0.0
307,0.310487399344
308,0.117246645121
309,0.0018868078928
310,0.0446511054449
311,0.0470629306299
312,0.0468596567226
313,0.0
314,0.0
315,0.0
316,0.0
317,0.325173091847
318,0.0
319,0.0
320,0.0
321,0.279571747511
322,0.592201791939
323,0.642099212493
324,0.445054063159
325,0.387824671299
326,0.492547824564
327,0.0
328,0.0
329,0.0
330,0.0
331,0.0
332,0.00387742953916
333,0.211547012926
334,0.447634565374
335,0.429875014775
336,0.293207130491
337,0.442266984778
338,0.227203202347
339,0.50495182194
340,0.400806949829
341,0.229779166731
342,0.313142761669
343,0.501441489995
344,0.434082451498
345,0.333967409418
346,0.428503970487
347,0.347438101716
348,0.094613446499
349,0.287852457076
350,0.0908498301386
351,0.128481826128
352,0.163869962642
353,0.09787863775
354,0.223248446272
355,0.0300222371424
356,0.504965868815
357,0.0400360828176
358,0.431665275745
359,0.0
360,0.398052326198
361,0.483730801769
362,0.623204057791
363,0.310078987171
364,0.295260442973
365,0.478827373334
366,0.619297756686
367,0.334548764869
368,0.190521737138
369,0.0
370,0.157803864581
371,0.155691694764
372,0.284351938839
373,0.0
374,0.316829509139
375,0.129870921296
376,0.0
377,0.520748634734
378,0.565811229061
379,0.0
380,0.0
381,0.0
382,0.197435164158
383,0.544817467744
384,0.587804815655
385,0.0
386,0.0
387,0.0
388,0.0
389,0.0
390,0.0
391,0.0
392,0.0
393,0.0
394,0.228048277913
395,0.554701997836
396,0.553527173141
397,0.579460898429
398,0.623212579316
399,0.604392385842
400,0.30497753135
401,0.365302877452
402,0.540237052833
403,0.504003677841
404,0.218624030081
405,0.334616303459
406,0.462591530499
407,0.257549531948
408,0.0
409,0.103289485241
410,0.404683691566
411,0.234470558388
412,0.458189707506
413,0.277314899452
414,0.298801686894
415,0.324804141929
416,0.0481790770013
417,0.0
418,0.290893332104
419,0.00266345588842
420,0.261710188848
421,0.432618151636
422,0.448558160234
423,0.425031671833
424,0.752285811251
425,0.56502294552
426,0.330110185129
427,0.260635114621
428,0.323415431277
429,0.599270579438
430,0.478432665773
431,0.618838432994
432,0.70252159257
433,0.715957706002
434,0.538108582139
435,0.642450095505
436,0.513781210476
437,0.428095794486
438,0.648803701696
439,0.547569091321
440,0.678673526037
441,0.536660758999
442,0.601280576321
443,0.535176081482
444,0.468646366926
445,0.444540332903
446,0.371644854923
447,0.114252767879
448,0.0841996309615
449,0.144623900674
450,0.304227780137
451,0.0
452,0.421150321997
453,0.445056631801
454,0.593221189687
455,0.390061442232
456,0.584048180786
457,0.483946825976
458,0.645736301868
459,0.49259298852
460,0.142822688634
461,0.421577941878
462,0.643484569279
463,0.577641600424
464,0.118224308107
465,0.666257191402
466,0.553746445324
467,0.497761154067
468,0.403584192979
469,0.589119265312
470,0.442588887729
471,0.151336530692
472,0.404247722718
473,0.517868974312
474,0.248731208669
475,0.567881341904
476,0.445176702774
477,0.590504992578
478,0.0539346229813
479,0.525050749274
480,0.28281543044
481,0.291763868121
482,0.0865984210627
483,0.394667041133
484,0.0
485,0.100903396747
486,0.448477026236
487,0.611238046664
488,0.0103401040377
489,0.512506791085
490,0.0
491,0.0
492,0.378437168071
493,0.14311461494
494,0.0
495,0.347423573062
496,0.305485951528
497,0.0
498,0.0
499,0.0
500,0.0
501,0.0
502,0.0
503,0.0
504,0.0
505,0.0
506,0.0
507,0.0
508,0.0
509,0.0
510,0.0
511,0.527352967452
512,0.118805327186
513,0.0402261702202
514,0.508358373402
515,0.460130130138
516,0.0318361947807
517,0.166877816
518,0.125
519,0.542392057419
520,0.554518392766
521,0.591760922838
522,0.378289293774
523,0.504495689587
524,0.193646768683
525,0.199186756797
526,0.348346151665
527,0.108778273165
528,0.0887911912242
529,0.64832032795
530,0.0
531,0.0
532,0.0
533,0.0
534,0.0
535,0.0
536,0.0
537,0.365285005562
538,0.26012366153
539,0.439105288339
540,0.244325445947
541,0.0
542,0.36156001695
543,0.0992675721158
544,0.138001916787
545,0.439508917335
546,0.430775553964
547,0.438404387593
548,0.572031848688
549,0.506849200462
550,0.407355729532
551,0.195932662699
