site,dnds
1,0.199955395779
2,0.0
3,0.322504224869
4,0.0
5,0.0723284014497
6,0.1
7,0.150420625617
8,0.425841513398
9,0.273074498888
10,0.346211034769
11,0.538435714735
12,0.510962347675
13,0.679507894187
14,0.481999040003
15,0.519055847523
16,0.405036937331
17,0.570114576972
18,0.380183471777
19,0.451637897
20,0.736460792339
21,0.304725677616
22,0.226808747756
23,0.658859443979
24,0.710853676408
25,0.507049345453
26,0.551543625512
27,0.364296202738
28,0.213129264912
29,0.161367650002
30,0.511480624621
31,0.569795253411
32,0.553710684792
33,0.537432414481
34,0.620323822085
35,0.456519076141
36,0.591016693809
37,0.787862009143
38,0.77137951375
39,0.804371904434
40,0.740636177984
41,0.598934753325
42,0.744074578348
43,0.674343967019
44,0.370392140832
45,0.599960547498
46,0.128874900125
47,0.384875441389
48,0.0601690268143
49,0.451790112631
50,0.0
51,0.133333333333
52,0.0
53,0.0813786880495
54,0.0
55,0.0
56,0.0571428571429
57,0.199955395779
58,0.0
59,0.0
60,0.0
61,0.0
62,0.0
63,0.0
64,0.0
65,0.0
66,0.0
67,0.0
68,0.0
69,0.0414284040966
70,0.0
71,0.589414447507
72,0.0500197768921
73,0.574373119263
74,0.0
75,0.0374252695915
76,0.055055197035
77,0.0
78,0.0
79,0.0
80,0.0
81,0.0
82,0.0
83,0.428592146791
84,0.55840039749
85,0.374165947439
86,0.413668540178
87,0.513173998777
88,0.478559068765
89,0.393299948029
90,0.170212765957
91,0.505299614825
92,0.413182569296
93,0.310485178148
94,0.219382111557
95,0.0586214614132
96,0.374120882258
97,0.0427470955515
98,0.450154969194
99,0.0
100,0.0
101,0.0
102,0.0
103,0.0
104,0.0
105,0.0
106,0.0
107,0.0
108,0.0
109,0.0
110,0.0
111,0.0
112,0.450266608586
113,0.170426773982
114,0.0
115,0.0
116,0.0
117,0.0
118,0.0
119,0.0
120,0.0
121,0.0
122,0.0
123,0.0
124,0.0
125,0.0
126,0.0867325491054
127,0.561192789231
128,0.0278492540712
129,0.493846936228
130,0.555479912925
131,0.266666666667
132,0.0
133,0.0
134,0.0
135,0.0
136,0.0
137,0.0
138,0.0
139,0.0
140,0.476619648245
141,0.567227821737
142,0.691916499808
143,0.400099637632
144,0.483091334883
145,0.617522059302
146,0.0
147,0.0
148,0.0
149,0.0
150,0.0
151,0.0
152,0.0
153,0.0
154,0.0
155,0.169134843395
156,0.540555897418
157,0.191199609227
158,0.419779645041
159,0.703774027916
160,0.1767501233
161,0.0822666302977
162,0.341294746181
163,0.266950584746
164,0.296930989622
165,0.53755304156
166,0.181054251829
167,0.203504870991
168,0.112830665852
169,0.708607140767
170,0.597726460158
171,0.358768252372
172,0.458851430417
173,0.494037907239
174,0.393642042175
175,0.334968564524
176,0.06615727271
177,0.0
178,0.117699510361
179,0.0
180,0.0
181,0.0
182,0.120948141872
183,0.0
184,0.0
185,0.200010359356
186,0.0
187,0.0
188,0.402454203657
189,0.534109095096
190,0.439616782483
191,0.168186782309
192,0.515251561072
193,0.541182709839
194,0.512820144607
195,0.440482437355
196,0.333121718566
197,0.40875035973
198,0.514703350947
199,0.190193042162
200,0.250529441134
201,0.518255281425
202,0.265367656937
203,0.380635419499
204,0.431462865304
205,0.192452043415
206,0.358451761628
207,0.108189382335
208,0.344830914461
209,0.321869938488
210,0.166701603337
211,0.274047820915
212,0.174613873696
213,0.28436734174
214,0.0
215,0.375176314323
216,0.243548332527
217,0.33532702902
218,0.601332804919
219,0.357948812951
220,0.335347486418
221,0.462461598495
222,0.460326055505
223,0.266465471737
224,0.429766798597
225,0.407302157931
226,0.487160712819
227,0.345128769118
228,0.598206484746
229,0.568851021772
230,0.440401925853
231,0.0833359227039
232,0.404984238423
233,0.216144093903
234,0.481392628825
235,0.748983034523
236,0.733219923141
237,0.627753262944
238,0.678283745062
239,0.637056606842
240,0.110082801217
241,0.130282801179
242,0.499293884463
243,0.362161902313
244,0.329811377704
245,0.577470289668
246,0.572597715147
247,0.406992746882
248,0.627993705988
249,0.0
250,0.0
251,0.0867325491054
252,0.0
253,0.133303597186
254,0.170212765957
255,0.133303597186
256,0.0
257,0.0
258,0.0
259,0.0
260,0.0
261,0.0
262,0.0
263,0.0
264,0.0
265,0.0
266,0.0
267,0.0
268,0.0
269,0.0
270,0.0
271,0.0
272,0.0
273,0.0
274,0.0
275,0.0
276,0.0
277,0.0
278,0.0
279,0.0616130827164
280,0.0
281,0.301687827216
282,0.253729531563
283,0.403376218701
284,0.34436891808
285,0.605122728837
286,0.265734019462
287,0.569246550019
288,0.477856190852
289,0.603713305773
290,0.57051334569
291,0.514855553504
292,0.353987788288
293,0.653163026757
294,0.580737901447
295,0.495238342424
296,0.631947553461
297,0.551112892299
298,0.527001032548
299,0.167542833978
300,0.223710400438
301,0.398826199553
302,0.338477306837
303,0.543892353533
304,0.419195791691
305,0.462366456008
306,0.241014786628
307,0.409488329845
308,0.358388744369
309,0.396493300016
310,0.750795061861
311,0.527801878998
312,0.430867751981
313,0.652713779809
314,0.536360191881
315,0.272600340715
316,0.495658358261
317,0.650342762492
318,0.382748175799
319,0.420716422445
320,0.0
321,0.0
322,0.0
323,0.456651451809
324,0.684617676371
325,0.588680267101
326,0.441766907277
327,0.509784380448
328,0.540942102249
329,0.550262734224
330,0.49202699913
331,0.393612182396
332,0.641707485936
333,0.347947497401
334,0.283755054043
335,0.374837798069
336,0.237125718776
337,0.490772010728
338,0.565745574305
339,0.297572188932
340,0.17362383322
341,0.292658002449
342,0.302408860036
343,0.255607611003
344,0.218784753299
345,0.13746076293
346,0.22516810534
347,0.176855843791
348,0.0719861462647
349,0.147895615531
350,0.136023636055
351,0.328611462289
352,0.395880770378
353,0.604516931763
354,0.383654378287
355,0.434797716044
356,0.273941118116
357,0.564637061282
358,0.602268080357
359,0.596529541376
360,0.529216743223
361,0.70913507011
362,0.610912326485
363,0.451590148466
364,0.348174281251
365,0.245102168654
366,0.327103497177
367,0.227346720775
368,0.0
369,0.0
370,0.0
371,0.0
372,0.0
373,0.0
374,0.0
375,0.0
376,0.0
377,0.0
378,0.0
379,0.0
380,0.0
381,0.0
382,0.293896231657
383,0.0
384,0.0
385,0.0
386,0.547296846739
387,0.0
388,0.0
389,0.0
390,0.0
391,0.0
392,0.0
393,0.0
394,0.0
395,0.0
396,0.524501721272
397,0.60373910309
398,0.674035661268
399,0.702604762066
400,0.516947239882
401,0.613521190897
402,0.511314165362
403,0.316255564715
404,0.757958869799
405,0.611199137703
406,0.620159300978
407,0.413424003621
408,0.433984451983
409,0.297726238944
410,0.559768937143
411,0.185107977567
412,0.470960683521
413,0.587562186484
414,0.637850427257
415,0.746682819015
416,0.53525995936
417,0.463993281763
418,0.170212765957
419,0.145846728823
420,0.208871160053
421,0.365708214634
422,0.379187396715
423,0.388032640219
424,0.0
425,0.0
426,0.0701921195504
427,0.0
428,0.0636347441368
429,0.0428685576854
430,0.116152841093
431,0.0
432,0.0636347441368
433,0.0958766111239
434,0.298221091841
435,0.114637804035
436,0.116152841093
437,0.0
438,0.156202181535
439,0.0
440,0.158433641271
441,0.0
442,0.0
443,0.288645185222
444,0.15694720662
445,0.0
446,0.0
447,0.0
448,0.0
449,0.278269032752
450,0.113292989772
451,0.0881327309947
452,0.164681213139
453,0.177147380772
454,0.200816715662
455,0.224961332741
456,0.532239283905
457,0.593965470081
458,0.464358419202
459,0.631422166116
460,0.465309964603
461,0.385369547966
462,0.132776341132
463,0.0459017103519
464,0.0
465,0.0519029427717
466,0.158433641271
467,0.25
468,0.214363373399
469,0.380939052066
470,0.538958314651
471,0.590809079073
472,0.605741610732
473,0.183132547873
474,0.161331212026
475,0.609118437916
476,0.595787981403
477,0.315642647195
478,0.222115231386
479,0.217625431257
480,0.238629436112
481,0.298221091841
482,0.367324029124
483,0.498101313313
484,0.425133574461
485,0.69798847755
486,0.254976912354
487,0.142818148971
488,0.294268895042
489,0.655912961493
490,0.268315037636
491,0.0
492,0.0
493,0.0
494,0.0
495,0.22612894027
496,0.543413159778
497,0.0
498,0.327885527053
499,0.513633393949
500,0.0
501,0.0
502,0.0
503,0.0
504,0.0
505,0.0
506,0.618239738338
507,0.558044452881
508,0.413002910704
509,0.209056986756
510,0.430302605681
511,0.560241726788
512,0.499916040163
513,0.44025632286
514,0.638753210113
515,0.597479037403
516,0.643470467258
517,0.534852280265
518,0.406121337679
519,0.732827131893
520,0.511328804633
521,0.706717484356
522,0.456786949535
523,0.686597684598
524,0.671858503298
525,0.570695320871
526,0.704167330875
527,0.576399157638
528,0.449744307205
529,0.47128054903
530,0.622233615777
531,0.773863728037
532,0.722654079184
533,0.529773036082
534,0.536172424901
535,0.664133576063
536,0.166666666667
537,0.0990210257943
538,0.333003419233
539,0.604034737071
540,0.232802932885
541,0.331269617499
542,0.511306509898
543,0.0
544,0.0
545,0.0
546,0.0
547,0.0
548,0.0
549,0.0
550,0.0
551,0.0
552,0.170212765957
553,0.133303597186
554,0.0
555,0.719971890571
556,0.512600287822
557,0.595811886544
558,0.548856650639
559,0.355312288753
560,0.540135899084
561,0.487441316602
562,0.543517528481
563,0.56025087198
564,0.182761985195
565,0.414051283965
566,0.423377994469
567,0.11009518832
568,0.532853218802
569,0.599574957378
570,0.357506828252
571,0.406581979644
572,0.156000511146
573,0.0680500880741
574,0.0
575,0.0
576,0.477142910577
577,0.656106092846
578,0.220272107908
579,0.161942404285
580,0.55181433667
581,0.47724485663
582,0.544113732688
583,0.427223563212
584,0.649999582311
585,0.466517682784
586,0.527569230478
587,0.471024541102
588,0.677246641426
589,0.507499398144
590,0.517853762191
591,0.564809343709
592,0.394927629632
