site,dnds
1,0.0
2,0.0552906965602
3,0.141900107372
4,0.155838806662
5,0.314217445384
6,0.395907465933
7,0.630755315929
8,0.417902716977
9,0.251108537277
10,0.735153540118
11,0.664773640869
12,0.384509622967
13,0.168801426106
14,0.131425296124
15,0.50135571819
16,0.468209568064
17,0.485752352581
18,0.461361332477
19,0.0855251603209
20,0.0300628506112
21,0.160327544888
22,0.0143440162721
23,0.0845466535897
24,0.687605428376
25,0.458783190141
26,0.369993361297
27,0.543611237883
28,0.391983578866
29,0.593849507645
30,0.457985509968
31,0.537042530305
32,0.0
33,0.634263465437
34,0.766288745315
35,0.0
36,0.0
37,0.0
38,0.0304117843313
39,0.38217824163
40,0.131127505671
41,0.143301687853
42,0.264235605539
43,0.22901112472
44,0.410799452818
45,0.424770562001
46,0.351504848649
47,0.0
48,0.0
49,0.0
50,0.166666666667
51,0.166666666667
52,0.0
53,0.0
54,0.0
55,0.0
56,0.0
57,0.0
58,0.601097450182
59,0.39904549816
60,0.348488043643
61,0.300393688823
62,0.164326815258
63,0.489508744465
64,0.158433641271
65,0.19235895426
66,0.413330427935
67,0.351976515905
68,0.479583591594
69,0.195313515095
70,0.557719809679
71,0.215367524795
72,0.151093933059
73,0.139182113687
74,0.0
75,0.0
76,0.0116034439969
77,0.00168490802823
78,0.0166774439304
79,0.207674205329
80,0.0
81,0.0696101632025
82,0.358035535158
83,0.0577134473483
84,0.0016102208089
85,0.322885273608
86,0.365408877277
87,0.0381757165946
88,0.317308770349
89,0.0698971946783
90,0.0
91,0.0365576342193
92,0.0588144340484
93,0.232775841007
94,0.321669045563
95,0.016721241835
96,0.196991656165
97,0.149910717587
98,0.00661219950344
99,0.0415949929226
100,0.255949356118
101,0.108267325423
102,0.00235789118121
103,0.526994417915
104,0.0269519079275
105,0.246273407951
106,0.047567601129
107,0.0327956077086
108,0.0739126392561
109,0.0
110,0.325073701199
111,0.0720389425107
112,0.0718746651561
113,0.00837240478559
114,0.238143374899
115,0.0523199357016
116,0.475308944766
117,0.0120398747958
118,0.0
119,0.0
120,0.0
121,0.0653973125764
122,0.0167614814978
123,0.251552134932
124,0.00543223414354
125,0.25627298117
126,0.0187934615424
127,0.331442807889
128,0.0623168517978
129,0.149462841047
130,0.151621103385
131,0.118282877892
132,0.0886232749351
133,0.569788621238
134,0.462586636438
135,0.302805028317
136,0.348244834363
137,0.263388766787
138,0.576443653602
139,0.551766074783
140,0.133510177926
141,0.144457441436
142,0.363120173414
143,0.509984009189
144,0.00441659619328
145,0.0243306383481
146,0.0426134181359
147,0.452627110135
148,0.0
149,0.0913536191712
150,0.00451996229571
151,0.124035926874
152,0.0203229635018
153,0.0211286161379
154,0.0271593702776
155,0.0647348340646
156,0.0
157,0.0
158,0.0205525051074
159,0.0
160,0.469869881305
161,0.0
162,0.12338090173
163,0.0225467064619
164,0.00633059587414
165,0.0
166,0.00286942857439
167,0.302645129574
168,0.136540035827
169,0.122168608628
170,0.33893738278
171,0.591317256666
172,0.286254153495
173,0.486134101955
174,0.451020013062
175,0.113202165339
176,0.549291980864
177,0.583052639013
178,0.383409426376
179,0.0635758636285
180,0.557037879273
181,0.458885012208
182,0.236272742919
183,0.315920749781
184,0.560351393263
185,0.514427638585
186,0.139391578597
187,0.175568968805
188,0.528917625005
189,0.403714770629
190,0.205594270317
191,0.700158447356
192,0.507726719853
193,0.439530790298
194,0.168784509231
195,0.500882220532
196,0.747756325914
197,0.417957845951
198,0.722975667302
199,0.0908127162273
200,0.0595262163333
201,0.0603867176733
202,0.111852097117
203,0.117784150438
204,0.713530802844
205,0.188697070444
206,0.429844580545
207,0.144600099308
208,0.17440487798
209,0.17561752453
210,0.0818545522055
211,0.305944305675
212,0.228808998036
213,0.376253046683
214,0.330111648284
215,0.284137429413
216,0.446237721485
217,0.386271876625
218,0.388362997181
219,0.44143603808
220,0.128105148215
221,0.0670302092533
222,0.212360082278
223,0.0
224,0.0
225,0.394802157299
226,0.193716747132
227,0.0
228,0.0
229,0.00226834064745
230,0.0
231,0.00296478511536
232,0.320568059978
233,0.10886639813
234,0.261872375618
235,0.0276277999277
236,0.0905002750594
237,0.0
238,0.0
239,0.491663521238
240,0.0219910716907
241,0.0
242,0.0825487145833
243,0.00646166937889
244,0.0111924921972
245,0.0455454806701
246,0.351117520106
247,0.216263731125
248,0.117343903722
249,0.193341168461
250,0.0379337613446
251,0.190658584679
252,0.467378821548
253,0.227258107757
254,0.0212634702555
255,0.0698324761212
256,0.313901990892
257,0.201118820888
