site,dnds
1,0.0892132139144
2,0.333174480513
3,0.205140639708
4,0.0658367596528
5,0.426098190472
6,0.127212227958
7,0.222907723325
8,0.463465317563
9,0.363511762562
10,0.211643713139
11,0.393945130936
12,0.466747097044
13,0.592072363829
14,0.366971984969
15,0.360857309822
16,0.329917449346
17,0.309279682825
18,0.384442800454
19,0.449787692352
20,0.153876231454
21,0.339270176023
22,0.33717676489
23,0.494241326563
24,0.378562688016
25,0.277211670718
26,0.295366702206
27,0.186640196517
28,0.356549661963
29,0.287654768717
30,0.0647735461822
31,0.235271401653
32,0.0459992853946
33,0.0
34,0.0
35,0.46857314283
36,0.483886659495
37,0.465747583726
38,0.776498593127
39,0.575508457384
40,0.390176089418
41,0.402587139956
42,0.639102233685
43,0.554691213827
44,0.334010244132
45,0.273313419825
46,0.543578752884
47,0.592684916685
48,0.0
49,0.39808029452
50,0.356090048876
51,0.531557123177
52,0.375444062545
53,0.386089456591
54,0.373434629976
55,0.243375117052
56,0.119468272932
57,0.0606132013237
58,0.180286671801
59,0.304260479154
60,0.244768156063
61,0.096000154704
62,0.0166483717969
63,0.178960854413
64,0.241816905181
65,0.078962998847
66,0.338833752564
67,0.0961226758996
68,0.135532259922
69,0.367696823559
70,0.319103868314
71,0.373892288841
72,0.563501870904
73,0.599316371275
74,0.297666609032
75,0.563974630159
76,0.0
77,0.380162241608
78,0.109508446795
79,0.407668804424
80,0.531713022808
81,0.559561744291
82,0.524371318842
83,0.58683604592
84,0.683584374757
85,0.376958320305
86,0.687849182861
87,0.519306990902
88,0.50414954528
89,0.124718009815
90,0.642148478377
91,0.58802840522
92,0.54619075943
93,0.479263635437
94,0.515564554103
95,0.307679015583
96,0.221754532717
97,0.564944106913
98,0.474974778065
99,0.152866323358
100,0.369853685542
101,0.44263292413
102,0.287351809733
103,0.270963497922
104,0.0356198939799
105,0.146653363291
106,0.0
107,0.0875447960939
108,0.097408016164
109,0.0312106919176
110,0.039409404405
111,0.0
112,0.0187723321981
113,0.13136590044
114,0.134307878518
115,0.00600898219973
116,0.0140305032853
117,0.0715685625423
118,0.455708051167
119,0.2322489331
120,0.0
121,0.167166791519
122,0.0
123,0.0850612131822
124,0.133220911707
125,0.383363507979
126,0.378101963259
127,0.204527062294
128,0.377656673925
129,0.545544519419
130,0.465049501734
131,0.386255217677
132,0.203102211455
133,0.126788566199
134,0.16432101567
135,0.184394211558
136,0.494983014988
137,0.26045093395
138,0.106525080451
139,0.0159016410955
140,0.0
141,0.13766612474
142,0.220401224189
143,0.0101442409527
144,0.364013743842
145,0.157946369646
146,0.322886432306
147,0.00588202978128
148,0.0278535545192
149,0.0
150,0.0
151,0.0899064091704
152,0.0980687718474
153,0.0924196240747
154,0.0
155,0.0
156,0.0
157,0.0
158,0.125555690133
159,0.0
160,0.0
161,0.0
162,0.158433641271
163,0.290587177638
164,0.283691429574
165,0.0550315448071
166,0.446472322556
167,0.0929175073509
168,0.147435072527
169,0.366002481223
170,0.520670366803
171,0.679421081493
172,0.230075766013
173,0.348840675138
174,0.644247071711
175,0.603506878246
176,0.097516032187
177,0.341642841308
178,0.586923332545
179,0.609307978644
180,0.180370782161
181,0.592280848744
182,0.592460203874
183,0.605379609687
184,0.0502466516335
185,0.448820916114
186,0.0
187,0.0247292260913
188,0.133281349674
189,0.366620023569
190,0.0317755852352
191,0.0340016639158
192,0.372871060107
193,0.205118771925
194,0.409593987603
195,0.318239218879
196,0.439121753536
197,0.0375266976664
198,0.154853627115
199,0.41500547911
200,0.102313430091
201,0.413854651199
202,0.340744615693
203,0.0955359802734
204,0.00390242598168
205,0.224040025596
206,0.0264191722332
207,0.0275312581686
208,0.323426340908
209,0.0
210,0.0
211,0.0515772776359
212,0.0
213,0.0
214,0.188031792804
215,0.212679948577
216,0.111353479647
217,0.0
218,0.119064545391
219,0.0426511429094
220,0.236674051544
221,0.243914744073
222,0.185612641162
223,0.0533571362674
224,0.046599887659
225,0.372604464886
226,0.519326004044
227,0.653096370812
228,0.268087459148
229,0.484153176447
230,0.328831019309
231,0.0627773051489
232,0.0
233,0.102688471194
234,0.0
235,0.0833333333333
236,0.0796337541879
237,0.106638027778
238,0.141756424344
239,0.102059876774
240,0.499775101859
241,0.337776820573
242,0.186121011482
243,0.0944737470598
244,0.19061147332
245,0.00633761609566
246,0.108804859811
247,0.354325479801
248,0.165377516352
249,0.133547110216
250,0.261782365863
251,0.00663042756548
252,0.0203711425137
253,0.0
254,0.0
255,0.0
256,0.0167769638294
257,0.119582900458
258,0.00363396985202
259,0.247003202737
260,0.0515793162403
261,0.0153022756859
262,0.0790090562145
263,0.12884603896
264,0.248246440451
265,0.379449248575
266,0.189141759068
267,0.0702793113387
268,0.0
269,0.0
270,0.0
271,0.0
272,0.0516526485902
273,0.204351819688
274,0.00772719603532
275,0.127034182305
276,0.131072663574
277,0.192098059415
278,0.0545084412969
279,0.289964627763
280,0.105665753125
281,0.305318851283
282,0.108849885928
283,0.110641438738
284,0.0468038743017
285,0.215866987426
286,0.0916787928473
287,0.309672734609
288,0.0
289,0.328480251569
290,0.33325357263
291,0.248650376747
292,0.0
293,0.148200182761
294,0.200331099503
295,0.104493660056
296,0.192565120024
297,0.0
298,0.351997561369
299,0.23412543233
300,0.395123911817
301,0.196079684791
302,0.0470447652397
303,0.353691606827
304,0.32186759619
305,0.224708036533
306,0.0752999113653
307,0.0
308,0.327700982602
309,0.103228178232
310,0.00462496573
311,0.202391226613
312,0.284911799284
313,0.158677035137
314,0.257297830874
315,0.352433489582
316,0.0513677240736
317,0.101545212419
318,0.108453027021
319,0.149564838286
320,0.00999390401432
321,0.169515826504
322,0.00914088241778
323,0.0305759966262
324,0.182991228303
325,0.136888578151
326,0.201998253637
327,0.0
328,0.119496877682
329,0.15529056485
330,0.0
331,0.228903972084
332,0.0239667463552
333,0.339027577776
334,0.544192159967
335,0.411259105736
336,0.407482770806
337,0.163471885196
338,0.115228118753
339,0.0
340,0.0
341,0.0
342,0.0
343,0.0
344,0.0
345,0.0
346,0.0
347,0.0
348,0.0
349,0.0
350,0.0
351,0.0
352,0.0
353,0.0
354,0.0
355,0.0
356,0.0
357,0.0
358,0.0
359,0.0
360,0.0
361,0.0
362,0.0
363,0.0
364,0.0
365,0.0
366,0.0
367,0.172295173192
368,0.127921787382
369,0.181857602457
370,0.174038234552
371,0.0211137094953
372,0.0636795271276
373,0.115967051678
374,0.0
375,0.0
376,0.175889552584
377,0.0
378,0.0
379,0.0
380,0.0
381,0.0
382,0.0
383,0.0
384,0.0
385,0.0
386,0.0
387,0.0
388,0.0
389,0.0
390,0.0
391,0.0
392,0.0
393,0.0
394,0.0
395,0.0
396,0.130021376249
397,0.0
398,0.193612466041
399,0.0
400,0.0203497045473
401,0.0
402,0.0605000045126
403,0.0991827123461
404,0.493961812975
405,0.00267041325296
406,0.0799980958085
407,0.269243108533
408,0.183600407778
409,0.619066423147
410,0.507935092045
411,0.110217645635
412,0.636722681961
413,0.497128205428
414,0.0295254944271
415,0.0866988356396
416,0.567050392214
417,0.333853593849
418,0.0718429934836
419,0.299952747533
420,0.0
421,0.600450824001
422,0.581821942061
423,0.521616629803
424,0.368299521793
425,0.298610283616
426,0.535127786056
427,0.319887129982
428,0.21661870504
429,0.504555078604
430,0.614772220763
431,0.341064603574
432,0.468947502638
433,0.581809972363
434,0.142857142857
435,0.139016608494
436,0.0
437,0.0
438,0.0
439,0.0
440,0.0
441,0.122404560938
442,0.0
443,0.166666666667
444,0.411802058369
445,0.37033496535
446,0.663091809422
447,0.319602160462
448,0.0829345672725
449,0.193682428138
450,0.449207160442
451,0.412145041462
452,0.149971197035
453,0.550526999525
454,0.432052833149
455,0.0
456,0.171183857337
457,0.461907170592
458,0.341338271087
459,0.469953006079
460,0.207293958185
461,0.352556467892
462,0.440070324437
463,0.237112879023
464,0.0884651144963
465,0.138431967897
466,0.0507991254622
467,0.360689695607
468,0.461455812225
469,0.224357199501
470,0.159952187266
471,0.151822645585
472,0.124818439399
473,0.0897946656885
474,0.2051757911
475,0.29876280601
476,0.236814449242
477,0.235349437325
478,0.0569907445531
479,0.254828217713
480,0.372943120432
481,0.0465935393577
482,0.0
483,0.0
484,0.0379195070816
485,0.0879355598844
486,0.0
487,0.0791189008126
488,0.117708654808
489,0.298015580251
490,0.22627413046
491,0.314634523988
492,0.337714105837
493,0.297123282705
494,0.274148605854
495,0.468817517719
496,0.338268616374
497,0.359956164531
498,0.501137790765
499,0.629422281204
500,0.350394038331
501,0.588116934152
502,0.0
503,0.0
504,0.0
505,0.0
506,0.0
507,0.0
508,0.0
509,0.106317318258
510,0.0
511,0.0
512,0.158433641271
513,0.517278579014
514,0.56184769374
515,0.415003201384
516,0.527346121322
517,0.473464492217
518,0.565915197498
519,0.541454253942
520,0.389228960124
521,0.450560290672
522,0.517591356705
523,0.603329088455
524,0.599949550672
525,0.697681098788
526,0.633552157892
527,0.389781485013
528,0.481615378308
529,0.18025379223
530,0.288811325233
531,0.287578859014
532,0.209169168886
533,0.309149790105
534,0.242594612527
535,0.0924196240747
536,0.244711301841
537,0.2477278775
538,0.147420029983
539,0.151158475866
540,0.371556685592
541,0.433514845645
542,0.283510351054
543,0.138346366486
544,0.376832987955
545,0.339283923766
546,0.555649913257
547,0.470017028537
548,0.333318258174
549,0.353921827347
550,0.463705758211
551,0.549178580166
552,0.455481425682
553,0.493901748278
554,0.469374702839
555,0.502491023184
556,0.585630747073
557,0.42716296955
558,0.717007792558
559,0.419043390198
560,0.619807973217
561,0.157327308699
562,0.515929124525
563,0.508955171834
564,0.352199951246
565,0.506044441857
566,0.446000075834
567,0.519224212816
568,0.0
569,0.0
570,0.0
571,0.0
572,0.0
573,0.0
574,0.0
575,0.0
576,0.0
577,0.0
578,0.0
579,0.0
580,0.0
581,0.0
582,0.0
583,0.0
584,0.0
585,0.0
586,0.0
587,0.0
588,0.0
589,0.0
590,0.0
591,0.0
592,0.0
593,0.0
594,0.0
595,0.166666666667
596,0.0
597,0.0
598,0.332438198105
599,0.266785729019
600,0.0
601,0.0
602,0.0131686748841
603,0.0436349935919
604,0.581548298396
605,0.535499014299
606,0.4802582218
607,0.395790220443
608,0.234774225504
609,0.197561881088
610,0.0283568471443
611,0.0246062209029
612,0.0
613,0.0
614,0.0
615,0.0
616,0.0
617,0.161389380285
618,0.0
619,0.130244850539
620,0.141769507915
621,0.0534970073952
622,0.248367197282
623,0.341286440593
624,0.243734496162
625,0.275292295122
626,0.170478935562
627,0.267234229042
628,0.0
629,0.333487984927
630,0.173916619403
631,0.318190722897
632,0.270114394778
633,0.0996377729555
634,0.685802258198
635,0.462386651559
636,0.136731155439
637,0.0858106053649
638,0.259210386087
639,0.166666666667
640,0.331138784057
641,0.620305224027
642,0.129613534274
643,0.0532517797149
644,0.00696794263426
645,0.0
646,0.0
647,0.0
648,0.0
649,0.0
650,0.0
651,0.0
652,0.38711292201
653,0.425269268719
654,0.237843774745
655,0.498269681783
656,0.350855545257
657,0.281098868962
658,0.0
659,0.0
660,0.0
661,0.221063783156
662,0.111292923483
663,0.141230116455
664,0.198476655609
665,0.378801082366
666,0.0278374934632
667,0.289420161939
668,0.343631548471
669,0.197374005204
670,0.0930545991364
671,0.0411723098584
672,0.428989214542
673,0.430965809211
674,0.535382935697
675,0.482697315517
676,0.241086433207
677,0.479496821436
678,0.492597922598
679,0.524790548767
680,0.0
681,0.104169061667
682,0.133802622585
683,0.534027840053
684,0.325803948349
685,0.404626697899
686,0.287390905229
687,0.140933328093
688,0.162803540287
689,0.0
690,0.00340956565663
691,0.153017601435
692,0.0
693,0.0132254030931
694,0.0
695,0.00919696292203
696,0.0445309349012
697,0.295931246238
698,0.129844946419
699,0.0489367394991
700,0.688334642915
701,0.286577035082
702,0.376148793427
703,0.151195719514
704,0.471481688466
705,0.591792253632
706,0.37332039523
707,0.362979818058
708,0.448399532896
709,0.389726508774
710,0.478783303921
711,0.131122869768
712,0.365134577821
713,0.143108233931
714,0.373264515185
715,0.299830776455
716,0.105531042338
717,0.178814477048
718,0.0259875562001
719,0.0
720,0.0
721,0.0
722,0.0
723,0.0
724,0.0
725,0.424079623656
726,0.160871223589
727,0.0
728,0.138639184822
729,0.146096905042
730,0.247304031467
731,0.147397964984
732,0.249135014207
733,0.351325554997
734,0.129176582525
735,0.115274884763
736,0.14789818358
737,0.0865783921449
738,0.253347377131
739,0.216738231383
740,0.00286942857439
741,0.0
742,0.202891761518
743,0.372003739767
744,0.0677631550724
745,0.258991060331
746,0.0524553572497
747,0.363574945588
748,0.321215008224
749,0.336876846098
750,0.209269120654
751,0.023459267154
752,0.323328505929
753,0.288236339649
754,0.530108617172
755,0.160321295185
756,0.104218399481
757,0.17570392328
758,0.521093295228
759,0.335886125662
760,0.171623438449
761,0.502553621866
762,0.177763851373
763,0.0
764,0.0
765,0.0485016672146
766,0.546854223688
767,0.291250262402
768,0.546809650661
769,0.31146394983
770,0.00894909902311
771,0.0
772,0.0
773,0.448419542056
774,0.4605949375
775,0.150101105075
776,0.200649287525
777,0.254667592276
778,0.491472777615
779,0.0
780,0.330941214762
781,0.0
782,0.607320181891
783,0.116357409147
784,0.08664339757
785,0.546140274163
786,0.336190196655
787,0.173669134162
788,0.00451996229571
789,0.696057994905
790,0.569556177149
791,0.324745908638
792,0.115550508033
793,0.116601826445
794,0.26934191028
795,0.466671851324
796,0.456488869897
797,0.245476715867
798,0.510072377405
799,0.380980334228
800,0.527787168485
801,0.349630267568
802,0.320660654402
803,0.55120163061
804,0.409189438375
805,0.172449035788
806,0.122328378988
807,0.48389092421
808,0.606921431867
809,0.436674773875
810,0.473189574171
811,0.537147374492
812,0.514910828042
813,0.129928679175
814,0.27090354889
815,0.0444538971887
816,0.506235381286
817,0.119289235425
818,0.15327186158
819,0.380159079219
820,0.507382232178
821,0.0101640899343
822,0.281269570948
823,0.38386986713
824,0.233171741134
825,0.170441368302
826,0.491005252675
827,0.266242714885
828,0.426265169238
829,0.49441852923
830,0.278522750059
831,0.625337644568
832,0.65998072699
833,0.145483601449
834,0.66666900769
835,0.195841096619
836,0.282194460624
837,0.613278391477
838,0.5999747529
839,0.443323797871
840,0.252299206446
841,0.558771354532
842,0.153418456449
843,0.585060695739
844,0.257715127971
845,0.313124116613
846,0.0687465703958
847,0.492361887683
848,0.0773040858729
849,0.478555191105
850,0.178555483669
851,0.183873921298
852,0.252429671127
853,0.510002214952
854,0.171006941443
855,0.433626664225
856,0.119228330091
857,0.114819500145
858,0.566843349201
859,0.351205573759
860,0.0
861,0.0573753042401
862,0.289969022374
863,0.17017402161
864,0.106638027778
865,0.166666666667
866,0.253376378063
867,0.0720720720721
868,0.102994902063
869,0.27454710299
870,0.165676730127
871,0.0
872,0.507259570869
873,0.0
874,0.234250475779
875,0.470379307675
876,0.661510581888
877,0.405293933538
878,0.212017253151
879,0.532412319284
880,0.353043237364
881,0.0462625323706
882,0.240099367264
883,0.148427125266
884,0.428759219874
885,0.460078297162
886,0.0929066389896
887,0.059961356299
888,0.0634458703719
889,0.00677994344356
890,0.0
891,0.0
892,0.0
893,0.0
894,0.0150287357701
895,0.0815987579146
896,0.041492721869
897,0.0
898,0.200502501019
899,0.0
900,0.0
901,0.0
902,0.0
903,0.0
904,0.0
905,0.0
906,0.0
907,0.0
908,0.0
909,0.0
910,0.0
911,0.0
912,0.0
913,0.0
914,0.0
915,0.0
916,0.0
917,0.0
918,0.0
919,0.0
920,0.0
921,0.0
922,0.0
923,0.0
924,0.0
925,0.0
926,0.0
927,0.0
928,0.0
929,0.0
930,0.0
931,0.0
932,0.0
933,0.0
934,0.0
935,0.0
936,0.0
937,0.0
938,0.0
939,0.0
940,0.0
941,0.0
942,0.0
943,0.0
944,0.0
945,0.0
946,0.0
947,0.0
948,0.0
949,0.0
950,0.0
951,0.0
952,0.0
953,0.0
954,0.0
955,0.0
956,0.0
957,0.0
958,0.0
959,0.0
960,0.0
961,0.0
962,0.0
963,0.0
964,0.0
965,0.0
966,0.0
967,0.0
968,0.0
969,0.0
970,0.0
971,0.0
972,0.0
973,0.0
974,0.0
975,0.0
976,0.0
977,0.0
978,0.0
979,0.0
980,0.0
981,0.0
982,0.0
983,0.0
984,0.0
985,0.0
986,0.0
987,0.0
988,0.0
989,0.0
990,0.0616039116244
991,0.153519453019
992,0.408447278875
993,0.425016057734
994,0.128719359797
995,0.0796255386418
996,0.0
997,0.0519615360008
998,0.252238048904
999,0.134777236095
1000,0.0
1001,0.499563186356
1002,0.29170611095
1003,0.341288719026
1004,0.0160355576947
1005,0.0329720873242
1006,0.542419077718
1007,0.26992980626
1008,0.374882377762
1009,0.221981453836
1010,0.0199254396468
1011,0.0
1012,0.0416835783312
1013,0.0548712614789
1014,0.0
1015,0.235675712197
1016,0.0
1017,0.0
1018,0.0
1019,0.0158786968951
1020,0.0510922955296
1021,0.102348752486
1022,0.0687665769546
1023,0.0
1024,0.075006959931
1025,0.066906063306
1026,0.00582478489479
1027,0.00799835294614
1028,0.247427534139
1029,0.391313252748
1030,0.0173632484844
1031,0.0343370522704
1032,0.18708937472
1033,0.137719355813
1034,0.354540506738
1035,0.0
1036,0.2350437898
1037,0.306093355885
1038,0.355516615221
1039,0.128666884187
1040,0.0
1041,0.198700955878
1042,0.32097603576
1043,0.0304942733754
1044,0.29304673615
1045,0.159728454217
1046,0.118560595095
1047,0.534117549012
1048,0.224036175239
1049,0.467834174143
1050,0.049024312132
1051,0.0
1052,0.0867325491054
1053,0.098855694854
1054,0.0
1055,0.0
1056,0.55835287266
1057,0.32638435202
1058,0.280281911493
1059,0.321982350124
1060,0.520425343381
1061,0.0
1062,0.0
1063,0.63324079602
1064,0.0
1065,0.0
1066,0.0
1067,0.0
1068,0.0
1069,0.0
1070,0.0
1071,0.0
1072,0.0
1073,0.291035738315
1074,0.0693163509449
1075,0.429973296275
1076,0.384431323508
1077,0.312484026844
1078,0.42476035838
1079,0.0878889830934
1080,0.554170771357
1081,0.0
1082,0.0
1083,0.0
1084,0.0
1085,0.0
1086,0.0
1087,0.0
1088,0.0
1089,0.0
1090,0.0
1091,0.0
1092,0.0
1093,0.0
1094,0.0
1095,0.0
1096,0.0
1097,0.0
1098,0.186991175256
1099,0.136403003706
1100,0.0
1101,0.436324442952
1102,0.343295965601
1103,0.0357609584884
1104,0.303797956584
1105,0.530649936105
1106,0.0275211509615
1107,0.178564758987
1108,0.408718404253
1109,0.51262556949
1110,0.186654613592
1111,0.382043142198
1112,0.0
1113,0.0
1114,0.388474482098
1115,0.154570430815
1116,0.31488825808
1117,0.184615798192
1118,0.298134382311
1119,0.197509067713
1120,0.311004157117
1121,0.368750823273
1122,0.0401680480319
1123,0.0650011783061
1124,0.0
1125,0.0621530647199
1126,0.0
1127,0.0
1128,0.0850166933346
1129,0.0
1130,0.216081520237
1131,0.0
1132,0.0101214965059
1133,0.0
1134,0.136610146533
1135,0.167396764127
1136,0.114240431217
1137,0.15438033694
1138,0.270659405709
1139,0.0469732776658
1140,0.0142191418244
1141,0.271508266132
1142,0.402909085048
1143,0.193624481003
1144,0.153115009063
1145,0.0
1146,0.0
1147,0.0
1148,0.0
1149,0.255332122846
1150,0.236594127113
1151,0.199629004463
1152,0.0107446580717
1153,0.0534268405266
1154,0.0931469978113
1155,0.0
1156,0.0
1157,0.00188862953655
1158,0.0148030896133
1159,0.169651548096
1160,0.0
1161,0.0
1162,0.0632537201717
1163,0.00743904497492
1164,0.0
1165,0.0
1166,0.281420911891
1167,0.20106162117
1168,0.177893815395
1169,0.155669868413
1170,0.121135332663
1171,0.00567811811808
1172,0.199885941534
1173,0.618466964388
1174,0.3116329539
1175,0.331582483311
1176,0.49113542765
1177,0.116864136022
1178,0.0351878371473
1179,0.297084718109
1180,0.251914427775
1181,0.0491334223513
1182,0.251580334371
1183,0.21879214636
1184,0.609784930809
1185,0.3000298278
1186,0.543410231102
1187,0.0
1188,0.230813274241
1189,0.483386909318
1190,0.401907142654
1191,0.349365239843
1192,0.392886546343
1193,0.0
1194,0.677433670132
1195,0.0
1196,0.0
1197,0.260869565217
1198,0.143908273227
1199,0.247381142699
1200,0.605633123378
1201,0.474210762987
1202,0.52332725435
1203,0.612608155453
1204,0.470980973283
1205,0.434257882626
1206,0.180737176278
1207,0.259306119305
1208,0.372093593795
1209,0.0
1210,0.132246069214
1211,0.214682628693
1212,0.549594629855
1213,0.488409266458
1214,0.565920802113
1215,0.384498685725
1216,0.436227569103
1217,0.0
1218,0.0
1219,0.0
1220,0.0
1221,0.0
1222,0.0
1223,0.0
1224,0.467007687334
1225,0.168051838224
1226,0.334712852402
1227,0.324531719612
1228,0.0
1229,0.0906534998613
1230,0.527561552963
1231,0.227164071614
1232,0.0655513702721
1233,0.0
1234,0.0
1235,0.166666666667
1236,0.142857142857
1237,0.435341158066
1238,0.558765596216
1239,0.609560494989
1240,0.407447219879
1241,0.559344962784
1242,0.427791094935
1243,0.628983636575
1244,0.362938120361
1245,0.43387531712
1246,0.0850289918172
1247,0.30704924289
1248,0.271424080919
1249,0.178837892994
1250,0.54887853162
1251,0.646071189007
1252,0.129784365351
1253,0.290550921215
1254,0.530593329058
1255,0.0459459583268
1256,0.168546825472
1257,0.272784044252
1258,0.273444022476
1259,0.010105694024
1260,0.105678658017
1261,0.0465922535544
1262,0.0920896066184
1263,0.127591311475
1264,0.455759991147
1265,0.391512041329
1266,0.252789701877
1267,0.443275406342
1268,0.602443658498
1269,0.443819840017
1270,0.408786923217
1271,0.226408300041
1272,0.270350330225
1273,0.142857142857
1274,0.0
1275,0.0
