site,dnds
1,0.210252117972
2,0.366387220626
3,0.243227695911
4,0.278331542867
5,0.391483583872
6,0.00805992572373
7,0.316758447647
8,0.0159361273449
9,0.388949607309
10,0.0715517540733
11,0.366623634092
12,0.353381528286
13,0.705407593445
14,0.633731939271
15,0.427512845546
16,0.162144092067
17,0.55345123401
18,0.653656276625
19,0.0481983568493
20,0.0932609295073
21,0.0
22,0.221531052113
23,0.0577622650467
24,0.0
25,0.0
26,0.0
27,0.0749348303308
28,0.0657881414846
29,0.0815467271247
30,0.0964635180294
31,0.106317318258
32,0.318584070796
33,0.073212031023
34,0.043321698785
35,0.0972838148154
36,0.554275951528
37,0.475868523076
38,0.15715408581
39,0.369696502503
40,0.0784723063334
41,0.175640440547
42,0.259891731369
43,0.78769290749
44,0.561612743775
45,0.0
46,0.146015383921
47,0.623214535305
48,0.690738666178
49,0.358768884344
50,0.227650041084
51,0.336712287876
52,0.288111993729
53,0.179426298047
54,0.592273285476
55,0.211276257288
56,0.271179298987
57,0.0985258851478
58,0.273056158047
59,0.282471673706
60,0.261077299241
61,0.154406983625
62,0.303055342424
63,0.253375791118
64,0.594956373993
65,0.330151188471
66,0.313631919963
67,0.282463728698
68,0.368840847941
69,0.494435744921
70,0.538303114722
71,0.55584366805
72,0.479578236787
73,0.640631423039
74,0.419660950489
75,0.425908613741
76,0.41090709922
77,0.285975845153
78,0.368639022661
79,0.54573411303
80,0.579305880773
81,0.0823062224099
82,0.529502570413
83,0.221552007768
84,0.464932021774
85,0.315904583089
86,0.0391634502105
87,0.471938530135
88,0.0
89,0.0
90,0.260478927354
91,0.49255582175
92,0.639127599521
93,0.0217861475944
94,0.294423546542
95,0.345887692291
96,0.211741448896
97,0.506886011595
98,0.707131710672
99,0.72190156471
100,0.612146753686
101,0.44089151821
102,0.766355508508
103,0.593850622401
104,0.73335108164
105,0.697668038282
106,0.371456843318
107,0.553251830947
108,0.581325894255
109,0.315423078152
110,0.463770984013
111,0.361712724312
112,0.409627971276
113,0.463946194418
114,0.164273718912
115,0.350935503626
116,0.250431629598
117,0.28377566276
118,0.390749351305
119,0.0
120,0.0
121,0.0
122,0.0
123,0.0
124,0.0
125,0.0
126,0.22198740985
127,0.069314718056
128,0.0
129,0.126851132546
130,0.154032706791
131,0.099173553719
132,0.106638027778
133,0.106638027778
134,0.0775491027295
135,0.25330232278
136,0.0
137,0.178226019006
138,0.0
139,0.0
140,0.0
141,0.0
142,0.144251668856
143,0.490554961099
144,0.25692372968
145,0.47935463794
146,0.316780845534
147,0.498998993714
148,0.654945495376
149,0.623814964893
150,0.507588603998
151,0.472457508218
152,0.672761550493
153,0.565017636735
154,0.0
155,0.0
156,0.305633401377
157,0.43540840309
158,0.336532526431
159,0.286371417305
160,0.39713832702
161,0.46894414577
162,0.449732508552
163,0.0
164,0.0975307807206
165,0.329954115038
166,0.57571204854
167,0.0931257427908
168,0.478745376047
169,0.333688589319
170,0.445892998657
171,0.225148354278
172,0.0
173,0.0
174,0.338358989829
175,0.135401639157
176,0.0
177,0.142857142857
178,0.0
179,0.0
180,0.147871398519
181,0.0
182,0.0
183,0.111111111111
184,0.149984087125
185,0.192151962292
186,0.17276218716
187,0.0487770770453
188,0.101623171714
189,0.241112910292
190,0.538391673832
191,0.0994933204515
192,0.555500750284
193,0.0306834183908
194,0.304954203115
195,0.234915836536
196,0.137531058841
197,0.481244732928
198,0.486837866523
199,0.502130104633
200,0.475503321967
201,0.11106555682
202,0.280425334794
203,0.403534047045
204,0.603158265407
205,0.239565955127
206,0.353451799117
207,0.169191049604
208,0.212462797179
209,0.768319475236
210,0.52697469864
211,0.00642448422984
212,0.365350494798
213,0.384234518906
214,0.00509029973055
215,0.516361214613
216,0.372969786871
217,0.194296889676
218,0.597814186643
219,0.576262757409
220,0.567907408247
221,0.274606287153
222,0.581302605659
223,0.440072058114
224,0.739390035219
225,0.613350123598
226,0.190476190476
227,0.132028034392
228,0.0
229,0.154032706791
230,0.0770163533955
231,0.123204245465
232,0.620746697579
233,0.454156187653
234,0.708150045516
235,0.580114881161
236,0.66337778069
237,0.514261711972
238,0.577178797096
239,0.507061146709
240,0.417799300075
241,0.540452854776
242,0.237450019502
243,0.198888433649
244,0.579089231142
245,0.614104971078
246,0.408794336864
247,0.425409037552
248,0.115524530093
249,0.208126838546
250,0.669708919133
251,0.646794581077
252,0.454486579086
253,0.385360659415
254,0.490753867756
255,0.585558465342
256,0.507890659893
257,0.216288870521
258,0.0380952380952
259,0.0508076408476
260,0.191914793491
261,0.526595922208
262,0.729597443436
263,0.472209479379
264,0.316166113967
265,0.602005009161
266,0.353136024416
267,0.22899470284
268,0.191693038225
269,0.288910643657
270,0.123301589547
271,0.0272850111972
272,0.0165300355837
273,0.427417160199
274,0.364677673876
275,0.404379151198
276,0.282054487109
277,0.271171279628
278,0.191638127137
279,0.478596549755
280,0.40722572262
281,0.225877457729
282,0.402875387403
283,0.35544132515
284,0.319851277151
285,0.0
286,0.0
287,0.199256609205
288,0.0949507449019
289,0.0428199030462
290,0.119251127838
291,0.0
292,0.0
293,0.195479564403
294,0.537159298484
295,0.136735026961
296,0.345003958952
297,0.195856156979
298,0.0614289279555
299,0.238354174534
300,0.117358252793
301,0.208347625853
302,0.316736736268
303,0.172981936502
304,0.228885876947
305,0.268980710617
306,0.187365868685
307,0.194376793169
308,0.278523172578
309,0.239856983021
310,0.495188730944
311,0.257992792055
312,0.267105570182
313,0.156074936621
314,0.0
315,0.197880190806
316,0.337343060448
317,0.240157768146
318,0.199434481401
319,0.386745884734
320,0.156912208724
321,0.21363908649
322,0.344408786207
323,0.0690183812434
324,0.370198533761
325,0.0624438659054
326,0.324230056007
327,0.319148995329
328,0.456377825364
329,0.351571194215
330,0.454629554931
331,0.406723855677
332,0.344493834118
333,0.223998163905
334,0.661967050972
335,0.336775817414
336,0.565302969507
337,0.554489434881
338,0.601222984148
339,0.579479904786
340,0.648746174191
341,0.527977567496
342,0.749594162483
343,0.524676178922
344,0.467394637513
345,0.646363929271
346,0.527027131038
347,0.183244082252
348,0.597930891914
349,0.326294689343
350,0.280553535578
351,0.308985739611
352,0.409039710043
353,0.310903611656
354,0.386822920665
355,0.559809663758
356,0.358904273137
357,0.202487479184
358,0.521518491567
359,0.615046052118
360,0.719715220532
361,0.68869255509
362,0.687596988231
363,0.45459515792
364,0.428674560904
365,0.692164893067
366,0.399462734588
367,0.683374390427
368,0.370968144964
369,0.364328026685
370,0.286925307686
371,0.709153230622
372,0.465239763197
373,0.569160372064
374,0.0
375,0.0
376,0.500037444556
377,0.723163027434
378,0.368902370975
379,0.583801961485
380,0.573515017037
381,0.4773569629
382,0.277387301427
383,0.439627902184
384,0.604501777168
385,0.265195047208
386,0.330983075779
387,0.195439579618
388,0.491360391834
389,0.559938066337
390,0.737092706923
391,0.0
392,0.100821408081
393,0.479927916127
394,0.71510799446
395,0.580117676814
396,0.709151376783
397,0.673801722725
398,0.493340125521
399,0.326695028429
400,0.0
401,0.0
402,0.0775491027295
403,0.132776341132
404,0.266666666667
405,0.0
406,0.0
407,0.0
408,0.0
409,0.0
410,0.0
411,0.0
412,0.0
413,0.0
414,0.0
415,0.0
416,0.479363231477
417,0.459780518102
418,0.259347434129
419,0.43024667377
420,0.536314619233
421,0.102505494496
422,0.517888040299
423,0.456300730893
424,0.609603296613
425,0.375452625682
426,0.333689398753
427,0.564171284098
428,0.577381667647
429,0.474954613422
430,0.572357490121
431,0.248960087471
432,0.56162976736
433,0.647715725214
434,0.766697473782
435,0.271801393959
436,0.475302730049
437,0.467548343389
438,0.558821823279
439,0.508368247004
440,0.659086103322
441,0.582555912595
442,0.660833803297
443,0.814840177091
444,0.602305503618
445,0.760139926316
446,0.468220258563
447,0.273092897675
448,0.350258378025
449,0.503298155155
450,0.738202693761
451,0.592021497514
452,0.558973162162
453,0.784442503796
454,0.667443840186
455,0.708273693085
456,0.349852398999
457,0.606373839318
458,0.19530448935
459,0.438214520384
460,0.717021381914
461,0.669679246775
462,0.716443795505
463,0.459415033529
464,0.282061850124
465,0.334152124115
466,0.0767896915383
467,0.34361588313
468,0.248084434467
469,0.175519294945
470,0.189065662088
471,0.0
472,0.190483194658
473,0.211605067641
474,0.165676730127
475,0.0629537647434
476,0.0428027080561
477,0.0
478,0.0497855045187
479,0.454537487739
480,0.41565958333
481,0.0672661008843
482,0.127448689708
483,0.592857086945
484,0.200692096025
485,0.0842105263158
486,0.395746087217
487,0.0785029164862
488,0.348318634571
489,0.352649452211
490,0.428815740529
491,0.560241372139
492,0.375772205131
493,0.621371532355
494,0.481024092952
495,0.283490335904
496,0.0
497,0.0739356992597
498,0.337716713324
499,0.277044547914
500,0.431290831345
501,0.309354397374
502,0.504468176107
503,0.480383001545
504,0.345970233228
505,0.706763232106
506,0.479715775139
507,0.0565539358682
508,0.32929969505
509,0.0886015541384
510,0.525691984448
511,0.321632727647
512,0.410280778084
513,0.577119913366
514,0.479719015142
515,0.442951156296
516,0.491304385703
517,0.394055291868
518,0.641327724961
519,0.679337574924
520,0.686750436054
521,0.791397136319
522,0.843590207341
523,0.597031860163
524,0.777723134584
525,0.708585430117
526,0.864612534874
527,0.860532084797
528,0.608765379413
529,0.713647680692
530,0.601609009054
531,0.699099079436
532,0.677964884189
533,0.445756572954
534,0.0
535,0.0
536,0.363389213684
537,0.190998316684
538,0.438492441965
539,0.123575643967
540,0.154268079862
541,0.735568514543
542,0.683973247396
543,0.393959292245
544,0.452296180279
545,0.0
546,0.66208707596
547,0.603531753535
548,0.498737001673
549,0.636051395779
550,0.678723698026
551,0.449379904147
552,0.257791758456
553,0.409012565132
554,0.0531586591291
555,0.0
556,0.292399574939
557,0.071092018519
558,0.101281779808
559,0.285964924951
560,0.432342788552
561,0.592109512223
562,0.50302218305
563,0.16428253929
564,0.387522991192
565,0.474530989231
566,0.426861743848
567,0.383165592548
568,0.372439965132
569,0.0176833331773
570,0.342810913047
571,0.337131963737
572,0.216440704743
573,0.607301646122
574,0.51000304694
575,0.628306764392
576,0.466306683672
577,0.810695670638
578,0.652272366067
579,0.559684422224
580,0.314038812058
581,0.149436034995
582,0.467796207493
583,0.414975642994
584,0.393958444213
585,0.119587946113
586,0.127626464803
587,0.106300046784
588,0.52024108386
589,0.0422918177715
590,0.497966732314
591,0.0
592,0.0
593,0.447261414517
594,0.452087208419
595,0.118571328183
596,0.483533025596
597,0.434338249881
598,0.297653015933
599,0.72724745216
600,0.72128682872
601,0.4017178105
602,0.247156440224
603,0.519719277633
604,0.511918277191
605,0.681604962777
606,0.640746255959
607,0.698975022171
608,0.768266803723
609,0.715118586719
610,0.789304378724
611,0.638016183033
612,0.80035387816
613,0.808208415821
614,0.398747046639
615,0.422747880805
616,0.655064045685
617,0.304466440531
618,0.597229471398
619,0.474933819945
620,0.374131543962
621,0.129928673028
622,0.426882550028
623,0.671325327661
624,0.417346382933
625,0.548165006692
626,0.740280920229
627,0.437725708598
628,0.460140078954
629,0.564440678476
630,0.632530250437
631,0.60121142353
632,0.658378886581
633,0.604312225951
634,0.730699550722
635,0.62133914348
636,0.0601646739003
637,0.0
638,0.0
639,0.571175682356
640,0.520793956178
641,0.444039631984
642,0.446593692655
643,0.575372190969
644,0.1087289695
645,0.095322939919
646,0.112676056338
647,0.0
648,0.083821647833
649,0.151331206368
650,0.349987531327
651,0.391742927149
652,0.631900786982
653,0.0361172733794
654,0.537726726555
655,0.251320910195
656,0.0734945515125
657,0.0166570529815
658,0.14654706036
659,0.16715949206
660,0.499294784909
661,0.287928077587
662,0.443383472931
663,0.563131983688
664,0.428500101151
665,0.0
666,0.0
667,0.670178934915
668,0.558413520712
669,0.539849249849
670,0.681865151337
671,0.655820546851
672,0.634497707712
673,0.574400887398
674,0.586601940888
675,0.245175422639
676,0.584497893548
677,0.602628733278
678,0.339345224338
679,0.311549665398
680,0.369103840001
681,0.372349510146
682,0.252314739568
683,0.347178087098
684,0.54626379329
685,0.240061197058
686,0.373814468253
687,0.586091115091
688,0.426711002638
689,0.0396118595635
690,0.459862451375
691,0.648603839789
692,0.557586753584
693,0.435796027094
694,0.266069046304
695,0.460534156412
696,0.502841988988
697,0.170428164879
698,0.41347527373
699,0.536277913469
700,0.349995629916
701,0.585172189966
702,0.350511116587
703,0.491312912831
704,0.638822596615
705,0.0978922527084
706,0.0932094314702
707,0.0193588998624
708,0.20762521156
709,0.338273405529
710,0.547455722085
711,0.42926824014
712,0.473207715141
713,0.3727030286
714,0.34612933345
715,0.454453054459
716,0.376321944473
717,0.0644536561728
718,0.212956047527
719,0.344192351684
720,0.290469774034
721,0.27887584295
722,0.103496881937
723,0.126549484744
724,0.230651850158
725,0.150134744171
726,0.127965633334
727,0.650724292316
728,0.619067094152
729,0.288210622101
730,0.583561982198
731,0.608134024845
732,0.565668514495
733,0.303966625701
734,0.509649556075
735,0.35767759298
736,0.419478026621
737,0.588833322455
738,0.384006744933
739,0.497591064316
740,0.58253188278
741,0.51778054521
742,0.170612971918
743,0.523311498535
744,0.501918042819
745,0.454105625301
746,0.0
747,0.0
748,0.0
749,0.0
