site,dnds
1,0.0571428571429
2,0.410283420474
3,0.386081007453
4,0.366478186248
5,0.229047842769
6,0.255333821513
7,0.431859569762
8,0.425162289352
9,0.486548680547
10,0.447834777851
11,0.414082780402
12,0.0
13,0.347042187525
14,0.0392434529517
15,0.521279934513
16,0.706871663912
17,0.423485561275
18,0.472126740443
19,0.565162808195
20,0.0
21,0.0
22,0.0
23,0.574320106417
24,0.31656697582
25,0.476491908398
26,0.578204145609
27,0.47297191819
28,0.331133106004
29,0.0
30,0.0
31,0.711279416277
32,0.0
33,0.0
34,0.0
35,0.0
36,0.166666666667
37,0.166666666667
38,0.584836933702
39,0.428417990973
40,0.66946228121
41,0.495746240779
42,0.53198996399
43,0.745189556803
44,0.609479948558
45,0.181654514363
46,0.178617001241
47,0.116404602981
48,0.149201263106
49,0.1
50,0.0729628611116
51,0.266666666667
52,0.0
53,0.0
54,0.0
55,0.0
56,0.0
57,0.0
58,0.0
59,0.0
60,0.0
61,0.0
62,0.0
63,0.0
64,0.305386583899
65,0.264058956214
66,0.388245383802
67,0.421941425744
68,0.560035636653
69,0.590992480927
70,0.569577035878
71,0.409111622655
72,0.455196676314
73,0.313953741743
74,0.40878432571
75,0.455678318507
76,0.195329905701
77,0.126590443406
78,0.0476148443604
79,0.248086462569
80,0.472760770182
81,0.5355125324
82,0.634749089316
83,0.420434207707
84,0.584793092082
85,0.552192073299
86,0.626771675979
87,0.643785844561
88,0.674409345334
89,0.644470954721
90,0.641596549267
91,0.53097059722
92,0.812389934803
93,0.769716343618
94,0.670355011144
95,0.638034338919
96,0.747436083867
97,0.547206751346
98,0.578882116005
99,0.32380588261
100,0.518896740204
101,0.489038168583
102,0.106712676842
103,0.383351270539
104,0.141630841792
105,0.0
106,0.0
107,0.227698555914
108,0.132976495813
109,0.283193298133
110,0.426519398085
111,0.549035849379
112,0.538280277936
113,0.646407785088
114,0.344331671541
115,0.460588728176
116,0.595882116989
117,0.624956391474
118,0.613929603906
119,0.670042482487
120,0.391808521717
121,0.583969810055
122,0.535925413504
123,0.558684290383
124,0.572766150787
125,0.396199506537
126,0.655385537653
127,0.490762188428
128,0.439017075388
129,0.657293787754
130,0.516364852977
131,0.644625651744
132,0.645324605209
133,0.671314523767
134,0.565918075026
135,0.673479468004
136,0.713806624197
137,0.619574737317
138,0.716385943434
139,0.54968780234
140,0.485571878538
141,0.255947100568
142,0.0319869142279
143,0.402237354511
144,0.0536144774237
145,0.334013020704
146,0.576513345845
147,0.531153175346
148,0.410000118958
149,0.257411209496
150,0.657432885927
151,0.475897174039
152,0.546785076358
153,0.526326349017
154,0.548011825761
155,0.304615327656
156,0.362651996323
157,0.561858319807
158,0.639428978308
159,0.397832352703
160,0.652809922277
161,0.388013277406
162,0.397625769671
163,0.386283757486
164,0.577681523908
165,0.167677335506
166,0.185516251789
167,0.447118830714
168,0.308120476969
169,0.310261172403
170,0.435058311909
171,0.554400024877
172,0.623387876131
173,0.535561115479
174,0.0
175,0.0
176,0.0
177,0.177738573654
178,0.686693756839
179,0.699777396475
180,0.514302102113
181,0.542907253651
182,0.0959952485244
183,0.228459059957
184,0.025436593782
185,0.351427372476
186,0.26324828965
187,0.232650409047
188,0.226376028323
189,0.228885469732
190,0.0535908433497
191,0.0
192,0.1
193,0.0
194,0.0894383458787
195,0.189818278073
196,0.439014316204
197,0.390330450015
198,0.580609159767
199,0.400535924991
200,0.236707839458
201,0.487782817525
202,0.440338696926
203,0.69460611012
204,0.5943626418
205,0.517791275454
206,0.686693484418
207,0.428972019541
208,0.356997344685
209,0.397296255207
210,0.434524215785
211,0.0584186653546
212,0.0
213,0.0
214,0.0
215,0.0
216,0.0
217,0.0
218,0.0
219,0.0
220,0.0
221,0.0
222,0.0
223,0.0
224,0.0
225,0.0
226,0.0
227,0.0
228,0.0
229,0.278468293612
230,0.014651714926
231,0.358425481602
232,0.629524383839
233,0.528581977101
234,0.0
235,0.0
236,0.0
237,0.324628420809
238,0.334199378774
239,0.207322703138
240,0.0
241,0.203069698201
242,0.0
243,0.0
244,0.0967518034195
245,0.326481108365
246,0.660873362496
247,0.323384417389
248,0.373506189671
249,0.706037911918
250,0.658183766997
251,0.490262373693
252,0.669874902324
253,0.748077047931
254,0.660993331556
255,0.0
256,0.293497800067
257,0.0760049279333
258,0.139016608494
259,0.325322696032
260,0.128323023225
261,0.307383749161
262,0.225125228005
263,0.101265822785
264,0.617406623244
265,0.733114269117
266,0.0
267,0.0
268,0.267285699503
269,0.543960045911
270,0.102697878585
271,0.365296677388
272,0.580995178266
273,0.116411488646
274,0.577592360367
275,0.578067996758
276,0.375333516999
277,0.372616518654
278,0.202869658789
279,0.0585440154576
280,0.0
281,0.266257919124
282,0.0366674696885
283,0.0
284,0.311056227702
285,0.161311773351
286,0.114325974804
287,0.0805804057041
288,0.0
289,0.146481638489
290,0.505562428954
291,0.39650365924
292,0.3120661804
293,0.192119106001
294,0.240371147594
295,0.445635206217
296,0.0975754132772
297,0.590069244127
298,0.460602904919
299,0.558540516497
300,0.413718782366
301,0.0
302,0.0695083042471
303,0.326074365739
304,0.40882583857
305,0.0
306,0.0
307,0.0
308,0.0
309,0.0
310,0.266666666667
311,0.0579235868726
312,0.1087289695
313,0.0
314,0.0
315,0.0
316,0.0
317,0.0
318,0.0
319,0.0
320,0.0
321,0.0
322,0.0
323,0.0
324,0.0
325,0.0
326,0.0
327,0.0
328,0.0
329,0.0
330,0.0
331,0.0
332,0.0
333,0.0
334,0.0
335,0.0
336,0.0
337,0.0
338,0.0
339,0.0
340,0.0
341,0.348081035515
342,0.489059024262
343,0.516421178496
344,0.471147606404
345,0.47478436593
346,0.308475393258
347,0.196759356587
348,0.0736532558905
349,0.360346223023
350,0.172164198639
351,0.266070338453
352,0.341834231205
353,0.0
354,0.57532248837
355,0.213620876872
356,0.372248154142
357,0.30999831528
358,0.284434557214
359,0.171938065096
360,0.0
361,0.0
362,0.0
363,0.0
364,0.0
365,0.211547012926
366,0.0
367,0.0364814305558
368,0.0
369,0.0680500880741
370,0.0
371,0.0803862650245
372,0.196048213906
373,0.106172738262
374,0.337412941507
375,0.686328443551
376,0.632333240456
377,0.641421059251
378,0.556256403433
379,0.567476180624
380,0.524596561964
381,0.261508094992
382,0.244167456987
383,0.335614803015
384,0.46101336799
385,0.344945705047
386,0.0864838651348
387,0.2861103531
388,0.184531083968
389,0.208538014594
390,0.234807121438
391,0.0149081686527
392,0.0
393,0.0
394,0.0
395,0.0
396,0.0
397,0.0990210257943
398,0.257937999333
399,0.554513166804
400,0.620009030808
401,0.658042483199
402,0.341774195459
403,0.56731890078
404,0.616222663654
405,0.609504979599
406,0.505025199326
407,0.303951329909
408,0.569559611054
409,0.324391443083
410,0.359243393623
411,0.232243356877
412,0.414712685301
413,0.302013897096
414,0.368224816885
415,0.257564224271
416,0.253739557609
417,0.178252043259
418,0.0830015429955
419,0.163803292793
420,0.201772745014
421,0.275111553868
422,0.758007056164
423,0.712480428974
424,0.554996719235
425,0.389731679918
426,0.484382492633
427,0.188223609777
428,0.625983143734
429,0.656633014813
430,0.660023810077
431,0.520046444531
432,0.55452771318
433,0.453658685302
434,0.289564114795
435,0.349073592821
436,0.483235988128
437,0.227092890608
438,0.212192925109
439,0.457487332442
440,0.295946875539
441,0.654998589663
442,0.729524892066
443,0.437827896597
444,0.405934012108
445,0.0
446,0.29447122128
447,0.0552393923801
448,0.1304747634
449,0.116849282718
450,0.303736158437
451,0.475354605928
452,0.545595274903
453,0.366528035254
454,0.557826599711
455,0.696090535769
456,0.139016608494
457,0.0
458,0.0
459,0.213091151706
460,0.0674769921239
461,0.58228164111
462,0.668108454292
463,0.338353002019
464,0.365487047256
465,0.317638485997
466,0.634786307566
467,0.561787231864
468,0.52958512469
469,0.493382697125
470,0.33051472367
471,0.345632937911
472,0.474063485364
473,0.405142847657
474,0.53162973799
475,0.476077241992
476,0.480767657158
477,0.0344290257961
478,0.219385863028
479,0.186714512615
480,0.389991218402
481,0.565807833357
482,0.120948563726
483,0.38340473703
484,0.218888583335
485,0.236880118591
486,0.514137177374
487,0.592217521157
488,0.0507182822149
489,0.0443264014165
490,0.391220893167
491,0.245627902769
492,0.0795146400197
493,0.204024186885
494,0.137249843673
495,0.172522073916
496,0.11580494752
497,0.668585985696
498,0.338874233311
499,0.473585773724
500,0.473754437066
501,0.381085604484
502,0.283520122113
503,0.231964861853
504,0.148398887813
505,0.440239810328
506,0.562918792546
507,0.320249992079
508,0.0207199843477
509,0.256232529665
510,0.425478959493
511,0.230462468844
512,0.438645923121
513,0.510027327073
514,0.751023648501
515,0.731445695697
516,0.686645780531
517,0.4056264558
518,0.626886923698
519,0.258432604551
520,0.47243539812
521,0.142455667442
522,0.519480708065
523,0.473707838005
524,0.108655812973
525,0.102564102564
526,0.169314718056
527,0.112676056338
528,0.0821948778434
529,0.0
530,0.135379798801
531,0.0531586591291
532,0.149810766637
533,0.239057921836
534,0.392159486665
535,0.369382696156
536,0.612493734932
537,0.564446846453
538,0.406797180719
539,0.533606364268
540,0.368667701256
541,0.519042606462
542,0.499523212169
543,0.0418838223293
544,0.265741248686
545,0.152361825711
546,0.497840334983
547,0.22784355764
548,0.0
549,0.0
550,0.0
551,0.0
552,0.0
553,0.0
554,0.0
555,0.59389802973
556,0.463695789605
557,0.377190157946
558,0.447446731372
559,0.301685783674
560,0.397175454606
561,0.554997596826
562,0.548253632453
563,0.423507590156
564,0.227813360578
565,0.236560724068
566,0.554991483389
567,0.394239585296
568,0.447467948616
569,0.675715570707
570,0.318395750731
571,0.561731255892
572,0.651310328635
573,0.43395717849
574,0.509095948869
575,0.405750736042
576,0.0150881690968
577,0.284264843236
578,0.356250136134
579,0.266739848408
580,0.1883335352
581,0.264881851196
582,0.0950973397271
583,0.187845624487
584,0.0838248912726
585,0.289543030001
586,0.457391113326
587,0.324092730617
588,0.321922708525
589,0.315777836725
590,0.498130958843
591,0.536346851658
592,0.608077066656
593,0.358362390713
594,0.356552523324
595,0.336371316576
596,0.217458679652
597,0.278303394236
598,0.0883380593276
599,0.170041453724
600,0.568684848538
601,0.382749940937
602,0.381404747657
603,0.334116781263
604,0.432272664368
605,0.201568319253
606,0.529334807609
607,0.619430568891
608,0.298415468991
609,0.207178594631
610,0.336095783465
611,0.661601113637
612,0.389117848962
613,0.535927512006
614,0.283700437436
615,0.383294416929
616,0.187734400993
617,0.688659603922
618,0.288705422152
619,0.647372352528
620,0.177603454791
621,0.655709028644
622,0.340647852578
623,0.591509334679
624,0.568967526641
625,0.662320105556
626,0.534202760113
627,0.456855176792
628,0.378065724413
629,0.363666733161
630,0.298604746285
631,0.361201940564
632,0.211351757636
633,0.287284796974
634,0.1161860508
635,0.387526326934
636,0.287087332724
637,0.196054124301
638,0.534085197135
639,0.418385525559
640,0.203345390828
641,0.287750610005
642,0.0850097529854
643,0.23573307085
644,0.0857501666672
645,0.183474275184
646,0.576547678214
647,0.579080467967
648,0.290749416429
649,0.533219496065
650,0.619546274023
651,0.631891385558
652,0.386883271161
653,0.523196851987
654,0.642445376598
655,0.495307034121
656,0.391238233769
657,0.525786673796
658,0.720044352478
659,0.691254746485
660,0.539091017441
661,0.302953511716
662,0.355223536171
663,0.541293084749
664,0.577833290631
665,0.496086662927
666,0.601324517911
667,0.664339996403
668,0.709536063143
669,0.568991585517
670,0.560635173507
671,0.403701349749
672,0.590387661325
673,0.33571695388
674,0.474327447132
675,0.369952686554
676,0.36883753403
677,0.547811199147
678,0.16188603583
679,0.449800997097
680,0.592203251628
681,0.726300839382
682,0.550577884033
683,0.609649082066
684,0.4223499714
685,0.518499062741
686,0.638292179489
687,0.545237341708
688,0.491200559705
689,0.387602006798
690,0.413639936579
691,0.670276424909
692,0.441046500989
693,0.500341662736
694,0.560544774615
695,0.138168765922
696,0.486725658936
697,0.68364422757
698,0.780214726785
699,0.438569866221
700,0.685785158224
701,0.634694538633
702,0.649379759159
703,0.370903751594
704,0.686305141963
705,0.550947605556
706,0.522549530501
707,0.688097640576
708,0.286311741039
709,0.342769600702
710,0.48846500406
711,0.509517192276
712,0.314362094662
713,0.323787687656
714,0.233517247714
715,0.333152827876
716,0.46127655306
717,0.490231434296
718,0.624562571533
719,0.652361192268
720,0.769313407852
721,0.652619736334
722,0.636000606624
723,0.604407696827
724,0.624915414536
725,0.280983064011
726,0.0410753884776
727,0.408321563768
728,0.0575692028996
729,0.654726349353
730,0.602533776253
731,0.586406291677
732,0.761278179003
733,0.551719986327
734,0.760050127084
735,0.825037398346
736,0.684412903225
737,0.718434987682
738,0.713468639779
739,0.358764028007
740,0.458058270844
741,0.448734829386
742,0.494982115072
743,0.537018913316
744,0.466629147838
745,0.341078547589
746,0.0
747,0.0
748,0.0
749,0.0
750,0.0
751,0.0
752,0.0
753,0.0
754,0.0
755,0.0
756,0.0
757,0.0
758,0.0
759,0.0
760,0.0
761,0.0
762,0.0
763,0.0
764,0.0
765,0.0701921195504
766,0.0990210257943
767,0.133303597186
768,0.0
769,0.147871398519
770,0.0990210257943
771,0.0
772,0.0
773,0.0
774,0.267326706792
775,0.322952020748
776,0.638129763067
777,0.171671997146
778,0.335971427074
779,0.0911723939026
780,0.711710376628
781,0.540336680694
782,0.588609926798
783,0.594312826858
784,0.348662697718
785,0.371529454108
786,0.338645588102
787,0.507773909442
788,0.730147117574
789,0.477031629796
790,0.224972867423
791,0.56909722323
792,0.692704013287
793,0.475410330108
794,0.340385486997
795,0.574627882605
796,0.679697498101
797,0.385382691243
798,0.312697354451
799,0.420304292601
800,0.231360255883
801,0.632980430635
802,0.356389687397
803,0.318016763098
804,0.204191265109
805,0.392625744989
806,0.0902031008582
807,0.370134289319
808,0.292993583213
809,0.034436248718
810,0.336824344551
811,0.500458334012
812,0.180178453798
813,0.5101332294
814,0.102540529599
815,0.385619680041
816,0.33480634999
817,0.30763664496
818,0.103169096951
819,0.0933743748525
820,0.156210029254
821,0.216182252698
822,0.0
823,0.0672630885515
824,0.0421590463348
825,0.068987530366
826,0.0629129241394
827,0.131728711697
828,0.117647058824
829,0.0
830,0.230599618751
831,0.181818181818
832,0.146095834251
833,0.0575692028996
834,0.0302370354679
835,0.252999488735
836,0.298952703377
837,0.251564395925
838,0.434254863356
839,0.340520970832
840,0.486674373142
841,0.465171669149
842,0.371271394353
843,0.582147021498
844,0.457950516311
845,0.419559351039
846,0.512669809869
847,0.395461619516
848,0.341562110324
849,0.376565347965
850,0.395617481072
851,0.29541234509
852,0.149216792906
853,0.545315736396
854,0.623500766593
855,0.616637605491
856,0.526308129206
857,0.196946506604
858,0.46187015438
859,0.275415497945
860,0.452872491028
861,0.0999131071077
862,0.136027211817
863,0.106693174944
864,0.362562356217
865,0.192927036059
866,0.291344695337
867,0.0803648904997
868,0.134308485525
869,0.419349813336
870,0.0319430557466
871,0.301072187154
872,0.447401729042
873,0.273388065169
874,0.0
875,0.291905718166
