site,dnds
1,0.0
2,0.0
3,0.0
4,0.0
5,0.0
6,0.0
7,0.0775491027295
8,0.0
9,0.0
10,0.0775491027295
11,0.0
12,0.0
13,0.0
14,0.266666666667
15,0.101428886961
16,0.323658951177
17,0.126574574368
18,0.0462098120373
19,0.142063000371
20,0.149009448967
21,0.462623327921
22,0.392841193357
23,0.399814214898
24,0.406715880998
25,0.446553700934
26,0.653968507519
27,0.552606466716
28,0.532481334073
29,0.551060909886
30,0.685734021859
31,0.6031064186
32,0.715682703613
33,0.678540608219
34,0.631658307035
35,0.631198579511
36,0.723525568167
37,0.642382319766
38,0.443766431082
39,0.640485797174
40,0.667716326262
41,0.652468441325
42,0.775444544052
43,0.504759694451
44,0.629141907384
45,0.765442407785
46,0.570661982056
47,0.786529494645
48,0.520840545887
49,0.684599296716
50,0.45553961255
51,0.445606003947
52,0.676160671973
53,0.752995775205
54,0.799007742202
55,0.416643266442
56,0.569226419969
57,0.718998816797
58,0.684923498162
59,0.414772909004
60,0.641186065498
61,0.37575031457
62,0.381904631847
63,0.502735863634
64,0.436857239298
65,0.508337420652
66,0.313402795318
67,0.280318493809
68,0.347112709344
69,0.347189192424
70,0.796680735067
71,0.340838833086
72,0.462277357847
73,0.720828317338
74,0.863701972265
75,0.0770587982905
76,0.513920505748
77,0.761777750587
78,0.762135527278
79,0.14369981361
80,0.698167539841
81,0.467887909477
82,0.582940770542
83,0.475348196136
84,0.583894436322
85,0.406926303331
86,0.611570111682
87,0.384992987043
88,0.553820710451
89,0.363008542648
90,0.234126868435
91,0.301778808006
92,0.462040765233
93,0.255100226131
94,0.282782065436
95,0.322805086294
96,0.291613561691
97,0.102118113344
98,0.0490646853509
99,0.308984706188
100,0.0788848931496
101,0.231379573196
102,0.16000570213
103,0.244382513261
104,0.201396444651
105,0.119314718056
106,0.77198338462
107,0.838486669044
108,0.4745377513
109,0.0661468991752
110,0.713452238867
111,0.68001193437
112,0.40977296315
113,0.481846924992
114,0.0
115,0.0
116,0.106638027778
117,0.0
118,0.157188530445
119,0.173913043478
120,0.154362774683
121,0.304422860929
122,0.312370536393
123,0.139758877127
124,0.272025289756
125,0.377071548437
126,0.489855810381
127,0.337415528101
128,0.363930879518
129,0.339029705059
130,0.347724481731
131,0.488218093228
132,0.302897449831
133,0.42142102705
134,0.411964621806
135,0.56198767718
136,0.675717075512
137,0.666208499979
138,0.594438280205
139,0.666274937535
140,0.72648542838
141,0.744389352806
142,0.753544009754
143,0.826510877604
144,0.825778422543
145,0.70695259492
146,0.847965423839
147,0.8870631932
148,0.826482662833
149,0.81509266103
150,0.732353608295
151,0.746734426272
152,0.224674416665
153,0.391605412294
154,0.359133509805
155,0.158382972165
156,0.370667868688
157,0.162959777095
158,0.211923776306
159,0.103019781597
160,0.401790395552
161,0.212267840351
162,0.290265240476
163,0.111558387928
164,0.164416874289
165,0.216713216141
166,0.690031895201
167,0.730717205667
168,0.77932389166
169,0.841214434334
170,0.246030354007
171,0.256876101421
172,0.361252662498
173,0.179289037815
174,0.260733423305
175,0.133674607368
176,0.150172262262
177,0.170121637961
178,0.0644075382711
179,0.18910218849
180,0.0607150384297
181,0.0
182,0.417995785787
183,0.722238220827
184,0.700926145779
185,0.40780582599
186,0.489629090529
187,0.749036599259
188,0.471903714515
189,0.64820566287
190,0.0
191,0.0
192,0.655335514971
193,0.357709385575
194,0.780856169787
195,0.725326612742
196,0.737801260562
197,0.360064462608
198,0.734406074902
199,0.558672957922
200,0.50921387948
201,0.61913408515
202,0.521432537023
203,0.564413788582
204,0.309376952734
205,0.400824732599
206,0.137710253594
207,0.237874741376
208,0.410742904572
209,0.496791625733
210,0.330830420024
211,0.330489784554
212,0.417165048209
213,0.339261760557
214,0.454209198937
215,0.62050594066
216,0.695687081272
217,0.736743847151
218,0.652126701819
219,0.695811643685
220,0.710155587085
221,0.646359545508
222,0.743806973206
223,0.803594040006
224,0.724362981105
225,0.726842541662
226,0.687894199803
227,0.806987559523
228,0.87118266601
229,0.73564815524
230,0.656506568539
231,0.726304593551
232,0.707277406318
233,0.627440288759
234,0.60319337276
235,0.414736761254
236,0.375313536837
237,0.186747326682
238,0.395808378772
239,0.482119333137
240,0.464715290049
241,0.541151469625
242,0.807769127284
243,0.371825341185
244,0.406139901801
245,0.430164981902
246,0.695562478964
247,0.557490265009
248,0.669424721052
249,0.584289456579
250,0.579895200683
251,0.465912148132
252,0.69685289731
253,0.555314813284
254,0.378149458688
255,0.543257618125
256,0.604982610282
257,0.402637712563
258,0.662134031331
259,0.337524218913
260,0.410168587155
261,0.47345111367
262,0.467843741217
263,0.411766017002
264,0.216694621122
265,0.356230446344
266,0.196718637305
267,0.2861954664
268,0.288432833911
269,0.0759282686625
270,0.0720720720721
271,0.172126493436
272,0.245057786697
273,0.2196109879
274,0.0980710530742
275,0.262895510423
276,0.166926122818
277,0.390267798852
278,0.442966901726
279,0.404629411223
280,0.273250123998
281,0.380721965794
282,0.345205602738
283,0.266669703823
284,0.42773881745
285,0.348755677957
286,0.380438242937
287,0.32310991069
288,0.416961612692
289,0.331413536617
290,0.277515334478
291,0.408716457924
292,0.616240833763
293,0.390939121752
294,0.399714479676
295,0.592913211487
296,0.55915709971
297,0.470393405596
298,0.566302584654
299,0.654803188715
300,0.32816625623
301,0.509484108405
302,0.559523303728
303,0.573352690575
304,0.52285966038
305,0.333266080613
306,0.575911128018
307,0.693223858205
308,0.690136928035
309,0.654453469249
310,0.701632973874
311,0.494867102082
312,0.481740218218
313,0.730060722816
314,0.565458173199
315,0.462524282406
316,0.55338817238
317,0.566033167458
318,0.665678053245
319,0.645928515188
320,0.520745571333
321,0.72081470272
322,0.572082276057
323,0.617429224139
324,0.658954453573
325,0.680902244961
326,0.615741576931
327,0.623076774962
328,0.822519065877
329,0.68396695351
330,0.801340424683
331,0.820786349268
332,0.745146836589
333,0.769617120774
334,0.732952003396
335,0.642369024805
336,0.747961902484
337,0.712492198616
338,0.71278507054
339,0.662617942211
340,0.686391097253
341,0.644998920797
342,0.441591296309
343,0.788761606842
344,0.715545913092
345,0.626279865708
346,0.699215645956
347,0.395484994257
348,0.601840499049
349,0.525800193648
350,0.173221071758
351,0.620955144051
352,0.152558235836
353,0.359966399839
354,0.34392895632
355,0.312448011621
356,0.413085464206
357,0.0
358,0.0
359,0.123179273349
360,0.0554517744448
361,0.0
362,0.241116827037
363,0.264282011013
364,0.0732331776526
365,0.0749610368302
366,0.331105567818
367,0.16983835333
368,0.39311752866
369,0.29186545827
370,0.446676427141
371,0.306481472345
372,0.363317063654
373,0.441023231603
374,0.477163545553
375,0.354751219925
376,0.364037113066
377,0.189931857827
378,0.373360897975
379,0.396546136356
380,0.193548387097
381,0.125140180588
382,0.0
383,0.0
384,0.0
385,0.0
386,0.0
387,0.0
388,0.383123001975
389,0.412028262716
390,0.210572110587
391,0.301643605341
392,0.28188748855
393,0.12938087243
394,0.25454596425
395,0.229591269339
396,0.392640535497
397,0.311393178104
398,0.417746943582
399,0.414422627592
400,0.0
401,0.0
402,0.22270460237
403,0.435988402084
404,0.42105482637
405,0.207278845362
406,0.364013568593
407,0.384835351174
408,0.202912310956
409,0.382609704872
410,0.477375213346
411,0.463168703064
412,0.539413817464
413,0.308605736041
414,0.358848500524
415,0.627806209155
416,0.463807226166
417,0.443365337561
418,0.417719530195
419,0.516210469632
420,0.372014605865
421,0.581407741804
422,0.570811655179
423,0.0
424,0.0
425,0.098855694854
426,0.0
427,0.199955395779
428,0.0
429,0.0
430,0.0
431,0.0
432,0.0
433,0.353642762717
434,0.341748846023
435,0.296902786515
436,0.230564127409
437,0.0
438,0.0990210257943
439,0.0
440,0.0
441,0.0
442,0.0
443,0.0
444,0.168703629274
445,0.0715864553426
446,0.124222592549
447,0.267023274093
448,0.0
449,0.175450222088
450,0.0
451,0.0812580070411
452,0.22666641311
453,0.254436098431
454,0.159210276767
455,0.135108090111
456,0.465815968322
457,0.264814071648
458,0.416544153893
459,0.48099213984
460,0.741327050582
461,0.778125336983
462,0.663986668306
463,0.743168534479
464,0.758169782936
465,0.701501270319
466,0.738525913589
467,0.842562741107
468,0.750612851969
469,0.801434811759
470,0.722089103477
471,0.781934196788
472,0.83589923787
473,0.785923721305
474,0.668947403657
475,0.814058795552
476,0.770482757887
477,0.804003255588
478,0.166164579025
479,0.355217887337
480,0.502852865907
481,0.277450393105
482,0.312102674597
483,0.504597981055
484,0.52260629698
485,0.71716725726
486,0.614767205388
487,0.457630532975
488,0.798402175549
489,0.707371053884
490,0.804783326204
491,0.355855549456
492,0.396206471519
493,0.368214588515
494,0.274023111323
495,0.162684819163
496,0.828725366247
497,0.85947757439
498,0.401716721933
499,0.768643128048
500,0.621649712886
501,0.755752119581
502,0.678781323733
503,0.657460266736
504,0.599738763127
505,0.71748010477
506,0.53767832135
507,0.437506221042
508,0.651058056502
509,0.464087384375
510,0.534229167489
511,0.702884243716
512,0.61140286533
513,0.51190662542
514,0.326033548777
515,0.719860760309
516,0.328399090835
517,0.722199186018
518,0.518300704514
519,0.0
520,0.0616130827164
521,0.0616130827164
522,0.0
523,0.211547012926
524,0.0
525,0.0
526,0.0
527,0.746070503604
528,0.532561280369
529,0.616311433076
530,0.629398967686
531,0.812280823617
532,0.444935751308
533,0.533745228117
534,0.700686986741
535,0.553678573671
536,0.831920895203
537,0.520560036938
538,0.517391011399
539,0.709035935678
540,0.536883090882
541,0.326288550562
542,0.171451489298
543,0.217989442646
544,0.118351826056
545,0.287871398519
546,0.332898597227
547,0.14824027811
548,0.423406668308
549,0.400531347781
550,0.498717975092
551,0.208916576974
552,0.342842673415
553,0.394598799781
554,0.443778557823
555,0.346572587423
556,0.114233726337
557,0.104108526527
558,0.148500175519
559,0.374946731113
560,0.334783442177
561,0.106638027778
562,0.105717366161
563,0.0819123965756
564,0.0533155964389
565,0.301003943211
566,0.100553166735
567,0.110305332649
568,0.509760316942
569,0.292525660323
570,0.719342678258
571,0.155432162058
572,0.699918734434
573,0.0877153224352
574,0.558413061763
575,0.251438608739
576,0.479334153237
577,0.49749262864
578,0.50225800944
579,0.0
580,0.0
581,0.324230107897
582,0.28681952299
583,0.116768771073
584,0.0724859796664
585,0.0
586,0.0
587,0.0
588,0.0
589,0.0
590,0.0636023698993
591,0.0
592,0.109861228867
593,0.0754716981132
594,0.530288180077
595,0.798359230481
596,0.354811013861
597,0.240784823724
598,0.306184621596
599,0.166249324688
600,0.347924775048
601,0.523425840595
602,0.26340179762
603,0.605952433816
604,0.120948141872
605,0.513193027623
606,0.656674717604
607,0.647699105875
608,0.527477826536
609,0.752767538238
610,0.826247646651
611,0.215171280148
612,0.215947024942
613,0.834686043983
614,0.802909173628
615,0.732232434025
616,0.770695947625
617,0.773998769581
618,0.635400591595
619,0.719323315679
620,0.799738137881
621,0.594661438144
622,0.55126414461
623,0.676973417242
624,0.673836555119
625,0.717067959654
626,0.873250823936
627,0.742006550028
628,0.74693978524
629,0.764665095085
630,0.639089559234
631,0.592196658588
632,0.507847336962
633,0.444755711543
634,0.290467602807
635,0.148249732551
636,0.38701053937
637,0.483628248831
638,0.219134315526
639,0.159475977387
640,0.0
641,0.0
