site,dnds
1,0.0
2,0.00363023073288
3,0.417199978274
4,0.506158424648
5,0.442652210815
6,0.477874260951
7,0.308507754904
8,0.582954579536
9,0.144538389663
10,0.578434006153
11,0.485195460759
12,0.732303229538
13,0.0
14,0.0
15,0.0
16,0.695698650479
17,0.419052697714
18,0.599039269169
19,0.0925817668683
20,0.341798856721
21,0.229968698904
22,0.549834078563
23,0.318172284405
24,0.0745726194774
25,0.01399969392
26,0.0989452562096
27,0.0
28,0.0560721281344
29,0.397885550885
30,0.244743016953
31,0.0993868343737
32,0.0825639149349
33,0.306967874892
34,0.152055013914
35,0.3913506153
36,0.207599120834
37,0.164364364212
38,0.213518504938
39,0.188356611179
40,0.186049884213
41,0.583942097508
42,0.141961272192
43,0.503218743327
44,0.212842498706
45,0.526016869935
46,0.327230117097
47,0.52679463943
48,0.115259393838
49,0.394052502854
50,0.15169817429
51,0.435295736438
52,0.0951606283069
53,0.251162545264
54,0.0
55,0.221022198172
56,0.48388932606
57,0.297179938877
58,0.0625711491946
59,0.410359436825
60,0.568800799636
61,0.155962868494
62,0.166194799618
63,0.578249785303
64,0.48027706673
65,0.171236012276
66,0.0527892209239
67,0.0
68,0.32848227675
69,0.753506076713
70,0.371694848892
71,0.565642617443
72,0.647419063024
73,0.172212140881
74,0.406577610398
75,0.480655921742
76,0.268365406125
77,0.294776658133
78,0.288863829055
79,0.35976656626
80,0.659974749664
81,0.553619535775
82,0.686498572863
83,0.541017556635
84,0.396722607111
85,0.647968348196
86,0.364133669579
87,0.561318756549
88,0.212438614008
89,0.612553137707
90,0.122754884954
91,0.619501611898
92,0.45706413595
93,0.0
94,0.0
95,0.420902282573
96,0.322700744891
97,0.763211000279
98,0.392878354001
99,0.349676745286
100,0.674479471819
101,0.665563059743
102,0.392247447938
103,0.718556073421
104,0.141031341951
105,0.0
106,0.0660140171962
107,0.159457023627
108,0.640897853759
109,0.376935208447
110,0.542386125815
111,0.59627498272
112,0.539438430643
113,0.56861274101
114,0.593015655621
115,0.483377383353
116,0.625607501751
117,0.534891688363
118,0.178584752164
119,0.209670660778
120,0.280747642696
121,0.116846909077
122,0.0800752415501
123,0.0779722866002
124,0.108073516796
125,0.175928642675
126,0.260836824957
127,0.344278795577
128,0.109053061676
129,0.232792441701
130,0.0847096592967
131,0.345411504796
132,0.211131730171
133,0.253940045531
134,0.304192098095
135,0.0906632680932
136,0.364301717201
137,0.487980414911
138,0.459828659657
139,0.208049571155
140,0.267820860254
141,0.0827638424549
142,0.250661005395
143,0.385642138379
144,0.40319693824
145,0.700796636146
146,0.304914046446
147,0.562351925876
148,0.413095646089
149,0.0398933629099
150,0.214822383396
151,0.0881390055506
152,0.354238090354
153,0.321136482761
154,0.473742571749
155,0.290637733009
156,0.366110092524
157,0.00582478489479
158,0.453681510532
159,0.297486635546
160,0.174028460013
161,0.140579213683
162,0.376271575666
163,0.18872954166
164,0.00545013129063
165,0.0
166,0.24753065687
167,0.362913348023
168,0.321483921739
169,0.172398330536
170,0.295734441743
171,0.366308974975
172,0.287438189376
173,0.152443410529
174,0.455119783107
175,0.300300140171
176,0.439548325123
177,0.0489130006663
178,0.195225540522
179,0.628601095743
180,0.196736351399
181,0.5552614189
182,0.345815762549
183,0.523035789959
184,0.414945217863
185,0.384052265814
186,0.0
187,0.492609148609
188,0.214072723097
189,0.320944784615
190,0.0
191,0.105513658758
192,0.00206247613642
193,0.0
194,0.0
195,0.376296224401
196,0.484640277362
197,0.308878271665
198,0.3865793401
199,0.286870866307
200,0.265455587378
201,0.424602201596
202,0.309492710436
203,0.707278040352
204,0.339833450792
205,0.707276040159
206,0.581695481898
207,0.199621360718
208,0.362136492011
209,0.179730643191
210,0.0
211,0.486243430059
212,0.773266727892
213,0.380029249264
214,0.354207182006
215,0.671577878234
216,0.379035578442
217,0.693495833194
218,0.482712255727
219,0.263466270537
220,0.180941586227
221,0.305183896839
222,0.0
223,0.0
224,0.0
225,0.0
226,0.0
227,0.0
228,0.0
229,0.289849429905
230,0.058998013894
231,0.0685143395252
232,0.0
233,0.131372319414
234,0.173424238509
235,0.175596388849
236,0.253719156074
237,0.36802995657
238,0.11903765442
239,0.13819592089
240,0.334402985673
241,0.136979007139
242,0.166666973729
243,0.0
244,0.240907130091
245,0.0901033573574
246,0.0
247,0.254514295616
248,0.0
249,0.3571217914
250,0.683068603817
251,0.53251252267
252,0.507351754508
253,0.362419418799
254,0.225352112676
255,0.158433641271
256,0.0
257,0.359620379042
258,0.487307463967
259,0.473509260472
260,0.483996868568
261,0.115246030724
262,0.49545646447
263,0.265298624776
264,0.0
265,0.479898266888
266,0.176119450739
267,0.383889072469
268,0.207117256213
269,0.295364702725
270,0.161181215618
271,0.24545306917
272,0.0440931968269
273,0.0295286767985
274,0.157752669201
275,0.0
276,0.0
277,0.401919035748
278,0.262580469015
279,0.013664541893
280,0.277298409772
281,0.517296702281
282,0.502809807311
283,0.110411269514
284,0.467387206083
285,0.529662554377
286,0.0973414902749
287,0.0142497200921
288,0.198910056467
289,0.638642165541
290,0.176785869124
291,0.0
292,0.0
293,0.0
294,0.0
295,0.0
296,0.164553716544
297,0.572177335938
298,0.475219492781
299,0.0
300,0.0
301,0.0849835623675
302,0.043321698785
303,0.630854347252
304,0.437901085853
305,0.193496483244
306,0.515999139956
307,0.293015424258
308,0.0
309,0.180000983039
310,0.568568176345
311,0.180406405654
312,0.62940483523
313,0.175740541267
314,0.509327519313
315,0.344164753445
316,0.0
317,0.0
318,0.0
319,0.354671874216
320,0.0
321,0.0
322,0.254216986134
323,0.673407128219
324,0.188308340299
325,0.538742106548
326,0.421753748827
327,0.219581531173
328,0.399434236667
329,0.0
330,0.6284971134
331,0.369805126602
332,0.611223460642
333,0.0702473943691
334,0.0926927259161
335,0.124863885112
336,0.0
337,0.0843741894362
338,0.0833716756587
339,0.147714495013
340,0.111688433233
341,0.175072239557
342,0.0938714413071
343,0.0577396995526
344,0.309982365827
345,0.174951621768
346,0.156323271523
347,0.219590118488
348,0.100208251819
349,0.216955469288
350,0.403784699978
351,0.275834835618
352,0.12430745032
353,0.332401202743
354,0.433831306051
355,0.175809066418
356,0.21821664437
357,0.347465092874
358,0.0
359,0.0
360,0.0
361,0.0
362,0.0
363,0.0
364,0.0
365,0.0
366,0.0
367,0.551496489886
368,0.216570068166
369,0.365033336944
370,0.138073811064
371,0.470157103672
372,0.177078199679
373,0.32812940907
374,0.265208150307
375,0.582575209742
376,0.520741421901
377,0.22600103267
378,0.456962601946
379,0.0954504143919
380,0.0150849650221
381,0.010835860318
382,0.350594098652
383,0.496340671671
384,0.173461225464
385,0.241067929035
386,0.473776029677
387,0.299732355655
388,0.243743115794
389,0.304702136264
390,0.443523648564
391,0.0568411279925
392,0.00658746830246
393,0.1188299211
394,0.642137617287
395,0.211667064683
396,0.13385381982
397,0.510864741294
398,0.344584988943
399,0.376170824797
400,0.026402640264
401,0.0
402,0.0
403,0.37631725402
404,0.32777232166
405,0.413700680893
406,0.329776667749
407,0.386854858573
408,0.30021013302
409,0.407974409553
410,0.385392630023
411,0.618270673322
412,0.515018174098
413,0.622094766524
414,0.423172340714
415,0.586568229109
416,0.476787881192
417,0.555544069704
418,0.368479808603
419,0.209363715214
420,0.437818206368
421,0.33707260567
422,0.592383809001
423,0.197603118889
424,0.546791328308
425,0.133303597186
426,0.277189653853
427,0.290658922571
428,0.233110504692
429,0.482430396962
430,0.13948335079
431,0.20489310488
432,0.160366864886
433,0.448842468405
434,0.226102136852
435,0.0578822942009
436,0.393201941465
437,0.147725277072
438,0.0568423303041
439,0.107402148331
440,0.0
441,0.272001987068
442,0.127184436261
443,0.0523755759707
444,0.0590111450822
445,0.372391185752
446,0.181630476266
447,0.372892776594
448,0.390095125901
449,0.0274943989556
450,0.203092414167
451,0.262853371276
452,0.13250064447
453,0.0
454,0.0
455,0.266666666667
456,0.555645765206
457,0.0
458,0.0739596635316
459,0.363662981032
460,0.223365077032
461,0.513125650824
462,0.26674790963
463,0.227694840138
464,0.088191196362
465,0.194707051967
466,0.155580001052
467,0.167388195754
468,0.0847881323346
469,0.0398779080895
470,0.204525182143
471,0.00601596688103
472,0.0
473,0.110656831136
474,0.0239758624985
475,0.0
476,0.0
477,0.20177840989
478,0.0
479,0.444927860735
480,0.52704328494
481,0.0658579833431
482,0.217941179424
483,0.257998431799
484,0.417447301348
485,0.0167193351342
486,0.0726007070125
487,0.388202563241
488,0.0499993311733
489,0.397901335056
490,0.0
491,0.091803205786
492,0.627437052195
493,0.21801149336
494,0.307715719868
495,0.112696195592
496,0.239078722252
497,0.623054053398
498,0.14731472948
499,0.272398192694
500,0.321825074539
501,0.503971397892
502,0.111894518378
503,0.44065051775
504,0.0
505,0.0
506,0.0
507,0.0
508,0.0
509,0.0
510,0.0
511,0.0
512,0.0
513,0.0
514,0.0
515,0.0
516,0.0
517,0.0
518,0.0
519,0.0
520,0.0
521,0.0
522,0.0
523,0.0
524,0.0488738920481
525,0.180845271931
526,0.142300532337
527,0.106693174944
528,0.210430603947
529,0.0
530,0.0
531,0.0
532,0.136356822405
533,0.198506658447
534,0.118825230953
535,0.593562971627
536,0.719815337697
537,0.0
538,0.170212765957
539,0.0660140171962
540,0.0891743156546
541,0.230332475236
542,0.727125532509
543,0.674919722557
544,0.620664642341
545,0.736721826945
546,0.542036487769
547,0.574539231131
548,0.304651837409
549,0.671205969168
550,0.256706862206
551,0.474190707001
552,0.105367606778
553,0.0568985056993
554,0.25154344871
555,0.0047532048756
556,0.0328827543323
557,0.0
558,0.198288985968
559,0.0891245330029
560,0.0214905486453
561,0.186200349797
562,0.152180149403
563,0.214559305501
564,0.305840362004
565,0.34014987255
566,0.26106735296
567,0.369445331349
568,0.0
569,0.0657881414846
570,0.2863891244
571,0.0602075035168
572,0.543006005674
573,0.432669203643
574,0.56401581173
575,0.550882122373
576,0.426472103727
577,0.23123959436
578,0.312282599713
579,0.107020609108
580,0.397790657235
581,0.162100861391
582,0.0902049209949
583,0.47334884431
584,0.0373741899617
585,0.173272907474
586,0.496863709064
587,0.0611739700584
588,0.118929156828
589,0.104287550733
590,0.0206652575571
591,0.342685861657
592,0.165243810273
593,0.0401404878574
594,0.494891014438
595,0.5126810944
596,0.290485938807
597,0.497757140337
598,0.546362622415
599,0.437985621934
600,0.505821500376
601,0.540407847571
602,0.436193189492
603,0.0857101603917
