site,dnds
1,0.0
2,0.0
3,0.0
4,0.243227596214
5,0.0
6,0.246298752731
7,0.399811819651
8,0.112245489878
9,0.210336903584
10,0.419353223368
11,0.160965231815
12,0.113161496815
13,0.207874456698
14,0.0962191220974
15,0.266068416709
16,0.300114125357
17,0.28028499605
18,0.531628324979
19,0.445737766736
20,0.0933654420337
21,0.464391152301
22,0.259708223763
23,0.173800483007
24,0.0884651144963
25,0.190136279105
26,0.443225826836
27,0.293809857588
28,0.460152866211
29,0.0949978723999
30,0.247502073322
31,0.0
32,0.209641411938
33,0.0
34,0.0
35,0.115365068626
36,0.196479763989
37,0.0182220579115
38,0.227389724814
39,0.0640003454536
40,0.131808397319
41,0.117383293497
42,0.136079365578
43,0.525026974819
44,0.580351480139
45,0.413708450028
46,0.127001970744
47,0.39634616735
48,0.525165009809
49,0.287789526638
50,0.167251082661
51,0.412155311528
52,0.482921785855
53,0.442560873866
54,0.30996634957
55,0.548751527304
56,0.274691833654
57,0.227068234068
58,0.153217241232
59,0.286211445146
60,0.218925550582
61,0.0847601940054
62,0.183141715371
63,0.141713565428
64,0.316747461638
65,0.0
66,0.0962928819667
67,0.306189651585
68,0.102691362073
69,0.571461973706
70,0.335007778163
71,0.603976688109
72,0.190166504587
73,0.32857238189
74,0.512975340636
75,0.594172959703
76,0.0453443037121
77,0.362633504386
78,0.513299212103
79,0.201282304944
80,0.0912431224988
81,0.26510107136
82,0.373988232533
83,0.272556836487
84,0.141150072853
85,0.161595556063
86,0.310895728185
87,0.193541627173
88,0.401247289742
89,0.519466022646
90,0.0955315033624
91,0.0453593246992
92,0.104248730063
93,0.35340881204
94,0.143009986985
95,0.117461899799
96,0.251920955912
97,0.125783302768
98,0.216153829535
99,0.0924830817888
100,0.568306375654
101,0.515869180902
102,0.649523414942
103,0.558455036866
104,0.456146845687
105,0.24989687999
106,0.131704015725
107,0.153294737954
108,0.672259893163
109,0.36064717254
110,0.594061370706
111,0.3187787839
112,0.313878864605
113,0.494638727942
114,0.302909231583
115,0.389969723105
116,0.516097099231
117,0.561259515755
118,0.543417411941
119,0.273410526117
120,0.629131301785
121,0.571051122944
122,0.306634350117
123,0.619583196563
124,0.614874202809
125,0.331906219588
126,0.478578536444
127,0.661273026131
128,0.532875392604
129,0.0567117864983
130,0.280064336804
131,0.358319864386
132,0.492928487173
133,0.325593013363
134,0.161243285561
135,0.411052137025
136,0.0880506187621
137,0.028932781409
138,0.454261359964
139,0.44846696221
140,0.390606867108
141,0.529290860703
142,0.638607851282
143,0.364536951596
144,0.214715429705
145,0.548891263544
146,0.598791852064
147,0.460062819703
148,0.368675624801
149,0.551365535099
150,0.590859476127
151,0.301345325913
152,0.314698647937
153,0.0983029403398
154,0.146990332669
155,0.277188599691
156,0.17311688898
157,0.267139029457
158,0.39141404443
159,0.180943857986
160,0.232676858033
161,0.133909981774
162,0.167902640273
163,0.450258640929
164,0.0722869194229
165,0.604681772959
166,0.474349282573
167,0.509524348346
168,0.224144647174
169,0.149648419861
170,0.513494486377
171,0.126766763505
172,0.447579915792
173,0.155332732137
174,0.335922662094
175,0.429933894896
176,0.459057671799
177,0.45713390493
178,0.27137250384
179,0.310705303062
180,0.0
181,0.332410087427
182,0.614669838089
183,0.286747055109
184,0.367018729151
185,0.264098827244
186,0.196179470372
187,0.375950553954
188,0.0
189,0.0
190,0.0
191,0.0
192,0.0867325491054
193,0.246707046226
194,0.141031341951
195,0.0
196,0.1
197,0.148335205944
198,0.301498337457
199,0.290961044262
200,0.0
201,0.193807193452
202,0.165394871265
203,0.587144873114
204,0.54671065238
205,0.490532447914
206,0.457870999515
207,0.637847303347
208,0.563358063517
209,0.214767753895
210,0.198391799578
211,0.0156087782129
212,0.148531538691
213,0.0932407137879
214,0.120496903728
215,0.40038497088
216,0.586076784959
217,0.0618769258259
218,0.376850728851
219,0.0149259241804
220,0.244790402098
221,0.202838642038
222,0.2568278894
223,0.0934989181845
224,0.534127134007
225,0.327518319151
226,0.315932391622
227,0.0463621187307
228,0.192060147206
229,0.0
230,0.0
231,0.20524619887
232,0.0
233,0.0951837744378
234,0.363141264261
235,0.217009725417
236,0.240153359526
237,0.516650573808
238,0.256540485134
239,0.0466728185061
240,0.0
241,0.548384407136
242,0.424837382635
243,0.724248072494
244,0.47596968462
245,0.289947254437
246,0.344433617485
247,0.574064541046
248,0.490826154023
249,0.287862671532
250,0.517353664679
251,0.392795580214
252,0.132429064184
253,0.519049115753
254,0.595174590406
255,0.283003453368
256,0.445034700653
257,0.559349799248
258,0.679018094136
259,0.0
260,0.469762837788
261,0.419791257804
262,0.283799770834
263,0.349467692176
264,0.201056791986
265,0.169295372958
266,0.126588741252
267,0.620657695493
268,0.089370258157
269,0.205263738378
270,0.202769808358
271,0.00766921852388
272,0.0803909221908
273,0.120926274972
274,0.123232695348
275,0.0
276,0.15221136384
277,0.127186951198
278,0.337193018769
279,0.411553046375
280,0.432379794351
281,0.305113115317
282,0.488803458374
283,0.110851439701
284,0.0751815132678
285,0.443545309843
286,0.17068560107
287,0.425683325144
288,0.0758165513068
289,0.119760771113
290,0.147270238112
291,0.103579959312
292,0.0911073599571
293,0.2497348355
294,0.0
295,0.0
296,0.0
297,0.0
298,0.106638027778
299,0.0571428571429
300,0.0
301,0.0
302,0.0
303,0.0772812312285
304,0.196890413366
305,0.500274759747
306,0.0
307,0.0
308,0.0
309,0.199955395779
310,0.290287954104
311,0.447207593381
312,0.641713012571
313,0.772929175254
314,0.212812872114
315,0.315871106178
316,0.386989384548
317,0.314249657822
318,0.11966013986
319,0.0
320,0.125
321,0.0
322,0.293205148856
323,0.522626001272
324,0.469782330468
325,0.53237308709
326,0.347432038126
327,0.64966033877
328,0.606381993205
329,0.446812699529
330,0.199062074641
331,0.63965515099
332,0.384983951298
333,0.0894105821188
334,0.48412159264
335,0.566903945752
336,0.266006612817
337,0.0
338,0.429083685701
339,0.551863743093
340,0.00683452188676
341,0.304491236217
342,0.360840395347
343,0.517184055071
344,0.467564454429
345,0.437787936053
346,0.0280249328338
347,0.350097690922
348,0.11968371174
