site,dnds
1,0.0
2,0.163477043095
3,0.146508403925
4,0.453893337392
5,0.545489034329
6,0.426677845156
7,0.590698822431
8,0.130065974137
9,0.658588858367
10,0.472950345819
11,0.141764654735
12,0.581181612353
13,0.632231930815
14,0.426874521391
15,0.469416370379
16,0.602457595632
17,0.332165209169
18,0.434333164542
19,0.403752768435
20,0.576784561688
21,0.0590576127402
22,0.434231061423
23,0.578330491342
24,0.708167181248
25,0.282109112404
26,0.0
27,0.375700698557
28,0.655699980851
29,0.745257705757
30,0.808431946546
31,0.756514196839
32,0.699797182208
33,0.0560118933786
34,0.181044885481
35,0.507796678128
36,0.69150831794
37,0.355983515239
38,0.295243486063
39,0.393220097109
40,0.472654884852
41,0.420027973712
42,0.565842200977
43,0.625460352522
44,0.531522592682
45,0.508352866867
46,0.509582189494
47,0.715920635272
48,0.580728281529
49,0.505024177934
50,0.443377133755
51,0.708642187393
52,0.736319197892
53,0.52043299181
54,0.726300426034
55,0.139744240229
56,0.248782763914
57,0.31901150002
58,0.378198493017
59,0.721570059183
60,0.742156896456
61,0.653878232124
62,0.676490604024
63,0.741466564782
64,0.775836729733
65,0.672120812534
66,0.181818181818
67,0.577456368459
68,0.492993739389
69,0.442551700235
70,0.441020549319
71,0.335047595454
72,0.0377696331377
73,0.35733467453
74,0.155329245383
75,0.124879598336
76,0.119402985075
77,0.169014084507
78,0.0
79,0.642947801102
80,0.637113618106
81,0.273731877195
82,0.387190633917
83,0.451551304557
84,0.0737209287469
85,0.230769230769
86,0.0729628611116
87,0.106666666667
88,0.173913043478
89,0.111111111111
90,0.739890859846
91,0.426643920628
92,0.759875136577
93,0.536374172742
94,0.488061506493
95,0.779507881334
96,0.568160051436
97,0.535455919356
98,0.838391629983
99,0.716225571531
100,0.849302760047
101,0.57709954439
102,0.540550207824
103,0.754498034406
104,0.388169527553
105,0.315584684638
106,0.680129084193
107,0.636872989828
108,0.606609605137
109,0.627774203048
110,0.219361282729
111,0.256972119191
112,0.094571101893
113,0.417427123408
114,0.0610340160371
115,0.535247046637
116,0.227299094207
117,0.120725154104
118,0.0
119,0.0
120,0.602160382174
121,0.649446146436
122,0.418804953413
123,0.451451982773
124,0.706505716389
125,0.690463240532
126,0.677399630482
127,0.704118515968
128,0.679325792139
129,0.395858887785
130,0.443749755734
131,0.278384940028
132,0.635923761638
133,0.317478184521
134,0.194103496405
135,0.319210367875
136,0.336304247884
137,0.455015830569
138,0.616858418096
139,0.297636746016
140,0.341820494116
141,0.125032860544
142,0.492007533228
143,0.690308742706
144,0.552653978711
145,0.443681747899
146,0.0759745675609
147,0.24481354205
148,0.0366196188264
149,0.104258027534
150,0.409434881611
151,0.116995274988
152,0.115841269546
153,0.201358493621
154,0.0450829801935
155,0.25151023371
156,0.212342314764
157,0.0534653739077
158,0.179041917475
159,0.170543542782
160,0.432135685763
161,0.208713529997
162,0.391393843881
163,0.0546988485585
164,0.401571764138
165,0.516637045055
166,0.372470089451
167,0.463129922091
168,0.56275917394
169,0.538740065635
170,0.537055916587
171,0.62346543499
172,0.688982985739
173,0.590395209939
174,0.437728708803
175,0.468466671197
176,0.404998112971
177,0.0
178,0.246269096962
179,0.416057612197
180,0.32125969099
181,0.0569017150685
182,0.275778629707
183,0.0
184,0.439454097608
185,0.0
186,0.464451737699
187,0.409212677137
188,0.230227549756
189,0.624534675507
190,0.607954039605
191,0.277999287159
192,0.284843628814
193,0.585000106251
194,0.601917389988
195,0.198214178448
196,0.309504934832
197,0.549970018698
198,0.604164266866
199,0.340497064502
200,0.487795936561
201,0.123593882475
202,0.631541226329
203,0.508991086872
204,0.676938521123
205,0.692564780655
206,0.567328449261
207,0.245209744142
208,0.201555225277
209,0.0
210,0.166666666667
211,0.0
212,0.170212765957
213,0.0
214,0.0
215,0.0
216,0.259358720208
217,0.770166472063
218,0.257892871439
219,0.803068196152
220,0.627907394497
221,0.814178950928
222,0.738359257041
223,0.806670587506
224,0.636565654275
225,0.710403766745
226,0.56735892443
227,0.624308181161
228,0.630678390037
229,0.586117637351
230,0.609227547631
231,0.552400628353
232,0.477728387091
233,0.551883519061
234,0.341353859373
235,0.637050691243
236,0.56909071232
237,0.523116887493
238,0.561724704563
239,0.395656991453
240,0.857080289393
241,0.73299467791
242,0.712467794974
243,0.657743047436
244,0.770063672639
245,0.530780940189
246,0.716200902073
247,0.704931606232
248,0.482187935867
249,0.498436546313
250,0.450205939848
251,0.717174198721
252,0.63454373846
253,0.130416420456
254,0.295067561197
255,0.487466845044
256,0.806997042365
257,0.843019396459
258,0.782568380216
259,0.848243538726
260,0.199978002884
261,0.109600721073
262,0.0
263,0.0
264,0.125
265,0.0
266,0.0114797376187
267,0.308249948688
268,0.153846153846
269,0.0
270,0.0
271,0.0
272,0.0
273,0.00235789118121
274,0.291694534922
275,0.39549072212
276,0.427951176902
277,0.452101371528
278,0.18904462739
279,0.523634147305
280,0.662640197379
281,0.585866599791
282,0.16658672679
283,0.442436328779
284,0.550143362471
285,0.0579235868726
286,0.082674418124
287,0.678423502289
288,0.675919878627
289,0.646358443887
290,0.799375528712
291,0.661947589233
292,0.591873966311
293,0.61419524486
294,0.67355645761
295,0.578873778431
296,0.579448685656
297,0.600956251248
298,0.755117303299
299,0.760915793883
300,0.741780866912
301,0.762122064158
302,0.754415671107
303,0.754159837598
304,0.497114878418
305,0.4287916791
306,0.664786835224
307,0.804459755342
308,0.408129016682
309,0.0
310,0.217102652379
311,0.11969204115
312,0.1218298991
313,0.237886114522
314,0.0
315,0.0
316,0.52694168832
317,0.0798176901219
318,0.00215417172056
319,0.151107356571
320,0.42217507456
321,0.0
322,0.0
323,0.0
324,0.0
325,0.0
326,0.0
327,0.0
328,0.0
329,0.0
330,0.0
331,0.0
332,0.0
333,0.0
334,0.0
335,0.0
336,0.0
337,0.0
338,0.0
339,0.0
340,0.295744610431
341,0.00556319736467
342,0.611793522722
343,0.58642051175
344,0.405990697899
345,0.779096087157
346,0.08
347,0.412963747435
348,0.644897719235
349,0.0775491027295
350,0.0
351,0.33951083707
352,0.0
353,0.0
354,0.0
355,0.0
356,0.0
357,0.122012046267
358,0.622429740817
359,0.691400133653
360,0.295149068648
361,0.338212802003
362,0.789112936839
363,0.656186693099
364,0.19796546827
365,0.10073998085
366,0.0
367,0.0
368,0.0
369,0.0
370,0.0501552795449
371,0.547912268552
372,0.440204133112
373,0.769924086255
374,0.72023124685
375,0.740852824994
376,0.828186869306
377,0.767867594957
378,0.548943084893
379,0.821062392817
380,0.504219194045
381,0.525381723795
382,0.66361782739
383,0.682908633193
384,0.758198602567
385,0.768365843341
386,0.641772823848
387,0.76324966467
388,0.56900529661
389,0.587802628049
390,0.508221365427
391,0.597805049123
392,0.5240772929
393,0.690685991864
394,0.739026801028
395,0.762429157695
396,0.804858591023
397,0.626439200903
398,0.679621715697
399,0.448991396292
400,0.440045306358
401,0.783865311828
402,0.790635331413
403,0.821472935633
404,0.62154837401
405,0.660404606394
406,0.555854760101
407,0.598362492876
408,0.602769700859
409,0.129186271838
410,0.598984031379
411,0.721933202792
412,0.703938932062
413,0.665468236749
414,0.54854842104
415,0.761565546862
416,0.600803643248
417,0.598112495225
418,0.0867325491054
419,0.142857142857
420,0.0573363030153
421,0.166138074742
422,0.361382168755
423,0.36588881716
424,0.257511184338
425,0.156053417552
426,0.230987183322
427,0.383416942361
428,0.0362264876016
429,0.178995703057
430,0.833071215917
431,0.794565009392
432,0.739196293185
433,0.258702285237
434,0.482063066396
435,0.593076705782
436,0.259046307959
437,0.368721635627
438,0.428959151792
439,0.151078947074
440,0.214553334272
441,0.139935797524
442,0.346508197373
443,0.136042370725
444,0.199146161319
445,0.433657351839
446,0.293558217867
447,0.0
448,0.147939421848
449,0.468474694358
450,0.319326909915
451,0.724131543987
452,0.0941667676001
453,0.310766527288
454,0.191367612136
455,0.0
456,0.796146885186
457,0.17782034865
458,0.0285422307216
459,0.0133853753693
460,0.0
461,0.226579292003
462,0.137866212533
463,0.172909594493
464,0.143259481763
465,0.222231821753
466,0.171719016253
467,0.177113191278
468,0.152611884595
469,0.630199005496
470,0.742353556239
471,0.1
472,0.126026760102
473,0.0
474,0.194389152513
475,0.132028034392
476,0.191305074679
477,0.0
478,0.191537218639
479,0.299329574944
480,0.0952380952381
481,0.0
482,0.333704430568
483,0.268787686909
484,0.524371867149
485,0.759087069518
486,0.759747996078
487,0.789371197218
488,0.753893740415
489,0.539814850627
490,0.622794976518
491,0.521010579895
492,0.634835787614
493,0.671479162412
494,0.700873440342
495,0.0995271759046
496,0.421897350877
497,0.620173462349
498,0.304517950623
499,0.543005878016
500,0.415608779777
501,0.372877562502
502,0.323017384571
503,0.523113666972
504,0.564228580231
505,0.709427207671
506,0.753918375827
507,0.379151538101
508,0.329370273588
509,0.108677487283
510,0.388572701214
511,0.652674234578
512,0.550390444405
513,0.473593508679
514,0.198533488896
515,0.579701916018
516,0.698283986759
517,0.629305443982
518,0.77538966163
519,0.691750160304
520,0.46177912164
521,0.338982891187
522,0.58156812326
523,0.441223447375
524,0.194615716914
525,0.142461969069
526,0.0693111816588
527,0.172509461995
528,0.211148705727
529,0.266666666667
530,0.0
531,0.113163755951
532,0.0695083042471
533,0.119402985075
534,0.0
535,0.0
