site,dnds
1,0.0
2,0.0
3,0.279971666847
4,0.288978000161
5,0.431674884281
6,0.296628004512
7,0.485708783785
8,0.481238378585
9,0.650744773689
10,0.552061276044
11,0.580122904007
12,0.666495307511
13,0.627810991771
14,0.40151666506
15,0.725879154409
16,0.718192984639
17,0.74228583759
18,0.532198895525
19,0.168107830105
20,0.00972870750847
21,0.123089073542
22,0.117706423439
23,0.103217715577
24,0.151899865624
25,0.0
26,0.154801581625
27,0.0
28,0.120420838692
29,0.0620716367111
30,0.0
31,0.0865726461772
32,0.145130761261
33,0.248171908064
34,0.0549360032473
35,0.325816246044
36,0.0379763217398
37,0.00811790580388
38,0.257422010083
39,0.172293073587
40,0.19811530728
41,0.434188493531
42,0.566305618966
43,0.495079465994
44,0.484989422088
45,0.0265866082229
46,0.122831796216
47,0.158768112486
48,0.17155423127
49,0.0191219177258
50,0.107012804354
51,0.0
52,0.0567560561364
53,0.192945516034
54,0.537355465176
55,0.0547964139493
56,0.589085914023
57,0.0853610753912
58,0.0
59,0.0
60,0.136379456524
61,0.0660140171962
62,0.205142932477
63,0.288459743582
64,0.447476987261
65,0.432994104321
66,0.398047655269
67,0.261049201056
68,0.443492676389
69,0.313742287196
70,0.0203797854113
71,0.469096576899
72,0.19438548622
73,0.365696312429
74,0.607096969923
75,0.373206777908
76,0.366831609962
77,0.528965640046
78,0.53103656633
79,0.38521609127
80,0.0602736678748
81,0.0
82,0.461745882008
83,0.575664273228
84,0.392452614165
85,0.195282516009
86,0.0139866575249
87,0.491701312257
88,0.144252015424
89,0.526992806812
90,0.0973895346451
91,0.445424316199
92,0.229088351055
93,0.298773458398
94,0.331671210737
95,0.31870285982
96,0.128212195248
97,0.235148320283
98,0.0
99,0.0
100,0.0909045482702
101,0.16493495923
102,0.217090772472
103,0.333296415812
104,0.14452130108
105,0.0649758674491
106,0.427889769106
107,0.451816798797
108,0.635940632824
109,0.28276295902
110,0.169485816849
111,0.0819979844876
112,0.0372898680697
113,0.089951743779
114,0.228517317567
115,0.129731006815
116,0.0
117,0.0
118,0.170488618711
119,0.050575829781
120,0.22268191889
121,0.171837485296
122,0.0
123,0.140433355817
124,0.056311827366
125,0.2926533514
126,0.0440124401245
127,0.335539208368
128,0.00670844036756
129,0.00578774662347
130,0.295141017942
131,0.265205469842
132,0.57261115569
133,0.00474688462274
134,0.192574557528
135,0.180351089822
136,0.63618337655
137,0.0
138,0.272006273534
139,0.529822176757
140,0.6855023356
141,0.682812722001
142,0.0339291716157
143,0.168016444753
144,0.615483940575
145,0.316769317486
146,0.0
147,0.393844958716
148,0.0440473836459
149,0.441546420195
150,0.397676131083
151,0.0946779491986
152,0.104708310435
153,0.0991479900298
154,0.192678212785
155,0.0483924202486
156,0.270187778881
157,0.12244150896
158,0.238180113565
159,0.0281105208931
160,0.234208496452
161,0.113050284535
162,0.0599742727956
163,0.127262601649
164,0.0
165,0.0990210257943
166,0.207679877098
167,0.47842101831
168,0.372324708409
169,0.637569825973
170,0.714260468907
171,0.252429204104
172,0.294262515081
173,0.478055078727
174,0.494750958326
175,0.253498899296
176,0.225275239286
177,0.444994799743
178,0.363054938548
179,0.623371984703
180,0.0660140171962
181,0.0840825373049
182,0.095403554849
183,0.0
184,0.0
185,0.141722923512
186,0.0660140171962
187,0.0698124539733
188,0.0
189,0.0
190,0.277430539289
191,0.546830100338
192,0.331512555021
193,0.0723076869199
194,0.0694611103138
195,0.66440548478
196,0.496856987749
197,0.0
198,0.102558874112
199,0.257027065684
200,0.699312908395
201,0.238465602546
202,0.496156247281
203,0.239843423111
204,0.24120130295
205,0.247758291299
206,0.579572328876
207,0.525353211994
208,0.479582622673
209,0.0
210,0.0
211,0.0
212,0.0
213,0.0
214,0.824370637146
215,0.648599820943
216,0.417817212901
217,0.139265136225
218,0.25521697801
219,0.197285943218
220,0.391732190968
221,0.605010742584
222,0.67039553019
223,0.333413024701
224,0.0
225,0.0
226,0.0
227,0.0
228,0.0
229,0.156980024411
230,0.461147610923
231,0.53922016046
232,0.11123041937
233,0.286255062407
234,0.512837307773
235,0.324152489298
236,0.352763014768
237,0.0308742536369
238,0.283104470855
239,0.407551023375
240,0.56281583089
241,0.24756367735
242,0.530313281178
243,0.00837378000076
244,0.420424119556
245,0.0204747611423
246,0.319020279825
247,0.438439567872
248,0.450768152891
249,0.0523072570208
250,0.222375761243
251,0.0
252,0.296116087899
253,0.097652635029
254,0.447948174844
255,0.172468407585
256,0.362342766039
257,0.487640387156
258,0.170421457106
259,0.274315954173
260,0.0
261,0.159017296924
262,0.415912401556
263,0.119001091239
264,0.12167594186
265,0.421964637834
266,0.490127838865
267,0.067624946479
268,0.464466389593
269,0.0
270,0.402211983482
271,0.097926240736
272,0.280684207577
273,0.166807427717
274,0.371444345985
275,0.237753602115
276,0.126566787741
277,0.0712894697829
278,0.47597321218
279,0.0672142720543
280,0.0
281,0.115524530093
282,0.0446383605257
283,0.258164758673
284,0.0
285,0.296270593902
286,0.354219887146
287,0.242684944688
288,0.387959449015
289,0.683001342285
290,0.245818995241
291,0.0498982153794
292,0.529766074455
293,0.0421994720743
294,0.138028253895
295,0.382728823379
296,0.277767131765
297,0.567100747818
298,0.175083511269
299,0.483061017293
300,0.190264764511
301,0.552368214163
302,0.231506900194
303,0.581728665003
304,0.362528208067
305,0.295713441318
306,0.464363165148
307,0.0
308,0.0
309,0.0
310,0.0
311,0.0
312,0.0
313,0.0
314,0.0
315,0.0
316,0.0
317,0.0
318,0.0
319,0.0
320,0.0
321,0.0
322,0.345604281301
323,0.111650285622
324,0.383659754308
325,0.257035834379
326,0.570728415566
327,0.356618795881
328,0.397698040647
329,0.0
330,0.0
331,0.0
332,0.300915514765
333,0.494323241626
334,0.422934165678
335,0.291931701894
336,0.161105637205
337,0.395092388799
338,0.281175466548
339,0.491267685039
340,0.291162623444
341,0.0781491219421
342,0.395369264642
343,0.032602950179
344,0.130737202242
345,0.456152321054
346,0.281834591157
347,0.455323791701
348,0.755405611448
349,0.478694515626
350,0.636891428683
351,0.446516942522
352,0.102564102564
353,0.38964301181
354,0.51745097644
355,0.311039678383
356,0.673125554093
357,0.377749739213
358,0.183681081244
359,0.841612417144
360,0.699365612141
361,0.584459663298
362,0.355824545491
363,0.534745920171
364,0.071092018519
365,0.105260853464
366,0.535579534528
367,0.408110227682
368,0.00957003428659
369,0.0955050444724
370,0.259870233352
371,0.223000192272
372,0.256438015115
373,0.25813399257
374,0.00235789118121
375,0.182585291314
376,0.329116422067
377,0.126412407233
378,0.113987530169
379,0.0259611848919
380,0.267628189644
381,0.216613513216
382,0.00962473829927
383,0.153447745593
384,0.211196891836
385,0.00573808413463
386,0.0
387,0.147601203084
388,0.0
389,0.365733517797
390,0.453330273994
391,0.564205907299
392,0.549350589349
393,0.0313875226083
394,0.562450566464
395,0.584810282965
396,0.416896744023
397,0.18018731659
398,0.0952878072553
399,0.480915069715
400,0.319331250271
401,0.372950137616
402,0.36956888755
403,0.406478223117
404,0.150789935457
405,0.21543659351
406,0.114317146641
407,0.0186624632254
408,0.0
409,0.445661467614
410,0.029878865925
411,0.171627673134
412,0.106377647668
413,0.00951035923593
414,0.0493573896014
415,0.238286664582
416,0.386710546234
417,0.581458347907
418,0.435520388468
419,0.669559527051
420,0.415595208624
421,0.398911269206
422,0.459526379029
423,0.264619914566
424,0.278953099774
425,0.577852285171
426,0.552125310391
427,0.432140278771
428,0.540661383182
429,0.351466267042
430,0.438568648126
431,0.337689140754
432,0.64468104547
433,0.622816351365
434,0.505426959891
435,0.681364274929
436,0.147878673394
437,0.0
438,0.504841590922
439,0.464790779985
440,0.545402681026
441,0.521072780501
442,0.41794387795
443,0.553349354179
444,0.0
445,0.568647672217
446,0.373151690938
447,0.231016807466
448,0.461575518954
449,0.559938008944
450,0.323302041005
451,0.442446816458
452,0.109614048382
453,0.333896469448
454,0.389478820993
455,0.0410202747203
456,0.526101286438
457,0.491375810388
458,0.561851256436
459,0.34862309871
460,0.0
461,0.507537678263
462,0.0494774767116
463,0.515589378526
464,0.325609465887
465,0.326900980666
466,0.33844696496
467,0.0
468,0.197391816039
469,0.468173537965
470,0.331754782247
471,0.179870264413
472,0.433792791083
473,0.229870229455
474,0.266819765337
475,0.00558567961652
476,0.477303537776
477,0.295748774025
478,0.303080350789
479,0.538793172528
480,0.0426520065012
481,0.165813386017
482,0.445504345472
483,0.376919364891
484,0.16386697385
485,0.220254072776
486,0.395610686548
487,0.115623755249
488,0.635686186286
489,0.66012813672
490,0.58850440751
491,0.218728316468
492,0.109861228867
493,0.205158362379
494,0.471254979115
495,0.0976098347389
496,0.12903622541
497,0.394227474981
498,0.0891078904629
499,0.0
500,0.0
501,0.0
502,0.290836583333
503,0.033213067285
504,0.203658131667
505,0.40710342983
506,0.222895910449
507,0.582249098309
508,0.436341447497
509,0.600176445333
510,0.490325013099
511,0.461767181654
512,0.411063587809
513,0.204493299743
514,0.299539062414
515,0.176887770259
516,0.423356514165
517,0.415416649382
518,0.549017823653
519,0.643621990837
520,0.580703669301
521,0.714612603184
522,0.0
523,0.0
524,0.170045825553
525,0.117628868097
526,0.330507856089
527,0.287527876003
528,0.075247878856
529,0.0
530,0.14740514931
531,0.104010607608
532,0.0
533,0.233610853125
534,0.20215119102
535,0.3444812329
536,0.415383245116
537,0.751684713873
538,0.4366406075
539,0.371688776256
540,0.234016197135
541,0.257017092016
542,0.166424463796
543,0.5094755974
544,0.206418435083
545,0.341261305392
546,0.268482407548
547,0.577908879891
548,0.148372178363
549,0.267888161207
550,0.165489742588
551,0.558394636326
552,0.0953735617136
553,0.100086411894
554,0.0
555,0.448460584345
556,0.247948628855
557,0.543544321302
558,0.317726148948
559,0.56499429694
560,0.0845987433911
561,0.55184135943
562,0.125358519069
563,0.175349138326
564,0.0
565,0.0
566,0.0
567,0.604399630614
568,0.547186137789
569,0.427951342166
570,0.0758918325041
571,0.580659061706
572,0.214440890406
573,0.600612089117
574,0.0886012864935
575,0.0717622323287
576,0.0920148659668
577,0.306755132723
578,0.339693528732
579,0.363021915132
580,0.387378550095
581,0.606109030067
582,0.0345488178837
583,0.487751490536
584,0.58627698981
585,0.546921111113
586,0.383770557338
587,0.325837171076
588,0.42720393454
589,0.306312765293
590,0.467014877353
591,0.217853262926
592,0.533882883304
593,0.381921843207
594,0.116846423285
595,0.404348206468
596,0.224286039584
597,0.491797410133
598,0.0
599,0.516068849097
600,0.197616608474
601,0.441694575476
602,0.284144384544
603,0.31775143311
604,0.327371740297
605,0.625706448038
606,0.288736441901
607,0.586656627224
608,0.12565552549
609,0.479354665357
610,0.625752214892
611,0.133962396382
612,0.547802048592
613,0.658553888189
614,0.0395449774386
615,0.226446852329
616,0.712445101088
617,0.637488180113
618,0.536067292476
619,0.32094578183
620,0.52120427943
621,0.284941195946
622,0.321170602161
623,0.124319260952
624,0.194493492434
625,0.344082708085
626,0.168251769051
627,0.137948925063
628,0.249551363046
629,0.421041550986
630,0.425960118803
631,0.370989576441
632,0.261086058409
633,0.456553295059
634,0.544249477797
635,0.27038297153
636,0.305977935598
637,0.275011948547
638,0.572211038699
639,0.614196602596
640,0.453865230452
641,0.450271906695
642,0.249651840544
643,0.245631598098
644,0.221002511236
645,0.0
646,0.0553736792388
647,0.235401851441
648,0.171935474216
649,0.169583247581
650,0.0233819102662
651,0.102862921299
652,0.00904924683205
653,0.0
654,0.766860763869
655,0.574573075645
656,0.681591812885
657,0.13973476446
658,0.521095942498
659,0.286152373181
660,0.187122093595
661,0.00601771642857
662,0.0728569458434
663,0.0544413313521
664,0.0
665,0.56759423397
666,0.488804674009
667,0.135611357503
668,0.148231591898
669,0.0939002071529
670,0.256906237666
671,0.0378965172145
672,0.473904581608
673,0.556384346002
674,0.14865171807
675,0.051230453308
676,0.0
677,0.0605874212038
678,0.182272002976
679,0.0
680,0.187612134295
681,0.00688543747144
682,0.151122313813
683,0.0109206410173
684,0.0
685,0.482723167565
686,0.276771345089
687,0.307134538739
688,0.302550183189
689,0.0732832448851
690,0.0245967057814
691,0.181197516583
692,0.0762341725295
693,0.197366461117
694,0.159511712998
695,0.231366182361
696,0.298032198198
697,0.0121444361763
698,0.335003664162
699,0.13309913169
700,0.00600012627358
701,0.105665522763
702,0.208319626547
703,0.126070557121
704,0.183230034574
705,0.471057341629
706,0.162230659368
707,0.227850363598
708,0.448764386637
709,0.2415137703
710,0.292809522187
711,0.401963688303
712,0.4587627188
713,0.611282141495
714,0.273457414595
715,0.0571428571429
716,0.0
717,0.0
