site,dnds
1,0.0
2,0.0
3,0.0
4,0.0
5,0.0
6,0.0
7,0.0
8,0.0330586250526
9,0.0733480623416
10,0.147534166533
11,0.394475085624
12,0.48179582521
13,0.607041639353
14,0.252583860998
15,0.711772118048
16,0.506653820904
17,0.428154943754
18,0.512888738991
19,0.358540008724
20,0.370266969239
21,0.20199580919
22,0.331781569817
23,0.414988884109
24,0.0556708432868
25,0.415051778919
26,0.0487570842679
27,0.640540234201
28,0.300782218998
29,0.273208619865
30,0.63850516134
31,0.681828829106
32,0.648571900418
33,0.0902582046219
34,0.39211310656
35,0.627765226435
36,0.644566905048
37,0.209259483556
38,0.0534679263439
39,0.17947626498
40,0.21464736523
41,0.178011323227
42,0.101694915254
43,0.430830312438
44,0.655102652937
45,0.791056030888
46,0.808551971778
47,0.728244854582
48,0.268443534471
49,0.0313525399939
50,0.0933915556038
51,0.665952096817
52,0.260235790136
53,0.454520765793
54,0.0739356992597
55,0.066809366801
56,0.0772314491635
57,0.579561344784
58,0.190275300022
59,0.215367521587
60,0.533547440746
61,0.492405463008
62,0.551885529716
63,0.312088992777
64,0.311889085494
65,0.554085762048
66,0.206263274498
67,0.692516409568
68,0.632089413383
69,0.125
70,0.697788738578
71,0.557580499993
72,0.615508832229
73,0.359601317953
74,0.348739253034
75,0.658122796697
76,0.602799731049
77,0.0
78,0.0
79,0.0
80,0.0
81,0.0
82,0.0
83,0.0
84,0.0
85,0.0
86,0.0
87,0.572880542556
88,0.41693703588
89,0.0995968929741
90,0.224274127187
91,0.0924196240747
92,0.613500561886
93,0.640576330674
94,0.522713637803
95,0.301365963902
96,0.0
97,0.0
98,0.0990210257943
99,0.224402913271
100,0.160266092741
101,0.240050971622
102,0.216544201817
103,0.263486040477
104,0.219714577989
105,0.255338354111
106,0.149647310542
107,0.0
108,0.0
109,0.0
110,0.401258642956
111,0.522598795578
112,0.564191099786
113,0.652902976658
114,0.0
115,0.0
116,0.0
117,0.0
118,0.792708201578
119,0.533308953211
120,0.703978462034
121,0.360659235114
122,0.362761050593
123,0.753416369888
124,0.0
125,0.0
126,0.0
127,0.0
128,0.0
129,0.0
130,0.298560323418
131,0.38090812399
132,0.515989468859
133,0.488695587264
134,0.404105785308
135,0.461373423379
136,0.625145042341
137,0.0
138,0.454371454252
139,0.532378017386
140,0.524489094913
141,0.293930332116
142,0.216445934624
143,0.303512144085
144,0.141985128126
145,0.652167523983
146,0.170259884905
147,0.268632769745
148,0.246078154274
149,0.186125713082
150,0.311752345882
151,0.749382754457
152,0.470754026769
153,0.00188720005185
154,0.457479459748
155,0.436633101255
156,0.578468232823
157,0.445382906721
158,0.554187814882
159,0.513597880126
160,0.189653661523
161,0.218917293239
162,0.518886419711
163,0.238380818047
164,0.0543582727212
165,0.124853244088
166,0.110387201517
167,0.154476019869
168,0.514746523007
169,0.113391807708
170,0.0706532112467
171,0.0
172,0.0217664519635
173,0.459921338397
174,0.452991369594
175,0.674973411738
176,0.352842533497
177,0.680420713047
178,0.553041173256
179,0.405357304351
180,0.312288145184
181,0.547885299786
182,0.442516072074
183,0.317605850719
184,0.492497934805
185,0.578240024013
186,0.449978882922
187,0.225950681754
188,0.537565734384
189,0.449407832595
190,0.577974302478
191,0.08664339757
192,0.306166605333
193,0.368657802216
194,0.535953754044
195,0.40509828772
196,0.267620938666
197,0.320712021436
198,0.489670952032
199,0.195007604023
200,0.236641941533
201,0.382457221606
202,0.127800820444
203,0.252062370982
204,0.488731041576
205,0.454783591304
206,0.681148204069
207,0.34600478019
208,0.525824714475
209,0.609471214598
210,0.407220312453
211,0.35747196242
212,0.513411090952
213,0.680324543025
214,0.41972708127
215,0.644687890063
216,0.597096857374
217,0.11570451251
218,0.603558118859
219,0.0
220,0.389036168594
221,0.150048573906
222,0.0619893333611
223,0.59353956076
224,0.390842348671
225,0.653254012483
226,0.676856077083
227,0.567835135048
228,0.689485933869
229,0.541171718274
230,0.348074497165
231,0.128324918155
232,0.516431842213
233,0.731980129881
234,0.463301491605
235,0.608618823174
236,0.450570258769
237,0.4068740901
238,0.576079966332
239,0.492776195874
240,0.505367173229
241,0.643075168959
242,0.230373672272
243,0.455500414293
244,0.577750761577
245,0.522242568383
246,0.470557639675
247,0.382092519932
248,0.564160272162
249,0.377209332986
250,0.603702194187
251,0.564497473376
252,0.654118905874
253,0.196332280392
254,0.611345225719
255,0.395430078258
256,0.721609920969
257,0.656861476834
258,0.596985210208
259,0.582380050472
260,0.458863821264
261,0.476398098565
262,0.56545588345
263,0.491165981502
264,0.169014084507
265,0.518731230888
266,0.117535083912
267,0.352750469533
268,0.40124774887
269,0.415268951431
270,0.357591534461
271,0.53906443353
272,0.414436387393
273,0.334379468437
274,0.150731903444
275,0.163565363256
276,0.308841447297
277,0.0410747066099
278,0.62357383781
279,0.526721156949
280,0.511768162728
281,0.182195232706
282,0.466333894905
283,0.283895994881
284,0.290799327062
285,0.112031941978
286,0.550863253081
287,0.477945742388
288,0.151497867576
289,0.419191676057
290,0.450535855014
291,0.602259228276
292,0.39948661982
293,0.483767721825
294,0.469771976441
295,0.16896398694
296,0.521457217813
297,0.0
298,0.16645629955
299,0.0
300,0.262592059163
301,0.0
302,0.0
303,0.166666666667
304,0.508733762385
305,0.309919412177
306,0.61655522821
307,0.652640752449
308,0.361217541444
309,0.629416526798
310,0.369115372988
311,0.750964841403
312,0.685788273607
313,0.742819651749
314,0.725400368433
315,0.703683698242
316,0.816199899959
317,0.165253010759
318,0.324199977037
319,0.280743487623
320,0.262217077376
321,0.271391247574
322,0.133303597186
323,0.215066722828
324,0.372281301186
325,0.356096814523
326,0.230190424216
327,0.163054007169
328,0.0
329,0.0
330,0.0804228313603
331,0.0
332,0.0
333,0.0
334,0.133303597186
335,0.119402985075
336,0.0
337,0.225354760256
338,0.335742797039
339,0.35578793797
340,0.223625322033
341,0.618927222719
342,0.377419906724
343,0.414882733125
344,0.41260102625
345,0.64702142483
346,0.383703611584
347,0.267366883691
348,0.559170119325
349,0.672065608821
350,0.606559097183
351,0.748246933123
352,0.539831603436
353,0.465877709157
354,0.52408931883
355,0.218642734167
356,0.670132719912
357,0.457888797955
358,0.588683470558
359,0.47616564551
360,0.601427466267
361,0.45263285732
362,0.605228176547
363,0.22856205895
364,0.575449267047
365,0.0
366,0.0
367,0.0
368,0.0
369,0.281829920865
370,0.24841127922
371,0.550020622591
372,0.723164867411
373,0.390386879968
374,0.541662955582
375,0.500814497831
376,0.673367837475
377,0.518781344015
378,0.386152531784
379,0.551658191258
380,0.100321263862
381,0.0
382,0.0625
383,0.282109435551
384,0.666622507404
385,0.511673772277
386,0.6664683463
387,0.681838089728
388,0.644371570334
389,0.711442629297
390,0.547097164618
391,0.70086552631
392,0.616325070414
393,0.506851130335
394,0.601121687506
395,0.548852317761
396,0.641936890267
397,0.614264732029
398,0.572811101062
399,0.581694698161
400,0.422554561219
401,0.399432253885
402,0.56999236078
403,0.0997614527122
404,0.425370835019
405,0.512856720089
406,0.149364679717
407,0.711284700062
408,0.522072547137
409,0.448050023624
410,0.645460997508
411,0.578981807994
412,0.602775552573
413,0.498058481611
414,0.426022194271
415,0.669778494437
416,0.725632758829
417,0.722687437993
418,0.618946944387
419,0.740192440307
420,0.711024062295
421,0.816287504473
422,0.660449767554
423,0.720929656386
424,0.674814380799
425,0.788746253965
426,0.718808641506
427,0.623345891804
428,0.703363703063
429,0.695171024062
430,0.820518788356
431,0.775970027342
432,0.800858831197
433,0.676623263997
434,0.752408737968
435,0.835248752028
436,0.734950720965
437,0.53748969865
438,0.64666118113
439,0.765011901923
440,0.616697694793
441,0.764958378634
442,0.660558565571
443,0.687136734076
444,0.658979160054
445,0.640809957331
446,0.569482518562
447,0.723611962103
448,0.813656664196
449,0.649796475533
450,0.823307390185
451,0.608587985626
452,0.481903520886
453,0.722369837663
454,0.452212080752
455,0.606835355577
456,0.556993247118
457,0.751746310851
458,0.697082221033
459,0.511415715972
460,0.302613345015
461,0.7196881333
462,0.694541551695
463,0.130324951045
464,0.620333547351
465,0.54077086301
466,0.480619275481
467,0.284931701986
468,0.576364981447
469,0.6636653985
470,0.296434385879
471,0.433966858451
472,0.62661226332
473,0.662746415546
474,0.295262018036
475,0.602787925915
476,0.59809229384
477,0.40337875552
478,0.556086883188
479,0.574199536126
480,0.753196216435
481,0.456495390921
482,0.493653153718
483,0.453885717573
484,0.469491249484
485,0.363010533157
486,0.467846016733
487,0.484114924909
488,0.502135936646
489,0.588835287491
490,0.457680273398
491,0.40859487515
492,0.321529265683
493,0.241068981235
494,0.256520481935
495,0.386876687929
496,0.477516169091
497,0.239581489705
498,0.287956125936
499,0.273673458243
500,0.0878415692568
501,0.261137926019
502,0.126655032118
503,0.161616161616
504,0.196110128143
505,0.100836704168
506,0.0
507,0.0
508,0.0
509,0.0
510,0.0
511,0.0
512,0.0
513,0.0
514,0.0
515,0.0
516,0.0
517,0.0
518,0.0
519,0.0
