site,dnds
1,0.0
2,0.0775281176092
3,0.217408094814
4,0.249010005567
5,0.0484355842365
6,0.494163998946
7,0.419306142755
8,0.103689932785
9,0.628578949853
10,0.413737921612
11,0.0935112486997
12,0.133303597186
13,0.0
14,0.0
15,0.0
16,0.166666666667
17,0.142857142857
18,0.0
19,0.166562634125
20,0.167810752945
21,0.53502083908
22,0.479531935191
23,0.0315895441538
24,0.300994421574
25,0.375928080721
26,0.242755765617
27,0.0757601563589
28,0.129475916653
29,0.17901229364
30,0.351329225196
31,0.439497031711
32,0.0
33,0.0
34,0.505344396143
35,0.277653803012
36,0.361703806732
37,0.295090643307
38,0.0264433766157
39,0.526583959532
40,0.333117199358
41,0.0565868851422
42,0.189285507133
43,0.0183074229572
44,0.105894821706
45,0.266116883301
46,0.557925934762
47,0.434274886295
48,0.217114227143
49,0.245721709854
50,0.0
51,0.327431984897
52,0.202712025795
53,0.526213746259
54,0.329245041029
55,0.555683539791
56,0.395865193379
57,0.534265381859
58,0.324641357524
59,0.212480422392
60,0.262080131207
61,0.41774441962
62,0.508979391326
63,0.490632609506
64,0.371037388605
65,0.118986297213
66,0.164392145887
67,0.0
68,0.395496419869
69,0.122359607186
70,0.138844698424
71,0.27090968303
72,0.0653855419123
73,0.167986698241
74,0.280061696165
75,0.566806666116
76,0.411323626263
77,0.320924133254
78,0.419801734898
79,0.180608533931
80,0.154496989511
81,0.240135972193
82,0.252971066606
83,0.285156316448
84,0.361992445972
85,0.268786522425
86,0.0896819580579
87,0.205853343923
88,0.116740577779
89,0.397750111824
90,0.266191487585
91,0.132238873685
92,0.342256347434
93,0.47263135868
94,0.550446340007
95,0.353327752425
96,0.0
97,0.0
98,0.125043543408
99,0.198305014597
100,0.0648475409345
101,0.3192398041
102,0.610866262903
103,0.0713278309174
104,0.400246247398
105,0.230945278885
106,0.346438125025
107,0.356740441843
108,0.0523952711617
109,0.565311318882
110,0.0759486312676
111,0.176915835755
112,0.503338056161
113,0.444490862721
114,0.0117705839674
115,0.3370264376
116,0.456438784391
117,0.339970780893
118,0.221078733315
119,0.199746628492
120,0.322864917341
121,0.0618811683303
122,0.24817167004
123,0.0808571368181
124,0.234977527184
125,0.102564102564
126,0.456958018882
127,0.363475742068
128,0.467054265061
129,0.414771089424
130,0.405232793921
131,0.253573171813
132,0.536996771944
133,0.329303979038
134,0.158369389706
135,0.0488063421261
136,0.3227953401
137,0.459546790577
138,0.464210935342
139,0.614068759036
140,0.39862253594
141,0.212677377255
142,0.106142639314
143,0.294265424644
144,0.271373041993
145,0.454823800934
146,0.328044214069
147,0.397256222247
148,0.677259808864
149,0.335689098036
150,0.437783372744
151,0.385508472548
152,0.627080086297
153,0.488775065068
154,0.57777834833
155,0.514363198984
156,0.393061044824
157,0.223371832314
158,0.0663526365005
159,0.110387388794
160,0.336288590109
161,0.136847314058
162,0.413711095081
163,0.382074685234
164,0.370359000848
165,0.355799251908
166,0.312629701339
167,0.475693954384
168,0.285262077697
169,0.359674887901
170,0.459422488939
171,0.368859684135
172,0.552509684055
173,0.49577848771
174,0.369152658099
175,0.585175430959
176,0.563296490615
177,0.590930874717
178,0.496471631922
179,0.418206893333
180,0.666181695177
181,0.465962394407
182,0.487597267881
183,0.629111656496
184,0.510155508566
185,0.601201656293
186,0.2304555469
187,0.570182228083
188,0.49610701493
189,0.3001501818
190,0.378523282144
191,0.534086334808
192,0.618942622999
193,0.309147962536
194,0.634878143985
195,0.118579876311
196,0.425016727373
197,0.371894879353
198,0.362490611417
199,0.5944940194
200,0.322286587761
201,0.463302353131
202,0.435808194313
203,0.481457039688
204,0.53393252821
205,0.381626099926
206,0.422282508261
207,0.488713691346
208,0.658102757734
209,0.528447539345
210,0.351172722576
211,0.659380967353
212,0.471611025709
213,0.504937885959
214,0.456289530682
215,0.479890265205
216,0.244363617446
217,0.606493874372
218,0.494452443063
219,0.410324572177
220,0.630588232637
221,0.550764595259
222,0.546510281447
223,0.611510885823
224,0.251116757359
225,0.520835429186
226,0.566918224252
227,0.486096834769
228,0.405166061666
229,0.493623729878
230,0.573853739796
231,0.501789414212
232,0.472025978477
233,0.547488674596
234,0.189181415665
235,0.689155763083
236,0.703522817509
237,0.616008499378
238,0.559895689542
239,0.624622588745
240,0.561179913829
241,0.62230455879
242,0.671048035412
243,0.682674083815
244,0.633069395454
245,0.642100577009
246,0.445868658635
247,0.515531837734
248,0.717993077239
249,0.521668433785
250,0.47342722572
251,0.538964530844
252,0.630605187161
253,0.764154757076
254,0.424205509153
255,0.338650432215
256,0.492724749759
257,0.419577842013
258,0.48494279668
259,0.706711628516
260,0.377022999199
261,0.472227805928
262,0.845486194434
263,0.516901010028
264,0.64914321184
265,0.760392790323
266,0.696383256565
267,0.751295375813
268,0.551541003108
269,0.53055876745
270,0.527012940984
271,0.354248079157
272,0.688400826006
273,0.26927288957
274,0.37458286521
275,0.586359829282
276,0.341124796684
277,0.492129954373
278,0.494795369147
279,0.492746035699
280,0.646250636725
281,0.637612314422
282,0.486093125639
283,0.502390323152
284,0.564822003365
285,0.325114770968
286,0.420014962084
287,0.343649151971
288,0.483336300476
289,0.478299086773
290,0.551800047182
291,0.572548620454
292,0.259579486642
293,0.220385257409
294,0.174667027578
295,0.244517276005
296,0.288088999751
297,0.347536724793
298,0.214084892722
299,0.297313904769
300,0.294444480392
301,0.275745853365
302,0.284800606206
303,0.50139660384
304,0.505571299132
305,0.45946705932
306,0.514076455582
307,0.540300788542
308,0.423112587104
309,0.322777387908
310,0.103751928744
311,0.175650625333
312,0.189372669477
313,0.238839569602
314,0.223607761503
315,0.351137785902
316,0.261897530881
317,0.19259433458
318,0.539850127713
319,0.579019470932
320,0.424638277022
321,0.372259498782
322,0.497788501546
323,0.42231794312
324,0.301918798584
325,0.507169816146
326,0.352614554076
327,0.422543421637
328,0.388269010888
329,0.450611317113
330,0.499457871014
331,0.358169158581
332,0.354478615501
333,0.258137157322
334,0.305931793686
335,0.303545626385
336,0.385167843558
337,0.607721825167
338,0.539563572262
339,0.549117384108
340,0.488327167062
341,0.274161744772
342,0.639168382847
343,0.594938886061
344,0.592063566677
345,0.548791654096
346,0.618261560138
347,0.642878637371
348,0.602356517075
349,0.338835711189
350,0.722193840882
351,0.606477410957
352,0.513102241974
353,0.419585992806
354,0.334353276094
355,0.245427003305
356,0.522072683444
357,0.521508218995
358,0.641184523877
359,0.671915649643
360,0.374358933884
361,0.603844514308
362,0.742530216753
363,0.543741388111
364,0.729982879327
365,0.616366230658
366,0.756763655464
367,0.655591739205
368,0.69356846736
369,0.711957877217
370,0.544162304772
371,0.746961517605
372,0.692563001424
373,0.645484463153
374,0.743532085234
375,0.382040132317
376,0.324533566747
377,0.468789049868
378,0.0609360158734
379,0.15218256691
380,0.224354029869
381,0.109261299349
382,0.11965876576
383,0.205701213847
384,0.068519614643
385,0.141180244414
386,0.211491902492
387,0.0872737453598
388,0.161930923859
389,0.0400459366033
390,0.173954998629
391,0.163042856508
392,0.270045186483
393,0.0935719716531
394,0.306209920148
395,0.218994426541
396,0.0914040238101
397,0.352444653446
398,0.0
399,0.398772694665
400,0.198678677213
401,0.131150529643
402,0.0
403,0.25613526359
404,0.0644788074939
405,0.228911326853
406,0.14385196879
407,0.101843223634
408,0.258042305108
409,0.144656802899
410,0.164164889466
411,0.185155303637
412,0.211182872257
413,0.19815047556
414,0.462215979881
415,0.106057527161
416,0.0883616585966
417,0.300019916208
418,0.0719205181129
419,0.173593257093
420,0.381620128473
421,0.043321698785
422,0.105890341076
423,0.196110208466
424,0.160979075548
425,0.364731972905
426,0.270423800664
427,0.0324372086487
428,0.0
429,0.157874792448
430,0.0756146313194
431,0.0746231768416
432,0.231521135095
433,0.141255454534
434,0.161216072765
435,0.0561105829141
436,0.100365202615
437,0.369877805126
438,0.0476218674811
439,0.033940134522
440,0.0895251439109
441,0.206134072874
442,0.142475321614
443,0.187284379468
444,0.337853099258
445,0.329749127441
446,0.270792564141
447,0.253755445288
448,0.0
449,0.209484558655
450,0.339671554258
451,0.0894383458787
452,0.0625
453,0.163092110524
454,0.177209299934
455,0.169988179042
456,0.139040473708
457,0.0357807025174
458,0.1925052818
459,0.284917999708
460,0.197034549175
461,0.0
462,0.289504877849
463,0.126824748483
464,0.415000758785
465,0.378179560199
466,0.218465245991
467,0.425192373799
468,0.0
469,0.16497109466
470,0.34744485748
471,0.239744470412
472,0.337152995164
473,0.126423087285
474,0.172953267807
475,0.0651196905015
476,0.268295467082
477,0.0645724662115
478,0.388422478901
479,0.379349710058
480,0.170221190531
481,0.0324279382718
482,0.152570948471
483,0.126613256129
484,0.261035257098
485,0.23323921894
486,0.0115524530093
487,0.147773865941
488,0.361515746156
489,0.387729907168
490,0.172684764508
491,0.0312019818694
492,0.391091341172
493,0.392590855356
494,0.280497742519
495,0.261465561477
496,0.462488072545
497,0.190353919806
498,0.142643719061
499,0.185343251349
500,0.116321326724
501,0.142386692553
502,0.301807097779
503,0.202553819462
504,0.0
505,0.192994321653
506,0.344388716828
507,0.249290571895
508,0.288223667408
509,0.113991102428
510,0.284439880881
511,0.0586531955092
512,0.295078339988
513,0.0427267540104
514,0.133674061668
515,0.494551253182
516,0.335818880078
517,0.403851002585
518,0.359836747062
519,0.179746707111
520,0.128224361951
521,0.0875509329935
522,0.232657929504
523,0.0557982541482
524,0.397562558015
525,0.428499734693
526,0.388625017708
527,0.334709072708
528,0.341939520946
529,0.0
530,0.0
531,0.0652640963565
532,0.225071076671
533,0.222052089254
534,0.173379911143
535,0.296165382464
536,0.282006336036
537,0.28429680615
538,0.169027386257
539,0.440669733463
540,0.218027390079
541,0.348909831747
542,0.355816649483
543,0.304035770094
544,0.435962781568
545,0.256639260937
546,0.431934509024
547,0.443652146302
548,0.38192663952
549,0.312059415433
550,0.404215958185
551,0.266750759299
552,0.419197705282
553,0.471649031423
554,0.359552520834
555,0.345246923722
556,0.393064298
557,0.348704108047
558,0.534180081713
559,0.314260854962
560,0.288508862236
561,0.223520783323
562,0.295110449914
563,0.25933549365
564,0.24812762847
565,0.198338000225
566,0.256330092785
567,0.350305400741
568,0.331180974007
569,0.814704325795
570,0.640144839708
571,0.589448123392
572,0.449005984313
573,0.595711247982
574,0.058944488637
575,0.562698699444
576,0.730285749185
577,0.605871479791
578,0.510441258884
579,0.338462313418
580,0.295104904843
581,0.462299679991
582,0.249565460044
583,0.298086898572
584,0.166494954959
585,0.198477151236
586,0.439323201777
587,0.173593257093
588,0.217558786206
589,0.188008909046
590,0.202290796429
591,0.255149830847
592,0.22847061757
593,0.109310895686
594,0.320613082976
595,0.0658197356043
596,0.187442896401
597,0.114979696268
598,0.249649524571
599,0.237263361006
600,0.168407440551
601,0.105415013054
602,0.158152256639
603,0.129032258065
604,0.3070249985
605,0.193810189889
606,0.156862745098
607,0.0754445910814
608,0.357614208334
609,0.12198318066
610,0.230821698785
611,0.140370256536
612,0.191672117728
613,0.243756404879
614,0.286127540809
615,0.147360193303
616,0.0
617,0.157894736842
618,0.130242090812
619,0.0
620,0.0537633292519
621,0.0716703787691
622,0.180930230557
623,0.158186953067
624,0.0714285714286
625,0.248897438071
626,0.0845070422535
627,0.15595713284
628,0.191990497049
629,0.156889128347
630,0.1
631,0.154032706791
632,0.169314718056
633,0.251188880118
634,0.1
635,0.154032706791
636,0.333333333333
637,0.12063424704
638,0.0
639,0.213418198848
640,0.153650196132
641,0.783262150777
642,0.518943680737
643,0.456991769845
644,0.637862364739
645,0.130683237988
646,0.363169584869
647,0.157749162404
648,0.224438453459
649,0.112137846557
650,0.226155498733
651,0.256601615007
652,0.299662389542
653,0.576425256349
654,0.258873896762
655,0.764322506359
656,0.722769337666
657,0.615649790199
658,0.719233126714
659,0.802777152036
660,0.307801521045
661,0.732002036506
662,0.859007631201
663,0.414887864462
664,0.600513142235
665,0.102079532829
666,0.246854692731
667,0.212697300769
668,0.479939453805
669,0.395030462503
670,0.547516940999
671,0.421014976178
672,0.560431404973
673,0.326210255804
674,0.218267342119
675,0.190086149843
676,0.176910963032
677,0.0
678,0.326352524747
679,0.106638027778
680,0.166777135523
681,0.155339805825
682,0.253376378063
683,0.156862745098
684,0.125418309671
685,0.0426195662892
686,0.214069984611
687,0.490751739817
688,0.158953539018
689,0.102564102564
690,0.0
691,0.130289280346
692,0.0
693,0.0
694,0.0
695,0.0
696,0.0
697,0.0
698,0.0
699,0.0
700,0.0
701,0.0
702,0.0
703,0.0
704,0.0
705,0.0
706,0.0
707,0.0
708,0.0
709,0.0
710,0.0
711,0.0
712,0.0
713,0.0
714,0.0
715,0.0
716,0.0
717,0.0
718,0.0
719,0.0
720,0.0
721,0.0
722,0.0
723,0.0
724,0.0
725,0.0
726,0.0
727,0.0
728,0.0
729,0.0
730,0.0
731,0.0
732,0.0
733,0.0
734,0.0
735,0.0
736,0.0
737,0.0
738,0.0
739,0.0
740,0.0
741,0.0
742,0.0
743,0.0
744,0.0
745,0.0
746,0.0
747,0.0
748,0.0
749,0.0
750,0.0
751,0.0
752,0.0
753,0.0
754,0.0
755,0.0
756,0.0
757,0.0
758,0.0
759,0.0
760,0.0
761,0.0
762,0.0
763,0.0
764,0.0
765,0.0
766,0.0
767,0.0
768,0.0
769,0.0
770,0.0
771,0.0
772,0.0
773,0.0
774,0.0
775,0.0
776,0.0
777,0.0
778,0.0
779,0.0
780,0.0
781,0.0
782,0.0
783,0.0
784,0.0
785,0.471686475887
786,0.590532269289
787,0.575312948283
788,0.502455723866
789,0.0
790,0.0706250757001
791,0.0
792,0.177876041161
793,0.418008068392
794,0.0
795,0.0
796,0.0
797,0.125
798,0.0
799,0.0
800,0.0
801,0.0
802,0.0
803,0.0
804,0.0
805,0.0
806,0.0
807,0.0
808,0.0
809,0.365880062863
810,0.521307397726
811,0.0554741282354
812,0.0
813,0.0101849540317
814,0.667116085897
815,0.672572141807
816,0.656330556384
817,0.527883289536
818,0.658193771868
819,0.823588111729
820,0.405323623724
821,0.447503783646
822,0.576148673944
823,0.575052260989
824,0.663286128644
825,0.597757097876
826,0.729951309362
827,0.523504062651
828,0.575232957099
829,0.433102934085
830,0.362367791832
831,0.414939832461
832,0.0967491307586
833,0.295808631752
834,0.215934501674
835,0.372503503532
836,0.310251513709
837,0.443875698892
838,0.202675710381
839,0.302503059388
840,0.412538282054
841,0.358088056198
842,0.31511812791
843,0.159006602479
844,0.0740740740741
845,0.253263606074
846,0.150798843143
847,0.32190262083
848,0.325076107041
849,0.383608772618
850,0.18388029666
851,0.380018314397
852,0.414863920727
853,0.0981836168204
854,0.57391338271
855,0.46485647013
856,0.479227345911
857,0.323069956006
858,0.209938305432
859,0.245492145236
860,0.271219423373
861,0.365746696218
862,0.153765441592
863,0.494232067431
864,0.262707386598
865,0.17030086999
866,0.370000853638
867,0.597596835811
868,0.245999166847
869,0.382695349006
870,0.0895829710933
871,0.0703438982794
872,0.621524544716
873,0.762346968717
874,0.605594559922
875,0.800879557692
876,0.639288189414
877,0.525508755214
878,0.441428076533
879,0.483158991201
880,0.170197013456
881,0.195574572501
882,0.295799857197
883,0.24745664199
884,0.161997719378
885,0.279002638716
886,0.123815623671
887,0.0740740740741
888,0.0
889,0.166666666667
890,0.0
891,0.0
892,0.0
893,0.0
894,0.106638027778
895,0.166666666667
896,0.0680500880741
897,0.170212765957
898,0.0
899,0.0990210257943
900,0.0680500880741
901,0.166666666667
902,0.0701921195504
903,0.0
904,0.0
905,0.100821408081
906,0.0
907,0.0878889830934
908,0.133303597186
909,0.0
910,0.56387095286
911,0.445524305041
912,0.772485810328
913,0.707340367985
914,0.58376129751
915,0.690206666553
916,0.680233141748
917,0.855256965638
918,0.645337017722
919,0.652686068781
920,0.450055396848
921,0.339500270853
922,0.754075808055
923,0.703910012497
924,0.481669664372
925,0.769531890046
926,0.197564062869
927,0.295896494042
928,0.0196809879486
929,0.259104330971
930,0.122218085174
931,0.163413787038
932,0.181413152371
933,0.0390241324234
934,0.0
935,0.123226165433
936,0.126388408176
937,0.331668067186
938,0.632502455753
939,0.227472502936
940,0.298739892622
941,0.36128275367
942,0.129047007464
943,0.616422899546
944,0.207252174126
945,0.00961560468814
946,0.243326540919
947,0.160124720434
948,0.298204610998
949,0.219327818974
950,0.707157924145
951,0.557843756597
952,0.402643894595
953,0.23805381504
954,0.499857132963
955,0.23939840642
956,0.410093845052
957,0.658221298406
958,0.262632580913
959,0.321830868842
960,0.461606373465
961,0.246210680923
962,0.446572544399
963,0.199066298179
964,0.244831574941
965,0.263445088086
966,0.218330938772
967,0.12495254227
968,0.0600017193855
969,0.286077691891
970,0.299683127495
971,0.406706454485
972,0.253766727995
973,0.180312960914
974,0.348289083218
975,0.0747864821939
976,0.135749622482
977,0.239516225962
978,0.054981024162
979,0.201241709803
980,0.243398446862
981,0.258491925599
982,0.416010863291
983,0.26933699418
984,0.48897278249
985,0.352570809978
986,0.408449650744
987,0.368239610378
988,0.291461237153
989,0.226648084365
990,0.0754236731931
991,0.218131997809
992,0.698834804002
993,0.469804608037
994,0.223229215991
995,0.460658304951
996,0.299520505867
997,0.0374252695915
998,0.371691919217
999,0.0552349579107
1000,0.111111111111
1001,0.0
1002,0.0695652173913
1003,0.250197017292
1004,0.0
1005,0.299865705355
1006,0.15694720662
1007,0.124371202491
1008,0.0544766424133
1009,0.0
1010,0.211336903129
1011,0.360227378147
1012,0.0808762770067
1013,0.189232165765
1014,0.445541240899
1015,0.308124156753
1016,0.157116149427
1017,0.182035787558
1018,0.20040269818
1019,0.214330856136
1020,0.37369277653
1021,0.4630780693
1022,0.391229202876
1023,0.648567380132
1024,0.655187835268
1025,0.600869316303
1026,0.66752132759
1027,0.215449590838
1028,0.179866763737
1029,0.0322580645161
1030,0.166536315268
1031,0.201762044679
1032,0.0454522741351
1033,0.226911157316
1034,0.24360357292
1035,0.0907970185727
1036,0.23698428043
1037,0.307623169152
1038,0.160616816668
1039,0.0
1040,0.0670658354325
1041,0.211328620958
1042,0.103393119531
1043,0.0
1044,0.200831376259
1045,0.153367027752
1046,0.0130168484612
1047,0.103948390827
1048,0.0595697056157
1049,0.117463315306
1050,0.160680856415
1051,0.0198042051589
1052,0.229817606363
1053,0.0706250757001
1054,0.125158362
1055,0.0878471545388
1056,0.0377212519837
1057,0.0
1058,0.272291698126
1059,0.164160186889
1060,0.09407541866
1061,0.269766623552
1062,0.179763891636
1063,0.16816507461
1064,0.108566452265
1065,0.0935894927338
1066,0.269495767524
1067,0.0966479728885
1068,0.0359482935918
1069,0.241143177611
1070,0.12358684446
1071,0.0
1072,0.250442205757
1073,0.251520316663
1074,0.194352850763
1075,0.0
1076,0.0
1077,0.0660140171962
1078,0.0667275631831
1079,0.159798284095
1080,0.142891342203
1081,0.188300992878
1082,0.282356005363
1083,0.0
1084,0.103168715053
1085,0.160837401714
1086,0.242715971723
1087,0.123616721248
1088,0.0
1089,0.184125172994
1090,0.165311058639
1091,0.0
1092,0.0
1093,0.0
1094,0.23759331338
1095,0.197900291849
1096,0.11187791837
1097,0.0
1098,0.304524415655
1099,0.232567009968
1100,0.164870103034
1101,0.403878217343
1102,0.245462092479
1103,0.0
1104,0.166594604292
1105,0.324513061118
1106,0.269637580291
1107,0.0
1108,0.705377174517
1109,0.509649967747
1110,0.544949067706
1111,0.561891081512
1112,0.699234470302
1113,0.623493576775
1114,0.43813158245
1115,0.279613170298
1116,0.583273310586
1117,0.786429577239
1118,0.693296522303
1119,0.557282135483
1120,0.659640911284
1121,0.139647464657
1122,0.223547537639
1123,0.612734549048
1124,0.379218780666
1125,0.27239356903
1126,0.389938007411
1127,0.501692179294
1128,0.216657015868
1129,0.764237381808
1130,0.582980331374
1131,0.700125999935
1132,0.673204206668
1133,0.799128317059
1134,0.697725142882
1135,0.481198820169
1136,0.391181010176
1137,0.808914824418
1138,0.637770457713
1139,0.203121858966
1140,0.77159548037
1141,0.715824901682
1142,0.485057269306
1143,0.459657742072
1144,0.467356111518
1145,0.574290930907
1146,0.444180557448
1147,0.370533122958
1148,0.622064841783
1149,0.667963440666
1150,0.495214635383
1151,0.656840314219
1152,0.63075672821
1153,0.363284316246
1154,0.445920029955
1155,0.262543880641
1156,0.219146747908
1157,0.128041850747
1158,0.702620974505
1159,0.533000043472
1160,0.216470138723
1161,0.461544874255
1162,0.285769795322
1163,0.277075705109
1164,0.0728643639416
1165,0.100198778636
1166,0.420205409903
1167,0.266590336186
1168,0.465780760616
1169,0.0998770072337
1170,0.304500239196
1171,0.298829551719
1172,0.359174505421
1173,0.412310164576
1174,0.346117094841
1175,0.134831460674
1176,0.191004443421
1177,0.192875737199
1178,0.218627067703
1179,0.252837197917
1180,0.259863318041
1181,0.323124082509
1182,0.467745036689
1183,0.529239868674
1184,0.284767647034
1185,0.803481889476
1186,0.339615876282
1187,0.0
1188,0.0
1189,0.11600191645
1190,0.748383971101
1191,0.29148564356
1192,0.638384373
1193,0.672189680183
1194,0.450961438898
1195,0.409269875015
1196,0.315296218035
1197,0.394240306587
1198,0.340937917002
1199,0.676547928378
1200,0.276613803331
1201,0.374429120986
1202,0.179959979751
1203,0.262738561943
1204,0.231259352824
1205,0.242756189221
1206,0.295150920006
1207,0.194044183956
1208,0.209567918232
1209,0.371430589309
1210,0.160047242422
1211,0.115524530093
1212,0.0
1213,0.113166886622
1214,0.0
1215,0.0775491027295
1216,0.461397131139
1217,0.43956435778
1218,0.434843075961
1219,0.35537013283
1220,0.329949837705
1221,0.451697736736
1222,0.352901306773
1223,0.269441281655
1224,0.501435101377
1225,0.627398756489
1226,0.374720170279
1227,0.315258482102
1228,0.0869738162288
1229,0.0675265025163
1230,0.0923204239755
1231,0.430557653317
1232,0.560259491998
1233,0.578562204997
1234,0.58000428722
1235,0.559755107924
1236,0.414154478794
1237,0.523386955706
1238,0.576893121409
1239,0.813163713859
1240,0.105263157895
1241,0.0
1242,0.0
1243,0.0
1244,0.0
1245,0.0
1246,0.0
1247,0.0
1248,0.0
1249,0.0
1250,0.0
1251,0.0
1252,0.0
1253,0.0
1254,0.0
1255,0.0
1256,0.0
1257,0.0
1258,0.646570645338
1259,0.512259475524
1260,0.382927956155
1261,0.439391092541
1262,0.578447792214
1263,0.418763504516
1264,0.0338464146853
1265,0.0139334364952
1266,0.501289370476
1267,0.3911095544
1268,0.538096761821
1269,0.479382012257
1270,0.276299705596
1271,0.428053589092
1272,0.390002598141
1273,0.647828078887
1274,0.807452188201
1275,0.742173914298
1276,0.337993511296
1277,0.231963440335
1278,0.54125929252
1279,0.646755403557
1280,0.639290650636
1281,0.673138426404
1282,0.512918405669
1283,0.728112077429
1284,0.524065655037
1285,0.609982611721
1286,0.462714942802
1287,0.655365372499
1288,0.680117427657
1289,0.842444452042
1290,0.761278878595
1291,0.647842598294
1292,0.757714536387
1293,0.692855151634
1294,0.633543249979
1295,0.490692185979
1296,0.389548573565
1297,0.309447336073
1298,0.138609968771
1299,0.448675869951
1300,0.212176784274
1301,0.219421647123
1302,0.216165968248
1303,0.327539604625
1304,0.289736415925
1305,0.2289395224
1306,0.17070523612
1307,0.178876691757
1308,0.0
1309,0.0
1310,0.0
1311,0.0
1312,0.407055478213
1313,0.227148324414
1314,0.434482608305
1315,0.238745769594
1316,0.382810582108
1317,0.805037986301
1318,0.553725059728
1319,0.387844936041
1320,0.532754651496
1321,0.774918856636
1322,0.570220760587
1323,0.240441444433
1324,0.584315853393
1325,0.536599290203
1326,0.325751948369
1327,0.615626546932
1328,0.528278034047
1329,0.577882252355
1330,0.679845619237
1331,0.695812619631
1332,0.460810649977
1333,0.725919042104
1334,0.48768178481
1335,0.330295380659
1336,0.61383720606
1337,0.739147725826
1338,0.780534233542
1339,0.557025544011
1340,0.830495330896
1341,0.324276832392
1342,0.771020202571
1343,0.583526372268
1344,0.302897598775
1345,0.37933171719
1346,0.29948496856
1347,0.417416415322
1348,0.492606558705
1349,0.470135544859
1350,0.444959176113
1351,0.573349247839
1352,0.175229765458
1353,0.398444748851
1354,0.231692339504
1355,0.364498902437
1356,0.437536956038
1357,0.6786972375
1358,0.735133703253
1359,0.517623009146
1360,0.562157490869
1361,0.00480886894834
1362,0.434690304622
1363,0.332667933196
1364,0.412213910761
1365,0.67485475935
1366,0.659174317265
1367,0.49493536534
1368,0.765956046341
1369,0.617451562131
1370,0.347112601104
1371,0.325935384471
1372,0.38497363663
1373,0.0680500880741
1374,0.0
1375,0.0
1376,0.0
1377,0.0
1378,0.0
1379,0.0
1380,0.0
1381,0.0
1382,0.185510618034
1383,0.0509744587553
1384,0.317175883889
1385,0.0701754385965
1386,0.245067473522
1387,0.1285838248
1388,0.142889239784
1389,0.356761133259
1390,0.335713239398
1391,0.301067646409
1392,0.490060599006
1393,0.519797804544
1394,0.385218977632
1395,0.259128623247
1396,0.209039671929
1397,0.596594160819
1398,0.725607200957
1399,0.518721026096
1400,0.127872001769
1401,0.7084308733
1402,0.275147279333
1403,0.40793131202
1404,0.469488721118
1405,0.34466744317
1406,0.2888001193
1407,0.48021044575
1408,0.682585455863
1409,0.0
1410,0.0
1411,0.0
1412,0.0
1413,0.0
1414,0.0
1415,0.0
1416,0.0
1417,0.0
1418,0.0
1419,0.166666666667
1420,0.170212765957
1421,0.0
1422,0.0
1423,0.142460646611
1424,0.0
1425,0.0
1426,0.0
1427,0.0
1428,0.0
1429,0.0
1430,0.199955395779
1431,0.0911291299356
1432,0.298309251605
1433,0.176252707492
1434,0.340027812462
1435,0.276255958467
1436,0.556475491116
1437,0.624536174401
1438,0.401877771939
1439,0.508775620036
1440,0.494678442546
1441,0.0
1442,0.0
1443,0.125
1444,0.0544331990652
1445,0.0
1446,0.0
1447,0.605908648993
1448,0.0285768760764
1449,0.0
1450,0.0952380952381
1451,0.0
1452,0.449825446108
1453,0.272920510546
1454,0.504740573136
1455,0.439036264567
1456,0.336789556157
1457,0.480459440695
1458,0.398896146043
1459,0.354568877168
1460,0.157213833825
1461,0.323329427345
1462,0.400126786289
1463,0.372202942312
1464,0.289244717677
1465,0.34965443675
1466,0.264260244878
1467,0.101221493034
1468,0.51126076628
1469,0.110102801244
1470,0.193086866161
1471,0.699860040966
1472,0.767655429947
1473,0.260226277385
1474,0.788059909903
1475,0.168577792176
1476,0.156889128347
1477,0.0338600214657
1478,0.0
1479,0.116152841093
1480,0.105263157895
1481,0.38269980917
1482,0.0964488677415
1483,0.46791387952
1484,0.329869674132
1485,0.294397223251
1486,0.259680407893
1487,0.268920066546
1488,0.478314782915
1489,0.247917445748
1490,0.17775168005
1491,0.156628708856
1492,0.186500550329
1493,0.516192220374
1494,0.457869375455
1495,0.746487244615
1496,0.550405412445
1497,0.677619179545
1498,0.442424845518
1499,0.462748516143
1500,0.467989571824
1501,0.659927860425
1502,0.466496372536
1503,0.460749138116
1504,0.128656330393
1505,0.592917553208
1506,0.300869783062
1507,0.516361872722
1508,0.453882945555
1509,0.543868664457
1510,0.642029648701
1511,0.363955566073
1512,0.722410954423
1513,0.438498327747
1514,0.760319906125
1515,0.371639212082
1516,0.633569987538
1517,0.632347016295
1518,0.385326620873
1519,0.555430055606
1520,0.501518158692
1521,0.679124832765
1522,0.344890687741
1523,0.54315617354
1524,0.570903504607
1525,0.117128262491
1526,0.216687932134
1527,0.310904432889
1528,0.270694770782
1529,0.395092755123
1530,0.0
1531,0.0661979608251
1532,0.0956065076634
1533,0.219382111557
1534,0.222052089254
1535,0.4425204329
1536,0.149004589776
1537,0.694899370627
1538,0.587715891171
1539,0.599533508653
1540,0.623069891201
1541,0.513117619408
1542,0.62527029033
1543,0.459042373694
1544,0.532444774334
1545,0.815772659084
1546,0.521471017455
1547,0.519276989363
1548,0.666704105765
1549,0.499528340819
1550,0.137294544088
1551,0.543061772418
1552,0.790101230912
1553,0.816021878004
1554,0.655415002048
1555,0.764613513808
1556,0.439507034666
1557,0.144239184214
1558,0.283848235388
1559,0.246724685999
1560,0.22825076827
1561,0.594270264692
1562,0.698013920933
1563,0.570124341175
1564,0.745138197719
1565,0.517322181377
1566,0.0589071606322
1567,0.147322246052
1568,0.0
1569,0.0
1570,0.0
1571,0.0
1572,0.0696838923076
1573,0.135007191799
1574,0.0
1575,0.185911920371
1576,0.262521825076
1577,0.0
1578,0.228441604005
1579,0.192196137936
1580,0.0
1581,0.0
1582,0.0545411149925
1583,0.0422489710056
1584,0.068458980796
1585,0.104934474361
1586,0.132937107605
1587,0.0631935113895
1588,0.0
1589,0.209724818421
1590,0.121319148442
1591,0.098274098595
1592,0.349956225975
1593,0.178888350735
1594,0.0
1595,0.185497576073
1596,0.138102681617
1597,0.198838126223
1598,0.347366455149
1599,0.325769624592
1600,0.349747436232
1601,0.148531538691
1602,0.0615392335401
1603,0.352147898413
1604,0.12955465587
1605,0.0
1606,0.0
1607,0.0603587232623
1608,0.126026760102
1609,0.175394549644
1610,0.181531607636
1611,0.171239140192
1612,0.0834494759215
1613,0.220749294279
1614,0.0745110144645
1615,0.207652246914
1616,0.157803864581
1617,0.0
1618,0.478076121933
1619,0.132399101029
1620,0.147871398519
1621,0.168224393471
1622,0.0935688711019
1623,0.0
1624,0.0
1625,0.0
1626,0.0490723667653
1627,0.156245377601
1628,0.188337822213
1629,0.094592854468
1630,0.201618330432
1631,0.229545492868
1632,0.233400984163
1633,0.0
1634,0.259259259259
1635,0.0341287517948
1636,0.0583702888893
1637,0.0
1638,0.0536793515706
1639,0.420476400796
1640,0.0438637159777
1641,0.362300791571
1642,0.295501891447
1643,0.530903288043
1644,0.152418253036
1645,0.0608842889258
1646,0.107673348436
1647,0.0
1648,0.309340392806
1649,0.143311247489
1650,0.136088349566
1651,0.140134454992
1652,0.5102298729
1653,0.317789354518
1654,0.622674808165
1655,0.098855694854
1656,0.266666666667
1657,0.155339805825
1658,0.324915384147
1659,0.390838804823
1660,0.673778258099
1661,0.261972288161
1662,0.272627862549
1663,0.536330695438
1664,0.256559363837
1665,0.193661850962
1666,0.379986274178
1667,0.433007383089
1668,0.472246130204
1669,0.463907419018
1670,0.0
1671,0.0
1672,0.166666666667
1673,0.0
1674,0.125
1675,0.0116936825452
1676,0.256657176897
1677,0.328385505793
1678,0.629187472811
1679,0.378732978136
1680,0.765896333008
1681,0.717417357664
1682,0.516589295255
1683,0.680902777884
1684,0.562487197958
1685,0.78956374044
1686,0.688684733185
1687,0.579725387665
1688,0.716673474487
1689,0.693773283253
1690,0.705774035208
1691,0.685221442127
1692,0.459830775424
1693,0.595764680788
1694,0.396021773281
1695,0.570944827217
1696,0.65272455504
1697,0.801084192125
1698,0.378865493558
1699,0.246395789793
1700,0.56155303258
1701,0.526577695808
1702,0.701237131312
1703,0.648051616677
1704,0.311495760812
1705,0.31367359649
1706,0.198110283544
1707,0.230572139868
1708,0.35631509783
1709,0.198611697752
1710,0.370372057288
1711,0.185800542444
1712,0.332888944685
1713,0.259340941909
1714,0.47207168982
1715,0.298031560274
1716,0.0
1717,0.285714285714
1718,0.125533995252
1719,0.0621856012454
1720,0.0
1721,0.0
1722,0.0
1723,0.102688471194
1724,0.16758492539
1725,0.183183675042
1726,0.170004608948
1727,0.0
1728,0.0
1729,0.126762956385
1730,0.13183347464
1731,0.344827586207
1732,0.123355960792
1733,0.0
1734,0.1177084595
1735,0.0636023698993
1736,0.0
1737,0.0831747869185
1738,0.244136064148
1739,0.181839275366
1740,0.1
1741,0.0
1742,0.0
1743,0.0846188051704
1744,0.132028034392
1745,0.0
1746,0.0
1747,0.0
1748,0.0
1749,0.0
1750,0.0
1751,0.0
1752,0.0
1753,0.0
1754,0.591099017484
1755,0.257428908576
1756,0.541015615286
1757,0.230158326702
1758,0.51590576067
1759,0.141039461417
1760,0.484897638448
1761,0.259669589999
1762,0.429023065634
1763,0.573815955417
1764,0.115978142999
1765,0.104688463382
1766,0.532005830817
1767,0.695584059575
1768,0.71243942533
1769,0.316855747551
1770,0.483945305837
1771,0.26498970328
1772,0.717687328489
1773,0.82765037889
1774,0.802029805002
1775,0.893245402418
1776,0.268592042382
1777,0.0
1778,0.0
1779,0.0867325491054
1780,0.0
1781,0.0
1782,0.0
1783,0.125
1784,0.180204211488
1785,0.700282486554
1786,0.380477894645
1787,0.214424059998
1788,0.693105870419
1789,0.739195441603
1790,0.785094064739
1791,0.739810592144
1792,0.656182297192
1793,0.0467954776168
1794,0.0
1795,0.779396904936
1796,0.187775820235
1797,0.0395738285301
1798,0.187387238791
1799,0.388666067094
1800,0.207381356187
1801,0.48298049537
1802,0.493179571451
1803,0.401427080737
1804,0.644736431191
1805,0.679592528775
1806,0.342351669595
1807,0.193094253518
1808,0.250462191892
1809,0.335736632379
1810,0.337604383961
1811,0.49740469569
1812,0.358106183836
1813,0.577845729747
1814,0.79324675984
1815,0.442652848929
1816,0.246752309585
1817,0.727479376394
1818,0.671853993855
1819,0.716985753936
1820,0.862059088443
1821,0.524425432838
1822,0.70654739108
1823,0.572371782222
1824,0.743422253504
1825,0.588694572856
1826,0.424235044435
1827,0.462870811417
1828,0.638061271118
1829,0.489502982523
1830,0.6792111202
1831,0.728916641046
1832,0.69082250448
1833,0.60380679376
1834,0.621663754712
1835,0.768946064608
1836,0.814642732085
1837,0.350194818636
1838,0.720851344924
1839,0.790488178489
1840,0.610577256804
1841,0.47679557206
1842,0.3392253415
1843,0.512449208276
1844,0.637383548124
1845,0.504071351756
1846,0.507234188713
1847,0.64769248333
1848,0.823417210718
1849,0.537680190223
1850,0.471797864074
1851,0.552087839277
1852,0.61614447029
1853,0.76912799544
1854,0.686077448214
1855,0.772131747087
1856,0.604016728885
1857,0.571738228056
1858,0.568267562834
1859,0.384276329163
1860,0.489997612306
1861,0.532057994649
1862,0.674900393247
1863,0.366835209747
1864,0.344615257128
1865,0.256318095531
1866,0.385367177708
1867,0.169742193994
1868,0.0364814305558
1869,0.0
1870,0.0
1871,0.0573363030153
1872,0.0
1873,0.0990210257943
1874,0.0
1875,0.0
1876,0.0
1877,0.0
1878,0.0
1879,0.0
1880,0.0
1881,0.0
1882,0.0
1883,0.0
1884,0.0
1885,0.0
1886,0.0
1887,0.0
1888,0.0
1889,0.0
1890,0.0
1891,0.0
1892,0.0
1893,0.0
1894,0.0
1895,0.0
1896,0.0
1897,0.0
1898,0.0
1899,0.0
1900,0.0
1901,0.0
1902,0.0
1903,0.0
1904,0.0
1905,0.0
1906,0.0
1907,0.0
1908,0.0
1909,0.0
1910,0.0
1911,0.0
1912,0.0
1913,0.0
1914,0.0
1915,0.0
1916,0.0
1917,0.0
1918,0.0
1919,0.0
1920,0.0
1921,0.0
1922,0.0
1923,0.0
1924,0.458952762378
1925,0.276109566436
1926,0.534756934698
1927,0.147275719685
1928,0.363025900022
1929,0.0956274427822
1930,0.433779534787
1931,0.581372755412
1932,0.358091777584
1933,0.286363317411
1934,0.289146171143
1935,0.231825738293
1936,0.189949874003
1937,0.661409130796
1938,0.537750762442
1939,0.758196331039
1940,0.151112102575
1941,0.725951725837
1942,0.711050924088
1943,0.713404355004
1944,0.263229254089
1945,0.235038731726
1946,0.145575523274
1947,0.0817956990419
1948,0.748392088668
1949,0.417479647688
1950,0.500447636615
1951,0.772582313522
1952,0.737923571681
1953,0.393289546822
1954,0.398729128696
1955,0.227180200869
1956,0.379327364313
1957,0.465383720308
1958,0.649211007784
1959,0.477890221349
1960,0.433427279275
1961,0.684048142356
1962,0.684695006935
1963,0.703794940132
1964,0.755848430344
1965,0.745391427724
1966,0.640417073393
1967,0.837654011508
1968,0.500796884081
1969,0.711850423072
1970,0.481558415963
1971,0.631034449218
1972,0.0
1973,0.0
1974,0.170212765957
1975,0.0
1976,0.0544331990652
1977,0.0
1978,0.0
1979,0.600731430468
1980,0.685766648589
1981,0.609984757455
1982,0.102113111536
1983,0.143448483388
1984,0.268842230699
1985,0.049316926706
1986,0.0969363784119
1987,0.197883443095
1988,0.189365849889
1989,0.344398695006
1990,0.495052303829
1991,0.409918038131
1992,0.456496675095
1993,0.336366383238
1994,0.597718535467
1995,0.503398548192
1996,0.319921504085
1997,0.388036262148
1998,0.189392163106
1999,0.248826455683
2000,0.351509022239
2001,0.341191016573
2002,0.221643901035
2003,0.0868017738072
2004,0.249059991531
2005,0.0878098720493
2006,0.242784110408
2007,0.231613868762
2008,0.235440756784
2009,0.146697815992
2010,0.156531478995
2011,0.189787910854
2012,0.131029548261
2013,0.0733504718186
2014,0.22927314913
2015,0.463475402678
2016,0.0965072492505
2017,0.111111111111
2018,0.155865588552
2019,0.159673473347
2020,0.141756424344
2021,0.244057251252
2022,0.333283545748
2023,0.0
2024,0.0
2025,0.114285714286
2026,0.0
2027,0.0
2028,0.295997104955
2029,0.106693174944
2030,0.162757376099
2031,0.233537542146
2032,0.176470588235
2033,0.23224755518
2034,0.216133624597
2035,0.17561752453
2036,0.115558239132
2037,0.272719355557
2038,0.205996227904
2039,0.0592592592593
2040,0.216608493925
2041,0.123226165433
2042,0.105578209388
2043,0.156941472618
2044,0.035207475838
2045,0.198066094949
2046,0.200706665671
2047,0.102534615873
2048,0.364033326655
2049,0.456038393918
2050,0.517198941118
2051,0.643912254488
2052,0.297763204354
2053,0.42894949647
2054,0.0
2055,0.383586222155
2056,0.189981061315
2057,0.561463500636
2058,0.224297776385
2059,0.317652262731
2060,0.113898176465
2061,0.222215182084
2062,0.261138917895
2063,0.709293788095
2064,0.354957003994
2065,0.60123867746
2066,0.288036922202
2067,0.326126453243
2068,0.617554468295
2069,0.422708288045
2070,0.649991045763
2071,0.616978584414
2072,0.364814192327
2073,0.378485958972
2074,0.565554039114
2075,0.510137848632
2076,0.586239101268
2077,0.60982911644
2078,0.259102388156
2079,0.438072509498
2080,0.452651218773
2081,0.349610212955
2082,0.264457869835
2083,0.491562379727
2084,0.427233982725
2085,0.398174094229
2086,0.516178603466
2087,0.342795344666
2088,0.183779117262
2089,0.217243951798
2090,0.211499357646
2091,0.326714133619
2092,0.139029863553
2093,0.0850028042134
2094,0.140583786155
2095,0.0671114661696
2096,0.262196807847
2097,0.229467139484
2098,0.157682770933
2099,0.314041978558
2100,0.4361245602
2101,0.0470104473169
2102,0.192155220617
2103,0.105263157895
2104,0.0
2105,0.101265822785
2106,0.101265822785
2107,0.0
2108,0.0571428571429
2109,0.170212765957
2110,0.0
2111,0.0
2112,0.0
2113,0.0
2114,0.0
2115,0.0
2116,0.0
