site,dnds
1,0.0
2,0.138716862134
3,0.381956839582
4,0.408507883773
5,0.433245325987
6,0.506101893327
7,0.485848146912
8,0.486846256361
9,0.131503137011
10,0.277884260899
11,0.565875402421
12,0.25032911453
13,0.321117520156
14,0.583045604526
15,0.485602355586
16,0.513348720996
17,0.549252762857
18,0.454621756055
19,0.595035894209
20,0.577636925419
21,0.680889649321
22,0.633394902492
23,0.291798920891
24,0.113183485258
25,0.714286531108
26,0.471563549919
27,0.156662064733
28,0.218192910894
29,0.131922295397
30,0.394183630226
31,0.27599592667
32,0.574411534841
33,0.580538504473
34,0.385589584174
35,0.359505752706
36,0.45259623492
37,0.565246907786
38,0.497887834918
39,0.577171631096
40,0.374611562496
41,0.393729051521
42,0.756512175619
43,0.790071404953
44,0.705763875643
45,0.776207794887
46,0.484880603909
47,0.709699497418
48,0.527599845726
49,0.611443216462
50,0.688105227761
51,0.616546543864
52,0.379666760855
53,0.823143355
54,0.77171692574
55,0.470987391138
56,0.365880876629
57,0.397445793446
58,0.329415084787
59,0.584106262974
60,0.441677908156
61,0.100017519958
62,0.496230298835
63,0.184839248149
64,0.769785086305
65,0.602746675571
66,0.583039827741
67,0.78715419381
68,0.584248509231
69,0.268856481372
70,0.00454654633817
71,0.30571609609
72,0.129653937334
73,0.0211320887619
74,0.403186296613
75,0.0
76,0.0
77,0.0
78,0.0
79,0.0
80,0.0
81,0.0
82,0.0
83,0.59658728661
84,0.567726200553
85,0.489443375358
86,0.565681324321
87,0.273047292668
88,0.2857930126
89,0.511748861576
90,0.626312545272
91,0.672598351495
92,0.63069821332
93,0.511394223571
94,0.687921926979
95,0.530417339006
96,0.544603662528
97,0.196815713791
98,0.432247524141
99,0.69652094415
100,0.605807134285
101,0.404845151475
102,0.0
103,0.0
104,0.0
105,0.0
106,0.0
107,0.0
108,0.0
109,0.0867325491054
110,0.0
111,0.0
112,0.671015302322
113,0.235507170564
114,0.420807595528
115,0.45155319846
116,0.303778580001
117,0.49711765296
118,0.570189258196
119,0.378036326946
120,0.572185029213
121,0.624329496501
122,0.51112098377
123,0.393486429523
124,0.621165622381
125,0.575302102747
126,0.0108509085822
127,0.161822882992
128,0.458383504252
129,0.459997932095
130,0.0747502572609
131,0.0132241135167
132,0.249453760272
133,0.0152600957757
134,0.0
135,0.0
136,0.0
137,0.0
138,0.0
139,0.0
140,0.0
141,0.0
142,0.0
143,0.0
144,0.0
145,0.0
146,0.0
147,0.0
148,0.0
149,0.0
150,0.0
151,0.0
152,0.0
153,0.0
154,0.0
155,0.0
156,0.0
157,0.0
158,0.0
159,0.0
160,0.0
161,0.0
162,0.0
163,0.0
164,0.0
165,0.269054439776
166,0.348115189276
167,0.259216796461
168,0.106892083665
169,0.00475715600185
170,0.0683599839156
171,0.230639657353
172,0.375472998692
173,0.759677197817
174,0.524047911373
175,0.341490634516
176,0.456187945938
177,0.606556573287
178,0.557347782249
179,0.384283255812
180,0.542469105632
181,0.697047229328
182,0.636211602776
183,0.475776160112
184,0.523180218712
185,0.547183720806
186,0.019450067508
187,0.0278328040444
188,0.572060477281
189,0.106899791153
190,0.236582188722
191,0.118311326581
192,0.679664743189
193,0.265338445
194,0.231267792959
195,0.0363114841904
196,0.416876847793
197,0.376609076507
198,0.330118256684
199,0.0596255639191
200,0.447152452051
201,0.402762893449
202,0.527424819522
203,0.52172483398
204,0.674241618278
205,0.0
206,0.181417119685
207,0.454756641055
208,0.43212038505
209,0.0955315033624
210,0.0
211,0.438849135858
212,0.616709143745
213,0.371651517728
214,0.322504224869
215,0.663110061085
216,0.385834889176
217,0.187600395842
218,0.202589675314
219,0.253700172786
220,0.320625088181
221,0.385540582617
222,0.42547729655
223,0.565277177876
224,0.546614327937
225,0.534346812304
226,0.662297117082
227,0.414713575044
228,0.49537788099
229,0.141614555074
230,0.279943040669
231,0.358196023136
232,0.407536069413
233,0.415430948928
234,0.0
235,0.525818427703
236,0.2254555555
237,0.425560710153
238,0.434335816837
239,0.42550298215
240,0.38768108087
241,0.75381105815
242,0.647967478542
243,0.570192027724
244,0.105116065169
245,0.677228218882
246,0.652436792843
247,0.716346698558
248,0.536268488971
249,0.414426417974
250,0.48562263466
251,0.466440295155
252,0.586389069377
253,0.621280606809
254,0.628687231356
255,0.494284267329
256,0.0985768057618
257,0.0731365854905
258,0.57803737132
259,0.242801075401
260,0.539727705093
261,0.640731489626
262,0.0408731316732
263,0.637425283525
264,0.494369903395
265,0.140306141318
266,0.691696483924
267,0.669358138824
268,0.366897904311
269,0.356465892007
270,0.552769315211
271,0.497535978739
272,0.0
273,0.0
274,0.244136064148
275,0.0
276,0.170212765957
277,0.0
278,0.0
279,0.139016608494
280,0.0
281,0.0
282,0.477317609693
283,0.56893571616
284,0.465829562834
285,0.0508786405941
286,0.429655417077
287,0.648534536974
288,0.530083397753
289,0.497696115321
290,0.489260919885
291,0.745146952491
292,0.265478297077
293,0.47771497097
294,0.705911447123
295,0.464516596759
296,0.361823389353
297,0.343615133289
298,0.470446402928
299,0.599797248406
300,0.368400049995
301,0.211837885022
302,0.402024531454
303,0.432282299361
304,0.162197223203
305,0.159014070433
306,0.322815525172
307,0.109861228867
308,0.429946937013
309,0.539872932694
310,0.125040353768
311,0.585807721381
312,0.537889953796
313,0.47500428252
314,0.597879762324
315,0.0
316,0.0816326530612
317,0.235640711097
318,0.336715524122
319,0.49904086424
320,0.535638141389
321,0.0589912494094
322,0.145622769501
323,0.0428030761819
324,0.170845894565
325,0.202982743156
326,0.418341680722
327,0.210706628797
328,0.14690700446
329,0.552639733497
330,0.169314718056
331,0.324910693416
332,0.169314718056
333,0.0
334,0.0660140171962
335,0.0
336,0.132028034392
337,0.0952380952381
338,0.272727272727
339,0.0458279127643
340,0.11776836577
341,0.102688471194
342,0.189578716051
343,0.436252118942
344,0.331960574551
345,0.544670605329
346,0.670493747322
347,0.720389271284
348,0.354324941656
349,0.655092555645
350,0.435941263735
351,0.331105780313
352,0.505457125713
353,0.0532388899034
354,0.184375583788
355,0.0126746687793
356,0.0156249880899
357,0.307234671242
358,0.0
359,0.125667675009
360,0.302794400251
361,0.0532897707433
362,0.349782491578
363,0.198019991922
364,0.227225667078
365,0.370581103081
366,0.0
367,0.434700763204
368,0.589679507821
369,0.469371152857
370,0.0
371,0.298038107243
372,0.0
373,0.449065745379
374,0.405919529102
375,0.513473541741
376,0.376650997633
377,0.0593277006442
378,0.496741844617
379,0.177398649195
380,0.395604703399
381,0.349939359415
382,0.206237801965
383,0.481383631283
384,0.389898895631
385,0.0
386,0.0680500880741
387,0.154042036421
388,0.451820236713
389,0.00237109574003
390,0.0167834004032
391,0.090002141041
392,0.358055474892
393,0.0
394,0.400843095695
395,0.240393543976
396,0.264335810868
397,0.361719665786
398,0.192845276281
399,0.448516616193
400,0.255692406685
401,0.229989805622
402,0.588562692373
403,0.0
404,0.35905161546
405,0.482010646438
406,0.229159638612
407,0.559142060611
408,0.174880076695
409,0.437672867674
410,0.0
411,0.0
412,0.291952973276
413,0.257333697719
414,0.245377620606
415,0.32178084305
416,0.253707953624
417,0.296049870659
418,0.121240097161
419,0.332607103876
420,0.040777329377
421,0.0151283596005
422,0.398773138105
423,0.519292563645
424,0.23917271679
425,0.0
426,0.0
427,0.0
428,0.0
429,0.316031800964
430,0.38603300485
431,0.128957614988
432,0.0018868078928
433,0.185724609356
434,0.329644700119
435,0.145034499939
436,0.13518924203
437,0.0898200888801
438,0.280080024959
439,0.309874375135
440,0.0
441,0.0709620938761
442,0.371977773743
443,0.405921102319
444,0.133343767305
445,0.138152093733
446,0.500706938135
447,0.558575824419
448,0.15641830723
449,0.573423913655
450,0.531896777845
451,0.0
452,0.482338965656
453,0.0334557335704
454,0.274512383898
455,0.208578334466
456,0.433765644352
457,0.0220211275282
458,0.445004475933
459,0.0
460,0.0
461,0.39007877924
462,0.133696901186
463,0.572724168244
464,0.632773634968
465,0.316429491805
466,0.21844828151
467,0.130960405272
468,0.133915081577
469,0.393018265066
470,0.548617850851
471,0.570089828944
472,0.303766113083
473,0.0949490944592
474,0.458808953646
475,0.044740466513
476,0.435834317684
477,0.377221511293
478,0.318675560177
479,0.257745819665
480,0.280504645821
481,0.444435941634
482,0.460231077611
483,0.167740611533
484,0.548610282686
485,0.67725452682
486,0.0
487,0.0
488,0.230501059551
489,0.47626489199
490,0.0823559627076
491,0.0139480657862
492,0.132710961601
493,0.130869763751
494,0.147871398519
495,0.446030931524
496,0.508558252438
497,0.191933319863
498,0.0
499,0.0
500,0.417205684301
501,0.546679122537
502,0.459799439304
503,0.396953876051
504,0.0
505,0.256671600328
506,0.655099052487
507,0.346525177828
508,0.220660636253
509,0.575091567155
510,0.564890652754
511,0.479039270813
512,0.392750255187
513,0.448310802206
514,0.429145318027
515,0.320703027766
516,0.321572705164
517,0.4140715178
518,0.407190070282
519,0.0
520,0.021313029595
521,0.478326219173
522,0.317255018956
523,0.0
524,0.0
525,0.0
526,0.156202181535
527,0.0
528,0.0
529,0.0
