site,dnds
1,0.0
2,0.125533995252
3,0.354667951343
4,0.649103452747
5,0.642548788105
6,0.543113019708
7,0.560596133646
8,0.347092116967
9,0.234889588385
10,0.444420034118
11,0.174529800505
12,0.0
13,0.16417026805
14,0.108124028829
15,0.0
16,0.0512731259948
17,0.369384743099
18,0.10671040226
19,0.0582871921012
20,0.298136940488
21,0.0663676726393
22,0.458655902162
23,0.40464591168
24,0.0
25,0.176663745223
26,0.217746375445
27,0.425440082506
28,0.194886638878
29,0.170369426087
30,0.410949167781
31,0.343519481815
32,0.00458383400702
33,0.304419670351
34,0.436095502052
35,0.400797816441
36,0.253579320246
37,0.190031207282
38,0.0
39,0.0
40,0.0
41,0.154032706791
42,0.154032706791
43,0.0857101603917
44,0.0945200700764
45,0.0815467271247
46,0.146316600848
47,0.0
48,0.262295081967
49,0.268544564293
50,0.0976295576949
51,0.132028034392
52,0.106178338917
53,0.0
54,0.0
55,0.106638027778
56,0.641736214796
57,0.663208594707
58,0.512209191912
59,0.40597693482
60,0.437418211932
61,0.233345276703
62,0.758030372272
63,0.592338578004
64,0.301352101521
65,0.240791734503
66,0.27181300185
67,0.333168871326
68,0.252785540411
69,0.316147321524
70,0.247158293903
71,0.0886106851536
72,0.237781219409
73,0.159359835479
74,0.156831967348
75,0.414314495804
76,0.00668577143842
77,0.358390273024
78,0.00994185320154
79,0.581221362176
80,0.0167515501249
81,0.264364637995
82,0.0
83,0.427737553063
84,0.211028052691
85,0.635012575043
86,0.30389584584
87,0.547921714442
88,0.389139913742
89,0.601176327362
90,0.305971339896
91,0.532833368403
92,0.210754152407
93,0.373653230492
94,0.165625870328
95,0.427721205272
96,0.41427056574
97,0.0
98,0.108378983742
99,0.0269224446673
100,0.491284235715
101,0.517139075674
102,0.429846488727
103,0.0576429133739
104,0.220436429757
105,0.180424930788
106,0.234640588969
107,0.147203957912
108,0.322670563507
109,0.288878697905
110,0.203926745254
111,0.334918547523
112,0.636464250012
113,0.388049098038
114,0.0
115,0.0
116,0.0
117,0.102994902063
118,0.385815110698
119,0.204640729243
120,0.287253871709
121,0.403809227938
122,0.445692625433
123,0.297548078284
124,0.0724085153953
125,0.555829928602
126,0.0842637650489
127,0.390807436647
128,0.0668112097267
129,0.155643642972
130,0.661875996373
131,0.230087693716
132,0.14545020485
133,0.0563998994828
134,0.313778879641
135,0.0
136,0.0
137,0.0
138,0.0
139,0.0
140,0.0
141,0.0
142,0.0
143,0.0
144,0.0
145,0.0
146,0.0
147,0.0
148,0.0
149,0.0
150,0.0
151,0.0
152,0.0
153,0.0
154,0.0
155,0.0
156,0.0
157,0.0
158,0.0
159,0.0
160,0.350404373371
161,0.188300992878
162,0.1
163,0.160667184177
164,0.175110889454
165,0.0884651144963
166,0.0
167,0.167778665424
168,0.12953926976
169,0.0
170,0.106638027778
171,0.199955395779
172,0.0
173,0.0
174,0.166877816
175,0.0
176,0.133333333333
177,0.132776341132
178,0.0695083042471
179,0.211547012926
180,0.0
181,0.0
182,0.0488661673426
183,0.0
184,0.0990210257943
185,0.0
186,0.106638027778
187,0.0
188,0.0
189,0.0
190,0.0
191,0.0
192,0.0
193,0.270446747595
194,0.631645357248
195,0.123075855228
196,0.565305839705
197,0.178150177523
198,0.0813786880495
199,0.0186115513048
200,0.466664168748
201,0.11979014129
202,0.334027809329
203,0.286920883906
204,0.386810813796
205,0.257093535113
206,0.159974944524
207,0.343883933256
208,0.0
209,0.26372604124
210,0.0395484561359
211,0.0
212,0.352967261781
213,0.203088881797
214,0.20037241261
215,0.30035538936
216,0.017907901373
217,0.223925816384
218,0.670798892781
219,0.299988614656
220,0.151100778082
221,0.0
222,0.0
223,0.0150164012529
224,0.0127045992376
225,0.0409808068413
226,0.0
227,0.384466577567
228,0.107903549908
229,0.176152538026
230,0.32000901873
231,0.236821940167
232,0.0316057670141
233,0.491267999205
234,0.244810064558
235,0.29088064363
236,0.268451747545
237,0.255362501993
238,0.3711511141
239,0.00706266458264
240,0.628057828366
241,0.285873932663
242,0.513810809762
243,0.182121576027
244,0.202973562717
245,0.00544666566885
246,0.0172189500263
247,0.0793605497916
248,0.0
249,0.0684390570955
250,0.0803391831626
251,0.389837908595
252,0.198754003124
253,0.373416580315
254,0.5038383608
255,0.0346714028525
256,0.0881707495731
257,0.0642167347431
258,0.130370276346
259,0.164317423737
260,0.361480660758
261,0.0738267731358
262,0.573804705708
263,0.121772505172
264,0.377099288784
265,0.0
266,0.0972747401409
267,0.134689048033
268,0.00476753596285
269,0.0663207352309
270,0.0943897352962
271,0.0491437649004
272,0.00236447357457
273,0.221056143983
274,0.184177516994
275,0.312097002514
276,0.27277999192
277,0.0
278,0.0
279,0.0
280,0.0
281,0.222047095334
282,0.281743661041
283,0.0880068266905
284,0.331624034301
285,0.0813295140045
286,0.635102127155
287,0.289119703451
288,0.600772629942
289,0.440385328667
290,0.121874219914
291,0.42121712057
292,0.207621359051
293,0.409298922436
294,0.270035483814
295,0.481057925498
296,0.417919794166
297,0.539830562498
298,0.0585068717208
299,0.0
300,0.25401501064
301,0.160378898282
302,0.0
303,0.510914390079
304,0.160572909423
305,0.498759060517
306,0.0908469702479
307,0.0
308,0.0
309,0.0660140171962
310,0.306367991748
311,0.0379649428574
312,0.0
313,0.190126663225
314,0.0899578933524
315,0.115812599715
316,0.0
317,0.0
318,0.0
319,0.0
320,0.0
321,0.649940634866
322,0.274186129781
323,0.374535581887
324,0.397370168523
325,0.19518763102
326,0.0724732080249
327,0.38156850439
328,0.127738839719
329,0.0515077662521
330,0.309062981327
331,0.14830041638
332,0.279185052126
333,0.305555598249
334,0.391104644822
335,0.118318074728
336,0.546115356514
337,0.290046672558
338,0.801059573518
339,0.327278914161
340,0.504063533786
341,0.0
342,0.538477506859
343,0.392361799115
344,0.286596557805
345,0.764998945103
346,0.661043430891
347,0.0
348,0.0
349,0.639092039938
350,0.483726464937
351,0.333086611636
352,0.472703496048
353,0.383414755078
354,0.256634090636
355,0.552569774807
356,0.527204107575
357,0.515875136346
358,0.474800743985
359,0.167590747495
360,0.389521930038
361,0.450797777852
362,0.588754897267
363,0.323770162626
364,0.346557887099
365,0.143164555654
366,0.689699719218
367,0.672878253641
368,0.51125099339
369,0.471660927533
370,0.36072054583
371,0.121135567998
372,0.0451474912588
373,0.0313267564032
374,0.0
375,0.0412499592802
376,0.00265930072497
377,0.132805018411
378,0.56345621938
379,0.196093274291
380,0.0962014507757
381,0.115265238682
382,0.0743229040774
383,0.169653520802
384,0.309114821676
385,0.203622061252
386,0.511255186794
387,0.296055969064
388,0.506275923347
389,0.38594896127
390,0.0
391,0.346364325705
392,0.463298805338
393,0.55009451132
394,0.0
395,0.0
396,0.0
397,0.0
398,0.0
399,0.0
400,0.0
401,0.0
402,0.0
403,0.0
404,0.20540888354
405,0.537364175351
406,0.153651265175
407,0.532236403936
408,0.0
409,0.0
410,0.556040270441
411,0.310862071854
412,0.0074404326779
413,0.341902136949
414,0.425936176211
415,0.575506582894
416,0.384721521036
417,0.420778516896
418,0.49676995301
419,0.199955395779
420,0.0
421,0.0
422,0.139016608494
423,0.248925180438
424,0.301972301656
425,0.0
426,0.0
427,0.0
428,0.400520699517
429,0.569481369371
430,0.239228801479
431,0.202770419359
432,0.514494245736
433,0.110894858951
434,0.273521873613
435,0.0
436,0.23621242563
437,0.274934482841
438,0.0776722134912
439,0.29732152121
440,0.0197516181601
441,0.131141922541
442,0.449931247668
443,0.0300644283304
444,0.616506174131
445,0.0
446,0.226863900698
447,0.0353966546151
448,0.156661840566
449,0.516192125845
450,0.409033827898
451,0.0
452,0.584483589635
453,0.517789558151
454,0.0
455,0.0771949899793
456,0.571695523898
457,0.0
458,0.00204071394559
459,0.488076901313
460,0.119740176179
461,0.324237443863
462,0.0
463,0.244861654219
464,0.494797425256
465,0.453137271397
466,0.57509132486
467,0.565478210195
468,0.752196670768
469,0.691532046587
470,0.0
471,0.450723675448
472,0.0956052885498
473,0.725819269689
474,0.64849316784
475,0.0868523608973
476,0.148152356693
477,0.263169269061
478,0.657665277025
479,0.6436783488
480,0.141842398144
481,0.230656016651
482,0.0571428571429
483,0.144623900674
484,0.601981478512
485,0.097311625946
486,0.0
487,0.222222222222
488,0.134533439854
489,0.141756424344
490,0.162186043243
491,0.107880777169
492,0.162176933965
493,0.0
494,0.5851088755
495,0.694049638323
496,0.0201642816163
497,0.00169787449872
498,0.197935187576
499,0.495938833703
500,0.583555003374
501,0.0
502,0.0
503,0.0
504,0.0
505,0.322367460529
506,0.293931187072
507,0.344255871044
508,0.399023088122
509,0.243958128656
510,0.699538253622
511,0.628065103508
512,0.18756739828
513,0.303347361259
514,0.137326536084
