site,dnds
1,0.0
2,0.0
3,0.0
4,0.0
5,0.0
6,0.00647801103327
7,0.130596493928
8,0.198922562897
9,0.154016945343
10,0.480802434868
11,0.53558256908
12,0.605550061297
13,0.028905550005
14,0.308120692665
15,0.520758735432
16,0.349186500403
17,0.396789754843
18,0.366920837523
19,0.408581908383
20,0.472295539391
21,0.0683039448776
22,0.635811403534
23,0.590787388577
24,0.393462303498
25,0.59884923899
26,0.0
27,0.0
28,0.0
29,0.0
30,0.0
31,0.0
32,0.0
33,0.0
34,0.0878889830934
35,0.1087289695
36,0.08664339757
37,0.0
38,0.0867325491054
39,0.166666666667
40,0.0
41,0.418728586008
42,0.559832343392
43,0.237099020195
44,0.421757093803
45,0.542215530402
46,0.309672678352
47,0.56573855021
48,0.432839604064
49,0.663859939479
50,0.409441753574
51,0.282791094486
52,0.167740756391
53,0.0
54,0.0
55,0.0
56,0.0
57,0.0
58,0.0
59,0.137326536084
60,0.609165940313
61,0.587477659335
62,0.409133984245
63,0.582576419247
64,0.509148854049
65,0.728409517614
66,0.129673028194
67,0.672377104747
68,0.337546714288
69,0.61266009763
70,0.439269245741
71,0.549656169582
72,0.540600210943
73,0.617104467531
74,0.133303597186
75,0.717139819526
76,0.742851502393
77,0.676510917949
78,0.577068806904
79,0.602573013998
80,0.758134532831
81,0.160789194933
82,0.106666666667
83,0.12063424704
84,0.0
85,0.517102330435
86,0.203230305776
87,0.674355579358
88,0.5738746268
89,0.356740071955
90,0.617035101121
91,0.0
92,0.0
93,0.0
94,0.0
95,0.0
96,0.0
97,0.0
98,0.0
99,0.0
100,0.0
101,0.0
102,0.0
103,0.0
104,0.0
105,0.155277858771
106,0.178824648421
107,0.469446134371
108,0.571647566251
109,0.334777208667
110,0.530899784246
111,0.214001097991
112,0.565513639303
113,0.283221561075
114,0.734078793244
115,0.552399871133
116,0.377420201625
117,0.0
118,0.158587019571
119,0.0496397831658
120,0.18779065155
121,0.0
122,0.0
123,0.0
124,0.0
125,0.0
126,0.0
127,0.0
128,0.0
129,0.0
130,0.0
131,0.0
132,0.0
133,0.0
134,0.0
135,0.0
136,0.0
137,0.0
138,0.0
139,0.0
140,0.0
141,0.0
142,0.435316200529
143,0.649382049866
144,0.519494584851
145,0.209282041822
146,0.430628836539
147,0.155940040764
148,0.0469930291905
149,0.346101037939
150,0.451346298711
151,0.262173765749
152,0.437953755126
153,0.149616073829
154,0.279991337283
155,0.457713355387
156,0.480382936101
157,0.632017814709
158,0.514359740252
159,0.558373550004
160,0.604374538111
161,0.772115157394
162,0.548916571652
163,0.641925652256
164,0.679501579557
165,0.70325459736
166,0.757643940319
167,0.581388898137
168,0.584362889
169,0.657894113606
170,0.120331306164
171,0.0
172,0.649907253823
173,0.451826184402
174,0.424681996959
175,0.397571892403
176,0.401622584071
177,0.327432089475
178,0.426865264071
179,0.518778444337
180,0.299298844413
181,0.36926190468
182,0.420268263493
183,0.737390846053
184,0.730977837141
185,0.601191969445
186,0.624791675985
187,0.0428685576854
188,0.525390211348
189,0.0
190,0.0
191,0.120663232283
192,0.393424928004
193,0.37483782466
194,0.243872477301
195,0.383868668701
196,0.0
197,0.632661559769
198,0.512771785579
199,0.634912269248
200,0.553754558332
201,0.291721697213
202,0.762225316567
203,0.659739766844
204,0.712356815557
205,0.720163707919
206,0.613114831382
207,0.346889108429
208,0.455306769554
209,0.626899535187
210,0.285225614374
211,0.451082769203
212,0.393887143848
213,0.754493618891
214,0.469673402954
215,0.461336326344
216,0.708461071864
217,0.69856168823
218,0.663893322405
219,0.850357275877
220,0.309806708807
221,0.377550339608
222,0.0509329638366
223,0.0660140171962
224,0.0
225,0.0
226,0.0
227,0.73360383894
228,0.605906018694
229,0.497230955493
230,0.665683219646
231,0.838107569935
232,0.73105376438
233,0.666581589879
234,0.455808194232
235,0.699153617913
236,0.380596948405
237,0.692497572759
238,0.280091848958
239,0.65430078836
240,0.259432736692
241,0.617037528398
242,0.446608691018
243,0.556191424603
244,0.302610737246
245,0.0
246,0.554807127828
247,0.112725111224
248,0.266894799689
249,0.142540733529
250,0.0446592320106
251,0.124720275413
252,0.0550055123282
253,0.612536461727
254,0.340290200446
255,0.415817035172
256,0.346369570641
257,0.296882354686
258,0.539641334097
259,0.103551944936
260,0.305126074627
261,0.0959239104056
262,0.536069652769
263,0.513377915282
264,0.173763521217
265,0.207402222266
266,0.351389716073
267,0.15504671456
268,0.0
269,0.0
270,0.0
271,0.0
272,0.0
273,0.0
274,0.0
275,0.0
276,0.0
277,0.322491326844
278,0.223164825112
279,0.016405324801
280,0.22742799032
281,0.162275146689
282,0.203224935827
283,0.214066887312
284,0.310687896641
285,0.0891817282511
286,0.0
287,0.323202289386
288,0.435427708371
289,0.370188712169
290,0.00987632189959
291,0.182523004646
292,0.205851252838
293,0.0
294,0.210436808003
295,0.0
296,0.399636994808
297,0.42255278974
298,0.0927680934827
299,0.461103148114
300,0.316028225235
301,0.184835849401
302,0.429700825978
303,0.365403764924
304,0.609553181447
305,0.363691830592
306,0.574933856244
307,0.30742388552
308,0.196515628973
309,0.529912533231
310,0.669772454095
311,0.546583180094
312,0.443372988186
313,0.287593534717
314,0.425834663851
315,0.179595534804
316,0.128180365621
317,0.148420518692
318,0.32998691438
319,0.599682581158
320,0.634233378663
321,0.604548347216
322,0.715197212805
323,0.721581192444
324,0.742671102771
325,0.680388453054
326,0.766590678922
327,0.770375754297
328,0.727536343896
329,0.612144908723
330,0.372114516868
331,0.654335512323
332,0.323587335308
333,0.441411834586
334,0.422651654004
335,0.259835492535
336,0.328305631889
337,0.0577622650467
338,0.261868320067
339,0.396962872964
340,0.225874682734
341,0.161189213885
342,0.139474268346
343,0.333177997111
344,0.509649340431
345,0.52098860857
346,0.366579512899
347,0.700740151239
348,0.719255843129
349,0.725948867587
350,0.665448119441
351,0.443643812988
352,0.578688664606
353,0.717718179332
354,0.421436694502
355,0.32286727658
356,0.505436700688
357,0.598567393212
358,0.536961811666
359,0.247411571087
360,0.0
361,0.580449221905
362,0.526151579756
363,0.273847808362
364,0.595553468977
365,0.0514574676582
366,0.678747206657
367,0.218364335977
368,0.474017840976
369,0.359641647175
370,0.359171493144
371,0.295001081524
372,0.167711507853
373,0.499879642014
374,0.0508351602862
375,0.0
376,0.509016169778
377,0.0626135596888
378,0.478056268284
379,0.312232806516
380,0.288026240903
381,0.038574952033
382,0.448670263505
383,0.405551667467
384,0.634246333901
385,0.167340130863
386,0.320188209615
387,0.137127316231
388,0.309771998588
389,0.515458319185
390,0.0870020078616
391,0.659564360296
392,0.479879421904
393,0.286060741183
394,0.0681696230923
395,0.223432058202
396,0.526980094861
397,0.484465993138
398,0.187371505666
399,0.345475686541
400,0.181538013015
401,0.37595153509
402,0.147715098339
403,0.425246172457
404,0.398498279158
405,0.63466984792
406,0.204439013809
407,0.128637090124
408,0.362494071204
409,0.308659399847
410,0.299253833619
411,0.288959817107
412,0.177806599081
413,0.0
414,0.612546942976
415,0.638259414109
416,0.540185770645
417,0.0283531168757
418,0.5038744993
419,0.525569866375
420,0.319288546165
421,0.590648560553
422,0.300107057641
423,0.146719394355
424,0.253390978225
425,0.414803151182
426,0.642369805481
427,0.465519908622
428,0.412284067312
429,0.426571858111
430,0.577648024356
431,0.297410565767
432,0.394419748173
433,0.610452876633
434,0.382040416358
435,0.318484673771
436,0.209633162139
437,0.482491754374
438,0.492221573588
439,0.416447765743
440,0.227717190212
441,0.368857859212
442,0.318434643381
443,0.154032706791
444,0.0832911127062
445,0.455578931319
446,0.0908406226818
447,0.269985441688
448,0.358992908788
449,0.18722057111
450,0.0569324554394
451,0.500749329623
452,0.349736450144
453,0.386409315775
454,0.42450424149
455,0.147824860969
456,0.136467829231
457,0.130446230492
458,0.0251114390829
459,0.212733773499
460,0.138901082456
461,0.019841852138
462,0.163196420082
463,0.0
464,0.00543223414354
465,0.02789612997
466,0.0689741580163
467,0.313430668463
468,0.308366711989
469,0.330086299301
470,0.108554442613
471,0.411341476273
472,0.0
473,0.0
474,0.0
475,0.251669385168
476,0.142920414079
477,0.139073822673
478,0.241838944138
479,0.0239048063639
480,0.506754851824
481,0.0297689532968
482,0.288508644803
483,0.319287102457
484,0.256496000807
485,0.321444245868
486,0.480894943975
487,0.286144132726
488,0.377777801077
489,0.358286966558
490,0.167613637362
491,0.343132847065
492,0.32450298428
493,0.349504135642
494,0.376589084425
495,0.439635037768
496,0.064343886755
497,0.0157559665512
498,0.0350075089589
499,0.0433742881573
500,0.186326173801
501,0.0
502,0.0
503,0.128177220483
504,0.153340364039
505,0.227145728594
506,0.201063659906
507,0.0
508,0.0
509,0.206383804478
510,0.169949162356
511,0.0
512,0.0787961025254
513,0.00131526979233
514,0.203239260841
515,0.0
516,0.0
517,0.0
518,0.0
519,0.0
520,0.0
521,0.0
522,0.0
523,0.0
524,0.0
525,0.0
526,0.0
527,0.0
528,0.0
529,0.0172385401525
530,0.109836524229
531,0.0745772197211
532,0.100655208108
533,0.0445384627713
534,0.401824380018
535,0.276513417855
536,0.0
537,0.406050720879
538,0.357147969141
539,0.301430372061
540,0.0275253626782
541,0.0
542,0.152867814458
543,0.0
544,0.00418653971276
545,0.187256820517
546,0.13875227086
547,0.18923629687
548,0.118647067123
549,0.515529680684
550,0.231770322345
551,0.297783134624
552,0.263766253264
553,0.0
554,0.153422745214
555,0.0
556,0.0
557,0.0867325491054
558,0.0
559,0.0
560,0.267594491006
561,0.519880638601
562,0.0
563,0.499915319323
564,0.582706569888
565,0.573414764045
566,0.0
567,0.301023930246
568,0.0864745020582
569,0.0
570,0.0
571,0.178281981475
572,0.300580725449
573,0.326707817762
574,0.0
575,0.160661863851
576,0.181163073481
577,0.219468806241
578,0.113153053426
579,0.169568824984
580,0.110329934708
581,0.314654427596
582,0.0
583,0.21386022291
584,0.229747647477
585,0.0241435679641
586,0.0322212432949
587,0.364733933844
588,0.135421935012
589,0.128085512805
590,0.16087224869
591,0.0
592,0.0
593,0.0
594,0.0
595,0.0
596,0.0
597,0.0
598,0.472322077008
599,0.0
600,0.0
601,0.0
602,0.0
603,0.472377739268
604,0.52211640136
605,0.272679448554
606,0.516851632356
607,0.243497204337
608,0.408940478903
609,0.349252307737
610,0.573833856913
611,0.516449393638
612,0.227914359164
613,0.336445292735
614,0.655638125845
615,0.55496183862
616,0.188193554755
617,0.342060810389
618,0.57718284069
619,0.462108092173
620,0.533233904244
621,0.302700154884
622,0.49005030412
623,0.194074386753
624,0.0
625,0.246953903472
626,0.5895957372
627,0.645985507412
628,0.373092727354
629,0.425656741979
630,0.500872834863
631,0.380067869669
632,0.24685122298
633,0.0
634,0.0
635,0.560504678594
636,0.422036947538
637,0.583892406099
638,0.569377017138
639,0.507349309486
640,0.406439926697
641,0.465822690812
642,0.0898525738831
643,0.664862175314
644,0.517557560814
645,0.305665977637
646,0.369894011332
647,0.400882106552
648,0.589194648021
649,0.0
650,0.0
651,0.373009805213
652,0.0
653,0.0
654,0.0
655,0.467992830101
656,0.0242038468334
657,0.0
658,0.0
659,0.601807989926
660,0.195481642028
661,0.0548986389685
662,0.0308408089237
663,0.0331694137903
664,0.156528498608
665,0.161094088465
666,0.0662023371758
667,0.335540176805
668,0.405800259548
669,0.270944971273
670,0.271714427567
671,0.0370438125028
672,0.310763102987
673,0.155551800883
674,0.339070648395
675,0.384014612761
676,0.170527104556
677,0.214913829992
678,0.619452099479
679,0.24155824527
680,0.344031281523
681,0.00633059587414
682,0.341659611784
683,0.0
684,0.0695142149724
685,0.255239520146
686,0.472739051504
687,0.363995833715
688,0.303758140422
689,0.0
690,0.0
691,0.0
692,0.0
693,0.0
694,0.0
695,0.0
696,0.463262802119
697,0.280100472195
698,0.346382291672
699,0.250595546057
700,0.115524530093
701,0.0
702,0.0
703,0.0
704,0.0
705,0.0
706,0.0
707,0.125
708,0.0
709,0.0
710,0.142857142857
711,0.0
712,0.0
713,0.0
714,0.629480953858
715,0.34995420353
716,0.539383310256
717,0.0209513048128
718,0.122221890226
719,0.550876034126
720,0.485357548371
721,0.63435345554
722,0.0
723,0.364389301397
724,0.554188571373
725,0.0652300473668
726,0.528308005746
727,0.46655644812
728,0.700189956567
729,0.0152469407956
730,0.46069978772
731,0.617626529537
732,0.436631159436
733,0.112676427914
734,0.283771287813
735,0.261883435353
736,0.371312537629
737,0.299378657286
738,0.431560255973
739,0.481492807975
740,0.255967487995
741,0.532443052668
742,0.294983635678
743,0.194402424042
744,0.277727904994
745,0.551641946814
746,0.365854515927
747,0.366295176612
748,0.592542219852
749,0.529624356599
750,0.359297735553
751,0.296358225209
752,0.125
753,0.666616423223
754,0.540808172682
755,0.196518265106
756,0.189084089171
757,0.3211471646
758,0.496396623795
759,0.685507213971
760,0.210413139711
761,0.102688471194
762,0.378794944587
763,0.19879510867
764,0.621585018068
765,0.0
766,0.1087289695
767,0.170212765957
768,0.541116781998
769,0.704705487373
770,0.709755473774
771,0.519344144187
772,0.538836888062
773,0.573493454764
774,0.61876447984
775,0.504794207005
776,0.301788096365
777,0.262167373717
778,0.204698483612
779,0.342897344948
780,0.0327198922824
781,0.071092018519
782,0.256083226174
783,0.477632940742
784,0.731823538612
785,0.0294567399874
786,0.427483651461
787,0.498681464632
788,0.583010211739
789,0.455550633276
790,0.0
791,0.414505150874
792,0.028485258558
793,0.0775549292934
794,0.475872554068
795,0.589925457663
796,0.601332180163
797,0.119788118641
798,0.592015916534
799,0.469551312338
800,0.676451536294
801,0.326278935583
802,0.357419387124
803,0.667191956383
804,0.109688495342
805,0.322654551873
806,0.0
807,0.0
808,0.0
809,0.0
810,0.0
811,0.0
812,0.0
813,0.0
814,0.0
815,0.0
816,0.0
817,0.0
818,0.631493638849
819,0.615942549136
820,0.703023598479
821,0.538884769245
822,0.720665216897
823,0.0
824,0.505080559611
825,0.533868787334
826,0.676192105743
827,0.479457894299
828,0.566764311868
829,0.466947258993
830,0.364303158821
831,0.459312385112
832,0.169014084507
833,0.0813786880495
834,0.166666666667
835,0.0
836,0.0
837,0.0
838,0.0
839,0.0
840,0.0
841,0.0
842,0.0
843,0.078246219605
844,0.0
845,0.749533510532
846,0.708580887418
847,0.674456622063
848,0.710379351839
849,0.727888179877
850,0.749971158384
851,0.731091271451
852,0.688341465611
853,0.0
854,0.0
855,0.0
856,0.0
857,0.0
858,0.0
859,0.0
860,0.0
861,0.0
862,0.0
863,0.0
864,0.0
865,0.36810060866
866,0.308314636652
867,0.545417917539
868,0.554998005741
869,0.379940162325
870,0.557208791859
871,0.580086491027
872,0.703178348216
873,0.691212235089
874,0.710417178508
875,0.715262114958
876,0.438583409845
877,0.632517601299
878,0.654642757905
879,0.697126797304
880,0.460175756364
881,0.538386115168
882,0.599649614892
883,0.641593301328
884,0.0
885,0.18853736299
886,0.125394263467
887,0.0372141667527
888,0.0
889,0.0234496122224
890,0.0
891,0.248750877677
892,0.144297139587
893,0.105705293633
894,0.0175608295927
895,0.0810556148552
896,0.252884943203
897,0.604766229077
898,0.606286689501
899,0.643657582382
900,0.252591798361
901,0.61395679863
902,0.505413924609
903,0.482457434824
904,0.185473301343
905,0.163809646163
906,0.560672786954
907,0.713019240809
908,0.49327105076
909,0.338348373591
910,0.362997805773
911,0.585022524096
912,0.697080049971
913,0.431499747855
914,0.617100841218
915,0.355986096807
916,0.629964098646
917,0.429536454236
918,0.538339626589
919,0.504715310118
920,0.780331172928
921,0.492551045771
922,0.543100171007
923,0.32687266545
924,0.584489385355
925,0.141031341951
926,0.0
927,0.0
928,0.0
929,0.0
930,0.0
931,0.0
932,0.505760341641
933,0.563994806956
934,0.731008313501
935,0.0544766424133
936,0.0
937,0.225628528387
938,0.444041836201
939,0.18635226422
940,0.497513555317
941,0.685918882696
942,0.120948141872
943,0.0
944,0.692449659733
945,0.57550272739
946,0.621843613997
947,0.0
948,0.0
949,0.0
950,0.0
951,0.0
952,0.0
953,0.0
954,0.0
955,0.603283640176
956,0.0990210257943
957,0.255169690111
958,0.429225364722
959,0.254538065186
960,0.0
961,0.617979315052
962,0.572926401662
963,0.61649935328
964,0.257368828578
965,0.636755768402
966,0.236936229289
967,0.439548985601
968,0.528192380205
969,0.654064506908
970,0.671577860377
971,0.551032618541
972,0.623005548622
973,0.0968801092272
974,0.541256625297
975,0.252641843216
976,0.384005363246
977,0.537924737818
978,0.452823550087
979,0.529540913807
980,0.23961922466
981,0.538751046988
982,0.642568541001
983,0.59908322051
984,0.601228749227
985,0.610883034121
986,0.634771344906
987,0.223456207493
988,0.197786420613
989,0.385169408178
990,0.273551143419
991,0.516754242053
992,0.61983719844
993,0.56357177816
994,0.24614646563
995,0.519321908857
996,0.67745137544
997,0.695182424674
998,0.673836747855
999,0.621935443451
1000,0.458997682152
1001,0.752072456566
1002,0.623316470356
1003,0.673383871352
1004,0.537816029353
1005,0.359803231718
1006,0.417524831234
1007,0.670061943878
1008,0.567892641284
1009,0.32609304296
1010,0.0411528701294
1011,0.231868395738
1012,0.214299914264
1013,0.448418512772
1014,0.25357310806
1015,0.45453541883
1016,0.327227246767
1017,0.11908527351
1018,0.0662805434143
1019,0.252694628521
1020,0.243233693993
1021,0.26646997508
1022,0.385151622192
1023,0.39260409055
1024,0.167580329258
1025,0.421606157252
1026,0.232147788245
1027,0.493675361053
1028,0.497755753946
1029,0.3036729035
1030,0.503597936617
1031,0.637142760015
1032,0.326548236758
1033,0.579508992981
1034,0.638052816933
1035,0.531053726767
1036,0.173092524435
1037,0.644980440086
1038,0.64802540195
1039,0.593132168858
1040,0.635160063009
1041,0.532849405776
1042,0.14758700421
1043,0.524794390658
1044,0.594901547657
1045,0.355828587919
1046,0.202063195018
1047,0.615081915867
1048,0.49873092864
1049,0.478109351954
1050,0.350995505073
1051,0.613793797599
1052,0.48737135524
1053,0.0963424518324
1054,0.029058776704
1055,0.361855703186
1056,0.353959350201
1057,0.313382511174
1058,0.431374098689
1059,0.680116910696
1060,0.355021333606
1061,0.329179930889
1062,0.491937937553
1063,0.324484998602
1064,0.20145102963
1065,0.198044007547
1066,0.272150458635
1067,0.400470328466
1068,0.270006482255
1069,0.0
1070,0.0
1071,0.0
1072,0.0
1073,0.0
1074,0.0
1075,0.0
1076,0.0
1077,0.0
1078,0.0
