site,dnds
1,0.109861228867
2,0.0731850452152
3,0.0
4,0.0188611477703
5,0.15885385246
6,0.202013460882
7,0.0
8,0.0
9,0.0
10,0.181649828182
11,0.0
12,0.226388129203
13,0.0287222861224
14,0.0
15,0.0290788179255
16,0.0675226654016
17,0.118704104316
18,0.0491454025845
19,0.367815546145
20,0.0
21,0.233249183689
22,0.128873298736
23,0.202258941903
24,0.189944974911
25,0.457349449785
26,0.234678478931
27,0.113543137099
28,0.47607191397
29,0.260557921742
30,0.0
31,0.25078761751
32,0.0566961773317
33,0.3341540822
34,0.175020272941
35,0.360367880524
36,0.285049428821
37,0.134512855967
38,0.391647731266
39,0.368342323807
40,0.395113151092
41,0.0
42,0.389267068865
43,0.0177300152369
44,0.383108813855
45,0.292872493457
46,0.49716625471
47,0.193757374176
48,0.639345393337
49,0.333416446718
50,0.342330385775
51,0.0754001438256
52,0.545323791762
53,0.538527285838
54,0.0383199779984
55,0.527881842476
56,0.0
57,0.578312858353
58,0.175583232914
59,0.286520873095
60,0.760554846387
61,0.524411155268
62,0.309271845632
63,0.568000651495
64,0.485550504534
65,0.36575215216
66,0.0
67,0.0
68,0.658465767706
69,0.0157316562023
70,0.460245247594
71,0.360371428347
72,0.607348235847
73,0.265535727335
74,0.0
75,0.0
76,0.0
77,0.0
78,0.0
79,0.0
80,0.0
81,0.0
82,0.0
83,0.0
84,0.0
85,0.0
86,0.0
87,0.0
88,0.0
89,0.0
90,0.0
91,0.0
92,0.0
93,0.132776341132
94,0.0
95,0.243404505843
96,0.625514128293
97,0.0924196240747
98,0.0
99,0.123355960792
100,0.0
101,0.0380661075376
102,0.299003423206
103,0.175930949837
104,0.158529224251
105,0.0
106,0.170449597223
107,0.0894383458787
108,0.145454545455
109,0.0666666666667
110,0.16956434886
111,0.0924196240747
112,0.0
113,0.197365636981
114,0.141756424344
115,0.056583443311
116,0.252243066951
117,0.120939084326
118,0.180880798713
119,0.0
120,0.0
121,0.0
122,0.0
123,0.0
124,0.0
125,0.0
126,0.0
127,0.0
128,0.0
129,0.0
130,0.0
131,0.0
132,0.0
133,0.0
134,0.0
135,0.0
136,0.0
137,0.132776341132
138,0.108124028829
139,0.163093454249
140,0.0805088717152
141,0.707704572016
142,0.217138854134
143,0.0850467488547
144,0.699341603595
145,0.632680865434
146,0.331932354392
147,0.0779221468234
148,0.203522179474
149,0.0662882081671
150,0.462719881816
151,0.00590390810523
152,0.531067232644
153,0.0938970811019
154,0.0
155,0.0
156,0.0
157,0.0
158,0.0
159,0.640913612136
160,0.555204471761
161,0.185025702756
162,0.569125028628
163,0.0
164,0.0
165,0.533964085463
166,0.532380059125
167,0.00831939372303
168,0.685405391724
169,0.00670148417329
170,0.132776341132
171,0.0
172,0.0
173,0.244136064148
174,0.0990210257943
175,0.0
176,0.213091151706
177,0.0
178,0.169014084507
179,0.0
180,0.0
181,0.170212765957
182,0.106638027778
183,0.0
184,0.471479740881
185,0.507490717346
186,0.647842434283
187,0.390351475919
188,0.548929653281
189,0.156671324892
190,0.151609384385
191,0.348817557904
192,0.314116762977
193,0.186126987936
194,0.219497770658
195,0.255061858697
196,0.281576376666
197,0.0
198,0.069314718056
199,0.422690973912
200,0.368714063903
201,0.0731223785057
202,0.0
203,0.0
204,0.0
205,0.0
206,0.0
207,0.0
208,0.0
209,0.0
210,0.0
211,0.0775491027295
212,0.0
213,0.106638027778
214,0.169014084507
215,0.0
216,0.0
217,0.0
218,0.0
219,0.442710326204
220,0.607340253293
221,0.562759198986
222,0.0840088207897
223,0.432392627989
224,0.00237196346259
225,0.489987774713
226,0.108171869075
227,0.54190436473
228,0.586359935409
229,0.165393686182
230,0.478277796802
231,0.453711774174
232,0.386373825315
233,0.0
234,0.0
235,0.0867325491054
236,0.0
237,0.0
238,0.654402788613
239,0.166877816
240,0.0
241,0.0
242,0.0
243,0.0
244,0.0
245,0.0
246,0.0
247,0.0
248,0.0
249,0.132776341132
250,0.147871398519
251,0.0
252,0.0
253,0.0
254,0.125
255,0.0
256,0.0
257,0.0
258,0.0
259,0.0
260,0.0
261,0.0
262,0.185901467582
263,0.234870936649
264,0.0
265,0.135499228179
266,0.100183132263
267,0.450205372743
268,0.33554901082
269,0.103398301103
270,0.0297280275997
271,0.577048260051
272,0.547266523631
273,0.0
274,0.0
275,0.605189322014
276,0.433418942996
277,0.0
278,0.114285714286
279,0.0
280,0.171457942335
281,0.171457942335
282,0.734539440243
283,0.561660524787
284,0.343138900382
285,0.293194819581
286,0.279855251884
287,0.283683138952
288,0.0
289,0.166355323334
290,0.239656477777
291,0.228199412148
292,0.0500025898389
293,0.213430338417
294,0.0645161290323
295,0.0428030761819
296,0.218375351423
297,0.093986058381
298,0.137931034483
299,0.0714285714286
300,0.0747663551402
301,0.0482189342998
302,0.0499565535539
303,0.21031835842
304,0.0482189342998
305,0.305133520774
306,0.171960713077
307,0.197039073604
308,0.271626301598
309,0.0947215205908
310,0.106972595426
311,0.0947215205908
312,0.0773598850291
313,0.433425367229
314,0.236657457784
315,0.126984126984
316,0.194894639489
317,0.56067388459
318,0.529417943265
319,0.402092757823
320,0.474630273938
321,0.554435126224
322,0.624026616043
323,0.154943521164
324,0.549203197836
325,0.0811786587976
326,0.514419016806
327,0.00235356114424
328,0.57414232037
329,0.0352786178915
330,0.0
331,0.0
332,0.0
333,0.0
334,0.0
335,0.0
336,0.0
337,0.0
338,0.0
339,0.0
340,0.0
341,0.0
342,0.0
343,0.0
344,0.567339173722
345,0.470578453751
346,0.196341098189
347,0.569565514327
348,0.0
349,0.413848373524
350,0.382177963334
351,0.0
352,0.0625
353,0.7084934066
354,0.048466119031
355,0.567443183647
356,0.52063605068
357,0.652035472305
358,0.300363204766
359,0.0
360,0.218951035835
361,0.238205786565
362,0.2083096455
363,0.687206663195
364,0.319643394155
365,0.279413600029
366,0.623403841869
367,0.350131069689
368,0.56448403262
369,0.587815490344
370,0.171585434812
371,0.45668884061
372,0.0
373,0.554234330317
374,0.138411727128
375,0.619942542103
376,0.0990210257943
377,0.0878889830934
378,0.170212765957
379,0.166666666667
380,0.0
381,0.0
382,0.0
383,0.0
384,0.0
385,0.0
386,0.106638027778
387,0.0
388,0.170212765957
389,0.142857142857
390,0.0
391,0.133303597186
392,0.0
393,0.0
394,0.658385091644
395,0.264558837743
396,0.667352898279
397,0.631148271859
398,0.444308789444
399,0.0687261783426
400,0.697548658009
401,0.0558272885916
402,0.498736998453
403,0.0
404,0.0
405,0.0
406,0.0
407,0.0
408,0.0
409,0.0
410,0.0
411,0.0
412,0.0
413,0.0
414,0.0
415,0.0
416,0.0
417,0.0
418,0.0
419,0.0
420,0.0
421,0.0
422,0.157218414397
423,0.401902024663
424,0.0
425,0.0
426,0.0
427,0.0
428,0.0
429,0.0
430,0.0
431,0.0
432,0.0
433,0.0
434,0.0
435,0.0
436,0.0
437,0.0
438,0.0
439,0.0
440,0.0
441,0.0
442,0.0
443,0.0
444,0.0
445,0.0
446,0.0796337541879
447,0.0
448,0.0803862650245
449,0.14226633954
450,0.137326536084
451,0.0
452,0.0533190138892
453,0.125619417108
454,0.137326536084
455,0.306314646133
456,0.106693174944
457,0.106693174944
458,0.106638027778
459,0.106693174944
460,0.133303597186
461,0.14226633954
462,0.106693174944
463,0.0
464,0.699982136843
465,0.402677156562
466,0.732485612103
467,0.659282457854
468,0.361676049819
469,0.0428685576854
470,0.0
471,0.0695083042471
472,0.0990210257943
473,0.0
474,0.0
475,0.0
476,0.0
477,0.0
478,0.0
479,0.0
480,0.0878889830934
481,0.0867325491054
482,0.0
483,0.0
484,0.0
485,0.0364814305558
486,0.0
487,0.0
488,0.108124028829
489,0.0
490,0.0720401500766
491,0.295783641314
492,0.121540160781
493,0.447399466391
494,0.556397955857
495,0.335736113724
496,0.486747718881
497,0.502550579921
498,0.632202727526
499,0.109173596443
500,0.572740583041
501,0.0
502,0.0
503,0.101203189267
504,0.339063551652
505,0.201423105069
506,0.180429012212
507,0.17796064178
508,0.281209645464
509,0.207994182284
510,0.0105822799521
511,0.587995098187
512,0.0950376586131
513,0.679426860405
514,0.514319960769
515,0.204601586784
516,0.649781773957
517,0.241373912709
518,0.534325597514
519,0.487832386225
520,0.0400798995972
521,0.708154302482
522,0.120838304489
523,0.186679425289
524,0.0292532158241
525,0.524353452517
526,0.563403184612
527,0.584393593677
528,0.326097393759
529,0.0
530,0.139495438951
531,0.0
532,0.295613240674
533,0.0940637322533
534,0.470731638627
535,0.0374275484408
536,0.218592655396
537,0.261842266927
538,0.117185310791
539,0.11291946436
540,0.23462732331
541,0.10252603193
542,0.310425785353
543,0.432378232783
544,0.639242098232
545,0.241113816
546,0.27546123343
547,0.0324912740887
548,0.170474320655
549,0.225972955563
550,0.125951023432
551,0.225018231946
552,0.128041613087
553,0.159970989178
554,0.119579759157
555,0.240241498027
556,0.262725427061
557,0.477990622884
558,0.0
559,0.0
560,0.147871398519
561,0.0
562,0.0695083042471
563,0.0
564,0.0
565,0.0724859796664
566,0.106638027778
567,0.0
568,0.1087289695
569,0.266666666667
570,0.0
571,0.0
572,0.0
573,0.0
574,0.0
575,0.133333333333
576,0.0
577,0.0
578,0.0
579,0.1
580,0.0467947463669
581,0.0
582,0.0588542297501
583,0.0401824452499
584,0.0824674796152
585,0.175440980112
586,0.125533995252
587,0.0739356992597
588,0.0
589,0.0
590,0.211547012926
591,0.20242226946
592,0.348382165274
593,0.483461220814
594,0.619629023649
595,0.108124028829
596,0.0
597,0.213091151706
598,0.0
599,0.266666666667
600,0.408066114072
601,0.302027707178
602,0.278366662244
603,0.250460565026
604,0.155052453406
605,0.0995011782217
606,0.0590632541135
607,0.108124028829
608,0.0
609,0.0
610,0.211547012926
611,0.0
612,0.0
613,0.0
614,0.0
615,0.0
616,0.0
617,0.299172677987
618,0.111207727176
619,0.0
620,0.1
621,0.0660140171962
622,0.0846188051704
623,0.071092018519
624,0.0531586591291
625,0.0
626,0.0
627,0.0772314491635
628,0.350045417516
629,0.184822348862
630,0.214769673463
631,0.361890756824
632,0.373697747245
633,0.243691819982
634,0.336691694175
635,0.357398843356
636,0.398961152087
637,0.130933561629
638,0.138029308683
639,0.415427796416
640,0.238013582926
641,0.0
642,0.0
643,0.0
644,0.20309497752
645,0.203069698201
646,0.132621130469
647,0.256576347783
648,0.085434888599
649,0.099173553719
650,0.0
651,0.0
652,0.191213015327
653,0.123226165433
654,0.145952293367
655,0.0
656,0.134110667767
657,0.0445383360271
658,0.239892564284
659,0.0523129947592
660,0.0714285714286
661,0.119707184455
662,0.111111111111
663,0.0518099123632
664,0.164339955577
665,0.0949981243504
666,0.260857892831
667,0.0746724652723
668,0.272964109388
669,0.134488727407
670,0.355897192836
671,0.0895797578544
672,0.0
673,0.258374593372
674,0.327748862872
675,0.308583504249
676,0.134255052289
677,0.128536098494
678,0.37972124649
679,0.160313907192
680,0.0
681,0.125420241158
682,0.162969820021
683,0.0
684,0.103397567766
685,0.224840838733
686,0.264417299891
687,0.0311046851801
688,0.146063124593
689,0.0631569275463
690,0.0
691,0.735785226909
692,0.538894910624
693,0.586520185243
694,0.572778580262
695,0.114964672149
696,0.517016417532
697,0.0374348408784
698,0.0
699,0.0
700,0.0
701,0.0
702,0.0
703,0.0
704,0.0
705,0.141756424344
706,0.0935688711019
707,0.212634636516
708,0.0
709,0.0
710,0.0
711,0.0
712,0.0
713,0.0
714,0.0
715,0.0
716,0.0
717,0.0
718,0.0
719,0.0
720,0.0
721,0.0
722,0.0
723,0.0
724,0.0
725,0.0
726,0.0
727,0.0
728,0.0
729,0.0
730,0.65137280789
731,0.110945921004
732,0.662915764915
733,0.574566636693
734,0.193589150303
735,0.617701309844
736,0.531281180642
737,0.270278433703
738,0.139016608494
739,0.592127253167
740,0.0321006245889
741,0.1099017269
742,0.0
743,0.201603301273
744,0.747048288271
745,0.0196797603298
746,0.237852824503
747,0.442343789225
748,0.499049026169
749,0.347372806449
750,0.160313370894
751,0.08
752,0.144905908895
753,0.114949551596
754,0.0
755,0.570520069053
756,0.303353097475
757,0.718038311355
758,0.447432223033
759,0.345880822351
760,0.335271557797
761,0.34654413778
762,0.598193331423
763,0.498669377492
764,0.265226434239
765,0.686353286367
766,0.570589337067
767,0.400211771017
768,0.493297743012
769,0.708412848543
770,0.0
771,0.0604740709359
772,0.0544766424133
773,0.0666701197852
774,0.0840178400679
775,0.265642694928
776,0.0495673526156
777,0.145884580722
778,0.0520895250406
779,0.314999806514
780,0.211211795334
781,0.0971185696925
782,0.241026865986
783,0.125463900271
784,0.588715136332
785,0.00668866083225
786,0.248444661695
787,0.0
788,0.235542039641
789,0.323575125809
790,0.204763233968
791,0.184757512168
792,0.0335140122069
793,0.132059721719
794,0.173415113362
795,0.279404150646
796,0.0664809763646
797,0.623776193918
798,0.0842631081465
799,0.707637668135
800,0.623994048779
801,0.256235794332
802,0.241562148746
803,0.518983056739
804,0.506992096669
805,0.352308046448
806,0.357146357391
807,0.0
808,0.106638027778
809,0.106638027778
810,0.0
811,0.0571428571429
812,0.0571428571429
813,0.133303597186
814,0.139016608494
815,0.0
816,0.624358651108
817,0.575772780092
818,0.492437948558
819,0.0810792432606
820,0.756429983512
821,0.196110128143
822,0.0
823,0.0
824,0.0
825,0.0
826,0.0
827,0.0
828,0.0
829,0.0
830,0.0
831,0.0
832,0.0
833,0.0
834,0.0
835,0.0
836,0.0
837,0.0
838,0.0
839,0.0
840,0.0
841,0.0
842,0.0
843,0.0
844,0.0
845,0.0
846,0.0
847,0.0
848,0.0
849,0.0
850,0.0
851,0.0
852,0.0
853,0.0
854,0.0
855,0.0
856,0.0
857,0.0
858,0.0
859,0.0
860,0.0
861,0.0
862,0.0
863,0.0
864,0.0
865,0.0
866,0.0
867,0.0
868,0.0
869,0.0
870,0.0
871,0.0
872,0.0
873,0.0
874,0.0
875,0.0
876,0.0
877,0.0
878,0.0
879,0.0
880,0.0
881,0.0
882,0.0
883,0.0
884,0.0
885,0.0
886,0.0
887,0.0
888,0.0
889,0.0
890,0.0
891,0.0
892,0.0
893,0.0
894,0.0
895,0.0
896,0.0
897,0.0
898,0.0
899,0.0
900,0.0
901,0.0
902,0.0
903,0.0
904,0.0
905,0.0
906,0.0
907,0.0
908,0.0
909,0.0
910,0.0
911,0.0
912,0.0952380952381
913,0.0
914,0.225440344203
915,0.0519029427717
916,0.0
917,0.0359015582051
918,0.567714096731
919,0.43362549073
920,0.283173644162
921,0.42781840508
922,0.294768316175
923,0.570330770084
924,0.519161512377
925,0.707313405638
926,0.35171190357
927,0.235754683071
928,0.504559673714
929,0.718564689818
930,0.414179286624
931,0.185350590209
932,0.37121698328
933,0.213016850453
934,0.504929401002
935,0.342215709113
936,0.487974087014
937,0.539211155191
938,0.357674925225
939,0.469477887506
940,0.0
941,0.525533577566
942,0.374726046519
943,0.0
944,0.123884103953
945,0.117252534238
946,0.174250292714
947,0.106198934043
948,0.126170701766
949,0.0
950,0.0
951,0.123226165433
952,0.0
953,0.0
954,0.0513698128259
955,0.11459241153
956,0.299299889599
957,0.121514207399
958,0.152537974261
959,0.0
960,0.182579527524
961,0.42746671236
962,0.0617839508606
963,0.254818565158
964,0.556857424222
965,0.25294561008
966,0.132982352375
967,0.0
968,0.0
969,0.0448984675363
970,0.0651716134791
971,0.0
972,0.342822793467
973,0.0
974,0.0
975,0.131283416871
976,0.195675460635
977,0.130741925373
978,0.335476551964
979,0.24774992489
980,0.0
981,0.441336966777
982,0.506695945068
983,0.464326445207
984,0.579186994285
985,0.337309379378
986,0.315203591905
987,0.428370919611
988,0.23649312867
989,0.309039660709
990,0.209201324059
991,0.228355792174
992,0.387909004456
993,0.233530650346
994,0.503057770744
995,0.271457972398
996,0.54548769651
997,0.168348149241
998,0.686352208341
999,0.197589112821
1000,0.692665245504
1001,0.441897504587
1002,0.425722136725
1003,0.213696492283
1004,0.691191257934
1005,0.473373612512
1006,0.352150763215
1007,0.598042331529
1008,0.361305203095
1009,0.408740540308
1010,0.392298704334
1011,0.316678669787
1012,0.27294645516
1013,0.401831836335
1014,0.524308608811
1015,0.277634309356
1016,0.282446940162
1017,0.35379385472
1018,0.319312627258
1019,0.292642124866
1020,0.523723838023
1021,0.132941485717
1022,0.423369995111
1023,0.347528644981
1024,0.412635060198
1025,0.427249634958
1026,0.239698668433
1027,0.330757994295
1028,0.562973308647
1029,0.234368573881
1030,0.530064368629
1031,0.652636980425
1032,0.532254359763
1033,0.34853871064
1034,0.377164647411
1035,0.31303421918
1036,0.228764161742
1037,0.204745009941
1038,0.317080931225
1039,0.0957934184687
1040,0.237960261702
1041,0.209132050069
1042,0.391234948093
1043,0.161543651445
1044,0.208990435386
1045,0.377712096522
1046,0.222017360127
1047,0.143314427081
1048,0.384170631195
1049,0.101918399209
1050,0.692068050934
1051,0.21092611367
1052,0.574963134953
1053,0.528834018776
1054,0.687778314938
1055,0.549092950392
1056,0.558414685295
1057,0.477755327517
1058,0.173720715877
1059,0.631154139302
1060,0.624741465472
1061,0.437365455512
1062,0.668000572527
1063,0.097193721662
1064,0.67608697637
1065,0.120428860538
1066,0.6640219288
1067,0.536945012932
1068,0.297325274552
1069,0.54932800721
1070,0.366989542137
1071,0.430701737311
1072,0.372692614035
1073,0.679116026916
1074,0.311588497248
1075,0.567175638214
1076,0.495816896226
1077,0.383197333315
1078,0.464369729959
1079,0.526043660689
1080,0.469493788754
1081,0.17806170706
1082,0.484563026419
1083,0.441573019747
1084,0.451345449336
1085,0.426469665184
1086,0.20950917997
1087,0.385142662673
1088,0.258967489195
1089,0.416241073475
1090,0.400554348225
1091,0.466394148749
1092,0.444514259719
1093,0.411729525734
1094,0.307957017968
1095,0.300221470791
1096,0.230571592662
1097,0.419476134607
1098,0.383090003733
1099,0.385573179738
1100,0.373138636746
1101,0.313867729114
1102,0.372917874199
1103,0.453216185814
1104,0.302643823496
1105,0.500371633836
1106,0.41332628635
1107,0.212676791262
1108,0.31862441339
1109,0.208284089955
1110,0.129274304645
1111,0.0578823983213
1112,0.261137454974
1113,0.428099316281
1114,0.157645389578
1115,0.144270230325
1116,0.0
1117,0.251278335338
1118,0.0952380952381
1119,0.0739356992597
1120,0.0
1121,0.0
1122,0.0
1123,0.0990210257943
1124,0.170212765957
1125,0.133303597186
1126,0.133303597186
1127,0.0680500880741
1128,0.0
1129,0.0
1130,0.0
1131,0.0
1132,0.0
1133,0.0571428571429
1134,0.0
1135,0.0
1136,0.0
1137,0.0
1138,0.0
1139,0.0
1140,0.0
1141,0.0
1142,0.0
1143,0.0
1144,0.0
1145,0.0
1146,0.0
1147,0.0
1148,0.0
1149,0.0
1150,0.0
1151,0.0571428571429
1152,0.266666666667
1153,0.0
1154,0.0
1155,0.0
1156,0.0
1157,0.0
1158,0.0571428571429
1159,0.0
1160,0.0680500880741
1161,0.0
1162,0.244136064148
1163,0.0
1164,0.0
1165,0.0
1166,0.0
1167,0.142857142857
1168,0.147871398519
1169,0.0
1170,0.119402985075
1171,0.106638027778
