site,dnds
1,0.124664076595
2,0.418542247433
3,0.183448197543
4,0.146810163658
5,0.214494053095
6,0.249224957381
7,0.299462905388
8,0.0
9,0.148758955764
10,0.0
11,0.332354391213
12,0.315807089583
13,0.325903697116
14,0.259500952501
15,0.615747128158
16,0.62040792744
17,0.235872831249
18,0.418476875061
19,0.637613551758
20,0.691698414235
21,0.0283147826438
22,0.417582677632
23,0.600507628185
24,0.423340903858
25,0.229320661058
26,0.638325043001
27,0.631728607476
28,0.587501358272
29,0.434032422938
30,0.645058708716
31,0.485679986548
32,0.0
33,0.516812404571
34,0.531246038212
35,0.565985818382
36,0.485818400651
37,0.449708831485
38,0.0284473983258
39,0.41245957238
40,0.490347857116
41,0.0282483034844
42,0.402206826013
43,0.173276480939
44,0.489303534566
45,0.0711758631395
46,0.305929446938
47,0.0236825952286
48,0.26486394791
49,0.0
50,0.376692092664
51,0.0
52,0.336284492271
53,0.111738076078
54,0.0910417242863
55,0.15859904536
56,0.0
57,0.186168896863
58,0.305016091532
59,0.139788121315
60,0.466553150093
61,0.0
62,0.232763273901
63,0.140829889695
64,0.313283475211
65,0.469486170668
66,0.442404377116
67,0.476869713218
68,0.0181174720693
69,0.624983933737
70,0.149460745046
71,0.630584248417
72,0.158471922878
73,0.625812327336
74,0.503876087353
75,0.142239046704
76,0.038051469673
77,0.509312703372
78,0.571327358669
79,0.24576432828
80,0.253433689289
81,0.547155237786
82,0.131510194997
83,0.0
84,0.507526337442
85,0.544173062422
86,0.367483330632
87,0.0
88,0.200556022751
89,0.00545013129063
90,0.237014613662
91,0.0293303411652
92,0.492996280092
93,0.432367496674
94,0.235204028951
95,0.352778174003
96,0.162689758505
97,0.0124764040557
98,0.0407971736668
99,0.0625506136943
100,0.0
101,0.161325301151
102,0.276497176119
103,0.0
104,0.266903196464
105,0.0
106,0.193438058693
107,0.387108520742
108,0.378412410717
109,0.16525711691
110,0.303037828481
111,0.455920811827
112,0.521552517402
113,0.472857839248
114,0.321839193799
115,0.568956342259
116,0.398747153933
117,0.361070202563
118,0.498280924309
119,0.0375843894171
120,0.380991290774
121,0.279947329164
122,0.0
123,0.0
124,0.0791513437741
125,0.416999115758
126,0.155856148858
127,0.434721443722
128,0.310457463546
129,0.0
130,0.46119218189
131,0.0
132,0.0716229467545
133,0.215633961527
134,0.422422808441
135,0.0
136,0.0979954732232
137,0.49051156747
138,0.26491956569
139,0.166276366888
140,0.287402816853
141,0.0
142,0.228988088547
143,0.539583323611
144,0.45750942718
145,0.609812957516
146,0.468963769871
147,0.161028591623
148,0.743509603139
149,0.517885365328
150,0.11032089928
151,0.42631031228
152,0.558504840194
153,0.716463513617
154,0.405602307484
155,0.702677327244
156,0.605306938901
157,0.40054779322
158,0.361705965848
159,0.681331771508
160,0.749408633646
161,0.54609355131
162,0.0
163,0.583596490863
164,0.816775899222
165,0.599167090532
166,0.460165341682
167,0.581560867222
168,0.642684154715
169,0.583830554517
170,0.118091192433
171,0.374881501756
172,0.301971808119
173,0.0
