site,dnds
1,0.0
2,0.0
3,0.0
4,0.227764338875
5,0.117639876071
6,0.136329155614
7,0.0
8,0.00430201428141
9,0.0
10,0.0
11,0.0
12,0.00485041170354
13,0.00679887399704
14,0.03574186169
15,0.0100462237911
16,0.00387742953916
17,0.0
18,0.101800877952
19,0.0774247906953
20,0.0533879823223
21,0.162621220292
22,0.270710084777
23,0.136352362468
24,0.17017114131
25,0.0
26,0.0
27,0.0462334343693
28,0.0633335491965
29,0.00758433610788
30,0.0193004402686
31,0.0726981219304
32,0.00663998388309
33,0.0434566890222
34,0.0088644680382
35,0.0
36,0.0064142688647
37,0.00991487532754
38,0.0632896035392
39,0.00602133859641
40,0.0117488658208
41,0.0
42,0.108385151345
43,0.0
44,0.0696488231663
45,0.00566199242327
46,0.112922146278
47,0.121401822457
48,0.201901781876
49,0.0
50,0.0
51,0.0
52,0.00936527992426
53,0.0161202259752
54,0.0497823140666
55,0.0
56,0.0532505817503
57,0.0683252917862
58,0.0
59,0.00638114802315
60,0.0158289686039
61,0.00215621892581
62,0.168438498272
63,0.0832049760307
64,0.155825394858
65,0.0
66,0.0408793695062
67,0.611276027794
68,0.0181661213913
69,0.0478091411577
70,0.113480646605
71,0.0172752679806
72,0.0285458900855
73,0.0463652651358
74,0.0162796183454
75,0.00544694034725
76,0.0381556614089
77,0.00910629894121
78,0.0
79,0.0
80,0.186125515486
81,0.10927017699
82,0.0
83,0.332731589063
84,0.0966521383056
85,0.517950679389
86,0.558166178923
87,0.113342520556
88,0.0801219341297
89,0.450371708539
90,0.00266345588842
91,0.196500116368
92,0.0429339988054
93,0.123051237577
94,0.0341335162159
95,0.051211730416
96,0.0313586549498
97,0.362736860041
98,0.125522038794
99,0.0
100,0.256566019135
101,0.367859224623
102,0.0
103,0.196877412531
104,0.502450844977
105,0.387318232362
106,0.285404884552
107,0.0493793500538
108,0.017080664086
109,0.38055152495
110,0.259750318651
111,0.379048686183
112,0.0594844750264
113,0.323496275623
114,0.188431088142
115,0.0916093681232
116,0.0
117,0.0822476676365
118,0.0650869829671
119,0.661608224524
120,0.0135054514803
121,0.500386770302
122,0.0242164454883
123,0.412946911394
124,0.1119558411
125,0.0108593143648
126,0.0196122554636
127,0.0822597660058
128,0.0
129,0.0654248932589
130,0.0
131,0.104934953488
132,0.0120104511676
133,0.420787167532
134,0.00543574473868
135,0.0102396065983
136,0.0724504242709
137,0.084452071535
138,0.163969174638
139,0.0167419405879
140,0.0399508158603
141,0.226356067669
142,0.108177704644
143,0.0592142658905
144,0.0124190275334
145,0.0
146,0.0
147,0.483893492665
148,0.485787640753
149,0.111668644577
150,0.497907599157
151,0.223123913237
152,0.0501453057632
153,0.0063376065008
154,0.132203313731
155,0.0167321010372
156,0.0
157,0.0
158,0.00451996229571
159,0.00633059587414
160,0.00944520839028
161,0.00475837984914
162,0.0174989308296
163,0.074424661425
164,0.0108593143648
165,0.0156104065227
166,0.0180709755324
167,0.00633513669412
168,0.0
169,0.0108593143648
170,0.00266345588842
171,0.0193018124413
172,0.0201703127541
173,0.432028792043
174,0.0131694723719
175,0.135542463296
176,0.00494136481028
177,0.168483836364
178,0.0344559270351
179,0.0290998729287
180,0.182644521627
181,0.0290502264481
182,0.0204926995165
183,0.0246062209029
184,0.00663998388309
185,0.0
186,0.0
187,0.0158277832402
188,0.00723334258248
189,0.00633848392106
190,0.0126696886694
191,0.113768341374
192,0.00633848392106
193,0.0
194,0.0058214237956
195,0.0447019970117
196,0.0615904541312
197,0.0384160197153
198,0.191990497049
199,0.0689655172414
200,0.279398359268
201,0.546580420113
202,0.457718447665
203,0.516262294502
204,0.661482952012
205,0.0
206,0.0
207,0.0
208,0.0
209,0.24980536755
210,0.424353986594
211,0.0204214831857
212,0.339730741084
213,0.0713878174843
214,0.0864910676597
215,0.0238456987145
216,0.0379548571297
217,0.0391049076108
218,0.0
219,0.0288254772674
220,0.0
221,0.00582478489479
222,0.0
223,0.0140076286408
224,0.0
225,0.0
226,0.0
227,0.00573808413463
228,0.276827812859
229,0.00643108946489
230,0.224533090608
231,0.0179659802722
232,0.276164450736
233,0.299569734901
234,0.0
235,0.0234996815956
236,0.267305357775
237,0.0018868078928
238,0.0355171948192
239,0.0138176099686
240,0.0737876543539
241,0.145882585428
242,0.0
243,0.0562461816279
244,0.0
245,0.011574531761
246,0.0
247,0.00951035923593
248,0.0168336081661
249,0.0
250,0.0217680835255
251,0.0
252,0.0103401040377
253,0.00602605352532
254,0.00266345588842
255,0.0502059270917
256,0.0232114610134
257,0.209309533006
258,0.0808619154806
259,0.208962392392
260,0.0585878191098
261,0.118244491746
262,0.37175645234
263,0.419501819464
264,0.0
265,0.0885003106035
266,0.035569777085
267,0.112731799412
268,0.0697977608145
269,0.0285665934817
270,0.306459903847
271,0.129998997195
272,0.0
273,0.0396152983124
274,0.132776341132
275,0.0
276,0.0
277,0.0
278,0.0
279,0.0
280,0.0
281,0.0
282,0.0
283,0.0
284,0.0
285,0.0
286,0.0
287,0.0
288,0.0
289,0.0
290,0.0
291,0.0
292,0.0
293,0.0
294,0.0
295,0.0
296,0.0355214785098
297,0.349202057313
298,0.39388372306
299,0.530891275879
300,0.0689966378134
301,0.308568369436
302,0.0405466927789
303,0.0767495985778
304,0.322075037717
305,0.0726400266839
306,0.0472733212585
307,0.0119107953725
308,0.054235561397
309,0.0416255959554
310,0.0648320751431
311,0.0251298710251
312,0.0
313,0.0422227227092
314,0.00451996229571
315,0.00215607452496
316,0.0171389140799
317,0.101047219237
318,0.00811790580388
319,0.0
320,0.100318062042
321,0.19788266878
322,0.306352661449
323,0.101833732196
324,0.192542537257
325,0.320824252759
326,0.150813000797
327,0.0117962495565
328,0.0396747739302
329,0.0851789315848
330,0.102853067137
331,0.105070825549
332,0.211242991184
333,0.190127207833
334,0.0132164838537
335,0.213567289103
336,0.003676886766
337,0.0659823854949
338,0.0813628892114
339,0.171641240252
340,0.33897350454
341,0.203761990074
342,0.125267951865
343,0.00545013129063
344,0.00451996229571
345,0.0414349961062
346,0.0
347,0.0
348,0.0505232146733
349,0.0713223554584
350,0.0
351,0.203474278447
352,0.0279126991181
353,0.0426304552561
354,0.00566199242327
355,0.0656927200113
356,0.269929640221
357,0.0168718122017
358,0.23096127119
359,0.387599012069
360,0.0
361,0.0
362,0.157275434321
363,0.106908339314
364,0.223205205966
365,0.162413949784
366,0.369215915782
367,0.00266345588842
368,0.109911735221
369,0.0
370,0.0
371,0.0
372,0.0
373,0.0
374,0.0
375,0.0
376,0.0615415954665
377,0.373493567912
378,0.0931977514036
379,0.0
380,0.0680500880741
381,0.0
382,0.413613201251
383,0.0
384,0.0
385,0.0
386,0.0
387,0.0
388,0.0
389,0.0
390,0.0
391,0.0
392,0.0
393,0.0
394,0.0
395,0.0
396,0.0
397,0.392824863725
398,0.142775221934
399,0.218623074461
400,0.26421535854
401,0.137407862965
402,0.0
403,0.0262290442989
404,0.00602133859641
405,0.0
406,0.00235789118121
407,0.0186117476207
408,0.0179740845934
409,0.0
410,0.00758433610788
411,0.0
412,0.0347319195785
413,0.152867174547
414,0.0239841354479
415,0.250229591763
416,0.130824881933
417,0.0
418,0.259225942361
419,0.0
420,0.176189152783
421,0.189370367947
422,0.121345030128
423,0.0206034288558
424,0.108155565311
425,0.00825919107311
426,0.0401342229266
427,0.245426381644
428,0.134427775092
429,0.0317837333287
430,0.0695873711581
431,0.0320157424133
432,0.0268612578758
433,0.0169302256247
434,0.0149743811923
435,0.0
436,0.0
437,0.0113014514884
438,0.0
439,0.00451996229571
440,0.0322798523612
441,0.00707571717044
442,0.0063376065008
443,0.0220745070748
444,0.04712156592
445,0.0
446,0.0497678852272
447,0.0697583275915
448,0.0381375873225
449,0.0325380386407
450,0.268864097937
