site,dnds
1,0.13188647833
2,0.231660802283
3,0.0
4,0.0
5,0.369772362629
6,0.724154260089
7,0.199972626049
8,0.537503864223
9,0.30314353232
10,0.0575025208935
11,0.303681525266
12,0.0
13,0.0
14,0.582854923908
15,0.332438904269
16,0.357690865494
17,0.127871051917
18,0.458660596546
19,0.237702685021
20,0.156931578269
21,0.522839903166
22,0.137793768687
23,0.129707447939
24,0.11812977582
25,0.483765066134
26,0.00633848392106
27,0.0174966425194
28,0.24456193748
29,0.546622378171
30,0.0
31,0.44653701257
32,0.165076738048
33,0.36816295028
34,0.0318700298806
35,0.0231779396927
36,0.0
37,0.227865636458
38,0.0455420499555
39,0.376250752547
40,0.190855339395
41,0.0
42,0.0
43,0.0
44,0.0
45,0.0
46,0.0
47,0.0
48,0.0
49,0.0251129108818
50,0.0324915878071
51,0.0991462251697
52,0.264970001322
53,0.0713402836025
54,0.157860721403
55,0.028506307449
56,0.293125370958
57,0.0
58,0.0726247539864
59,0.130867834567
60,0.120303241872
61,0.258506810848
62,0.439280319746
63,0.115591578373
64,0.303254825564
65,0.0140076286408
66,0.0137653092039
67,0.0
68,0.0
69,0.180498947721
70,0.152138288941
71,0.117913067921
72,0.0893545827889
73,0.264144955312
74,0.0273307874072
75,0.147367406272
76,0.162602528611
77,0.0357825810436
78,0.0729431760946
79,0.316129596603
80,0.0339356278304
81,0.14738691736
82,0.0953180320124
83,0.0
84,0.0396645089785
85,0.309977727597
86,0.347140576638
87,0.242746017048
88,0.0249393137926
89,0.0849189558461
90,0.0265412961151
91,0.0
92,0.0731763120505
93,0.0
94,0.0
95,0.0105299489046
96,0.0
97,0.0
98,0.0632403259729
99,0.179359456582
100,0.288905500217
101,0.307752758067
102,0.098264851725
103,0.0
104,0.0
105,0.224266302889
106,0.0262290442989
107,0.0
108,0.0869579066146
109,0.00451996229571
110,0.0456268365576
111,0.0
112,0.0
113,0.183641710608
114,0.234128270457
115,0.238600406739
116,0.0
117,0.0447094032979
118,0.254784908704
119,0.150851693014
120,0.0551667629035
121,0.273304794367
122,0.0442866771175
123,0.1728496511
124,0.355172414861
125,0.018733434346
126,0.0901315418748
127,0.140689564551
128,0.195123292598
129,0.195384961639
130,0.282406618699
131,0.176154336867
132,0.0754160822524
133,0.134762461537
134,0.199702205652
135,0.0
136,0.0
137,0.0197915790391
138,0.132311772456
139,0.0160967210398
140,0.00451996229571
141,0.0
142,0.0
143,0.0338741668667
144,0.221164100099
145,0.0239667463552
146,0.174328634522
147,0.0993670769608
148,0.216953969647
149,0.236272106687
150,0.0
151,0.0342975781237
152,0.0108968712659
153,0.0502913187679
154,0.0
155,0.0
156,0.00661219950344
157,0.209117891212
158,0.408303263199
159,0.461424230694
160,0.186315479211
161,0.0902633424908
162,0.210813055822
163,0.188147836511
164,0.0
165,0.47382509378
166,0.585898802434
167,0.490740223193
168,0.327547957691
169,0.0374821452103
170,0.527930447319
171,0.691145837847
172,0.018117367672
173,0.177642144692
174,0.748459594933
175,0.0437708023634
176,0.213776478117
177,0.0719094032326
178,0.690382803952
179,0.371160987212
180,0.225982463885
181,0.417410092159
182,0.491050089058
183,0.631654303042
184,0.314288933235
185,0.463242833272
186,0.614094209632
187,0.582921787195
188,0.151935619586
189,0.125594505836
190,0.68148188852
191,0.0436228507982
192,0.287649657282
193,0.0666370986925
194,0.283404998199
195,0.0176972723006
196,0.0944393358617
197,0.0
198,0.00582478489479
199,0.0
200,0.0
201,0.0
202,0.190604076066
203,0.0408390842424
204,0.0561046214231
205,0.0420480410954
206,0.0965982449443
207,0.0481863790668
208,0.0894307135898
209,0.0
210,0.0450292016467
211,0.0
212,0.0
213,0.146867126272
214,0.040352640029
215,0.217843189338
216,0.0756630931067
217,0.315421190682
218,0.285463134373
219,0.395720498832
220,0.12941312653
221,0.691142037824
222,0.0674597005696
223,0.279474327097
224,0.811788061383
225,0.56035106355
226,0.402698382073
227,0.119275436291
228,0.573675848965
229,0.629978040978
230,0.118429760758
231,0.0356642041725
232,0.57890636646
233,0.35783724446
234,0.214588863776
235,0.449442843027
236,0.137125288515
237,0.0
238,0.695159083068
239,0.637740585423
240,0.0
241,0.262285779438
242,0.0493573896014
243,0.744094739026
244,0.404373272647
245,0.0
246,0.235827879557
247,0.370583408812
248,0.439384940073
249,0.0888082133661
250,0.515126247323
251,0.389715467448
252,0.373036186107
253,0.263966740118
254,0.476777263839
255,0.297482349639
256,0.0659776677478
257,0.489586174298
258,0.0
259,0.0553075191592
260,0.011165040001
261,0.0144029277391
262,0.0
263,0.252999092214
264,0.272309494191
265,0.19519148632
266,0.258572540702
267,0.0815563713809
268,0.133029903127
269,0.277402449216
270,0.221112999423
271,0.0948623345922
272,0.0108593143648
273,0.253517050239
274,0.543650981656
275,0.495514953763
276,0.019341051557
277,0.16979876636
278,0.00369580913985
279,0.142651939042
280,0.0621825547466
281,0.164452691841
282,0.0
283,0.0
284,0.116213637696
285,0.0263892449398
286,0.314685825016
287,0.073732010952
288,0.367644936277
289,0.0
290,0.187036939769
291,0.27307767391
292,0.318181336344
293,0.0331672548622
294,0.013843184577
295,0.062814483366
296,0.0666753817506
297,0.0
298,0.0
299,0.311344830976
300,0.210245330116
301,0.097927411591
302,0.71753506926
303,0.592118190673
304,0.171410853529
305,0.0962532406881
306,0.574656441004
307,0.0334669177168
308,0.298988735816
309,0.165292135846
310,0.444579496273
311,0.590979363631
312,0.531690217012
313,0.0
314,0.0980561402479
