site,dnds
1,0.0
2,0.212930863055
3,0.286857723024
4,0.130320205492
5,0.276605293554
6,0.113410196179
7,0.16758492539
8,0.0778947774145
9,0.0
10,0.221642204656
11,0.0
12,0.0839575304401
13,0.135291856829
14,0.124674224427
15,0.121807006824
16,0.329028332543
17,0.156286447491
18,0.126648962564
19,0.313538740379
20,0.161020679707
21,0.362979796831
22,0.288594517034
23,0.242720245055
24,0.0632419062192
25,0.223569537883
26,0.424275511888
27,0.312161117011
28,0.16844856031
29,0.432983438538
30,0.318913839856
31,0.416269206926
32,0.21281304715
33,0.181000163763
34,0.0
35,0.119651878182
36,0.0
37,0.365196447336
38,0.126648962564
39,0.176444123365
40,0.329463849501
41,0.153752851423
42,0.102688471194
43,0.0
44,0.132776341132
45,0.196308620302
46,0.0
47,0.102707340118
48,0.0
49,0.279326377675
50,0.210151830716
51,0.263027763377
52,0.118601884232
53,0.249205236652
54,0.363253479803
55,0.0536911162457
56,0.138130152203
57,0.0809070561887
58,0.11207709963
59,0.31264810133
60,0.303004657159
61,0.261516148631
62,0.208298018117
63,0.199948345431
64,0.396996646242
65,0.240716997929
66,0.376756035908
67,0.0
68,0.426284102766
69,0.357203409154
70,0.331377201218
71,0.264114619106
72,0.28906152571
73,0.269468239909
74,0.0217457938999
75,0.0365819942746
76,0.0
77,0.12866840132
78,0.197162377
79,0.14332406202
80,0.0
81,0.322784324458
82,0.0586043503623
83,0.102994902063
84,0.337865797134
85,0.214420894673
86,0.0234528767853
87,0.173679090685
88,0.404078179203
89,0.116579721002
90,0.0
91,0.142857142857
92,0.294770301412
93,0.321920363862
94,0.130807498609
95,0.0952999808647
96,0.12418802838
97,0.222752392838
98,0.38732262339
99,0.0
100,0.0
101,0.189248332172
102,0.121368924248
103,0.249960031932
104,0.341146475685
105,0.341793683252
106,0.0
107,0.276410710527
108,0.317005961986
109,0.0
110,0.102790807671
111,0.328415848674
112,0.31892754599
113,0.243224696827
114,0.199860161357
115,0.291894997533
116,0.240227466651
117,0.222889435372
118,0.045176152163
119,0.127667414613
120,0.0526519333507
121,0.0677701813579
122,0.106546437534
123,0.0677701813579
124,0.353977648837
125,0.0
126,0.134439118936
127,0.388360665204
128,0.473450777846
129,0.233796001806
130,0.271023264512
131,0.319904009776
132,0.240193725382
133,0.382757859404
134,0.0988483280285
135,0.388007468874
136,0.215650640755
137,0.211597708982
138,0.456178897935
139,0.166666666667
140,0.0
141,0.0475652845627
142,0.191166463475
143,0.0
144,0.0
145,0.0
146,0.118040673993
147,0.0
148,0.0
149,0.0
150,0.117699510361
151,0.188300992878
152,0.140087333406
153,0.0
154,0.0
155,0.0
156,0.0
157,0.0949520892292
158,0.213389591478
159,0.236068245421
160,0.32780989201
161,0.283270600311
162,0.212674307152
163,0.259389136066
164,0.255011835355
165,0.0972093792689
166,0.128392468417
167,0.246212254802
168,0.463414001245
169,0.330627859881
170,0.480282294713
171,0.0
172,0.0585924643365
173,0.20979095981
174,0.116205341195
175,0.438467124304
176,0.283251866517
177,0.257288833768
178,0.486992581356
179,0.320214794237
180,0.130315470084
181,0.479278859268
182,0.390411819348
183,0.0342814858939
184,0.372845505169
185,0.310896788909
186,0.0668842657047
187,0.259829537245
188,0.0
189,0.105923286642
190,0.178724475715
191,0.394015105257
192,0.129502748557
193,0.10625970653
194,0.427682725178
195,0.336920327564
196,0.220233554164
197,0.218798135434
198,0.251758320955
199,0.372763885175
200,0.565983794103
201,0.337881946237
202,0.296197421414
203,0.317859067402
204,0.255094621834
205,0.159521899114
206,0.241668608116
207,0.132028034392
208,0.231461149053
209,0.467986472879
210,0.208694052591
211,0.376167341923
212,0.209811563664
213,0.255056002774
214,0.356704552939
215,0.182989496455
216,0.315786937052
217,0.0
218,0.0549707801188
219,0.0
220,0.323830217959
221,0.32959397375
222,0.24622970926
223,0.158141581711
224,0.345899950086
225,0.400321905549
226,0.0737805219733
227,0.120220301441
228,0.0361367054055
229,0.219625186123
230,0.304511953834
231,0.232723493741
232,0.407173710664
233,0.279415296342
234,0.14024735138
235,0.304110359539
236,0.356198035708
237,0.264437279797
238,0.246174042687
239,0.11244999861
240,0.170044917224
241,0.415965960952
242,0.265773079094
243,0.247181778246
244,0.318783842803
245,0.329833370994
246,0.312105763826
247,0.0822184069824
248,0.0588536923183
249,0.34694407898
250,0.346492701857
251,0.0825701210831
252,0.217953508372
253,0.452004437364
254,0.0
255,0.0
256,0.0747055990385
257,0.397876972863
258,0.243081882883
259,0.0
260,0.202202019991
261,0.0216000578033
262,0.0
263,0.0
264,0.0963833894959
265,0.0
266,0.191369909332
267,0.149131633619
268,0.134458053042
269,0.179038512024
270,0.0
271,0.0
272,0.0
273,0.11107643129
274,0.192146376808
275,0.0641210323679
276,0.109342662429
277,0.253442992352
278,0.295851715117
279,0.420227649307
280,0.257784606152
281,0.303483796623
282,0.411921628233
283,0.139805532704
284,0.126472357651
285,0.369267487908
286,0.0
287,0.237832742765
288,0.374180726599
289,0.258049334364
290,0.329482821422
291,0.368978855902
292,0.116440549945
293,0.463249459056
294,0.427009034136
295,0.242264171076
296,0.222522519129
297,0.427499764189
298,0.331301379192
299,0.362858994479
300,0.374891145753
301,0.222560955904
302,0.262303414951
303,0.312912273151
304,0.212274248501
305,0.223871343576
306,0.0704551071043
307,0.0
308,0.0
309,0.440969132764
310,0.0543394602316
311,0.394087185387
312,0.349319811559
313,0.359121707797
314,0.0890766720542
315,0.275726601609
316,0.430738296173
317,0.254364565975
318,0.30647795873
319,0.387276501852
320,0.304307064935
321,0.255657198024
322,0.253184530511
323,0.193423663205
324,0.319252219996
325,0.376308667536
326,0.133494283696
327,0.286874902317
328,0.302852021007
329,0.341316294287
330,0.271751052749
331,0.391249603278
332,0.215005004694
333,0.29124293008
334,0.0891128393444
335,0.379040562774
336,0.207823978555
337,0.121417742481
338,0.300667001793
339,0.359052234431
340,0.25018243973
341,0.315377383152
342,0.236510143591
343,0.284833964782
344,0.287757506277
345,0.0350378043691
346,0.273464402806
347,0.225026252912
348,0.225076202796
349,0.207582614226
350,0.318898817677
351,0.246531078348
352,0.218023796763
353,0.13325064693
354,0.303681817732
355,0.158482674341
356,0.0
357,0.222183735055
358,0.198763578575
359,0.278949375661
360,0.294312715951
361,0.286549538895
362,0.0
363,0.14332406202
364,0.35613050211
365,0.348916196376
366,0.0780171521289
367,0.24562287848
368,0.215696151628
369,0.423037178401
370,0.400980422961
371,0.124658453534
372,0.299793377514
373,0.110649872649
374,0.328409146652
375,0.30115543831
376,0.106999554874
377,0.329495062023
378,0.23520704228
379,0.0388344009172
380,0.0
381,0.252527164547
382,0.320031536142
383,0.172636430766
384,0.143772599612
385,0.401438124624
386,0.346360869641
387,0.248753301371
388,0.143857167398
389,0.134877069274
390,0.18110243646
391,0.0773768227132
392,0.0934372806741
393,0.0
394,0.424029101979
395,0.284054531891
396,0.328490312461
397,0.188170234259
398,0.320175003708
399,0.271552103038
400,0.282662081542
401,0.279038072459
402,0.0925037568896
403,0.200353224654
404,0.267904623313
405,0.0429461312841
406,0.317363358122
407,0.291540736951
408,0.0
409,0.289056120661
410,0.518753015586
411,0.414989477927
412,0.24414301337
413,0.141067127557
414,0.407744198779
415,0.0722028313083
416,0.356184407022
417,0.0506692944732
418,0.402390031282
419,0.260114485608
420,0.136747106835
421,0.150915185548
422,0.168142157659
423,0.0381773994516
424,0.151342714511
425,0.459799161521
426,0.19285339605
427,0.0
428,0.239689129395
429,0.114877693387
430,0.516989353432
431,0.225982993816
432,0.0
433,0.0273094185889
434,0.157399862502
435,0.231856407409
436,0.398134325971
437,0.21407790346
438,0.225355981142
439,0.264041708701
440,0.222918558858
441,0.442619950148
442,0.380818437461
443,0.113881056642
444,0.292866626864
445,0.258427668764
446,0.20731722592
447,0.118090356895
448,0.0117408504265
449,0.330706257954
450,0.480489102094
451,0.243764902946
452,0.0388502365307
453,0.3235854772
454,0.383168840496
455,0.114501486853
456,0.387244046691
457,0.363002703389
458,0.29086863189
459,0.199793719552
460,0.337012608544
461,0.237308739515
462,0.0
463,0.348500951035
464,0.0853472078955
465,0.225817574693
466,0.301306676202
467,0.299113495637
468,0.214537837256
469,0.303158201428
470,0.220156616021
471,0.241221973269
472,0.344545547932
473,0.0
474,0.083073819393
475,0.318053101437
476,0.327073202857
477,0.226445447314
478,0.310899882143
479,0.325622127459
480,0.290854759896
481,0.2306931669
482,0.111260731352
483,0.0479788894569
484,0.295076642491
485,0.252991317179
486,0.0570452533796
487,0.259009642342
488,0.0
489,0.0
490,0.0625395952385
491,0.0
492,0.0950325464342
493,0.0
494,0.0
495,0.0
496,0.0
497,0.0
498,0.0927964794031
499,0.375499644841
500,0.275078684039
501,0.0531289769061
502,0.177989782251
503,0.415588593322
504,0.282663277536
505,0.357232381648
506,0.0117289102655
507,0.322647441304
508,0.0
509,0.236308644951
510,0.0
511,0.26374427708
512,0.321038339358
513,0.336950313278
514,0.0977245635352
515,0.225927091434
516,0.112063425645
517,0.136599113034
518,0.206597995939
519,0.181284094432
520,0.246229967923
521,0.339166015688
522,0.0
523,0.0
524,0.11786118497
525,0.257344312669
526,0.0
527,0.289741104184
528,0.263245666528
529,0.216674128978
530,0.312263611564
531,0.312405682644
532,0.357574177848
533,0.36108110716
534,0.102534782345
535,0.214775120808
536,0.0585709210726
537,0.34105029649
538,0.260947394315
539,0.219315242905
540,0.181652308522
541,0.346652118124
542,0.353477524981
543,0.239116919415
544,0.334677456019
545,0.427784634052
546,0.176222238445
547,0.269250283928
548,0.421444078601
549,0.0
550,0.141086636757
551,0.136917961592
552,0.375445416064
553,0.330847216647
554,0.218633752226
555,0.150690552332
556,0.0
557,0.0
558,0.0
559,0.208972468675
560,0.221085767998
561,0.221559405514
562,0.298465850397
563,0.387241742479
564,0.243287016978
565,0.335784168046
566,0.469032704043
567,0.2922584396
568,0.388105624067
569,0.24265253738
570,0.0
571,0.245452630278
572,0.0637070033503
573,0.21969194426
574,0.252728749603
575,0.185464284613
576,0.307651772461
577,0.250053062575
578,0.294449176684
579,0.219724224254
580,0.299807828292
581,0.382508736328
582,0.287545010805
583,0.409743239352
584,0.152457300864
585,0.269506842042
586,0.159141513683
587,0.572623017724
588,0.364878720797
589,0.469442732798
590,0.0
591,0.368204719093
592,0.0423020950359
593,0.39115094928
594,0.324828033048
595,0.288622687693
596,0.325183845084
597,0.293911410189
598,0.193977593358
599,0.184452536974
600,0.174610133844
601,0.312858851371
602,0.218146812495
603,0.385345798255
604,0.352771386204
605,0.35292375412
606,0.288167340825
607,0.266111570732
608,0.476644281365
609,0.103644303244
610,0.373273755548
611,0.109861228867
612,0.259475825427
613,0.0
614,0.0
615,0.380654959906
616,0.130376597969
617,0.0
618,0.444263519143
619,0.484987536623
620,0.109167196074
621,0.279750268894
622,0.159095930453
623,0.372998607171
624,0.263618531402
625,0.27617544791
626,0.187373923433
627,0.422998782556
628,0.169414517098
629,0.191685397133
630,0.225541057858
631,0.0
632,0.267104640655
633,0.361348148975
634,0.300722037449
635,0.161621296081
636,0.309984663716
637,0.240824939838
638,0.352938493181
639,0.309990515561
640,0.321952358552
641,0.152478675718
642,0.0
643,0.0
644,0.151437321729
645,0.0
646,0.200158745807
647,0.0718113032464
648,0.234914001205
649,0.146890772479
650,0.210095521407
651,0.0936308741428
652,0.200442074959
653,0.307664194676
654,0.236033331894
655,0.29242231084
656,0.373013369083
657,0.359911806148
658,0.155096667057
659,0.0
660,0.271231505437
661,0.115726190526
662,0.371722139157
663,0.213193714
664,0.185570715624
665,0.415432797163
666,0.214352234261
667,0.0325120596455
668,0.313787395162
669,0.230718099923
670,0.134458053042
671,0.189364582453
672,0.309986281626
673,0.0
674,0.323524149216
675,0.37301058696
676,0.419852919515
677,0.254757556346
678,0.285940472591
679,0.283223965779
680,0.121215972061
681,0.134458053042
682,0.17852418576
683,0.215786759122
684,0.287118267969
685,0.316303698037
686,0.194414180553
687,0.311152477575
688,0.198026014055
689,0.194506639971
690,0.0458239755727
691,0.469597606328
692,0.137258940852
693,0.282452613362
694,0.300627056133
695,0.201093071339
696,0.0922089930595
697,0.170059793929
698,0.232959009779
699,0.297613136401
700,0.12539778274
701,0.115387520082
702,0.20556650301
703,0.0
704,0.359500089893
705,0.0
706,0.156206862731
707,0.0
708,0.0
709,0.0
710,0.0668842657047
711,0.226755502263
712,0.117563768854
713,0.17209598036
714,0.394891236803
715,0.266664929778
716,0.342750342546
717,0.188900082238
718,0.118196473412
719,0.0
720,0.35878870662
721,0.251122850516
722,0.107764152862
723,0.202017159773
724,0.281656814596
725,0.485275660181
726,0.219881197056
727,0.0
728,0.263613753966
729,0.372801820349
730,0.249586720109
731,0.0445465662156
732,0.233202217936
733,0.0165560185352
734,0.111490675253
735,0.204703341716
736,0.143203204024
737,0.0
738,0.331286420169
739,0.378240532803
740,0.314862922519
741,0.0
742,0.332246105695
743,0.313018696046
744,0.150586755181
745,0.297995914717
746,0.132938756891
747,0.333456896224
748,0.260075589129
749,0.167310755442
750,0.131712686293
751,0.208552400023
752,0.356803069397
753,0.0601103246014
754,0.0952580269229
755,0.225102535443
756,0.428234618055
757,0.108321119224
758,0.20782361858
759,0.285284596743
760,0.0825924145284
761,0.2721207305
762,0.195599853817
763,0.33718123879
764,0.326655702103
765,0.136460590201
766,0.26184063916
767,0.0199304866255
768,0.210329378531
769,0.243977156172
770,0.479059571182
771,0.21916966538
772,0.0
773,0.311897418011
774,0.416076696043
775,0.0339913135337
776,0.0371886182593
777,0.20428944077
778,0.267355544655
779,0.266047525404
780,0.0
781,0.235873538491
782,0.250789326644
783,0.26170900098
784,0.316432345901
785,0.252845109935
786,0.102036153635
787,0.0
788,0.090775108197
789,0.300856818732
790,0.317699938747
791,0.081644115998
792,0.190344774394
793,0.191685397133
794,0.0
795,0.172050936691
796,0.175678766207
797,0.342458691689
798,0.204376907925
799,0.254107717568
800,0.107323459861
801,0.138130159792
802,0.0330178870517
803,0.0123068233147
804,0.294053722793
805,0.192326905697
806,0.286233345539
807,0.134048613981
808,0.0876681314828
809,0.0
810,0.249484290899
811,0.426796757738
812,0.0325021586662
813,0.17632248896
814,0.0920956232817
815,0.34134949328
816,0.131016390317
817,0.0250663043912
818,0.384951834746
819,0.18494682565
820,0.251577644742
821,0.123805451879
822,0.301881784489
823,0.374940631202
824,0.0
825,0.152594111071
826,0.228928405555
827,0.184273728173
828,0.109343008991
829,0.0751636399543
830,0.0
831,0.265916175886
832,0.216775721065
833,0.266587630623
834,0.362794884955
835,0.0500996616967
836,0.209821004773
837,0.129979337002
838,0.300184752205
839,0.0173770760618
840,0.133696291827
841,0.245225706612
842,0.387144583728
843,0.210274773373
844,0.226240280547
845,0.243908136208
846,0.221906856989
847,0.234990877924
848,0.361320745975
849,0.196758119371
850,0.221833189578
851,0.145412481747
852,0.154478480881
853,0.410797191502
854,0.221847493139
855,0.171786413878
856,0.0481387460618
857,0.275522727501
858,0.0266009553565
859,0.104527775971
860,0.310013603698
861,0.0
862,0.148414207403
863,0.216389689788
864,0.334663614203
865,0.0
866,0.39204292124
867,0.153818477341
868,0.353561064029
869,0.215379045168
870,0.128522651171
871,0.291030594206
872,0.0
873,0.277238263249
874,0.0824567938667
875,0.256225730747
876,0.126071202391
877,0.351787035851
878,0.245157078304
879,0.213355277743
880,0.191962800632
881,0.0290256760119
882,0.092107068803
883,0.198876893941
884,0.162010392737
885,0.258711682058
886,0.156026057089
887,0.107505363456
888,0.310250510647
889,0.330559794142
890,0.277732053595
891,0.0
892,0.319137886004
893,0.41034235035
894,0.332581055558
895,0.271368635583
896,0.483727547397
897,0.530493672737
898,0.0446854600134
899,0.346859122023
900,0.420994053684
901,0.221139053193
902,0.0
903,0.245044520418
904,0.305792122928
905,0.137624048213
906,0.412181984105
907,0.229565505774
908,0.150988997941
909,0.0601769723711
910,0.0
911,0.190753660236
912,0.292304170582
913,0.197189672763
914,0.337109867903
915,0.398244989631
916,0.206121976942
917,0.0202281974348
918,0.371516169983
919,0.179213083667
920,0.103006119378
921,0.133555583228
922,0.294093825008
923,0.351781975565
924,0.285290683661
925,0.467053196635
926,0.239513099689
927,0.369444458751
928,0.330639163598
929,0.249029732552
930,0.0242036361992
931,0.0
932,0.382329872012
933,0.349821796116
934,0.231504791648
935,0.392700864007
936,0.0
937,0.0
938,0.0
939,0.0
940,0.0
941,0.0993213655356
942,0.262203593804
943,0.230192197215
944,0.181340122063
945,0.382520171199
946,0.0831826377522
947,0.274733966327
948,0.450527676211
949,0.311984136265
950,0.172273003896
951,0.14616452989
952,0.385786266962
953,0.170436517306
954,0.425597030587
955,0.314520692684
956,0.335727550009
957,0.057339493582
958,0.507077185184
959,0.305424927264
960,0.230021042681
961,0.0
962,0.0
963,0.186565239641
964,0.0
965,0.384225301672
966,0.193022776835
967,0.1879007528
968,0.30461950677
969,0.372635120699
970,0.235709033253
971,0.137517453362
972,0.472262967575
973,0.272183758989
974,0.174879029856
975,0.402974015628
976,0.254185480236
977,0.330567115034
978,0.272416627039
979,0.0
980,0.322800707585
981,0.0
982,0.167406455782
983,0.0291832762672
984,0.123242613239
985,0.329510539989
986,0.266526198424
987,0.198967251722
988,0.273188685465
989,0.249823248167
990,0.29426418601
991,0.238824329218
992,0.340069718033
993,0.208919672241
994,0.384880073405
995,0.337415707814
996,0.235306558889
997,0.0
998,0.226883736342
999,0.150601511105
1000,0.183604058947
1001,0.473548419061
1002,0.226751177946
1003,0.0645359417384
1004,0.323143063473
1005,0.156503108752
1006,0.130399462882
1007,0.444080059157
1008,0.193590098329
1009,0.135082367488
1010,0.323546958272
1011,0.22200359886
1012,0.0
1013,0.0
1014,0.201689539069
1015,0.378605725629
1016,0.140705593724
1017,0.279797199769
1018,0.15669315372
1019,0.439070636481
1020,0.174261565112
1021,0.323980445632
1022,0.192229683106
1023,0.255249952522
1024,0.170612919318
1025,0.325376919177
1026,0.0585083689317
1027,0.0639090037767
1028,0.229276750476
1029,0.334736747535
1030,0.0792268477405
1031,0.2224454786
1032,0.118820556542
1033,0.0200964705757
1034,0.0763587954427
1035,0.152737061968
1036,0.279668251129
1037,0.0
1038,0.0
1039,0.322283180416
1040,0.0626101406278
1041,0.182119128947
1042,0.232711386125
1043,0.0987466554085
1044,0.309424191551
1045,0.452907559183
1046,0.320246661478
1047,0.326833946903
1048,0.156202181535
1049,0.0945872485199
1050,0.0880186895949
1051,0.395854188329
1052,0.175564932141
1053,0.316330942773
1054,0.318061203507
1055,0.231265565127
1056,0.15583791123
1057,0.116119464908
1058,0.240807117342
1059,0.136460590201
1060,0.0
1061,0.175298558133
1062,0.183389404138
1063,0.243107609979
1064,0.207944154168
1065,0.392583171037
1066,0.207096739133
1067,0.0613402037066
1068,0.0
1069,0.0
1070,0.0
1071,0.0
1072,0.0
1073,0.170551497294
1074,0.0
1075,0.0
1076,0.174459602263
1077,0.173056623785
1078,0.221372314414
1079,0.341151928547
1080,0.27692623911
1081,0.428729683783
1082,0.200330138417
1083,0.249995482981
1084,0.0
1085,0.0
1086,0.0
1087,0.147871398519
1088,0.158377817367
1089,0.0
1090,0.232998264327
1091,0.254254858757
1092,0.10792840099
1093,0.0
1094,0.368766844822
1095,0.263840850967
1096,0.255420147556
1097,0.317861225745
1098,0.450359604458
1099,0.268760315332
1100,0.327141652346
1101,0.285094516144
1102,0.290689888969
1103,0.25657860029
1104,0.310699397972
1105,0.052765407345
1106,0.314910184626
1107,0.131486504943
1108,0.204355415511
1109,0.505782917928
1110,0.19699619537
1111,0.247197037097
1112,0.283174730299
1113,0.294863103752
1114,0.0
1115,0.0885987809181
1116,0.0913852711283
1117,0.254909396723
1118,0.0
1119,0.287265928873
1120,0.156357995853
1121,0.133469652245
1122,0.147964766383
1123,0.0426135458543
1124,0.19326643936
1125,0.0913815229549
1126,0.124674224427
1127,0.0852316533746
1128,0.169974820006
1129,0.292171825204
1130,0.391552655408
1131,0.0843843531022
1132,0.0
1133,0.228741125309
1134,0.0807500219906
1135,0.14332406202
1136,0.0256543188493
1137,0.108382709369
1138,0.125333125141
1139,0.346755636986
1140,0.0
1141,0.292412053382
1142,0.291718118294
1143,0.21879645557
1144,0.360241340113
1145,0.186512314107
1146,0.0426135458543
1147,0.138474372001
1148,0.263630514231
1149,0.149672212971
1150,0.104732798722
1151,0.224920192834
1152,0.0682260896751
1153,0.293937958026
1154,0.314738793733
1155,0.114733446017
1156,0.238581091712
1157,0.407351675823
1158,0.0
1159,0.327493823308
1160,0.230892442989
1161,0.212208975231
1162,0.297851563135
1163,0.181369758882
1164,0.220330353029
1165,0.052873874926
1166,0.343944356836
1167,0.0838248912726
1168,0.0
1169,0.0
1170,0.0
1171,0.0
1172,0.0
1173,0.0
1174,0.0
1175,0.0
1176,0.410110159894
1177,0.218352482526
1178,0.312855659031
1179,0.246439950762
1180,0.324257607474
1181,0.229062457627
1182,0.167815059564
1183,0.189462891651
1184,0.234163725798
1185,0.222752392838
1186,0.439745891955
1187,0.216780445831
1188,0.222752392838
1189,0.19350865815
1190,0.165297699623
1191,0.239121189493
1192,0.198483174006
1193,0.239927328249
1194,0.407785508676
1195,0.337868582516
1196,0.229141999069
1197,0.126648962564
1198,0.353650565775
1199,0.463468112812
1200,0.208044828063
1201,0.0592139256801
1202,0.258356557647
1203,0.440278708279
1204,0.371461034386
1205,0.304589530777
1206,0.231458009902
1207,0.362566574037
1208,0.191310406907
1209,0.137716153012
1210,0.262811942242
1211,0.0828364121764
1212,0.0453356618488
1213,0.23467070193
1214,0.108561885456
1215,0.193503879528
1216,0.180148276861
1217,0.164021363815
1218,0.0
1219,0.294139506895
1220,0.0592139256801
1221,0.112930090677
1222,0.0715393911398
1223,0.413793855816
1224,0.0
1225,0.0840116152129
1226,0.172742010575
1227,0.370296049896
1228,0.0277045673228
1229,0.208235859254
1230,0.405145755112
1231,0.248183595369
1232,0.388155362434
1233,0.32416975554
1234,0.450699762182
1235,0.235849199719
1236,0.329309978498
1237,0.396525693357
1238,0.388647450889
1239,0.291012003835
1240,0.399144467386
1241,0.503042258136
1242,0.214090080478
1243,0.158696473284
1244,0.171079109872
1245,0.110337320689
1246,0.161836075717
1247,0.265505765206
1248,0.357719383996
1249,0.261476895505
1250,0.301621431869
1251,0.269037040138
1252,0.344183747777
1253,0.239820604127
1254,0.20092127698
1255,0.47827647596
1256,0.155469746621
1257,0.596259813107
1258,0.352171229081
1259,0.576470498313
1260,0.381677263433
1261,0.201204804697
1262,0.187927273896
1263,0.23510634099
1264,0.127831517445
1265,0.43283004087
1266,0.353244711814
1267,0.1763857123
1268,0.08221723114
1269,0.410870826951
1270,0.0
1271,0.27190160152
1272,0.153220925375
1273,0.210547960649
1274,0.0950228540692
1275,0.0
1276,0.146062227116
1277,0.121021603285
1278,0.294931450346
1279,0.455273902336
1280,0.193588972002
1281,0.315568235094
1282,0.0757748498
1283,0.243101455845
1284,0.217426663721
1285,0.128184578203
1286,0.345194239744
1287,0.0655515761792
1288,0.178552101541
1289,0.197789361569
1290,0.0757590927372
1291,0.0962383714029
1292,0.289504553726
1293,0.0442804428044
1294,0.0402683371843
1295,0.447982281391
1296,0.292140617654
1297,0.0933555880991
1298,0.273022254569
1299,0.245182304522
1300,0.224230518645
1301,0.244712797238
1302,0.331289885208
1303,0.464880985674
1304,0.211046719761
1305,0.380709280056
1306,0.158830146491
1307,0.0571428571429
1308,0.0664270589227
1309,0.251799135368
1310,0.284718530555
1311,0.110327572649
1312,0.213223317326
1313,0.266795059137
1314,0.384278410812
1315,0.330489211264
1316,0.255178083032
1317,0.474135204681
1318,0.338442764839
1319,0.0
1320,0.0
1321,0.0
1322,0.0
1323,0.0
1324,0.142857142857
1325,0.0
1326,0.320282950714
1327,0.190746199837
1328,0.382719207292
1329,0.201593621898
1330,0.335810979697
1331,0.191414095187
1332,0.0737908064045
1333,0.268326904312
1334,0.297710628044
1335,0.280884841695
1336,0.334705831878
1337,0.274880516499
1338,0.244452364824
1339,0.254585410962
1340,0.259809949226
1341,0.284699836777
1342,0.396601368398
1343,0.266456310756
1344,0.189173081356
1345,0.0880186895949
1346,0.0410597577831
1347,0.408369090576
1348,0.401997831051
1349,0.13828310056
1350,0.178915086047
1351,0.177221552244
1352,0.197685476319
1353,0.252810262866
1354,0.217760702155
1355,0.295519501798
1356,0.173222638515
1357,0.280387425334
1358,0.0
1359,0.157019707916
1360,0.203833449305
1361,0.267244662714
1362,0.107725945788
1363,0.147365975206
1364,0.231957804624
1365,0.150809018044
1366,0.225907222284
1367,0.200767819368
1368,0.305733544525
1369,0.111669496019
1370,0.0160456071871
1371,0.241410304205
1372,0.253056804462
1373,0.0422176251392
1374,0.316396928269
1375,0.266844341995
1376,0.186072645342
1377,0.0856398060923
1378,0.0
1379,0.285892878998
1380,0.336399741364
1381,0.107529143832
1382,0.163823841193
1383,0.137536148784
1384,0.423328287534
1385,0.18337179439
1386,0.436480852934
1387,0.418436606487
1388,0.238386811589
1389,0.186126617063
1390,0.0853104222228
1391,0.231996261301
1392,0.255172921039
1393,0.221095490048
1394,0.171481305556
1395,0.184657359028
1396,0.122661713377
1397,0.12914665358
1398,0.214222912236
1399,0.0
1400,0.281011274196
1401,0.166355323334
1402,0.0
1403,0.0
1404,0.1126597791
1405,0.0978606964179
1406,0.104278740235
1407,0.375466362853
1408,0.0221197105101
1409,0.0786296767896
1410,0.187613221166
1411,0.393444838023
1412,0.452391029973
1413,0.374084232738
1414,0.289587310003
1415,0.32456486933
1416,0.390705996009
1417,0.0
1418,0.08664339757
1419,0.304030456071
1420,0.312316230945
1421,0.372690665743
1422,0.169258242138
1423,0.102559372743
1424,0.175394359914
1425,0.147441109116
1426,0.0380161534587
1427,0.347248037019
1428,0.0
1429,0.17019240718
1430,0.120194264416
1431,0.246620573562
1432,0.216635540787
1433,0.343766470356
1434,0.0665362575416
1435,0.0
1436,0.317334614868
1437,0.0754445910814
