site,dnds
1,0.0
2,0.0
3,0.0
4,0.0
5,0.0
6,0.133303597186
7,0.014247675834
8,0.298344860589
9,0.500562374828
10,0.295610641599
11,0.352797852946
12,0.518390591949
13,0.295701360429
14,0.133780951296
15,0.506846558143
16,0.484257106423
17,0.211824037329
18,0.278289235011
19,0.220083235198
20,0.376328694716
21,0.47143488054
22,0.0680500880741
23,0.258496375483
24,0.67245254408
25,0.530273490377
26,0.607014554171
27,0.288734851411
28,0.0858506604309
29,0.444135908837
30,0.020642229059
31,0.381539042256
32,0.546443838422
33,0.148676512367
34,0.448313125782
35,0.427303213171
36,0.295176999455
37,0.278928536351
38,0.299024494117
39,0.61033964422
40,0.198930012128
41,0.0983626024244
42,0.493995824257
43,0.496200571377
44,0.536571004611
45,0.373346270419
46,0.358305103736
47,0.508339150043
48,0.534783896681
49,0.449696794154
50,0.465566263067
51,0.493208505658
52,0.570449173082
53,0.26397361499
54,0.511647633513
55,0.527641804018
56,0.382633890818
57,0.529832395346
58,0.467389132249
59,0.400264212549
60,0.664940811558
61,0.718376339735
62,0.0
63,0.0
64,0.125
65,0.774870549981
66,0.645868341551
67,0.657827108898
68,0.226560007252
69,0.233895357659
70,0.0
71,0.0538869906444
72,0.474038340214
73,0.246383509358
74,0.366730897582
75,0.366708866349
76,0.531385252794
77,0.328298422994
78,0.36288551328
79,0.356776225127
80,0.642582402982
81,0.613633032415
82,0.448851519564
83,0.509792757416
84,0.0
85,0.0924196240747
86,0.0317342591755
87,0.0
88,0.0
89,0.0
90,0.633325414032
91,0.263058314187
92,0.49139352711
93,0.312014217224
94,0.467114919524
95,0.232783051655
96,0.385466691249
97,0.311829786249
98,0.343536557524
99,0.318425236434
100,0.170326370854
101,0.193049972712
102,0.281119953234
103,0.306569984772
104,0.183528280699
105,0.537008926534
106,0.0
107,0.279144343342
108,0.276950763288
109,0.264900608587
110,0.326832631009
111,0.29575784119
112,0.208375105461
113,0.403928471639
114,0.268830329331
115,0.299143797808
116,0.551866822187
117,0.450533865975
118,0.405225174198
119,0.333171312407
120,0.0908509745305
121,0.471949677048
122,0.413932254582
123,0.287887954845
124,0.38022577176
125,0.219020403734
126,0.496057470767
127,0.338416303612
128,0.439921163908
129,0.486686718451
130,0.314761199759
131,0.145213327217
132,0.248223423706
133,0.525543832701
134,0.588706569016
135,0.177173588606
136,0.196724580862
137,0.509223285529
138,0.193560410996
139,0.272904397681
140,0.399297038219
141,0.501725502184
142,0.359444815514
143,0.345955274819
144,0.0
145,0.485486690566
146,0.439405562753
147,0.599092691437
148,0.544318996189
149,0.511251580664
150,0.0
151,0.0
152,0.549995902378
153,0.687990988152
154,0.1542932978
155,0.391506065458
156,0.717158431073
157,0.288312844573
158,0.201722958232
159,0.446182811274
160,0.292562454914
161,0.539159475975
162,0.365246153016
163,0.409075152853
164,0.48208103683
165,0.58559331027
166,0.257916925766
167,0.235332176645
168,0.286061879364
169,0.0261782749285
170,0.350755118186
171,0.163466055479
172,0.215538136552
173,0.0
174,0.19529725487
175,0.515213008041
176,0.0
177,0.461410171498
178,0.537818523755
179,0.489847332856
180,0.489889009238
181,0.177598928431
182,0.631163730775
183,0.258106514762
184,0.347927996712
185,0.381073706411
186,0.403009980135
187,0.237273450721
188,0.373343501463
189,0.498408241112
190,0.314342594581
191,0.296769551158
192,0.222902246603
193,0.519024268643
194,0.0410274283308
195,0.444754478435
196,0.482959449286
197,0.468135402375
198,0.0513261811021
199,0.19317884263
200,0.374636753291
201,0.16027923037
202,0.340117050493
203,0.105621838957
204,0.239394893764
205,0.285373686766
206,0.138526395569
207,0.354143977773
208,0.432306148189
209,0.160105231355
210,0.701753241273
211,0.331925868828
212,0.616882977308
213,0.425879632706
214,0.418179134296
215,0.0
216,0.0
217,0.0
218,0.0
219,0.0
220,0.310996375208
221,0.440905850274
222,0.520725361584
223,0.0
224,0.0
225,0.0
226,0.466000290959
227,0.0
228,0.0
229,0.0
230,0.0
231,0.0
232,0.147935318591
233,0.450052626734
234,0.0160646304076
235,0.29081032778
236,0.0878987007671
237,0.39154703154
238,0.325916278441
239,0.426248397609
240,0.441971138535
241,0.40429359147
242,0.308190759785
243,0.0798182006616
244,0.279744613956
245,0.403451417313
246,0.46453590173
247,0.0871069599535
248,0.495822943867
249,0.464324748059
250,0.0
251,0.0
252,0.0
253,0.396424845273
254,0.190777502524
255,0.158371070158
256,0.130781540063
257,0.326244801081
258,0.266666666667
259,0.0472716977391
260,0.112362792766
261,0.357075044203
262,0.466266086309
263,0.508904668029
264,0.0439592557128
265,0.0521128160983
266,0.0651168811962
267,0.371574426467
268,0.402986045014
269,0.103820753744
270,0.0261934128089
271,0.383864137647
272,0.307234615197
273,0.15997735771
274,0.229638892398
275,0.171035149872
276,0.588481402595
277,0.107647437839
278,0.284976062261
279,0.196091560269
280,0.249700568275
281,0.225671141692
282,0.230494183018
283,0.407042580414
284,0.235014852021
285,0.229555175094
286,0.470913486608
287,0.0822219660213
288,0.0
289,0.267915669056
290,0.36844828541
291,0.434842605644
292,0.125207662379
293,0.525326462337
294,0.0923470771897
295,0.248861504264
296,0.501762122356
297,0.344797534402
298,0.123168097449
299,0.173297759736
300,0.349790201971
301,0.481946375012
302,0.41542550023
303,0.0
304,0.0
305,0.0
306,0.0
307,0.0
308,0.11468985698
309,0.115739893749
310,0.318329300196
311,0.0
312,0.0
313,0.0
314,0.0
315,0.0
316,0.0
317,0.0
318,0.0
319,0.0
320,0.0
321,0.0
322,0.0
323,0.145173251022
324,0.204421157583
325,0.467491078854
326,0.472784210246
327,0.406046314685
328,0.289728299022
329,0.436529745583
330,0.0535908433497
331,0.0
332,0.0428685576854
333,0.066809366801
334,0.0
335,0.0739356992597
336,0.213091151706
337,0.0
338,0.0
339,0.0
340,0.0
341,0.0
342,0.0
343,0.0
344,0.0
345,0.0
346,0.0
347,0.0
348,0.0
349,0.0
350,0.0
351,0.0
352,0.0
353,0.0
354,0.0
355,0.0
356,0.0
357,0.0
358,0.0
359,0.0
360,0.0
361,0.0
362,0.0
363,0.0
364,0.0
365,0.0
366,0.303187013938
367,0.0802001559472
368,0.0100390610989
369,0.620283342581
370,0.499998309097
371,0.359055943585
372,0.35754391526
373,0.66513115468
374,0.303725792228
375,0.356265524669
376,0.321874019134
377,0.547785259628
378,0.140037696694
379,0.0598372113793
380,0.577426772684
381,0.144959689772
382,0.498732049501
383,0.0565863353853
384,0.505040595779
385,0.166005783039
386,0.0624854076113
387,0.0443080210244
388,0.154768692305
389,0.609676737251
390,0.294106832538
391,0.191739099617
392,0.166692875684
393,0.375482764484
394,0.409305556617
395,0.187238060723
396,0.148290437739
397,0.387477084912
398,0.504345408248
399,0.287629912126
400,0.0135808287973
401,0.0185214810787
402,0.489384401056
403,0.321527773567
404,0.346481643502
405,0.527769287807
406,0.381587732103
407,0.0400838039679
408,0.605880774638
409,0.596695750902
410,0.212855524689
411,0.0963973126233
412,0.437004089816
413,0.421736375839
414,0.231158215152
415,0.249592193562
416,0.742583749245
417,0.222448681678
418,0.198354557237
419,0.313323182075
420,0.36724664458
421,0.438691391519
422,0.166677245318
423,0.463501102932
424,0.471614974408
425,0.252218108396
426,0.547854222191
427,0.430238620559
428,0.38573553646
429,0.340351270336
430,0.459146926828
431,0.490870616823
432,0.320351653754
433,0.183977726102
434,0.0
435,0.0
436,0.0
437,0.0
438,0.167084506305
439,0.249698632123
440,0.0
441,0.407179462092
442,0.569868704828
443,0.525821337404
444,0.569248727857
445,0.201503400412
446,0.166666666667
447,0.125
448,0.166666666667
449,0.0
450,0.166666666667
451,0.558256334748
452,0.0
453,0.693567419559
454,0.467115229245
455,0.566362288337
456,0.340178128781
457,0.266612654998
458,0.34690895721
459,0.360714796054
460,0.389969446481
461,0.406589880143
462,0.00787764137337
463,0.0
464,0.475242911406
465,0.605607590072
466,0.153618220687
467,0.102948729835
468,0.287485929181
469,0.116021171761
470,0.108258373829
471,0.324924905125
472,0.1921575117
473,0.446630818291
474,0.421773643803
475,0.247562326513
476,0.158574375958
477,0.359308700107
478,0.42935852607
479,0.214830286725
480,0.362869710814
481,0.24505729993
482,0.368820908253
483,0.322109727167
484,0.0937758076338
485,0.180118035737
486,0.0190319291414
487,0.0837216703132
488,0.287750014671
489,0.308868645996
490,0.465432320872
491,0.419836758563
492,0.171040684238
493,0.489531514362
494,0.397067884745
495,0.603403862777
496,0.0631808301285
497,0.290576073596
498,0.0541992222861
499,0.590735554382
500,0.385648850461
501,0.363927974097
502,0.527862325832
503,0.308696498584
504,0.20076578743
505,0.179725414481
506,0.165229178736
507,0.413805586852
508,0.515521523633
509,0.344564609814
510,0.531613552347
511,0.315935298305
512,0.569458130779
513,0.621709412423
514,0.376698931396
515,0.0
516,0.0
517,0.0
518,0.426921695926
519,0.448654075309
520,0.284498622598
521,0.3141459132
522,0.0
523,0.153303291085
524,0.263946571055
525,0.212685255353
526,0.101635582429
527,0.393260361015
528,0.342623640008
529,0.128413739573
530,0.429876831792
531,0.308194301231
532,0.55530575415
533,0.240321827519
534,0.3452973316
535,0.6226328791
536,0.47513544474
537,0.166666666667
538,0.0
539,0.0
540,0.153241932242
541,0.587771226745
542,0.604257487537
543,0.45083154756
544,0.197866557302
545,0.527769295421
546,0.138357885001
547,0.067307022403
548,0.420810598381
549,0.00951035923593
550,0.333500202598
551,0.19848711865
552,0.25797165058
553,0.0
554,0.0
555,0.4866117015
556,0.319923246211
557,0.0
558,0.133557364563
559,0.127663148891
560,0.0
561,0.00633848392106
562,0.0
563,0.0
564,0.223795031194
565,0.403765217015
566,0.356508389005
567,0.342601494973
568,0.58177063156
569,0.221806005505
570,0.550149087666
571,0.62778909197
572,0.0
573,0.211547012926
574,0.113991102428
575,0.343662056727
576,0.635316100196
577,0.364416499345
578,0.690709721697
579,0.826002645125
580,0.557612442295
581,0.3977381989
582,0.648956332428
583,0.627226563437
584,0.303757291185
585,0.551720037636
586,0.0599264697107
587,0.205899614912
588,0.164955981619
589,0.37085484255
590,0.258802299016
591,0.107688041182
592,0.0653324158054
593,0.0135945351194
594,0.0887337938876
595,0.425377992682
596,0.367057249881
597,0.0822033249786
598,0.383596144345
599,0.0
600,0.0
601,0.204249638533
602,0.10196708355
603,0.140356805834
604,0.0742378055405
605,0.496492198504
606,0.313547567941
607,0.327814886589
608,0.0453001760229
609,0.236073289092
610,0.0966084216179
611,0.319560187352
612,0.194159210224
613,0.163771602887
614,0.205990723596
615,0.167669131907
616,0.163728883962
617,0.393797833567
618,0.00602133859641
619,0.215240452471
620,0.072262155069
621,0.0
622,0.0
623,0.0259539885663
624,0.0
625,0.0
626,0.260548548135
627,0.232336223763
628,0.0786552795075
629,0.123294879128
630,0.148395997194
631,0.236389754055
632,0.287923705956
633,0.394143069444
634,0.29404408847
635,0.0
636,0.453933987945
637,0.407197836754
638,0.618365072841
639,0.390252761626
640,0.390706194252
641,0.138895592511
642,0.00235789118121
643,0.135664020727
644,0.162682439494
645,0.0
646,0.0
647,0.267240693175
648,0.0974967503434
649,0.0
650,0.0254503286637
651,0.00602133859641
652,0.0
653,0.206612285645
654,0.011165040001
655,0.0
656,0.0
657,0.258639872753
658,0.100986074543
659,0.0
660,0.100662928514
661,0.0246279267815
662,0.13640663986
663,0.141468611463
664,0.259227935245
665,0.250330142976
666,0.352162992897
667,0.472580957329
668,0.197509078505
669,0.567044621681
670,0.64398389272
671,0.317930250547
672,0.302410457006
673,0.494654820778
674,0.00950489834428
675,0.198046538652
676,0.0
677,0.0
678,0.0
679,0.0
680,0.0
681,0.0
682,0.0
683,0.0
684,0.0
685,0.0
686,0.0
687,0.0
688,0.0
689,0.0
690,0.0
691,0.376742980686
692,0.0873685733642
693,0.122357795931
694,0.171352594101
695,0.404022843532
696,0.297557213941
697,0.0182242128666
698,0.440931686198
699,0.413547122656
700,0.192915684394
701,0.466472984462
702,0.385480657372
703,0.176598124952
704,0.351439460698
705,0.421544981677
706,0.269064197625
707,0.144763096827
708,0.2337133965
709,0.253632463
710,0.108164195896
711,0.126491655081
712,0.326852568494
713,0.158769659742
714,0.263469169527
715,0.207392845754
716,0.348535586185
717,0.300195943823
718,0.0
719,0.05993794822
720,0.412076778941
721,0.214153816004
722,0.129941476727
723,0.320178894296
724,0.2936224475
725,0.340519325024
726,0.0
727,0.156835522706
728,0.616629198429
729,0.324534554183
730,0.0757306445564
731,0.0
732,0.0
733,0.598305663841
734,0.62986561286
735,0.0873154760898
736,0.20228752034
737,0.28436734174
738,0.0
739,0.0
740,0.0
741,0.0
742,0.0
743,0.0
744,0.0
745,0.0
746,0.0
747,0.0
748,0.0
749,0.0
750,0.405676645406
751,0.205099543857
752,0.286866968984
753,0.106638027778
754,0.553720170338
755,0.565550014322
756,0.539226931465
757,0.724959283917
758,0.72384534483
759,0.0754716981132
760,0.615275166022
761,0.723148915164
762,0.668196335266
763,0.594330185287
764,0.623173333172
765,0.135859479855
766,0.266666666667
767,0.133303597186
768,0.291734825632
769,0.622822173812
770,0.601206576211
771,0.493914743092
772,0.25936929995
773,0.602033951528
774,0.494814545153
775,0.335606161602
776,0.389617559934
777,0.606251511596
778,0.50048632574
779,0.419114860681
780,0.456993551226
781,0.327833354079
782,0.123211668693
783,0.568874496306
784,0.550867048752
785,0.586384820535
786,0.41135078767
787,0.510344422371
788,0.242477911597
789,0.0
790,0.401867211533
791,0.244821752686
792,0.129996836694
793,0.489914245559
794,0.29625203742
795,0.369567363941
796,0.0
797,0.253096247518
798,0.0
799,0.107286422145
800,0.0366469721744
801,0.18381920364
802,0.0100615534636
803,0.0
804,0.0
805,0.0
806,0.0
807,0.223529961845
808,0.0547760993998
809,0.00572157325739
810,0.0
811,0.0192557547474
812,0.0729860795699
813,0.0
814,0.178079169142
815,0.0
816,0.127330424585
817,0.146046431322
818,0.0915499403288
819,0.13309252374
820,0.161759336518
821,0.117398486672
822,0.0
823,0.0396463792707
824,0.11946125175
825,0.143616198558
826,0.298374265952
827,0.26376644314
828,0.0183787848756
829,0.195763444045
830,0.230392163536
831,0.491982356328
832,0.154032706791
833,0.15694720662
834,0.0
835,0.0
836,0.100821408081
837,0.110879041561
838,0.0
839,0.261415614263
840,0.339876456661
841,0.33548919103
842,0.0
843,0.185428984281
844,0.273627456549
845,0.246484883774
846,0.158645232368
847,0.606473260064
848,0.0
849,0.0
850,0.0
851,0.0
852,0.0
853,0.0
854,0.0
855,0.0
856,0.0
857,0.483698696237
858,0.177298611877
859,0.351464706538
860,0.431696630318
861,0.484852008802
862,0.204940289834
863,0.156849083347
864,0.526471829462
865,0.337934254985
866,0.153140541101
867,0.344086181861
868,0.571308869556
869,0.395353642646
870,0.117170953674
871,0.0246326588311
872,0.30358732195
873,0.468810186831
874,0.0
875,0.0609802879616
876,0.235556668207
877,0.392225612554
878,0.400116705579
879,0.203524514951
880,0.125261569715
881,0.486078959026
882,0.270727050524
883,0.166537089661
884,0.241692735007
885,0.319375505363
886,0.00475715600185
887,0.0678080201287
888,0.0107738485041
889,0.213738184482
890,0.259278226342
891,0.0493456113674
892,0.503956886128
893,0.399745178907
894,0.283171882483
895,0.140941649452
896,0.180364265959
897,0.0210371648526
898,0.307759187116
899,0.269987977082
900,0.518254850242
901,0.0
902,0.376066526615
