site,dnds
1,0.224106190755
2,0.572854098663
3,0.163151375571
4,0.158485134048
5,0.205077834616
6,0.248389152176
7,0.130789591414
8,0.467737741613
9,0.517037792362
10,0.125824437746
11,0.606678185323
12,0.48825974932
13,0.341058422735
14,0.041788190746
15,0.618125380754
16,0.41060035258
17,0.420368842658
18,0.0154975846987
19,0.348521260748
20,0.535083951837
21,0.143918360508
22,0.0
23,0.514766850209
24,0.475930536815
25,0.317843274885
26,0.127179614711
27,0.571278310629
28,0.256856785552
29,0.301292761572
30,0.308329337876
31,0.0595820744232
32,0.0
33,0.0807016030258
34,0.456672266497
35,0.63576016641
36,0.249455396377
37,0.602222081778
38,0.0516462816285
39,0.0
40,0.190613495469
41,0.0190259819892
42,0.0574904258204
43,0.0428627078927
44,0.196108130222
45,0.178464025189
46,0.330570134519
47,0.181844427697
48,0.163512708729
49,0.576102845448
50,0.355550093422
51,0.553324358706
52,0.297413962652
53,0.0897599468814
54,0.108108108108
55,0.0
56,0.325218517384
57,0.372434415514
58,0.0947018647838
59,0.302398177343
60,0.0568188462509
61,0.165271341811
62,0.0
63,0.125026180691
64,0.64130246197
65,0.475455327704
66,0.0
67,0.249585448059
68,0.0907763261158
69,0.163812212501
70,0.0758512905838
71,0.194431990981
72,0.41605350322
73,0.0299730908034
74,0.198450561838
75,0.00801939857224
76,0.269176455259
77,0.119318710506
78,0.0102688565322
79,0.0792113143442
80,0.0
81,0.0744569839811
82,0.0
83,0.271743801182
84,0.477247817047
85,0.0
86,0.535532404108
87,0.441027300881
88,0.29304670229
89,0.00543223414354
90,0.667019295983
91,0.192671579649
92,0.379768672389
93,0.439080001004
94,0.228200711338
95,0.522171554027
96,0.548878648072
97,0.184075977545
98,0.291700079048
99,0.151841405455
100,0.103523006325
101,0.272561819263
102,0.0
103,0.212634636516
104,0.415652972638
105,0.418418514182
106,0.50721684899
107,0.465879211823
108,0.343165001836
109,0.519421441374
110,0.0
111,0.558312413036
112,0.585014709149
113,0.575107758046
114,0.0264411333074
115,0.296990647077
116,0.605652294623
117,0.00312130250699
118,0.118345603275
119,0.201127784371
120,0.784128452326
121,0.413530783401
122,0.0
123,0.187004428815
124,0.0225359828311
125,0.467327688828
126,0.591992604311
127,0.557482304606
128,0.417145641604
129,0.435640900596
130,0.452209805947
131,0.524403679118
132,0.545039865741
133,0.359522936397
134,0.73757559787
135,0.639982041297
136,0.0990210257943
137,0.266666666667
138,0.117784151691
139,0.455324455882
140,0.819870122901
141,0.468629823663
142,0.464982532422
143,0.364367593348
144,0.491153797492
145,0.358778908592
146,0.474377245876
147,0.0
148,0.0
149,0.0123262546876
150,0.474286248455
151,0.219135447752
152,0.504607063084
153,0.28400286263
154,0.514693194389
155,0.357713122127
156,0.329801698042
157,0.233692392627
158,0.224565047707
159,0.341764242898
160,0.169942241335
161,0.0
162,0.129032258065
163,0.152507615932
164,0.323337591826
165,0.0
166,0.158433641271
167,0.120948141872
168,0.101265822785
169,0.156202181535
170,0.0
171,0.289234318777
172,0.367079428876
173,0.00544721197969
174,0.231734813872
175,0.0
176,0.0
177,0.0
178,0.0
179,0.0
180,0.0
181,0.0
182,0.0
183,0.0
184,0.481045993095
185,0.101581898372
186,0.223984307018
187,0.306088324272
188,0.364265227343
189,0.388344565946
190,0.319378500805
191,0.74266128852
192,0.599336674208
193,0.539445032543
194,0.105263157895
195,0.623452379655
196,0.632149945022
197,0.665898945299
198,0.597610715831
199,0.418437109895
200,0.71694018919
201,0.420958583412
202,0.535030697849
203,0.174454525209
204,0.324395690147
205,0.269736506363
206,0.0
207,0.190428228528
208,0.32374152753
209,0.387103131582
210,0.0
211,0.143920974338
212,0.495967544643
213,0.402821341975
214,0.423293427401
215,0.433028737454
216,0.0597374691198
217,0.448378267539
218,0.603863814774
219,0.577519462598
220,0.543876966743
221,0.492557793602
222,0.467523641418
223,0.53274422439
224,0.619338846633
225,0.523386523226
226,0.562650849275
227,0.6718631185
228,0.577463681273
229,0.645461363994
230,0.304273566587
231,0.608053357258
232,0.027078723543
233,0.0846210110717
234,0.36371104702
235,0.370197492768
236,0.423167909831
237,0.659042960587
238,0.374334328566
239,0.240230100185
240,0.220009767371
241,0.0018646954577
242,0.161195766643
243,0.433537654933
244,0.482606248498
245,0.234413012682
246,0.496871454443
247,0.61190464258
248,0.655248259417
249,0.553250248964
250,0.441269154231
251,0.685145496132
252,0.544845823902
253,0.556989004538
254,0.567415991051
255,0.416730471611
256,0.592721063018
257,0.422354438304
258,0.429293354977
259,0.529034964498
260,0.143976970496
261,0.260881795804
262,0.190248509254
263,0.113582436115
264,0.0803876890285
265,0.0
266,0.0
