site,dnds
1,0.0
2,0.0
3,0.0
4,0.0
5,0.0
6,0.170212765957
7,0.0
8,0.154032706791
9,0.175440980112
10,0.134899473774
11,0.247379363967
12,0.235802329681
13,0.348169333973
14,0.331905081329
15,0.446227456778
16,0.430619138899
17,0.507039953633
18,0.431221723404
19,0.570455307657
20,0.3373759907
21,0.479791157478
22,0.374789859758
23,0.594362298314
24,0.150537507086
25,0.136448145038
26,0.260319123639
27,0.570730640369
28,0.477873996013
29,0.407946819044
30,0.388048965374
31,0.0960748089267
32,0.321388555927
33,0.319850401021
34,0.365836445199
35,0.420972287778
36,0.625768608491
37,0.440357269749
38,0.665409465117
39,0.503806400106
40,0.181743940394
41,0.524769186616
42,0.272974443564
43,0.427232394554
44,0.359351906919
45,0.575921633467
46,0.0902969004385
47,0.0219643918449
48,0.389929570247
49,0.418989862683
50,0.0403690786645
51,0.0367288800875
52,0.0
53,0.0950325464342
54,0.121872031747
55,0.145925722223
56,0.0
57,0.327679997774
58,0.0840178400679
59,0.0
60,0.0
61,0.0
62,0.61934081187
63,0.0
64,0.0
65,0.0
66,0.0
67,0.0
68,0.0
69,0.0
70,0.0
71,0.0
72,0.0
73,0.265667244652
74,0.428059015419
75,0.166666666667
76,0.0
77,0.406508339992
78,0.488623699733
79,0.404541693213
80,0.34367838101
81,0.362502708001
82,0.531138315264
83,0.127102418905
84,0.0157054958785
85,0.11542423731
86,0.0565303185362
87,0.186866557486
88,0.405087812379
89,0.194209226081
90,0.127779583361
91,0.238759742375
92,0.184056608344
93,0.261931405936
94,0.564019911637
95,0.515734735582
96,0.0969604604044
97,0.308792758005
98,0.109377123014
99,0.0
100,0.0
101,0.0
102,0.0
103,0.0
104,0.0
105,0.0
106,0.0
107,0.0
108,0.0
109,0.0
110,0.0605161127513
111,0.442941738387
112,0.416169613289
113,0.54009605421
114,0.409103122784
115,0.407025920838
116,0.258383345046
117,0.410044160227
118,0.268191255497
119,0.650787374833
120,0.36877918757
121,0.541788842991
122,0.145770261903
123,0.106317318258
124,0.314687119669
125,0.244748139602
126,0.0
127,0.455472036797
128,0.361268710669
129,0.443939779038
130,0.433081084222
131,0.472065206341
132,0.439444891596
133,0.568621158141
134,0.31552609352
135,0.388016423081
136,0.137995295765
137,0.511923033518
138,0.302919080347
139,0.244839672959
140,0.467516834401
141,0.244429954324
142,0.175870986342
143,0.103339983001
144,0.305778851504
145,0.402381449607
146,0.490314027273
147,0.627894895324
148,0.532251318858
149,0.558811987917
150,0.647534650269
151,0.0872292671832
152,0.126191468816
153,0.14190570594
154,0.0481573835406
155,0.548356930427
156,0.442750708435
157,0.274682168796
158,0.252888541995
159,0.615240711335
160,0.260428297803
161,0.062372504496
162,0.430494628945
163,0.311104032084
164,0.211245655639
165,0.344938886619
166,0.288566757498
167,0.461959264053
168,0.476108032222
169,0.550039148966
170,0.717647562178
171,0.210194860713
172,0.258119201133
173,0.413311640797
174,0.515368181075
175,0.577748778209
176,0.441138106347
177,0.51088283253
178,0.593810170968
179,0.393694043448
180,0.428375754553
181,0.228233780118
182,0.473080471035
183,0.618188297842
184,0.687789000586
185,0.141025478954
186,0.0
187,0.0
188,0.0
189,0.0
190,0.0
191,0.0
192,0.0
193,0.0
194,0.0
195,0.0
196,0.0
197,0.0
198,0.0
199,0.0
200,0.0
201,0.0
202,0.0
203,0.0
204,0.0
205,0.0
206,0.0
207,0.683289341845
208,0.423885276272
209,0.518582472039
210,0.153988402531
211,0.285574649821
212,0.365841102195
213,0.230720869121
214,0.487775242057
215,0.736297618004
216,0.0
217,0.0
218,0.612669830316
219,0.534363623502
220,0.407173251327
221,0.682917028606
222,0.324882996397
223,0.481462960072
224,0.109471059812
225,0.321855466082
226,0.0980410887102
227,0.184311089825
228,0.184553478158
229,0.206899073383
230,0.0625386635968
231,0.402410061306
232,0.0454333891967
233,0.617999665643
234,0.0803862650245
235,0.544538173957
236,0.396954140799
237,0.403675041233
238,0.233801957064
239,0.5979728633
240,0.0
241,0.272339304367
242,0.0522357158434
243,0.365453877987
244,0.0
245,0.208546190619
246,0.38793532933
247,0.474839308972
248,0.429501699457
249,0.562608486832
250,0.572869599188
251,0.0501882593698
252,0.327419498372
253,0.0
254,0.0
255,0.0
256,0.0
257,0.525665133214
258,0.116501305411
259,0.150495584695
260,0.0387912333805
261,0.222644735147
262,0.334040169927
263,0.0232002854892
264,0.428911540757
265,0.446673954135
266,0.259066089232
267,0.328803728914
268,0.436637022523
269,0.198396069352
270,0.0
271,0.0
272,0.0579235868726
273,0.0
274,0.213091151706
275,0.141031341951
276,0.0
277,0.0
278,0.0
279,0.0
280,0.0
281,0.0
282,0.0
283,0.0
284,0.0
285,0.0
286,0.0
287,0.0
288,0.0
289,0.0
290,0.0
291,0.0
292,0.0
293,0.329718394678
294,0.367532700082
295,0.469604051504
296,0.22790477862
297,0.125420328859
298,0.224601923828
299,0.13528484932
300,0.246225816808
301,0.379108169565
302,0.226969046759
303,0.0937590567204
304,0.263436583853
305,0.198677467907
306,0.0
307,0.0
308,0.0
309,0.0
310,0.534002785489
311,0.714259854652
312,0.159168925786
313,0.506818344392
314,0.107673794569
315,0.457364291189
316,0.459119990489
317,0.349473494064
318,0.688016842573
319,0.527428332441
320,0.178716113193
321,0.294094246466
322,0.0
323,0.226473118522
324,0.0
325,0.0
326,0.147871398519
327,0.0
328,0.166666666667
329,0.0775491027295
330,0.0
331,0.0
332,0.0
333,0.0
334,0.0
335,0.100821408081
336,0.0
337,0.0
338,0.0
339,0.125
340,0.0
341,0.0775491027295
342,0.266666666667
343,0.0
344,0.0
345,0.0
346,0.08664339757
347,0.0
348,0.476573754963
349,0.496005058952
350,0.0
351,0.173629520597
352,0.0
353,0.0583691446919
354,0.128588844831
355,0.208038090589
356,0.0625175540098
357,0.0
358,0.29335102685
359,0.245280299712
360,0.0
361,0.534551166123
362,0.424782103998
363,0.440611329781
364,0.389489015606
365,0.484892995202
366,0.336681710816
367,0.109455836878
368,0.222200169568
369,0.368583924548
370,0.47450872098
371,0.368417738441
372,0.551928827238
373,0.204170280285
374,0.0
375,0.0
376,0.0
377,0.0
378,0.0
379,0.0
380,0.0
381,0.0
382,0.0
383,0.0
384,0.0
385,0.0
386,0.0
387,0.0
388,0.0
389,0.0
390,0.0
391,0.0
392,0.0
393,0.0
394,0.0
395,0.0
396,0.428706452264
397,0.163597174531
398,0.00613389240031
399,0.204531842573
400,0.00268611305701
401,0.0249607022097
402,0.103950053574
403,0.35209615041
404,0.44006574542
405,0.498814987815
406,0.431557999005
407,0.0412743572916
408,0.0444671625797
409,0.0
410,0.1312014298
411,0.0
412,0.180726707336
413,0.0316962795628
414,0.474784493574
415,0.322319756014
416,0.0458315205679
417,0.10517034935
418,0.268520263131
419,0.572135146855
420,0.481985886125
421,0.187346867279
422,0.733504351368
423,0.297432643073
424,0.456619459838
425,0.0
426,0.0
427,0.0
428,0.0
429,0.0
430,0.0
431,0.0
432,0.464432870982
433,0.608557587323
434,0.49239396072
435,0.192774980391
436,0.132204105488
437,0.496404203487
438,0.711496389532
439,0.15905364384
440,0.0754554067464
441,0.224233233996
442,0.337667657732
443,0.0700659987831
444,0.383730824368
445,0.324313350632
446,0.188300992878
447,0.158433641271
448,0.0
449,0.0621856012454
450,0.470381590099
451,0.112891593954
452,0.386720841408
453,0.603429439769
454,0.392198560189
455,0.27876744744
456,0.355284141076
457,0.525238099873
458,0.252221446351
459,0.0362215413349
460,0.290121066749
461,0.0384557542916
462,0.123986354649
463,0.143818716466
464,0.386556040775
465,0.261503658408
466,0.158649193435
467,0.0156278869057
468,0.508749654837
469,0.217130561373
470,0.391389590535
471,0.107841666053
472,0.0130274294653
473,0.285800274581
474,0.247113956276
475,0.0252023705908
476,0.140194618764
477,0.0923120356386
478,0.507726522327
479,0.402691743535
480,0.211651439505
481,0.202694476669
482,0.37568379376
483,0.518203948374
484,0.262732528949
485,0.294305860445
486,0.57455374787
487,0.00992770290455
488,0.336019081422
489,0.366925889429
490,0.154981638484
491,0.464401276626
492,0.528853477451
493,0.671442731653
494,0.0
495,0.154032706791
496,0.459790346651
497,0.570766475899
498,0.496050122086
499,0.213712034623
500,0.424862601884
501,0.684914770086
502,0.245943036214
503,0.506160418254
504,0.24834913656
505,0.0548290987424
506,0.509927752741
507,0.25148276905
508,0.270884424223
509,0.0
510,0.0
511,0.0
512,0.0
513,0.0
514,0.0
515,0.0
516,0.0
517,0.0
518,0.0
519,0.0
520,0.0
521,0.0
522,0.0
523,0.0
524,0.0
525,0.0
526,0.0
527,0.0
528,0.0
529,0.0
530,0.0
531,0.0
532,0.0
533,0.0
534,0.0
535,0.0
536,0.0
537,0.0
538,0.0
539,0.0
540,0.0
541,0.0
542,0.0
543,0.0
544,0.0
545,0.0
546,0.0
547,0.0
548,0.0
549,0.0
550,0.0
551,0.0
552,0.0
553,0.0
554,0.0
555,0.0
556,0.0
557,0.0
558,0.0
559,0.0
560,0.0
561,0.0
562,0.0
563,0.0
564,0.0
565,0.0
566,0.0
567,0.0047408209872
568,0.298278959496
569,0.26293946215
570,0.0380034385868
571,0.568537852326
572,0.427815204977
573,0.428346709456
574,0.541705527339
575,0.170614767506
576,0.00340963671761
577,0.251867570656
578,0.0132329545484
579,0.205563849569
580,0.355951884821
581,0.0
582,0.0265937353505
583,0.359632212743
584,0.123771671679
585,0.217273097413
586,0.260408416755
587,0.372763944985
588,0.31443628364
589,0.332243297011
590,0.42870232839
591,0.470768191003
592,0.405568557494
593,0.586604579214
594,0.20886463768
595,0.566822789907
596,0.202698616753
597,0.422444214122
598,0.106864581277
599,0.0
600,0.0
601,0.0
602,0.0
603,0.0
604,0.0
605,0.0
606,0.409446737954
607,0.201561990425
608,0.00390750876067
609,0.0172520374298
610,0.42248415087
611,0.128443416804
612,0.523950717158
613,0.574665115656
614,0.440059042322
615,0.24318010951
616,0.10246124972
617,0.0
618,0.451623676062
619,0.219712662031
620,0.350730262191
621,0.441670931295
622,0.641492404466
623,0.592531373791
624,0.64305376261
625,0.171929334611
626,0.503083983296
627,0.069852352994
628,0.0
629,0.0
630,0.0
631,0.211547012926
632,0.0
633,0.0
634,0.0
635,0.0
636,0.0
637,0.0
638,0.0
639,0.142857142857
640,0.0
641,0.0
642,0.132776341132
643,0.211547012926
644,0.0
645,0.0
646,0.271995159314
647,0.36636337874
648,0.362186212601
649,0.450860193911
650,0.427302943423
651,0.612925853863
652,0.120276610562
653,0.446469060229
654,0.431796697839
655,0.511638366207
656,0.356364532013
657,0.450526857483
658,0.359798750469
659,0.14319270399
660,0.236920865656
661,0.0254525145522
662,0.346878151039
663,0.120444953826
664,0.641446586128
665,0.362484195999
666,0.0
667,0.0
668,0.0
669,0.0
670,0.0
671,0.0
672,0.22779358503
673,0.111444335712
674,0.318595533596
675,0.576519861591
676,0.385594263108
677,0.452159368754
678,0.518317846289
679,0.707308103088
680,0.540684510465
681,0.711120043345
682,0.530187889405
683,0.555368814565
684,0.0339462916137
685,0.329816343747
686,0.517309429962
687,0.470005796923
688,0.223396277674
689,0.420419714518
690,0.15333071279
691,0.548878048637
692,0.321287830874
693,0.555481398923
694,0.539833603763
695,0.62128418866
696,0.721083517543
697,0.652298416609
698,0.720552751805
699,0.553207853168
700,0.672993326047
701,0.6709581066
702,0.630884466894
703,0.656016635255
704,0.25689116385
705,0.179778383797
706,0.147195298293
707,0.135155036036
708,0.550353027726
709,0.501686169464
710,0.120257524412
711,0.650580558472
712,0.392886496369
713,0.467945361141
714,0.608871202213
715,0.703707911836
716,0.412208376194
717,0.593305161868
718,0.619134119559
719,0.313717265116
720,0.498288729286
721,0.240920280461
722,0.50673294052
723,0.424399643957
724,0.407360642574
725,0.356623698086
726,0.12016512746
727,0.136314579513
728,0.659202563375
729,0.224048800786
730,0.500945677381
731,0.283715639117
732,0.0314966322777
733,0.371423142136
734,0.339648052834
735,0.393231115332
736,0.772247625122
737,0.759430505955
738,0.393018778339
739,0.390006972497
740,0.685266557921
741,0.156057377609
742,0.124758494803
743,0.0840178400679
744,0.357447916697
745,0.236880118591
746,0.0
747,0.0695083042471
748,0.125
749,0.0
750,0.106638027778
751,0.118839493394
752,0.166666666667
753,0.211547012926
754,0.525114580103
755,0.451027814157
756,0.271360303457
757,0.385326155991
758,0.519611967695
759,0.614777868283
760,0.461664627385
761,0.150957023126
762,0.508579708547
763,0.542721230523
764,0.264037493308
765,0.209940545459
766,0.386323885443
767,0.56443209523
768,0.584800538528
769,0.712001559088
770,0.621370053906
771,0.555596636183
772,0.454134608898
773,0.497947501662
774,0.648254234406
775,0.453692803995
776,0.650319789267
777,0.200731885272
778,0.0519454561544
779,0.275872947717
780,0.574268219406
781,0.659375488168
782,0.521122566823
783,0.723454274715
784,0.51890582207
785,0.691632036966
786,0.770130280098
787,0.623312414671
788,0.635442333026
789,0.618382830801
790,0.649088952211
791,0.644654285191
792,0.331183315384
793,0.654438543992
794,0.657663988468
795,0.700162526165
796,0.786473779136
797,0.436095963598
798,0.684680165321
799,0.433664819636
800,0.648513761687
801,0.413668463314
802,0.395336567978
803,0.522626849148
804,0.709420662053
805,0.728541893405
806,0.5410965274
807,0.554580464507
808,0.503855992962
809,0.625186696936
810,0.616198293539
811,0.49668255633
812,0.402668483421
813,0.738612451746
814,0.795479991281
815,0.421181013814
816,0.609583414352
817,0.701141499161
818,0.60070885929
819,0.066353281501
820,0.0194845749555
821,0.369745242513
822,0.0746487387847
823,0.309970331378
824,0.271231701681
825,0.301980994205
826,0.198714750491
827,0.212074909644
828,0.177902842832
829,0.066809366801
830,0.0775491027295
831,0.108124028829
832,0.0
833,0.0
834,0.0
835,0.0
836,0.0
