site,dnds
1,0.0
2,0.0
3,0.0803764978575
4,0.0
5,0.120664139903
6,0.338937231032
7,0.409043144967
8,0.297299003583
9,0.651277888818
10,0.59770859972
11,0.479897118225
12,0.758344860715
13,0.624599460475
14,0.523342761576
15,0.442407333682
16,0.592377518955
17,0.576503582232
18,0.564346306196
19,0.37729443137
20,0.0
21,0.603432933159
22,0.764201699373
23,0.223426352221
24,0.725555953945
25,0.40044151946
26,0.342753795247
27,0.748279822819
28,0.580048679332
29,0.553771934942
30,0.26840745073
31,0.61171198681
32,0.565393686707
33,0.352275170269
34,0.438232749541
35,0.552207429317
36,0.379915737546
37,0.157113568789
38,0.641247201089
39,0.0
40,0.642442494606
41,0.248287458742
42,0.260758185753
43,0.594713615684
44,0.447310147362
45,0.0
46,0.0
47,0.0
48,0.0
49,0.0
50,0.0
51,0.0
52,0.0
53,0.0
54,0.0
55,0.0
56,0.0
57,0.0
58,0.0
59,0.0
60,0.0
61,0.0
62,0.0
63,0.0
64,0.0
65,0.0
66,0.0
67,0.0
68,0.0
69,0.0
70,0.0
71,0.0
72,0.0
73,0.0
74,0.147871398519
75,0.0695083042471
76,0.0
77,0.142857142857
78,0.0867325491054
79,0.0349611603752
80,0.149750791987
81,0.154032706791
82,0.158597805798
83,0.0200635622084
84,0.587372801088
85,0.0
86,0.0
87,0.0
88,0.536315903326
89,0.0
90,0.525348997159
91,0.298868560972
92,0.388465737786
93,0.581217503937
94,0.0
95,0.0
96,0.0
97,0.0
98,0.0
99,0.0
100,0.0
101,0.0
102,0.0
103,0.0
104,0.0
105,0.0
106,0.0
107,0.0
108,0.0
109,0.0
110,0.0
111,0.0
112,0.0
113,0.599774162788
114,0.130960405272
115,0.132795857299
116,0.100821408081
117,0.458978973096
118,0.312614583995
119,0.35834011421
120,0.286998195485
121,0.692500400536
122,0.458615838245
123,0.0
124,0.187204613866
125,0.0
126,0.0
127,0.0
128,0.0
129,0.133303597186
130,0.373479196228
131,0.177685433552
132,0.237222922811
133,0.123060568399
134,0.0723987712691
135,0.365074322733
136,0.515995135266
137,0.552762597958
138,0.0
139,0.25048853468
140,0.0
141,0.0
142,0.0
143,0.0
144,0.0
145,0.0
146,0.0
147,0.244136064148
148,0.0
149,0.0
150,0.0
151,0.493285978155
152,0.0
153,0.0
154,0.0108593143648
155,0.563394698034
156,0.0
157,0.0
158,0.0
159,0.0
160,0.0
161,0.0
162,0.0
163,0.0
164,0.483132716549
165,0.187002247981
166,0.173601269159
167,0.114874404855
168,0.311915766697
169,0.0047532048756
170,0.10833062359
171,0.0
172,0.0
173,0.0962979363087
174,0.0865847116884
175,0.224330410352
176,0.00545013129063
177,0.0662075621846
178,0.176036046374
179,0.461454987222
180,0.189954612632
181,0.642156960144
182,0.259135595196
183,0.63765126129
184,0.415546115685
185,0.591619876185
186,0.0
187,0.0
188,0.0
189,0.0
190,0.0
191,0.0
192,0.602769282166
193,0.501835951711
194,0.362512230518
195,0.0284123867759
196,0.0450827434511
197,0.633127987759
198,0.396841295094
199,0.548611557876
200,0.45420802038
201,0.500988899036
202,0.24218410498
203,0.454408217185
204,0.394125452855
205,0.325102275665
206,0.586778142777
207,0.383088009932
208,0.119790963656
209,0.604122335821
210,0.459256904985
211,0.437236543422
212,0.211693489904
213,0.584378280166
214,0.207272520645
215,0.226327511902
216,0.299169506845
217,0.58973326081
218,0.55142936165
219,0.348935257728
220,0.567326539151
221,0.439692578369
222,0.00813969613153
223,0.153846153846
224,0.0
225,0.0
226,0.0
227,0.0
228,0.244136064148
229,0.132776341132
230,0.0
231,0.0
232,0.0
233,0.108124028829
234,0.0
235,0.125
236,0.0
237,0.0
238,0.0
239,0.0
240,0.0161883783148
241,0.356094909689
242,0.169023287562
243,0.234481118816
244,0.134200064853
245,0.566236670465
246,0.27060400937
247,0.373938042631
248,0.539049537506
249,0.581470674894
250,0.0131516184822
251,0.479825042528
252,0.595465058838
253,0.0
254,0.0
255,0.531978109806
256,0.445195056068
257,0.465890132518
258,0.56852971361
259,0.486514590928
260,0.727974023558
261,0.1263858107
262,0.190476190476
263,0.0846188051704
264,0.155691694764
265,0.0
266,0.0
267,0.0
268,0.0
269,0.0
270,0.0
271,0.0
272,0.0
273,0.0
274,0.0
275,0.521090718603
276,0.627994588525
277,0.657298925337
278,0.233004624369
279,0.620548846976
280,0.297450652361
281,0.624275005166
282,0.279912355074
283,0.631990518887
284,0.0
285,0.372136967823
286,0.607109849731
287,0.654262860475
288,0.650237921615
289,0.0
290,0.243455331713
291,0.13696937314
292,0.43477555423
293,0.410815016645
294,0.27900065494
295,0.233334318162
296,0.33021181641
297,0.51770076019
298,0.555957597253
299,0.356841828533
300,0.606007632191
301,0.603951616421
302,0.40383570402
303,0.286051175206
304,0.189817842261
305,0.0477469370005
306,0.0285503494126
307,0.019341051557
308,0.0
309,0.0
310,0.114765641917
311,0.0
312,0.186199814118
313,0.661000719853
314,0.0507130104887
315,0.663020804174
316,0.423630135033
317,0.235805616993
318,0.381274311859
319,0.419783095651
320,0.10106260341
321,0.546871760442
322,0.0502932961069
323,0.374943567923
324,0.460000455792
325,0.00237445257197
326,0.0326142761527
327,0.0
328,0.11097376937
329,0.00475328513947
330,0.375902340533
331,0.199712940931
332,0.571734922777
333,0.247435296602
334,0.261834406983
335,0.216116131122
336,0.0457574204674
337,0.471938698034
338,0.10356096772
339,0.0581005252565
340,0.135000907452
341,0.715094022573
342,0.302420167416
343,0.226572460078
344,0.479105262533
345,0.531842871803
346,0.24967490299
347,0.410213956535
348,0.586999253878
349,0.308459143097
350,0.513756444948
351,0.0
352,0.315167281335
353,0.0
354,0.0
355,0.0
356,0.141031341951
357,0.0775491027295
358,0.0
359,0.0
360,0.0
361,0.0
362,0.0
363,0.0
364,0.0
365,0.0
366,0.0
367,0.0
368,0.0
369,0.0
370,0.0
371,0.475102637998
372,0.595201163864
373,0.293327787722
374,0.0986805610251
375,0.412389237777
376,0.451314056496
377,0.273856641507
378,0.421181882806
379,0.0651888228295
380,0.371529699714
381,0.312288432277
382,0.00339362438385
383,0.0
384,0.0181103024912
385,0.0927972408912
386,0.0372898680697
387,0.0509960016795
388,0.162744897865
389,0.30667787686
390,0.368352748378
391,0.397219534576
392,0.456395025413
393,0.138566278186
394,0.0
395,0.667869590212
396,0.302526347167
397,0.365414191042
398,0.187286087832
399,0.435809484128
400,0.527837223595
401,0.359428897629
402,0.240723775136
403,0.302874952609
404,0.293126182569
405,0.0
406,0.268978002926
407,0.0605231440666
408,0.671951991106
409,0.643364328929
410,0.258432451052
411,0.527265694263
412,0.359470944339
413,0.134428527481
414,0.0
415,0.0
416,0.0
417,0.37454204223
418,0.0099831142531
419,0.421602132588
420,0.0
421,0.0
422,0.0
423,0.0
424,0.0
425,0.0
426,0.0
427,0.0
428,0.0
429,0.0
430,0.0300222371424
431,0.017748508858
432,0.00661219950344
433,0.197709710392
434,0.0
435,0.205478089057
436,0.019322188999
437,0.00633059587414
438,0.233680803111
439,0.130540869748
440,0.500102815841
441,0.468160312855
442,0.648233973235
443,0.488003892452
444,0.198494046552
445,0.393560694254
446,0.148382486475
447,0.543119693029
448,0.0
449,0.0
450,0.0
451,0.0
452,0.439193105403
453,0.28307905376
454,0.452813021611
455,0.655144597797
456,0.640618710118
457,0.491829675013
458,0.64337687301
459,0.696113945821
460,0.555829238819
461,0.626909315077
462,0.548725272464
463,0.320441651763
464,0.561913294582
465,0.63627704792
466,0.513094628731
467,0.526618257312
468,0.488046253556
469,0.661286668024
470,0.0734475069975
471,0.239126784087
472,0.086256439265
473,0.0102597094332
474,0.149330871372
475,0.0
476,0.0011866083788
477,0.01242382813
478,0.192286462434
479,0.0166383002199
480,0.282752596654
481,0.0829401768366
482,0.266429997722
483,0.42516328614
484,0.480724014288
485,0.529620718816
486,0.467371833624
487,0.288485341089
488,0.226067649494
489,0.0
490,0.117699510361
491,0.469563619564
492,0.0738574413274
493,0.524846495279
494,0.167721523027
495,0.0
496,0.557163815813
497,0.576670572368
498,0.421366631266
499,0.00953659454551
500,0.627312603314
501,0.669310047411
502,0.267198880803
503,0.10056646654
504,0.505620894672
505,0.136618179652
506,0.112165620851
507,0.110213964075
508,0.458819053583
509,0.150677816259
510,0.599589082802
511,0.0
512,0.0
513,0.0
514,0.0
515,0.0
516,0.0
517,0.0
518,0.0
519,0.0
520,0.0
521,0.0
522,0.0
523,0.0
524,0.0
525,0.0
526,0.0
527,0.0
528,0.0
529,0.0
530,0.0
531,0.0
532,0.0
533,0.137640622875
534,0.039409404405
535,0.0108892386077
536,0.185398194473
537,0.2503483017
538,0.12747918819
539,0.00236447357457
540,0.125415589385
541,0.117111710759
542,0.151408314177
543,0.0
544,0.100357140679
545,0.220563890692
546,0.433037288001
547,0.0
548,0.342365982684
549,0.2958545977
550,0.299106663907
551,0.445344893542
552,0.35377408072
553,0.286881229683
554,0.507066529814
555,0.546981293348
556,0.570575086122
557,0.549133871939
558,0.0
559,0.575622198335
560,0.531409100248
561,0.741034156863
562,0.428157615618
563,0.0633409246946
564,0.632956060336
565,0.0
566,0.42154574181
567,0.081680280888
568,0.0
569,0.116166861809
570,0.412651877056
571,0.352668536824
572,0.413525531926
573,0.373025488652
574,0.821850174208
575,0.753740567135
576,0.593944180267
577,0.590201955665
578,0.660585520255
579,0.408143821467
580,0.486467271321
581,0.538413749782
582,0.622769089934
583,0.132303492683
584,0.499123038084
585,0.243983419656
586,0.633457583436
587,0.526370027028
588,0.50512324269
589,0.302076532256
590,0.648032583273
591,0.425933588638
592,0.4689679837
593,0.234700529822
594,0.405905122613
595,0.440085578687
596,0.452226098564
597,0.19475667858
598,0.639520813021
599,0.325482945236
600,0.181026811985
601,0.0
602,0.0
603,0.0
604,0.0
605,0.0
606,0.0
607,0.0
608,0.0
609,0.0
610,0.0
611,0.0
612,0.0
613,0.0
614,0.0
615,0.0
616,0.0
617,0.0
618,0.0
619,0.0
620,0.30419506231
621,0.282211862497
622,0.244016498579
623,0.276709150618
624,0.586753933776
625,0.115019507363
626,0.662983584227
627,0.582201076984
628,0.597299197515
629,0.255047101578
630,0.52802047852
631,0.0
632,0.0
633,0.0
634,0.0
635,0.0
636,0.0
637,0.0
638,0.0
639,0.0
640,0.0
641,0.0
642,0.0
643,0.0
644,0.0
645,0.0
646,0.0
647,0.0
648,0.0
649,0.0
650,0.0
651,0.0833270869815
652,0.265409681998
653,0.344934075971
654,0.681205085195
655,0.670336553543
656,0.307044672691
657,0.641752662381
658,0.709790312932
659,0.482049282463
660,0.382004647921
661,0.629949433189
662,0.601407141878
663,0.688568320587
664,0.347127534205
665,0.37834708119
666,0.0
667,0.0
668,0.363960874738
669,0.649209674391
670,0.70133032004
671,0.265143817902
672,0.0890766720542
673,0.592996084248
674,0.428757055457
675,0.744673827794
676,0.673381812341
677,0.341968654343
678,0.362634463771
679,0.560486489748
680,0.620585099586
681,0.38139014614
682,0.365812444357
683,0.543523361742
684,0.367582143442
685,0.188320108072
686,0.602766052014
687,0.449345494129
688,0.183236992677
689,0.388304308395
690,0.465770995832
691,0.0044740417631
692,0.227022761036
693,0.0668488552741
694,0.408188254391
695,0.137522295129
696,0.41641283038
697,0.260407327687
698,0.154908673807
699,0.207635995429
700,0.382337020978
701,0.318505082392
702,0.236530461208
703,0.235408666109
704,0.39418861125
705,0.629081363744
706,0.235293768276
707,0.52655937757
708,0.419145710028
709,0.506912323864
710,0.0
711,0.0
712,0.42618038642
713,0.694864818123
714,0.636894914651
715,0.711098209935
716,0.463160492233
717,0.340291776592
718,0.476738388395
719,0.489357326083
720,0.305880170115
721,0.250028334955
722,0.103328358724
723,0.141119545516
724,0.321212381637
725,0.290883678754
726,0.225601513781
727,0.162429975039
728,0.403910868665
729,0.411297279611
730,0.247752076645
731,0.193421404279
732,0.168019860576
733,0.461576577281
734,0.142462630431
735,0.204401093765
736,0.41892760894
737,0.490104432686
738,0.482072744125
739,0.312761280836
740,0.323553796463
741,0.23902315119
742,0.305213797398
743,0.600200414104
744,0.462598135337
745,0.493989853662
746,0.0
747,0.135379798801
748,0.156202181535
749,0.0
750,0.0
751,0.207503857489
752,0.25492617315
753,0.396714595728
754,0.448859736371
755,0.272584031452
756,0.381887453572
757,0.38071007447
758,0.715169093237
759,0.580966207442
760,0.733919522333
761,0.473331730363
762,0.354059059389
763,0.155175613778
764,0.16415613064
765,0.341194900378
766,0.044444443216
767,0.0
768,0.20546769013
769,0.25331074564
770,0.20330574204
771,0.370485641625
772,0.366212280758
773,0.159011197495
774,0.219976863988
775,0.532905855517
776,0.0
777,0.0
778,0.0
779,0.0
780,0.0
781,0.0
782,0.0
783,0.0
784,0.0
785,0.0
786,0.0
787,0.0
788,0.0
789,0.0
790,0.0
791,0.0
792,0.0
793,0.0
794,0.0
795,0.0
796,0.0
797,0.0
798,0.0
799,0.0
800,0.104762421154
801,0.512175084179
802,0.666147893305
803,0.444002231349
804,0.46549505647
805,0.541576085151
806,0.563417914149
807,0.403705170862
808,0.491485598437
809,0.52820279923
810,0.469656908483
811,0.331197218772
812,0.501597492401
813,0.383928287801
814,0.421591292567
815,0.393810594164
816,0.517022073043
817,0.288737922214
818,0.551186199327
819,0.22907764002
820,0.472245175168
821,0.691108826531
822,0.647806080192
823,0.626023336638
824,0.515417712926
825,0.0
826,0.0
827,0.0
828,0.0
829,0.0
830,0.535242006279
831,0.290074741582
832,0.638152127404
833,0.478824584066
834,0.590821030788
835,0.5973166154
836,0.234683805825
837,0.326451732858
838,0.0347121331087
839,0.0117414397085
840,0.00870154911289
841,0.0444147434818
842,0.224382395515
843,0.0
844,0.075097979492
845,0.0234231611827
846,0.288264341052
847,0.288598205618
848,0.1885365599
849,0.0540040186982
850,0.360051975641
851,0.350160995151
852,0.602223793727
853,0.41346652407
854,0.465760171183
855,0.546654593449
856,0.521364661254
857,0.402047760077
858,0.418721301396
859,0.524912530637
860,0.495181442065
861,0.409147405502
862,0.157188517429
863,0.387184549188
864,0.409611439692
865,0.174643198526
866,0.0
