site,dnds
1,0.0
2,0.242031010834
3,0.516885903611
4,0.532945289112
5,0.0451492202074
6,0.117569542703
7,0.324800363225
8,0.366285692538
9,0.134083260666
10,0.0047532048756
11,0.363242752773
12,0.0286004012691
13,0.238891565699
14,0.074947090846
15,0.00475715600185
16,0.222448168836
17,0.499090157109
18,0.337672942921
19,0.222105989672
20,0.0393479281958
21,0.363107053516
22,0.218826344263
23,0.405202648859
24,0.614461082577
25,0.129210521581
26,0.0
27,0.134962035746
28,0.0
29,0.298963728857
30,0.557196635222
31,0.577012661877
32,0.343567028242
33,0.399107207827
34,0.638208865377
35,0.332458494133
36,0.302232939724
37,0.38588818652
38,0.568915476221
39,0.259610864238
40,0.286602193617
41,0.541608891991
42,0.334422995624
43,0.48152442401
44,0.617513651788
45,0.0853610753912
46,0.779586013533
47,0.24198715713
48,0.680570979154
49,0.722111990718
50,0.0
51,0.0
52,0.0
53,0.0
54,0.0
55,0.572645127087
56,0.222302609831
57,0.0
58,0.710890110546
59,0.614312438186
60,0.182033586018
61,0.313276699549
62,0.298180872597
63,0.326878587005
64,0.278161995578
65,0.162271098717
66,0.195257624408
67,0.00475715600185
68,0.301861808347
69,0.52438512162
70,0.0
71,0.334370965477
72,0.373034169348
73,0.254166520406
74,0.743573571657
75,0.0776662992672
76,0.171323531267
77,0.36342265512
78,0.642112051802
79,0.364930464483
80,0.257601392938
81,0.481067906793
82,0.284769656558
83,0.11867623344
84,0.326772823623
85,0.440638537684
86,0.606872473063
87,0.364849590212
88,0.284335089638
89,0.510652647236
90,0.634322063598
91,0.297513118908
92,0.511705718318
93,0.190034060663
94,0.487793372062
95,0.260095420303
96,0.294248712157
97,0.432356581387
98,0.0
99,0.281479084258
100,0.265473644333
101,0.51381302699
102,0.41855299445
103,0.110880792772
104,0.0185137101902
105,0.415850425974
106,0.0221893652798
107,0.0
108,0.0
109,0.0
110,0.0
111,0.0
112,0.0
113,0.0
114,0.0
115,0.0630310494843
116,0.237678532937
117,0.266471396061
118,0.249194798211
119,0.220450819078
120,0.67104616605
121,0.112699941285
122,0.135426359067
123,0.429154938183
124,0.336578075421
125,0.240756965421
126,0.399535301818
127,0.57148466528
128,0.0677627431085
129,0.651434189247
130,0.621542655559
131,0.284046639092
132,0.116323654094
133,0.225985227667
134,0.346938241211
135,0.663854348228
136,0.229794434484
137,0.313819751907
138,0.77938240704
139,0.548958142331
140,0.600609891592
141,0.370094330696
142,0.735101888482
143,0.0737209287469
144,0.283489176901
145,0.0792168206354
146,0.143105332273
147,0.310943818899
148,0.4089028668
149,0.585164155383
150,0.00543223414354
151,0.0795527492514
152,0.413921173241
153,0.450636729601
154,0.493327187371
155,0.636225733915
156,0.344485193804
157,0.303681842262
158,0.403961060035
159,0.0828848491987
160,0.0670096233773
161,0.247475392089
162,0.0110907614072
163,0.406477961374
164,0.505270408928
165,0.222222222222
166,0.0752855053609
167,0.245046237627
168,0.40864320591
169,0.577812100546
170,0.483700014062
171,0.509576412795
172,0.100821408081
173,0.0
174,0.0
175,0.0
176,0.0
177,0.0113818205381
178,0.575171310944
179,0.0981670917912
180,0.579178776013
181,0.703530589462
182,0.381875179387
183,0.0496293229066
184,0.40355412535
185,0.0
186,0.613197924844
187,0.567637290053
188,0.291781991122
189,0.22539099562
190,0.527313100374
191,0.527390432779
192,0.308350329331
193,0.421329021943
194,0.493285716645
195,0.360426164794
196,0.0
197,0.327339927582
198,0.228037656572
199,0.10984946091
200,0.22209690529
201,0.267564921705
202,0.0
203,0.0368260434675
204,0.419445857171
205,0.329782454145
206,0.186189463521
207,0.246360210144
208,0.553719607405
209,0.265870637148
210,0.0649924643509
211,0.495079578376
212,0.585485853035
213,0.44567830092
214,0.270860929012
215,0.0
216,0.140575214763
217,0.204927234722
218,0.6413861416
219,0.1
220,0.179281756049
221,0.678730778918
222,0.406685878851
223,0.473649824016
224,0.52852574204
225,0.216250618934
226,0.176586113084
227,0.161562144408
228,0.361255062138
229,0.300636015401
230,0.388935855599
231,0.2979858166
232,0.427095327503
233,0.536562685138
234,0.410399497931
235,0.493464968319
236,0.327785388064
237,0.453274377872
238,0.600164671162
239,0.610461352812
240,0.188768685328
241,0.497114330789
242,0.641899082957
243,0.55654129141
244,0.253262045745
245,0.638198270729
246,0.576607613228
247,0.490716096017
248,0.0869256350506
249,0.381266830417
250,0.714599088264
251,0.607142663953
252,0.409738816497
253,0.572359388243
254,0.413771121221
255,0.106693174944
256,0.0
257,0.0
258,0.0
259,0.0
260,0.0
261,0.0
