site,dnds
1,0.0
2,0.0
3,0.0
4,0.0
5,0.0
6,0.0
7,0.0
8,0.0947893580253
9,0.222222222222
10,0.133888067643
11,0.102688471194
12,0.14311856568
13,0.269674813328
14,0.269817199642
15,0.36578644924
16,0.170935802642
17,0.35761241954
18,0.437916212431
19,0.260202363779
20,0.687494277311
21,0.626395426365
22,0.641076608803
23,0.732631131037
24,0.481170526988
25,0.48962353927
26,0.765277836365
27,0.803153154168
28,0.499630244568
29,0.57677509275
30,0.692637682459
31,0.363415332041
32,0.274522387486
33,0.633696102478
34,0.512334552303
35,0.155439635516
36,0.1469133717
37,0.688032135598
38,0.451381381789
39,0.172002989208
40,0.397876367601
41,0.690912951905
42,0.264210657817
43,0.23319235897
44,0.645118340376
45,0.406314871228
46,0.37324326004
47,0.654412772675
48,0.655216925447
49,0.640039528347
50,0.464329081943
51,0.50605942016
52,0.621662819695
53,0.0
54,0.378864784701
55,0.661769605132
56,0.669764587551
57,0.00546227961725
58,0.321668776684
59,0.33760804507
60,0.510913335246
61,0.196897119474
62,0.1087289695
63,0.0405399977943
64,0.0
65,0.338186230604
66,0.369069669709
67,0.494857355584
68,0.245192474027
69,0.637573146818
70,0.42324370187
71,0.100620003659
72,0.0357087685815
73,0.250088300258
74,0.0402900036281
75,0.124550394862
76,0.115236554939
77,0.283034847742
78,0.00679887399704
79,0.524852491111
80,0.122942516456
81,0.0
82,0.620514718704
83,0.478464118313
84,0.207276103944
85,0.381538228254
86,0.54306170488
87,0.524121922846
88,0.201652662434
89,0.636455854695
90,0.643029090195
91,0.601085268699
92,0.313694262291
93,0.659372233503
94,0.613905328186
95,0.524772310717
96,0.168452254374
97,0.0804228313603
98,0.0
99,0.0
100,0.0
101,0.0
102,0.0
103,0.0
104,0.0
105,0.0
106,0.0
107,0.0
108,0.128054360909
109,0.60461305874
110,0.46371668859
111,0.510265443803
112,0.309918962131
113,0.519749123104
114,0.287245712833
115,0.542334716432
116,0.296704442002
117,0.0
118,0.0
119,0.440031478648
120,0.603659208684
121,0.689067584606
122,0.556226227199
123,0.622961889187
124,0.740441095153
125,0.622672532499
126,0.717709763328
127,0.594327643973
128,0.722956747092
129,0.731876410602
130,0.393807133933
131,0.712114374458
132,0.506817840684
133,0.513092721057
134,0.501405009369
135,0.593047421498
136,0.664043814598
137,0.428475828566
138,0.616962800145
139,0.500089395718
140,0.467557811451
141,0.39707490149
142,0.444470922531
143,0.439164658859
144,0.61099441588
145,0.470377423567
146,0.57254053714
147,0.640649608747
148,0.458770128688
149,0.284176866514
150,0.289595132787
151,0.105385392949
152,0.313684440328
153,0.529937108187
154,0.625314098721
155,0.36172051178
156,0.503562771343
157,0.619435274489
158,0.185346534031
159,0.33921501519
160,0.376534695892
161,0.490651873418
162,0.23093835247
163,0.176624889491
164,0.0617969412376
165,0.429226256469
166,0.281826168982
167,0.2936921957
168,0.170120191193
169,0.295673458731
170,0.474844368258
171,0.41509971958
172,0.345769852012
173,0.275020216915
174,0.429302381568
175,0.479973448492
176,0.496557108917
177,0.481661727566
178,0.403216098065
179,0.377787211889
180,0.415867755389
181,0.294557741697
182,0.0
183,0.161697789644
184,0.31987233736
185,0.380763488319
186,0.293235234289
187,0.155014492533
188,0.364001646639
189,0.106638027778
190,0.170212765957
191,0.0
192,0.0
193,0.0
194,0.0
195,0.324910693416
196,0.0720720720721
197,0.415044575666
198,0.237487718609
199,0.19042294355
200,0.146358305785
201,0.585109792593
202,0.0
203,0.19206748666
204,0.447890821487
205,0.455666173125
206,0.480265001772
207,0.328150618987
208,0.332742388396
209,0.476540836578
210,0.260815346644
211,0.305857322102
212,0.596632648963
213,0.0
214,0.0
215,0.0
216,0.0
217,0.0
218,0.0
219,0.0
220,0.0
221,0.0
222,0.0
223,0.0
224,0.454496428427
225,0.325260747086
226,0.2505061439
227,0.282864647022
228,0.472319997782
229,0.184395133897
230,0.417057414729
231,0.530059287579
232,0.343485803242
233,0.303124148063
234,0.53145030897
235,0.533419205011
236,0.402843840663
237,0.107774803356
238,0.118730957138
239,0.0
240,0.166666666667
241,0.0
242,0.0
243,0.142857142857
244,0.142857142857
245,0.0
246,0.241094671499
247,0.1
248,0.125555690133
249,0.200010359356
250,0.0
251,0.0
252,0.188976377953
253,0.157556557051
254,0.0
255,0.491769791865
256,0.395614045539
257,0.528787445462
258,0.271599690714
259,0.567128555469
260,0.434086984989
261,0.410732931885
262,0.320345652052
263,0.444739248217
264,0.355739542441
265,0.275557608052
266,0.103913531368
267,0.0281239064291
268,0.525231615974
269,0.0827571000949
270,0.342910365551
271,0.152257999284
272,0.441248199353
273,0.044253482261
274,0.0346776697558
275,0.558414436426
276,0.378170165811
277,0.0269092547399
278,0.0
279,0.0
280,0.0
281,0.472275015859
282,0.547147048197
283,0.365409028183
284,0.380202400399
285,0.0613594036099
286,0.258613432521
287,0.240019999251
288,0.0
289,0.0
290,0.187031199165
291,0.00266345588842
292,0.118228845311
293,0.00557993774213
294,0.253897144968
295,0.142447213738
296,0.120630162384
297,0.321600915512
298,0.510192457568
299,0.3472196513
300,0.489127909496
301,0.362289354741
302,0.446966064812
303,0.451693003409
304,0.279268733312
305,0.463560817614
306,0.38786500533
307,0.454765055989
308,0.177785207291
309,0.272556823896
310,0.452216870447
311,0.479870102667
312,0.465530849837
313,0.311680985399
314,0.435715508223
315,0.35581855581
316,0.453650600767
317,0.175325380989
318,0.237758276393
319,0.0933940750704
320,0.179296718095
321,0.180770916139
322,0.190468956202
323,0.39823795671
324,0.14624722778
325,0.287964130403
326,0.45405157189
327,0.465023137151
328,0.600890676172
329,0.196190196943
330,0.587726812671
331,0.0
332,0.0
333,0.0
334,0.0
335,0.204391936455
336,0.322844187277
337,0.561869454608
338,0.0176794276127
339,0.139386073714
340,0.227465946673
341,0.376157817232
342,0.268431419384
343,0.0
344,0.294691834193
345,0.116591688047
346,0.0356030654541
347,0.411833679272
348,0.605776115866
349,0.565942212443
350,0.453436678819
351,0.625820672052
352,0.345906976973
353,0.494503105918
354,0.348018020975
355,0.471029347856
356,0.498373344244
357,0.548224619267
358,0.499089737707
359,0.379849244137
360,0.0802033159332
361,0.595048567017
362,0.0
363,0.0
364,0.0
365,0.139141063802
366,0.33192390104
367,0.32354656894
368,0.11143689521
369,0.344346559885
370,0.0
371,0.0
372,0.0
373,0.0
374,0.0
375,0.125
376,0.0867325491054
377,0.291829294886
378,0.292117929851
379,0.435574759151
380,0.485851765307
381,0.330117261918
382,0.230091371626
383,0.307336228414
384,0.103115789085
385,0.456142893035
386,0.321628606752
387,0.218463714798
388,0.458438677056
389,0.452473717138
390,0.387263598517
391,0.351631040059
392,0.105623642314
393,0.678103466028
394,0.457284046507
395,0.335264254114
396,0.0
397,0.133303597186
398,0.558166779435
399,0.405661089397
400,0.303575743274
401,0.292420424234
402,0.239191110558
403,0.748459948296
404,0.623729643068
405,0.10758508271
406,0.282967190147
407,0.795947809473
408,0.230408678219
409,0.395323450465
410,0.292671071385
411,0.343350116913
412,0.260355127932
413,0.185370305821
414,0.223963337506
415,0.602534241159
416,0.841496707591
417,0.64656216862
418,0.723339468236
419,0.360857880338
420,0.408142663035
421,0.323177217343
422,0.407735197772
423,0.434349537292
424,0.515266158481
425,0.558548535887
426,0.470038358959
427,0.369398127503
428,0.437534993834
429,0.383822083758
430,0.510180825949
431,0.540317316363
432,0.741392063116
433,0.725583903602
434,0.676795352492
435,0.718099991095
436,0.714610979592
437,0.809715025789
438,0.77265267355
439,0.717409080692
440,0.468449879813
441,0.674631836684
442,0.648862854618
443,0.646388243193
444,0.494262262174
445,0.584268220513
446,0.625628327478
447,0.493609275373
448,0.594229741889
449,0.773758836945
450,0.57098550749
451,0.721811895373
452,0.595343267309
453,0.729053178709
454,0.70155114702
455,0.859224691066
456,0.717395341617
457,0.650516666451
458,0.669456627419
459,0.741621179421
460,0.0
461,0.100821408081
462,0.0
463,0.826778323055
464,0.630811703038
465,0.762945161101
466,0.434367038077
467,0.494592249829
468,0.53631935588
469,0.607692097062
470,0.0
471,0.0
472,0.0
473,0.0
474,0.0
475,0.0
476,0.0
477,0.0
478,0.0
479,0.0
480,0.0
481,0.0
482,0.0
483,0.0
484,0.0
485,0.484514100582
486,0.0446383605257
487,0.238239486213
488,0.265955752733
489,0.341477645238
490,0.408478374
491,0.0472716977391
492,0.166666666667
493,0.0
494,0.133303597186
495,0.142857142857
496,0.0
497,0.392477710753
498,0.416542298767
499,0.366228352407
500,0.501513947166
501,0.152562197899
502,0.312379813126
503,0.233956327983
504,0.220817143741
505,0.677535936413
506,0.598796046981
507,0.603728071973
508,0.39988901805
509,0.672062601967
510,0.504103347333
511,0.618232636845
512,0.66103849222
513,0.545804339527
514,0.582698155551
515,0.583827825338
516,0.78588785801
517,0.64633569382
518,0.0813786880495
519,0.586838338433
520,0.718496972836
521,0.690690038299
522,0.620094562334
523,0.661360144595
524,0.694296069586
525,0.770389002586
526,0.528210342631
527,0.621359738313
528,0.550510856896
529,0.645003563282
530,0.52096824437
531,0.216001514696
532,0.0917463150606
533,0.0698629166378
534,0.170029734528
535,0.390794259715
536,0.00477286286495
537,0.516519462596
538,0.118733711565
539,0.479150599884
540,0.296121399153
541,0.206855212891
542,0.352471686258
543,0.0522637691389
544,0.605179269368
545,0.213777084384
546,0.198741409398
547,0.345942488641
548,0.0325076111535
549,0.348417421595
550,0.162712736223
551,0.211547012926
552,0.141031341951
553,0.465214075998
554,0.206821888675
555,0.337655924379
556,0.235591780987
557,0.445479967368
558,0.367537822701
559,0.468212145804
560,0.369764805017
561,0.104029462231
562,0.088695116534
563,0.138362950961
564,0.0
565,0.0
566,0.111137232211
567,0.0983680389419
568,0.0608949258936
569,0.331496913394
570,0.438687854892
571,0.217493663599
572,0.251726573102
573,0.343703006152
574,0.0
575,0.0
576,0.0
577,0.0
578,0.0
579,0.0
580,0.0
581,0.0
582,0.0
583,0.0
584,0.485835293177
585,0.354815169274
586,0.286821688588
587,0.0175958487448
588,0.0
589,0.0
590,0.100033835548
591,0.0
592,0.759421311968
593,0.433048191458
594,0.496965042244
595,0.331656076952
596,0.0
597,0.626512679994
598,0.718333153594
599,0.426264653238
600,0.406058588341
601,0.464851460806
602,0.326554865846
603,0.264137197473
604,0.093986058381
605,0.401207505174
606,0.069314718056
607,0.111435249441
608,0.15892288857
609,0.328285923354
610,0.404786968757
611,0.334606152845
612,0.325687391155
613,0.0514533378629
614,0.0935894927338
615,0.241650061886
616,0.0
617,0.188223617009
618,0.329577308156
619,0.419626842184
620,0.72879280674
621,0.624772751254
622,0.109861228867
623,0.0436534684239
624,0.194760289047
625,0.193548387097
626,0.191394450709
627,0.239331714755
628,0.125418309671
629,0.0967026435531
630,0.0863046217355
631,0.188160893605
632,0.311915233765
633,0.31643052007
634,0.0940208946338
635,0.131148927279
636,0.0405465108108
637,0.0
638,0.0729628611116
639,0.522561857605
640,0.367015274624
641,0.72493274562
642,0.106267608006
643,0.376919647579
644,0.648793250455
645,0.593956597157
646,0.170212765957
647,0.0
648,0.0
649,0.517348901573
650,0.545857816498
651,0.448034398079
652,0.522017583706
653,0.605057100523
654,0.321215024983
655,0.306594700098
656,0.334549265603
657,0.20252625307
658,0.486018425897
659,0.183849888392
660,0.459500176029
661,0.197027710571
662,0.416181379545
663,0.0
664,0.132776341132
665,0.117699510361
666,0.55403411273
667,0.0378183650217
668,0.516331249822
669,0.509430525427
670,0.128272916867
671,0.376098730878
672,0.366576176604
673,0.515659079868
674,0.505645777068
675,0.673594394371
676,0.643649772085
677,0.454886626715
678,0.298957931882
679,0.381249342783
680,0.753490694912
681,0.743149901187
682,0.683597706878
683,0.310775576214
684,0.55477353122
685,0.659926473891
686,0.467077564192
687,0.51050292442
688,0.599760669681
689,0.570722276402
690,0.551239362844
691,0.597533148945
692,0.5502237853
693,0.664417773001
694,0.40365548553
695,0.319283667552
696,0.441988157734
697,0.271731241024
698,0.353081470028
699,0.52649356206
700,0.228468709719
701,0.0
