site,dnds
1,0.0
2,0.283206616311
3,0.0
4,0.212634636516
5,0.0
6,0.108046811321
7,0.0
8,0.0
9,0.0
10,0.0
11,0.0
12,0.0
13,0.0
14,0.213973509638
15,0.0
16,0.0
17,0.0
18,0.133887584173
19,0.154032706791
20,0.0
21,0.0
22,0.154032706791
23,0.135127968869
24,0.0
25,0.0
26,0.0
27,0.0
28,0.0
29,0.0
30,0.0781858677481
31,0.0781858677481
32,0.0
33,0.0
34,0.0
35,0.0
36,0.0
37,0.0
38,0.0
39,0.0
40,0.0
41,0.0
42,0.0
43,0.0
44,0.200442074959
45,0.0623345473853
46,0.0424004010092
47,0.0
48,0.249275885217
49,0.111356708311
50,0.0
51,0.0
52,0.0
53,0.0
54,0.0
55,0.0
56,0.0
57,0.0
58,0.0
59,0.17328679514
60,0.0
61,0.0
62,0.0
63,0.0
64,0.0
65,0.0
66,0.0
67,0.0
68,0.0
69,0.0
70,0.0781858677481
71,0.0
72,0.11170185655
73,0.0
74,0.0927058763359
75,0.0
76,0.0
77,0.0
78,0.0
79,0.0884651144963
80,0.0
81,0.0
82,0.0
83,0.0667275631831
84,0.074325539268
85,0.0
86,0.0
87,0.0
88,0.123968639619
89,0.0574339987211
90,0.120956424544
91,0.0
92,0.031508124312
93,0.241094671499
94,0.0
95,0.111356708311
96,0.0
97,0.220536406487
98,0.158433641271
99,0.0
100,0.135932130537
101,0.236785107936
102,0.104529042067
103,0.0
104,0.0
105,0.080426441649
106,0.0
107,0.0
108,0.0
109,0.0
110,0.0
111,0.0
112,0.117699510361
113,0.0880186895949
114,0.0
115,0.420618110099
116,0.0
117,0.0
118,0.0
119,0.0
120,0.208849378439
121,0.0
122,0.0
123,0.0
124,0.132028034392
125,0.0
126,0.0
127,0.0
128,0.241094671499
129,0.0
130,0.0
131,0.0
132,0.133527974767
133,0.0
134,0.0
135,0.0574339987211
136,0.0
137,0.0
138,0.21586069611
139,0.0646650034007
140,0.0
141,0.0
142,0.0
143,0.0
144,0.0519403965451
145,0.165291519492
146,0.0
147,0.150551713072
148,0.120288126964
149,0.191850296386
150,0.0
151,0.0
152,0.108046811321
153,0.212099922385
154,0.0
155,0.165291519492
156,0.0
157,0.192771084337
158,0.031508124312
159,0.0
160,0.0
161,0.0
162,0.118614512326
163,0.269600578586
164,0.0
165,0.0
166,0.125533995252
167,0.0
168,0.0
169,0.0703284150653
170,0.0
171,0.0
172,0.0
173,0.0
174,0.0
175,0.0
176,0.0
177,0.0
178,0.0
179,0.0
180,0.0
181,0.0358511360415
182,0.148531538691
183,0.0
184,0.115524530093
185,0.0
186,0.0
187,0.0
188,0.138629436112
189,0.0
190,0.0
191,0.0
192,0.0728851309516
193,0.0
194,0.0
195,0.0
196,0.0
197,0.0964212991353
198,0.0
199,0.0
200,0.0
201,0.0
202,0.0
203,0.0427412647553
204,0.0
205,0.0
206,0.0
207,0.0
208,0.16128640318
209,0.158433641271
210,0.0519403965451
211,0.0744679043665
212,0.125533995252
213,0.0
214,0.0358511360415
215,0.0
216,0.0
217,0.0
218,0.0
219,0.0
220,0.0880186895949
221,0.266440061271
222,0.0
223,0.0
224,0.0
225,0.0667275631831
226,0.0840178400679
227,0.177722853373
228,0.0
229,0.0
230,0.0
231,0.0
232,0.0
233,0.0
234,0.0
235,0.0
236,0.0833477145548
237,0.0
238,0.0
239,0.050710018383
240,0.0
241,0.0
242,0.0
243,0.0
244,0.0
245,0.154032706791
246,0.298084589363
247,0.0880186895949
248,0.0
249,0.0
250,0.067245856145
251,0.0
252,0.0
253,0.0
254,0.0
255,0.0
256,0.0
257,0.0
258,0.0
259,0.0
260,0.0
261,0.0
262,0.0
263,0.0880186895949
264,0.0477004511353
265,0.0
266,0.0
267,0.0
268,0.0
269,0.0754445910814
270,0.0
271,0.157861769519
272,0.0
273,0.0
274,0.0
275,0.134267418633
276,0.123968639619
277,0.0
278,0.0
279,0.0
280,0.0
281,0.0
282,0.0
283,0.0621856012454
284,0.117784151691
285,0.207889991087
286,0.0
287,0.119848613309
288,0.0
289,0.0941667676001
290,0.0
291,0.101338588946
292,0.113649547104
293,0.0
294,0.0744679043665
295,0.0
296,0.031508124312
297,0.0
298,0.260919811762
299,0.0289678853048
300,0.0
301,0.236320613927
302,0.0
303,0.0
304,0.120948141872
305,0.0
306,0.0
307,0.0
308,0.0
309,0.0
310,0.0
311,0.28506610974
312,0.0
313,0.0486419074077
314,0.0964212991353
315,0.209724818421
316,0.118746037802
317,0.0923238598124
318,0.0
319,0.0
320,0.0
321,0.0
322,0.0
323,0.0
324,0.0
325,0.0
326,0.101289753774
327,0.1177084595
328,0.0
329,0.261655559069
330,0.0
331,0.0
332,0.0
333,0.0
