site,dnds
1,0.242285895513
2,0.571282072455
3,0.0
4,0.0
5,0.372656301736
6,0.33108131421
7,0.307152690087
8,0.310941125039
9,0.424513426924
10,0.0
11,0.0217167478612
12,0.0
13,0.0993519890693
14,0.184390720029
15,0.0178594087535
16,0.262834647763
17,0.126431989548
18,0.203949185505
19,0.39924898658
20,0.328125199134
21,0.512589835915
22,0.658555087414
23,0.0729628611116
24,0.58783485977
25,0.476200941076
26,0.287322187559
27,0.0259696463372
28,0.131415138336
29,0.601474165377
30,0.285970971262
31,0.163850244596
32,0.0
33,0.0
34,0.0
35,0.0
36,0.0
37,0.0
38,0.467372887011
39,0.543044363321
40,0.444145224652
41,0.256591998651
42,0.627025710866
43,0.625614715048
44,0.612247461223
45,0.0
46,0.0
47,0.0
48,0.339708955959
49,0.729176451518
50,0.526949281016
51,0.212762128221
52,0.615591517576
53,0.0
54,0.0
55,0.553682524237
56,0.58212403868
57,0.260869565217
58,0.447198218051
59,0.672876202969
60,0.263992582239
61,0.12054733575
62,0.16457989752
63,0.293242340757
64,0.0
65,0.212621253529
66,0.0889185237032
67,0.240374838424
68,0.0128808697935
69,0.0
70,0.283097235748
71,0.016070925897
72,0.289563097941
73,0.489450549523
74,0.0895272678022
75,0.110910642035
76,0.237539272366
77,0.465839644457
78,0.0120549575805
79,0.264589379611
80,0.233434325237
81,0.457272266469
82,0.3093953376
83,0.269689248015
84,0.0
85,0.0
86,0.0
87,0.0
88,0.598759554215
89,0.385832000121
90,0.463212995051
91,0.562790117192
92,0.142678384578
93,0.523626426753
94,0.436914257191
95,0.222622627848
96,0.394383855078
97,0.30331664533
98,0.0590679110901
99,0.0679395392904
100,0.0
101,0.207804607217
102,0.0
103,0.0
104,0.14993435431
105,0.0374517299079
106,0.0483812746859
107,0.0245842790679
108,0.500817483811
109,0.352463378294
110,0.367231322266
111,0.595146639554
112,0.0
113,0.0
114,0.0
115,0.0
116,0.641115730702
117,0.473431190977
118,0.429586770336
119,0.594698185907
120,0.135377652574
121,0.0815983952579
122,0.602214850163
123,0.58429427407
124,0.310359999975
125,0.281881302899
126,0.623793005067
127,0.578417122609
128,0.469576902708
129,0.367259574608
130,0.503106735556
131,0.478092436974
132,0.390920224059
133,0.0692247975144
134,0.361408608056
135,0.269673569462
136,0.549663164121
137,0.175423969851
138,0.371166546159
139,0.198025532028
140,0.489861080857
141,0.129422574835
142,0.243104420412
143,0.410804875771
144,0.43615849307
145,0.10722756252
146,0.19303386606
147,0.0117632208788
148,0.0580497618996
149,0.0
150,0.594846536445
151,0.382722126472
152,0.0262447882581
153,0.472671623746
154,0.539370191523
155,0.497398923488
156,0.0545014523148
157,0.692551250385
158,0.533706363999
159,0.490340465573
160,0.132037980782
161,0.556066311867
162,0.599545299551
163,0.279961278822
164,0.0903339186256
165,0.503359776878
166,0.507311424896
167,0.536035394678
168,0.54535295949
169,0.402498595448
170,0.524076325228
171,0.208362657496
172,0.423191039264
173,0.0280996396813
174,0.0214670331887
175,0.289112741703
176,0.163128869166
177,0.441911509904
178,0.393808847009
179,0.235381197732
180,0.264817201211
181,0.574573882473
182,0.586747064754
183,0.401773990956
184,0.556722879552
185,0.243090078744
186,0.373084220094
187,0.250636362145
188,0.224189204391
189,0.188622564754
190,0.048031053247
191,0.531122769241
192,0.0
193,0.18119851298
194,0.280611129941
195,0.0
196,0.011165040001
197,0.370962120491
198,0.494441160935
199,0.551838769275
200,0.167715681708
201,0.177602693426
202,0.451657312691
203,0.630154425899
204,0.392720022103
205,0.314030657505
206,0.5081247937
207,0.311665044906
208,0.343559378552
209,0.248807396376
210,0.379464497904
211,0.647245611524
212,0.0
213,0.371661433519
214,0.541058384218
215,0.397715968158
216,0.407719274438
217,0.280437033365
218,0.0
