site,dnds
1,0.0
2,0.185857750021
3,0.114374032171
4,0.071793103267
5,0.00936527992426
6,0.123146002873
7,0.0359731399145
8,0.0
9,0.0
10,0.0
11,0.0
12,0.0
13,0.430370988089
14,0.33575263468
15,0.0
16,0.214834474569
17,0.0
18,0.0556525054427
19,0.13425395201
20,0.0143681971208
21,0.149595321354
22,0.0367571250234
23,0.100712908836
24,0.134105162427
25,0.166772804477
26,0.0447167860619
27,0.106542512433
28,0.306186089395
29,0.0680649561039
30,0.123351372366
31,0.31551511441
32,0.0
33,0.0
34,0.0
35,0.0
36,0.0
37,0.526789378865
38,0.240157541532
39,0.0275439601981
40,0.432267986637
41,0.0765268731489
42,0.230470243148
43,0.286602244062
44,0.0
45,0.131048364306
46,0.0795811570723
47,0.0
48,0.0
49,0.0
50,0.563133805273
51,0.369136081952
52,0.0
53,0.266674550737
54,0.401529244661
55,0.485760510898
56,0.386829891492
57,0.306560507658
58,0.342695129675
59,0.512561885231
60,0.548947275618
61,0.149203494254
62,0.429847484893
63,0.49324334861
64,0.461337036811
65,0.146255244201
66,0.546282927755
67,0.0445249572308
68,0.170186947562
69,0.0758508016691
70,0.369655785444
71,0.515557240746
72,0.0840229955915
73,0.0937921774979
74,0.0418997254022
75,0.077872712999
76,0.143453072146
77,0.372496981337
78,0.379856848543
79,0.0
80,0.274859628585
81,0.290289828005
82,0.072435975077
83,0.353107066018
84,0.338427834418
85,0.200177798837
86,0.158385864883
87,0.240249414331
88,0.0203834582507
89,0.350278006376
90,0.34353792231
91,0.0924153515393
92,0.019134033692
93,0.103781724951
94,0.245298017825
95,0.00298871951402
96,0.223096846584
97,0.292050263833
98,0.00982439877459
99,0.486859891861
100,0.358273180217
101,0.124042895018
102,0.0
103,0.334746754682
104,0.0174302308249
105,0.524636528803
106,0.522568197018
107,0.380426043521
108,0.279178079393
109,0.452697712113
110,0.411723725372
111,0.111196907806
112,0.407393174285
113,0.427839822929
114,0.435029813791
115,0.105524918755
116,0.452597975671
117,0.0170289993069
118,0.0192557547474
119,0.186216207137
120,0.00546983698546
121,0.195284346467
122,0.0253343152432
123,0.24994218634
124,0.368953621626
125,0.130575298248
126,0.15706956739
127,0.135651475881
128,0.317596355159
129,0.422596181616
130,0.455562064431
131,0.0853288279143
132,0.387378456223
133,0.540531417541
134,0.153656706027
135,0.521188338302
136,0.33412188605
137,0.450123524953
138,0.0735591997362
139,0.451485887614
140,0.477573367398
141,0.538297762508
142,0.25736221414
143,0.354522143735
144,0.00153266374917
145,0.264009441554
146,0.0
147,0.0
148,0.0
149,0.0
150,0.0
151,0.0
152,0.0
153,0.234640077697
154,0.252779538841
155,0.0521309087368
156,0.0
157,0.372820413425
158,0.120133080099
159,0.200010359356
160,0.0
161,0.210731458495
162,0.517757854897
163,0.438618261587
164,0.575370178551
165,0.61074969084
166,0.463885924379
167,0.519649993548
168,0.382221233735
169,0.422956657466
170,0.455098874224
171,0.35435961048
172,0.362130447687
173,0.418087428973
174,0.530568729744
175,0.31315636612
176,0.594417601201
177,0.444382729845
178,0.232925285975
179,0.306076554291
180,0.181524377652
181,0.190726821023
182,0.00820584143528
183,0.263306230827
184,0.244145195221
185,0.254485572029
186,0.0204036618179
187,0.592564780387
188,0.497705717179
189,0.190654756799
190,0.348364744971
191,0.564905504775
192,0.142857142857
193,0.213002874606
194,0.49171669799
195,0.171774363974
196,0.49406240628
197,0.0
198,0.581894313648
199,0.217243821214
200,0.124922605642
201,0.0504466459144
202,0.577334523357
203,0.198064868891
204,0.357926104593
205,0.185338171629
206,0.488238828579
207,0.279860576578
208,0.580674619971
209,0.477315113621
210,0.498161714177
211,0.0359290157852
212,0.163283600925
213,0.0
214,0.362238338514
215,0.137134421417
216,0.136005509228
217,0.499769367381
218,0.0845404523474
219,0.484133251253
220,0.0547709291339
221,0.0116925517072
222,0.571354516518
223,0.0254224199213
224,0.0628860358383
225,0.0
226,0.0865233617055
227,0.132506818775
228,0.152027626274
229,0.0741366921189
230,0.140313812055
231,0.218571268731
232,0.0
233,0.0
234,0.176591107123
235,0.309002349548
236,0.00237970388281
237,0.369404938331
238,0.147848784627
239,0.18490200476
240,0.114531369503
241,0.0684149529622
242,0.364591524336
243,0.0
244,0.108975858648
245,0.271822165924
246,0.259831728379
247,0.0540417209995
248,0.29617332975
249,0.264213265934
250,0.0548647053585
251,0.104138101237
252,0.0312775903743
253,0.14104411027
254,0.184683665696
255,0.402671797059
256,0.2959793282
257,0.296203134719
258,0.125665866964
259,0.420259429097
260,0.0467324983848
261,0.3051117919
262,0.0889764574927
263,0.168763099772
264,0.0
265,0.0
266,0.0
267,0.0
268,0.0
269,0.0
270,0.439467770003
271,0.487310327425
272,0.0
273,0.539585445389
274,0.133292291655
275,0.27747184586
276,0.0
277,0.386499705038
278,0.390027907043
279,0.245467370465
280,0.106826965894
281,0.366416630365
282,0.160705892656
283,0.318723233189
284,0.438376717968
285,0.24499821527
286,0.0
287,0.284081062899
288,0.0
289,0.0
290,0.0775491027295
291,0.0
292,0.362609728294
293,0.0339454124265
294,0.145748731656
295,0.0
296,0.0
297,0.0
298,0.285397799824
299,0.145236230027
300,0.0
301,0.0
302,0.0
303,0.0
304,0.0
305,0.33333180982
306,0.346525966704
307,0.327195584896
308,0.0
309,0.0403039089631
310,0.28458873031
311,0.343529719576
312,0.29134144831
313,0.153617629449
314,0.348979414368
315,0.427720123198
316,0.39965989306
317,0.0
318,0.109011269422
319,0.103309041844
320,0.0926992795694
321,0.209086949492
322,0.0762872238211
323,0.470414401206
324,0.53766853942
325,0.0018868078928
326,0.141394256946
327,0.324848094315
328,0.356401305245
329,0.178131932595
330,0.128282437241
331,0.0263061604993
332,0.0
333,0.265469463528
334,0.0971301949826
335,0.0805326337734
336,0.5258103741
337,0.290790972663
338,0.354093525906
339,0.0
340,0.0
341,0.388334146328
342,0.0276972460984
343,0.247246277924
344,0.180766188448
345,0.280440393082
346,0.509721391468
347,0.389799109407
348,0.256718326613
349,0.345796125316
350,0.250560714281
351,0.496588645679
352,0.671942106525
353,0.0
354,0.306424333657
355,0.465051670614
356,0.507875378767
357,0.441418438259
358,0.385831076087
359,0.277781915697
360,0.21717912798
361,0.263837861385
362,0.25564123097
363,0.296088697644
364,0.476034940067
365,0.0618722589606
366,0.122528406438
367,0.693427600653
368,0.544674152682
369,0.00689031447688
370,0.0439264081965
371,0.544625202841
372,0.0158392029517
373,0.439338905158
374,0.0
375,0.293198224318
376,0.410821872293
377,0.0758943886598
378,0.330890346639
379,0.292353415728
380,0.612055229134
381,0.224532057833
382,0.504059222301
383,0.341760029484
384,0.590267232809
385,0.443022949134
386,0.496727246856
387,0.50014780916
388,0.470070833567
389,0.660833183286
390,0.501702590189
391,0.423700626267
392,0.641028565122
393,0.12034277309
394,0.256554267749
395,0.255804225567
396,0.20485869083
397,0.338814413892
398,0.275660057603
399,0.495553575319
400,0.692545823151
401,0.539367991935
402,0.1522326497
403,0.445973688267
404,0.218431705169
405,0.458681897273
406,0.679458921769
407,0.485558428169
408,0.57686540708
409,0.504106485373
410,0.468392209863
411,0.424380877303
412,0.497795652772
413,0.54175892384
414,0.575563570184
415,0.618081374912
416,0.112813252825
417,0.545035218776
418,0.780301069831
419,0.629716810799
420,0.0776699029126
421,0.393802800221
422,0.567872513806
423,0.425737073541
424,0.619447399988
425,0.58877593001
426,0.0
427,0.0
428,0.0
429,0.0
430,0.0
431,0.602873230159
432,0.335484207429
433,0.326513449355
434,0.290559006141
435,0.164188657299
436,0.516251282014
437,0.67298124746
438,0.57408948228
439,0.0
440,0.45683517142
441,0.396020187781
442,0.646261178259
443,0.479483189898
444,0.466754954793
445,0.442263446165
446,0.379847106639
447,0.364687327754
448,0.490709548009
449,0.482806694356
450,0.282038338826
451,0.413325154605
452,0.640670373483
453,0.245415578537
454,0.483456838073
455,0.0
456,0.0
457,0.0
458,0.389573019821
459,0.507146829648
460,0.665100287099
461,0.521263857624
462,0.674664830095
463,0.0
464,0.429680119938
465,0.167994107394
466,0.209364473903
467,0.663761273941
468,0.430910906395
469,0.513735977486
470,0.423748070941
471,0.525399091458
472,0.706016627421
473,0.175336690382
474,0.546111165211
475,0.390932081095
476,0.604838901209
477,0.386254019006
478,0.473135375742
479,0.550361201532
480,0.408153437445
481,0.49835477164
482,0.4801340829
483,0.467954072168
484,0.473189083016
485,0.38717336211
486,0.0
487,0.484984582308
488,0.0
489,0.0
490,0.0
491,0.0
492,0.0
493,0.0
494,0.447727189052
495,0.62474025449
496,0.626467656786
497,0.462803243179
498,0.64858307963
499,0.611066726572
500,0.503075539142
501,0.655059598733
502,0.0
503,0.0
504,0.545603776634
505,0.320240101952
506,0.6748490192
507,0.651714783383
508,0.499946365847
509,0.542473520334
510,0.637034007987
511,0.534752251503
512,0.466440258149
513,0.545541379457
514,0.0824742268041
515,0.252830987981
516,0.523965715512
517,0.566131316616
518,0.133303597186
519,0.106638027778
520,0.537182745969
521,0.402179645585
522,0.35135622495
523,0.570932704225
524,0.257493356059
525,0.213388950765
526,0.460408463951
527,0.716533284989
528,0.460540978331
529,0.629401485924
530,0.0517032861956
531,0.477875712449
532,0.391493410261
533,0.655138463361
534,0.0861656696995
535,0.524475454845
536,0.512932094368
537,0.497432030402
538,0.643498513883
539,0.525244864374
540,0.312961114381
541,0.394344638264
542,0.374903483696
543,0.474417131641
544,0.351011046994
545,0.0
546,0.0
547,0.0867325491054
548,0.509872014904
549,0.0749830412736
550,0.239471562473
551,0.148160265914
552,0.531592280441
553,0.453352851936
554,0.25107097331
555,0.121036292761
556,0.152107410707
557,0.425612322854
558,0.0
559,0.391400852933
560,0.15110788981
561,0.430439710255
562,0.248595626832
563,0.00298734545577
564,0.559420580601
565,0.441273716097
566,0.397539101198
567,0.201105843645
568,0.0623504124928
569,0.103351789154
570,0.401324885444
571,0.383537952141
572,0.426558139207
573,0.649109232744
574,0.474413456981
575,0.43139668664
576,0.631972457327
577,0.400958222947
578,0.367467058915
579,0.0141752005451
580,0.233314713624
581,0.385918761648
582,0.404947327088
583,0.379844575327
584,0.435634635394
585,0.605190587729
586,0.0475822686976
587,0.342673245898
588,0.561420901661
589,0.538501563351
590,0.348535481603
591,0.330959360032
592,0.243314568779
