site,dnds
1,0.0
2,0.0
3,0.0
4,0.0
5,0.0
6,0.0
7,0.0
8,0.0
9,0.0
10,0.0
11,0.166666666667
12,0.192678180774
13,0.36569782391
14,0.617494046809
15,0.543067981708
16,0.514796437058
17,0.563008254923
18,0.745771560331
19,0.579777092804
20,0.242396041641
21,0.278916122992
22,0.456954765489
23,0.300554610884
24,0.452790071745
25,0.7673517324
26,0.138021758742
27,0.410693803903
28,0.611154477254
29,0.730602269365
30,0.65199337473
31,0.700568175508
32,0.691782668926
33,0.356727189707
34,0.48090638314
35,0.707450253488
36,0.503286713587
37,0.642543033155
38,0.737340483148
39,0.514265083717
40,0.47004609608
41,0.688015041321
42,0.588349251683
43,0.384510683621
44,0.500443800901
45,0.518840668988
46,0.0776699029126
47,0.519892671563
48,0.39438030254
49,0.538609479629
50,0.257179569063
51,0.703502553866
52,0.531789093079
53,0.319393855392
54,0.703194715098
55,0.725391506433
56,0.494519903512
57,0.589740578788
58,0.607656935003
59,0.777033210216
60,0.775270328769
61,0.717877710802
62,0.710010925499
63,0.572005209429
64,0.754998284337
65,0.684725993611
66,0.660128550561
67,0.56099357343
68,0.584971316061
69,0.374847840418
70,0.689179931143
71,0.236832046438
72,0.00505046285908
73,0.386456824127
74,0.0583923505362
75,0.279995066127
76,0.621705220671
77,0.537463295126
78,0.635143084269
79,0.449778520722
80,0.586799762695
81,0.691906848287
82,0.71333432429
83,0.777137724615
84,0.654468760659
85,0.728754458693
86,0.752885175195
87,0.751138888354
88,0.0209766962251
89,0.0483171092826
90,0.0
91,0.0
92,0.0
93,0.0
94,0.648426171003
95,0.633107876726
96,0.715823029747
97,0.509621219388
98,0.747058698209
99,0.687545471323
100,0.668360654183
101,0.435262044592
102,0.736078461631
103,0.727983735992
104,0.640556706356
105,0.467507151606
106,0.773873553232
107,0.794571485993
108,0.798965568028
109,0.734122676293
110,0.725530333825
111,0.619283675482
112,0.631895625721
113,0.65454938069
114,0.652644702103
115,0.402243634946
116,0.486217116783
117,0.576919677646
118,0.40481846012
119,0.443773923784
120,0.405971902595
121,0.0663881705658
122,0.0519029427717
123,0.0
124,0.0
125,0.0
126,0.200543652904
127,0.0407161614837
128,0.175440980112
129,0.106666666667
130,0.177804312197
131,0.0
132,0.0
133,0.0
134,0.0
135,0.0
136,0.0
137,0.0
138,0.0
139,0.400129386317
140,0.417341838863
141,0.381938380716
142,0.724217242241
143,0.483709483313
144,0.384963803401
145,0.643818668671
146,0.479890563232
147,0.461792480719
148,0.510741212951
149,0.68231796735
150,0.549855257816
151,0.743680254364
152,0.447926392947
153,0.588180889269
154,0.639046160164
155,0.676605381296
156,0.165012371253
157,0.266893911617
158,0.633139525179
159,0.635948825685
160,0.473042000106
161,0.724226967334
162,0.451573988387
163,0.751179939259
164,0.419886923572
165,0.625591316556
166,0.533619645634
167,0.399954609181
168,0.446703389498
169,0.245058686571
170,0.572755093092
171,0.0
172,0.0
173,0.0
174,0.0
175,0.0
176,0.0
177,0.0
178,0.0
179,0.0
180,0.0
181,0.0
182,0.0
183,0.0
184,0.0
185,0.0
186,0.0
187,0.0
188,0.0
189,0.0
190,0.0
191,0.0
192,0.0
193,0.0
194,0.0
195,0.0
196,0.0
197,0.0
198,0.0
199,0.0
200,0.0
201,0.0
202,0.0
203,0.0
204,0.0
205,0.0
206,0.0
207,0.0
208,0.0
209,0.0
210,0.0
211,0.722232315187
212,0.488569196919
213,0.598924494089
214,0.62472444519
215,0.742556209285
216,0.686616121533
217,0.516878323169
218,0.707846458999
219,0.64167718331
220,0.642328322619
221,0.301486620382
222,0.323339930146
223,0.429670627497
224,0.233322912079
225,0.328760226672
226,0.717208261518
227,0.751731531997
228,0.192174354376
229,0.1951392667
230,0.303811968737
231,0.240758518047
232,0.481929322266
233,0.687257404325
234,0.708255658347
235,0.610187885625
236,0.641605674167
237,0.688297752294
238,0.701226899731
239,0.737358857548
240,0.71038901418
241,0.79615536696
242,0.848195157967
243,0.781430064581
244,0.426045212897
245,0.116404602981
246,0.0619471107165
247,0.276281468411
248,0.0
249,0.0
250,0.0869565217391
251,0.0739356992597
252,0.052314870889
253,0.132028034392
254,0.0
255,0.0
256,0.0
257,0.0
258,0.0
259,0.0
260,0.0
261,0.0
262,0.0
263,0.0
264,0.0
265,0.0
266,0.199955395779
267,0.132776341132
268,0.0867325491054
269,0.0867325491054
270,0.256576347783
271,0.263444313615
272,0.0685714285714
273,0.239892564284
274,0.164528086124
275,0.0588542297501
276,0.0923076923077
277,0.0958766111239
278,0.0
279,0.0
280,0.159109257522
281,0.211547012926
282,0.0759493670886
283,0.166777135523
284,0.0579235868726
285,0.191213015327
286,0.256569722732
287,0.116404602981
288,0.251679633868
289,0.230773462899
290,0.515524295607
291,0.444463204369
292,0.542034595268
293,0.449635363151
294,0.772387459166
295,0.645700268068
296,0.629514225483
297,0.726777517438
298,0.728715841927
299,0.811663208985
300,0.779752395424
301,0.697489222015
302,0.765932258168
303,0.566485434935
304,0.639091973826
305,0.159851716283
306,0.216808298777
307,0.240691894702
308,0.107163809824
309,0.302503059388
310,0.272727272727
311,0.113156333232
312,0.1
313,0.124758494803
314,0.0
315,0.551194265137
316,0.0361642181485
317,0.0108401793104
318,0.512614100235
319,0.185421179418
320,0.417724086777
321,0.317953405923
322,0.304566475489
323,0.6548428507
324,0.577167545612
325,0.712541685686
326,0.719235494196
327,0.725895519398
328,0.698419547112
329,0.655898837013
330,0.782931417895
331,0.777437554812
332,0.828711810516
333,0.658977747329
334,0.61302558558
335,0.748083652583
336,0.763817309862
337,0.611484718038
338,0.74275156814
339,0.675546880421
340,0.820092223201
341,0.759589818432
342,0.801120861485
343,0.683034172212
344,0.75184645143
345,0.646638075327
346,0.7379954606
347,0.626188412949
348,0.578678548946
349,0.631623247952
350,0.510192865192
351,0.453794506841
352,0.498067135902
353,0.383411885057
354,0.24299727799
355,0.307135617875
356,0.452275202671
357,0.343987101271
358,0.423363674691
359,0.339441613561
360,0.480227171912
361,0.606894839408
362,0.574359142862
363,0.323570468939
364,0.485749846817
365,0.673474784436
366,0.66721917266
367,0.609299702749
368,0.629294105935
369,0.614554761422
370,0.559781066208
371,0.3827940201
372,0.243643684024
373,0.243826885439
374,0.345397071188
375,0.36248384185
376,0.30781527704
377,0.0652602104519
378,0.279470413749
379,0.5010890723
380,0.581518536858
381,0.625423374058
382,0.445617900258
383,0.415871671227
384,0.184001788493
385,0.0896190294057
386,0.0526440896628
387,0.0475162732171
388,0.454233891535
389,0.227050385235
390,0.276432192744
391,0.72041059374
392,0.419236138002
393,0.714087424641
394,0.231687181535
395,0.495672323087
396,0.40831441537
397,0.580248287509
398,0.586436375294
399,0.0627778450667
400,0.211053914531
401,0.0854118609676
402,0.495967714658
403,0.591395668943
404,0.296773036828
405,0.495241749856
406,0.662308331227
407,0.560266061656
408,0.624524556252
409,0.205742825261
410,0.611839280189
411,0.59153458606
412,0.439068072004
413,0.612144592477
414,0.656663613699
415,0.774272757715
416,0.642311906382
417,0.621887445176
418,0.700886645674
419,0.730313239301
420,0.0694822169625
421,0.661385922382
422,0.588890388822
423,0.581833462472
424,0.565546557316
425,0.532727792415
426,0.356578315174
427,0.747362267571
428,0.24818483984
429,0.391578147094
430,0.0
431,0.0527634690325
432,0.0
433,0.0
434,0.116773951135
435,0.16457989752
436,0.0
437,0.0
438,0.0
