site,dnds
1,0.273380926569
2,0.52712781579
3,0.502345909856
4,0.577038739468
5,0.557289207961
6,0.181996187412
7,0.342139187072
8,0.00632459503495
9,0.109968795051
10,0.277607434496
11,0.585539884581
12,0.511003152346
13,0.390258393006
14,0.444402951935
15,0.673786785724
16,0.491271489025
17,0.617940647333
18,0.788452956843
19,0.603875422595
20,0.54489847238
21,0.287429086609
22,0.413540951277
23,0.400511913785
24,0.364612624158
25,0.495423792787
26,0.386686355147
27,0.211292468722
28,0.481092812382
29,0.215985443253
30,0.0421295762784
31,0.666590586943
32,0.695365697966
33,0.464475258448
34,0.341934505562
35,0.603851471528
36,0.591969323398
37,0.285739018599
38,0.0
39,0.657245177451
40,0.551724476159
41,0.451244033189
42,0.368238072008
43,0.511545163134
44,0.582083756643
45,0.380836139678
46,0.417007894616
47,0.531804012181
48,0.559019297558
49,0.225953191833
50,0.628035513714
51,0.658164755809
52,0.55823269309
53,0.169314718056
54,0.211547012926
55,0.0
56,0.0
57,0.0
58,0.0
59,0.0
60,0.0
61,0.0
62,0.0
63,0.0
64,0.273748964468
65,0.656591906511
66,0.286172886342
67,0.323570503612
68,0.553087524947
69,0.507076750896
70,0.285502952606
71,0.124552755496
72,0.45602438435
73,0.453558814628
74,0.192761334553
75,0.182137477424
76,0.586890584484
77,0.533307621943
78,0.313597573749
79,0.459725359549
80,0.72047916954
81,0.483635841954
82,0.479053234654
83,0.604561447569
84,0.0
85,0.53426391053
86,0.352364383327
87,0.723731798591
88,0.634953861535
89,0.680860839495
90,0.495746573526
91,0.556867889295
92,0.64610307372
93,0.275071359128
94,0.56694538002
95,0.334109924862
96,0.167641047511
97,0.0
98,0.0
99,0.166666666667
100,0.0
101,0.0
102,0.0
103,0.106638027778
104,0.211547012926
105,0.0
106,0.0
107,0.637690924799
108,0.443471062561
109,0.510131120191
110,0.306372085517
111,0.791697812051
112,0.662043927868
113,0.0
114,0.0
115,0.0
116,0.336104357269
117,0.259626533653
118,0.267622094525
119,0.311347327688
120,0.135421004227
121,0.632022100683
122,0.457426758858
123,0.131274707303
124,0.0680500880741
125,0.106638027778
126,0.487918770331
127,0.362842982803
128,0.662316867627
129,0.318986859429
130,0.307378924869
131,0.716048061597
132,0.155314657746
133,0.297652524805
134,0.561060273213
135,0.596458577696
136,0.0
137,0.0
138,0.0
139,0.0
140,0.0
141,0.103805885543
142,0.0
143,0.0985573804203
144,0.346095477433
145,0.302743555635
146,0.0
147,0.10511018766
148,0.587272413979
149,0.202079114308
150,0.488589735182
151,0.685662993093
152,0.475919616999
153,0.451367416083
154,0.0
155,0.444725959595
156,0.721977139077
157,0.557599724763
158,0.603081334116
159,0.707068900374
160,0.516297490767
161,0.610870357892
162,0.588534737617
163,0.682442601368
164,0.106638027778
165,0.0
166,0.788429134524
167,0.638478463877
168,0.574037042064
169,0.737882052854
170,0.596211455993
171,0.361564253168
172,0.414444124894
173,0.59842469479
174,0.228614534871
175,0.267631807488
176,0.0808432795327
177,0.467697030941
178,0.0
179,0.0
180,0.0
181,0.0238677151639
182,0.604684796347
183,0.357258531529
184,0.401820872123
185,0.25597612508
186,0.604346211928
187,0.605094323695
188,0.270463394333
189,0.320998759605
190,0.627539432931
191,0.558180267438
192,0.0
193,0.425996652608
194,0.237389518479
195,0.409234040537
196,0.51106504191
197,0.250413447057
198,0.485019832256
199,0.488462601965
200,0.371546559106
201,0.346725873937
202,0.522877113596
203,0.0
204,0.0
205,0.191990497049
206,0.0
207,0.0568247735518
208,0.203069698201
209,0.0
210,0.0
211,0.0
212,0.135379798801
213,0.0518240882662
214,0.50564273724
215,0.465725988685
216,0.585160982524
217,0.47243757037
218,0.609479819191
219,0.637049954692
220,0.541080630125
221,0.559994027234
222,0.653448243689
223,0.436256861324
224,0.56487651663
225,0.737139683573
226,0.141292160466
227,0.23204567148
228,0.188371208305
229,0.126960472461
230,0.056583443311
231,0.209553017854
232,0.0442728738082
233,0.194579346502
234,0.251446120711
235,0.0599118811528
236,0.283285952157
237,0.430579891502
238,0.154429532404
239,0.0396333891811
240,0.0644788074939
241,0.188657821984
242,0.221887444446
243,0.31893095817
244,0.279215965594
245,0.354775388599
246,0.0
247,0.0
248,0.0
249,0.0
250,0.0
251,0.0
252,0.0
253,0.0
254,0.0
255,0.0
256,0.0
257,0.0
258,0.0
259,0.0
260,0.0
261,0.0
262,0.0
263,0.0
264,0.0
265,0.0
266,0.0
267,0.0
268,0.0
269,0.0
270,0.0
271,0.0
272,0.0
273,0.0
274,0.0
275,0.0
276,0.0
277,0.175440980112
278,0.196165850602
279,0.0
280,0.0
281,0.0909090909091
282,0.132028034392
283,0.0
284,0.0
285,0.139787020541
286,0.148148148148
287,0.627103883457
288,0.370178130018
289,0.412396082148
290,0.373331029632
291,0.0762153911846
292,0.577846790848
293,0.309757942532
294,0.421577496884
295,0.26227525229
296,0.535858759656
297,0.477766490282
298,0.397998494558
299,0.578762899266
300,0.638291203765
301,0.560421190133
302,0.355793134625
303,0.588634406656
304,0.641680825002
305,0.469288834825
306,0.523358389942
307,0.552274872767
308,0.0
309,0.0
310,0.0
311,0.592717802278
312,0.0
313,0.100821408081
314,0.713419406802
315,0.427456077608
316,0.517629364913
317,0.117777385014
318,0.794476304954
319,0.279144103548
320,0.53022896359
321,0.698558845809
322,0.675040240691
323,0.38010829841
324,0.654785507799
325,0.739701161694
326,0.65644873466
327,0.391423602084
328,0.715075621042
329,0.679239719986
330,0.504053493178
331,0.0
332,0.0
333,0.0
334,0.0
335,0.0
336,0.561184982088
337,0.751928654089
338,0.0
339,0.0
340,0.706775273811
341,0.564683639652
342,0.641507860759
343,0.629910040634
344,0.144357973349
345,0.747876415592
346,0.56656842605
347,0.60868975055
348,0.0
349,0.0
350,0.0
351,0.0
352,0.330323228939
353,0.358324094398
354,0.088342098625
355,0.132842743724
356,0.497766846986
357,0.141154783469
358,0.190123562918
359,0.20887730121
360,0.276338251895
361,0.578938936883
362,0.69536091357
363,0.591527864774
364,0.706277341887
365,0.693261707567
366,0.509469496826
367,0.550448917438
368,0.574087172817
369,0.312727495074
370,0.0
371,0.0565864389249
372,0.356875536296
373,0.0182078524806
374,0.0
375,0.302186023023
376,0.168303167468
377,0.425650325333
378,0.547533249889
379,0.333343887078
380,0.0809647955489
381,0.0026793633226
382,0.390468854714
383,0.0
384,0.509517214931
385,0.354826262214
386,0.442025429943
387,0.477325156828
388,0.267266800794
389,0.258353925804
390,0.375999359615
391,0.239734626535
392,0.313100900425
393,0.455467115571
394,0.435991763657
395,0.174937573162
396,0.422724888089
397,0.340721914809
398,0.405180288164
399,0.126984126984
400,0.223664514688
401,0.380743914012
402,0.534289945936
403,0.44128582956
404,0.205998415049
405,0.416473753959
406,0.389822653609
407,0.0601429751909
408,0.198042051589
409,0.230265578327
410,0.325897299785
411,0.521357549084
412,0.0
413,0.0
414,0.166666666667
415,0.0571428571429
416,0.119402985075
417,0.0
418,0.0
419,0.0
420,0.0
421,0.142857142857
422,0.0571428571429
423,0.0
424,0.0
425,0.0
426,0.0
427,0.0878889830934
428,0.147871398519
429,0.0
430,0.586641643494
431,0.655581441637
432,0.635260887431
433,0.772821441852
434,0.718530981427
435,0.74252521167
436,0.660876442919
437,0.391242475693
438,0.787971253357
439,0.331181967889
440,0.327590699348
441,0.497838417069
442,0.353231305506
443,0.627252226945
444,0.547876359119
445,0.814926063489
446,0.158433641271
447,0.0
448,0.232305682185
449,0.0660140171962
450,0.717451322607
451,0.424030391181
452,0.542560382704
453,0.0
454,0.696095659408
455,0.704011354126
456,0.329127387042
457,0.616734315854
458,0.674278934962
459,0.465911128615
460,0.364288292326
461,0.625494513226
462,0.326805134114
463,0.645040706791
464,0.0
465,0.0
466,0.0775491027295
467,0.166666666667
468,0.142857142857
469,0.0
470,0.0
471,0.0990323570687
472,0.473555713442
473,0.230319511078
474,0.384178079225
475,0.369024251204
476,0.654120041375
477,0.162669418366
478,0.632271668661
479,0.421201704871
480,0.248582210032
481,0.480430095877
482,0.423138684531
483,0.459691003284
484,0.645101772373
485,0.446352397988
486,0.214330416087
487,0.751134930703
488,0.592597832418
489,0.366609376543
490,0.301780535795
491,0.661099045841
492,0.270229640424
493,0.303730244045
494,0.445105521922
495,0.570415050809
496,0.40146990425
497,0.446847662541
498,0.450245996531
499,0.358536141302
500,0.462469398777
501,0.271814284065
502,0.509060189184
503,0.420674836848
504,0.471358730947
505,0.561100123942
506,0.531651317493
507,0.0
508,0.0
509,0.0
510,0.0
511,0.0
512,0.0
513,0.0
514,0.0
515,0.378988962023
516,0.432184684682
517,0.248824922631
518,0.472333784562
519,0.650530260862
520,0.474915912867
521,0.626699088884
522,0.701532663977
523,0.382999336815
524,0.45417031623
525,0.609140425545
526,0.314081831264
527,0.541622588494
528,0.459898025695
529,0.547453385662
530,0.422083775333
531,0.230492060506
532,0.273665740155
533,0.0666666666667
534,0.0
535,0.0
536,0.0619819273541
537,0.109861228867
538,0.11090354889
539,0.318263998477
540,0.0538366742182
541,0.176762545268
542,0.0
543,0.08664339757
544,0.0396802858554
545,0.193436422482
546,0.0767152193205
547,0.142857142857
548,0.169014084507
549,0.169014084507
550,0.0902255639098
551,0.134899473774
552,0.0797636278246
553,0.0
554,0.1
555,0.0
556,0.329328359684
557,0.514316210829
558,0.539610236003
559,0.621921456707
560,0.679351060049
561,0.199509029748
562,0.237516704221
563,0.17634329075
564,0.0241619932221
565,0.0743548977492
566,0.0
567,0.272895516751
568,0.137230243583
569,0.268991495256
570,0.318830891574
571,0.474418067427
572,0.177163454257
573,0.380509494776
574,0.583980297402
575,0.502888045604
576,0.23894908481
577,0.425173474627
578,0.61990725462
579,0.410286344699
580,0.349438731297
581,0.11463917434
582,0.405857052201
583,0.310068648493
584,0.284291637483
585,0.195040116446
586,0.366056935168
587,0.290469529838
588,0.319230327639
589,0.358511501673
590,0.498385960674
591,0.479154699975
592,0.310184464946
593,0.294071372245
594,0.316014017196
595,0.249945895297
596,0.107214864748
597,0.282656847582
598,0.164077327839
599,0.283840428544
600,0.127137326312
601,0.192811262062
602,0.198042051589
603,0.253299917632
604,0.0846920087037
605,0.0285041377293
606,0.368603175022
607,0.0506339830587
608,0.320232832409
609,0.329964659722
610,0.421471334721
611,0.357513149126
612,0.61636115505
613,0.403836282891
614,0.361125227343
615,0.357828787881
616,0.314457543764
617,0.414554769664
618,0.375923391179
619,0.200752950791
620,0.261839544293
621,0.366132693165
622,0.321733485105
623,0.125561239987
624,0.307887418112
625,0.239606432786
626,0.294794536842
627,0.488142225718
628,0.501601800357
629,0.53252348685
630,0.367317282582
631,0.651858258687
632,0.465691211135
633,0.601458915008
634,0.64809843006
635,0.701187063145
636,0.610199996975
637,0.48998388137
638,0.459368859377
639,0.444404012988
640,0.452286232616
641,0.636737012827
642,0.690228118843
643,0.496868469316
644,0.574252947826
645,0.582853083314
646,0.40054266428
647,0.48907627571
648,0.637780445096
649,0.444390432867
650,0.594497365923
651,0.481840069905
652,0.48911236873
653,0.625970693737
654,0.601296237208
655,0.450856303258
656,0.579478875244
657,0.545396292231
658,0.551721236987
659,0.650403808553
660,0.499867825772
661,0.570148652221
662,0.723246414221
663,0.689749461602
664,0.599224559241
665,0.669475469281
666,0.748824547471
667,0.689484932734
668,0.673668841063
669,0.270200982904
670,0.396852901888
671,0.197756247175
672,0.0800478727916
673,0.0084328864998
674,0.35378859104
675,0.00844162234074
676,0.443682431615
677,0.339912284861
678,0.592467337799
679,0.399500627295
680,0.372545146651
681,0.610035209546
682,0.592079202511
683,0.430470527847
684,0.38036025086
685,0.221495130843
686,0.358329433148
687,0.209066934667
688,0.363618351434
689,0.441552980392
690,0.139622653402
691,0.0745889744507
692,0.0929803489563
693,0.00877416460592
694,0.177118079016
695,0.315408280782
696,0.670849621457
697,0.0880775964401
698,0.0530035287256
699,0.218752240059
700,0.558382951289
701,0.37650213679
702,0.0250969238018
703,0.653346736676
704,0.459535095501
705,0.10976961221
706,0.60856259113
707,0.557512107908
708,0.465950354414
709,0.258558538611
710,0.197317805992
711,0.288302701967
712,0.397580692421
713,0.49927477009
714,0.196341447666
715,0.239337786753
716,0.330604943704
717,0.174190628442
718,0.368371756904
719,0.285552308352
720,0.597735703972
721,0.609189130539
722,0.600446167657
723,0.636542477408
724,0.350659842438
725,0.2320421013
726,0.242759115269
727,0.267881135135
728,0.196721311475
729,0.0845674216976
730,0.063829787234
731,0.125555690133
732,0.0
733,0.181818181818
734,0.0
735,0.252053520204
736,0.0436628145235
737,0.0
738,0.0
739,0.0876681314828
740,0.0
741,0.272727272727
742,0.0
743,0.0
744,0.0
745,0.461980948046
746,0.664803579088
747,0.551366118308
748,0.627535279454
749,0.537673903806
750,0.504786077458
751,0.171485888312
752,0.189990682069
753,0.301372169983
754,0.457983494985
755,0.246890650731
756,0.220127090562
757,0.539359387011
758,0.362252006261
759,0.248331200478
760,0.197836530724
761,0.181021774516
762,0.181811504686
763,0.455904129392
764,0.128536444252
765,0.202090845446
766,0.358283904234
767,0.315985271889
768,0.26631068032
769,0.470589387483
770,0.64434244336
771,0.440530139929
772,0.617619160522
773,0.464263380757
774,0.518959980904
775,0.63656174113
776,0.611975362844
777,0.245474688142
778,0.457212610132
779,0.481997663029
780,0.446718259422
781,0.706287016641
782,0.509100754929
783,0.36493168433
784,0.291330996463
785,0.165818391406
786,0.322947538462
787,0.267769590753
788,0.207875229207
789,0.106666666667
790,0.34720873605
791,0.122374069801
792,0.20453412985
793,0.0984014786602
794,0.140384239101
795,0.271124104048
796,0.156703755379
797,0.200221743495
798,0.495668245973
799,0.325919852864
800,0.24097038109
801,0.611199507638
802,0.617461773034
803,0.648954975415
804,0.471193422861
805,0.01104158306
806,0.386178934611
807,0.487391222416
808,0.268511962134
809,0.170649350249
810,0.508087530514
811,0.567711377367
812,0.417873540222
813,0.217443214211
814,0.409676499923
815,0.538989009993
816,0.120586472013
817,0.35942859298
818,0.188248249613
819,0.0113786311169
820,0.0
821,0.0
822,0.309497097801
823,0.471784324226
824,0.0
825,0.0
826,0.175539099204
827,0.137440062529
