site,dnds
1,0.0
2,0.00483410518585
3,0.128112917098
4,0.25906735432
5,0.370714383589
6,0.123879027503
7,0.158237241889
8,0.0
9,0.242161625484
10,0.186936112879
11,0.0608755791814
12,0.189007310524
13,0.00341251586834
14,0.223797284557
15,0.401260961249
16,0.224420648297
17,0.15498610706
18,0.469087863879
19,0.312216256542
20,0.297732764996
21,0.193103937536
22,0.14582243336
23,0.0
24,0.0
25,0.390234258576
26,0.344191128986
27,0.190506801738
28,0.557652542038
29,0.241094671499
30,0.335441133955
31,0.359724207281
32,0.0753403228966
33,0.334945664877
34,0.416101077543
35,0.376362562122
36,0.160386968443
37,0.141821369201
38,0.236347793544
39,0.525002181574
40,0.425866873823
41,0.262185851683
42,0.0338758056351
43,0.141462790444
44,0.143403383517
45,0.173546263439
46,0.0
47,0.088047081619
48,0.189924648503
49,0.141855601035
50,0.127055196393
51,0.23007762662
52,0.215832687231
53,0.13941966945
54,0.217789927721
55,0.523809335222
56,0.169854950159
57,0.571307502614
58,0.0
59,0.448412313002
60,0.473493135924
61,0.492118957906
62,0.556502308526
63,0.195900032462
64,0.0792324825088
65,0.107259039984
66,0.0
67,0.301155161329
68,0.161138895762
69,0.0
70,0.526999924389
71,0.314300012259
72,0.336785705046
73,0.278057300155
74,0.252298325683
75,0.30750648874
76,0.68061666463
77,0.278365352532
78,0.603061010751
79,0.571881183488
80,0.412402295219
81,0.131298069359
82,0.282017278535
83,0.362603689077
84,0.330254926041
85,0.327894086261
86,0.31970240394
87,0.447336727367
88,0.552841881806
89,0.325151499017
90,0.203632570722
91,0.145402765553
92,0.42836009506
93,0.505724863549
94,0.153599211718
95,0.264389216096
96,0.616719741715
97,0.567383976146
98,0.593048892231
99,0.191597072827
100,0.471507715781
101,0.268175122077
102,0.541917003915
103,0.263073646992
104,0.366879133164
105,0.415562586572
106,0.392147766256
107,0.71448650356
108,0.425743319173
109,0.270324404405
110,0.49229029184
111,0.441301868059
112,0.339403674789
113,0.557439881549
114,0.358625405106
115,0.637649233002
116,0.0672584324156
117,0.024195709176
118,0.289406642127
119,0.0294921890814
120,0.418912677616
121,0.339474579022
122,0.310916040543
123,0.308908369618
124,0.00235789118121
125,0.212069313047
126,0.539708954931
127,0.138878242707
128,0.0
129,0.395431720376
130,0.450206197635
131,0.0290523427341
132,0.360180637383
133,0.318522960277
134,0.307976202367
135,0.0319148397689
136,0.499755001081
137,0.466313801819
138,0.30270543912
139,0.485732757085
140,0.530408652774
141,0.0
142,0.0
143,0.0
144,0.0
145,0.0
146,0.0
147,0.0
148,0.0
149,0.366633239568
150,0.357962728523
151,0.326663513264
152,0.449389991295
153,0.223275950626
154,0.153282191444
155,0.20214055232
156,0.386022681394
157,0.509929537923
158,0.134555582917
159,0.434322596738
160,0.410779238955
161,0.560198795346
162,0.17308052361
163,0.468896393271
164,0.142857142857
165,0.0803862650245
166,0.0
167,0.0
168,0.610043225801
169,0.534023533514
170,0.475628875173
171,0.622085123363
172,0.674633667991
173,0.699093787285
174,0.655567594928
175,0.0
176,0.0775491027295
177,0.0
178,0.169014084507
179,0.0
180,0.0
181,0.449900270344
182,0.403075610816
183,0.0
184,0.0
185,0.0
186,0.0
187,0.0
188,0.0
189,0.0
190,0.0
191,0.0
192,0.0
193,0.0
194,0.447753177917
195,0.196633454709
196,0.306124325079
197,0.179709070465
198,0.169040799017
199,0.0
200,0.190741241192
201,0.0
202,0.164303832189
203,0.0248144962304
204,0.00298734545577
205,0.378204211151
206,0.0
207,0.206466316246
208,0.208353556702
209,0.0545725067366
210,0.112747048378
211,0.291574419979
212,0.529633690379
213,0.636691117518
214,0.542852994884
215,0.117977998009
216,0.458047848061
217,0.55711563935
218,0.0215800457685
219,0.401451314248
220,0.457258619533
221,0.354919367203
222,0.253463887952
223,0.416322586469
224,0.503207640107
225,0.374380628698
226,0.315603724018
227,0.292171098517
228,0.167573738994
229,0.567014035877
230,0.435961029102
231,0.372335470564
232,0.536556790924
233,0.00333843773392
234,0.54025816581
235,0.243800587678
236,0.173930825382
237,0.28219652765
238,0.667155179686
239,0.624677577123
240,0.421230602545
241,0.327142653597
242,0.570183815291
243,0.402553863829
244,0.421573160881
245,0.616016717604
246,0.587775865741
247,0.435059040565
248,0.142857142857
249,0.153440819029
250,0.178272622926
251,0.669124579821
252,0.435775435036
253,0.539046053146
254,0.253480472406
255,0.344381984731
256,0.562267215888
257,0.566103712941
258,0.26742081623
259,0.577918696604
260,0.499271472894
261,0.292340500418
262,0.158903194291
263,0.0531586591291
264,0.563455587944
265,0.609649597686
266,0.380337406047
267,0.701314714916
268,0.577549460883
269,0.578071130636
270,0.514549748972
271,0.44078013947
272,0.409377669113
273,0.296195167666
274,0.433115380339
275,0.514884537761
276,0.411571178476
277,0.316334549136
278,0.0975144297942
279,0.193127171743
280,0.34475135192
281,0.368975846793
282,0.371799779204
283,0.0408924557675
284,0.102498793122
285,0.0968999013381
286,0.43206069012
287,0.306615125517
288,0.0357392544709
289,0.629716655179
290,0.588369077318
291,0.697031189198
292,0.544110303323
293,0.597361729053
294,0.496159145484
295,0.577079519392
296,0.302960045675
297,0.285057999221
298,0.595088100199
299,0.604357752625
300,0.0
301,0.421284640861
302,0.659841905903
303,0.35633219748
304,0.146967543543
305,0.415490574346
306,0.251736947015
307,0.283587079757
308,0.364222028077
309,0.268596633981
310,0.273657645502
311,0.00235789118121
312,0.176719425732
313,0.361251861963
314,0.0585113325807
315,0.287360571451
316,0.293573798117
317,0.652389608856
318,0.327998059288
319,0.218192964429
320,0.441814602495
321,0.569723077402
322,0.305053014445
323,0.128221500302
324,0.295511053577
325,0.511814194131
326,0.483524508698
327,0.217265296458
328,0.667300456747
329,0.39486217076
330,0.151502704868
331,0.271244757974
332,0.0821788893814
333,0.457145421154
334,0.0687739272282
335,0.129633613201
336,0.461386500874
337,0.469559991676
338,0.13156776637
339,0.327392668423
340,0.0427594611735
341,0.124942696728
342,0.0
343,0.435570744136
344,0.278692439848
345,0.297108459409
346,0.105020395149
347,0.121043017246
348,0.0411834301183
349,0.307449208878
350,0.0
351,0.0
352,0.15832080743
353,0.221105809953
354,0.359182929731
355,0.348391564593
356,0.616266422981
357,0.445393421411
358,0.57441423845
359,0.380285049114
360,0.449846940189
361,0.366443142104
362,0.591775901807
363,0.701063403889
364,0.54951188444
365,0.428247777743
366,0.330639332805
367,0.199401983018
368,0.135535413898
369,0.120718824287
370,0.190760917169
371,0.252961016463
372,0.0113330080487
373,0.0310608755176
374,0.130773366003
375,0.132202505654
376,0.085003262941
377,0.167643972163
378,0.425051193841
379,0.243962258576
380,0.157406214702
381,0.471126716341
382,0.147758907947
383,0.349773325906
384,0.602258337526
385,0.0
386,0.0
387,0.0
388,0.0
389,0.0
390,0.0
391,0.0
392,0.122231947311
393,0.682521746578
394,0.450432900345
395,0.72734970509
396,0.178226019006
397,0.0
398,0.67914582393
399,0.619479417521
400,0.267905791618
401,0.691307325846
402,0.0844489835497
403,0.392830448024
404,0.332178736207
405,0.0845323269619
406,0.181152003621
407,0.273090299389
408,0.228863474355
409,0.453104395568
410,0.225657017743
411,0.404816724535
412,0.151722255577
413,0.299793427886
414,0.0
415,0.379421749977
416,0.383611671564
417,0.443972783214
418,0.189337001931
419,0.489902265178
420,0.111943629579
421,0.0
422,0.502753563285
423,0.33300581023
424,0.182368610049
425,0.436646215099
426,0.708763818189
427,0.0606960911928
428,0.469651716633
429,0.1215972811
430,0.619252979189
431,0.557708395976
432,0.274451025016
433,0.532879712462
434,0.363629145202
435,0.25215470573
436,0.241194613433
437,0.174473048767
438,0.0
439,0.0
440,0.0
441,0.0
442,0.510362919389
443,0.102994902063
444,0.241009174674
445,0.663584171094
446,0.448747298764
447,0.475022104039
448,0.489387780745
449,0.465017424686
450,0.538645693942
451,0.547432663828
452,0.573104555249
453,0.410970425932
454,0.24675932529
455,0.263686933946
456,0.353471805032
457,0.129337177788
458,0.0556934471403
459,0.0334713622079
460,0.0
461,0.257209475856
462,0.371327921096
463,0.627575755027
464,0.0
465,0.0
466,0.532108788803
467,0.496462331256
468,0.633648718458
469,0.54910438218
470,0.0474751664331
471,0.387109061173
472,0.39304148553
473,0.150838386004
474,0.476582894966
475,0.48472811161
476,0.637056986157
477,0.280250675144
478,0.328100827712
479,0.361344375881
480,0.288422366128
481,0.377236170119
482,0.00235789118121
483,0.222885667269
484,0.0231082549481
485,0.334061440358
486,0.470858132088
487,0.045312655161
488,0.574283076046
489,0.63806900432
490,0.25559186884
491,0.30060676038
492,0.198740495095
493,0.229358660303
494,0.234445483973
495,0.219280525386
496,0.173854624987
497,0.391135985149
498,0.440547035927
499,0.180405995939
500,0.392051216788
501,0.287481974029
502,0.218912378607
503,0.429225026459
504,0.47442626622
505,0.331969504157
506,0.227883853189
507,0.231017162555
508,0.362548322333
509,0.613435782484
510,0.273203163369
511,0.21176062866
512,0.574728264366
513,0.521071410574
514,0.47291965004
515,0.268465659225
516,0.411389306983
517,0.354794010192
518,0.107791088502
519,0.0331337481658
520,0.0
521,0.171373933089
522,0.159033370462
523,0.232481082788
524,0.379893170781
525,0.273901376146
526,0.128652960156
527,0.171483189031
528,0.262937143953
529,0.41415503784
530,0.177133396953
531,0.399482640664
532,0.244179009415
533,0.218907562499
534,0.308724133256
535,0.508715568596
536,0.132293610051
537,0.625130148134
538,0.151655172893
539,0.499233750614
540,0.41732750862
541,0.0
542,0.0
543,0.0
544,0.196789029993
