site,dnds
1,0.216650527689
2,0.382438574724
3,0.419104421488
4,0.246718542062
5,0.157265731035
6,0.0539583692652
7,0.576758567307
8,0.439437965913
9,0.129671854496
10,0.192562229406
11,0.583874321348
12,0.19215832893
13,0.227167766674
14,0.371326525757
15,0.35312357996
16,0.0750745289095
17,0.173216231831
18,0.257861563669
19,0.365470544984
20,0.0342651569424
21,0.212240049012
22,0.152048961635
23,0.0
24,0.327807127321
25,0.0802857486048
26,0.155679386551
27,0.157841118525
28,0.580564828451
29,0.0
30,0.0
31,0.0
32,0.0
33,0.0
34,0.0
35,0.0
36,0.0
37,0.0
38,0.0
39,0.0
40,0.0
41,0.0
42,0.0
43,0.0399495377697
44,0.691050192774
45,0.271306066239
46,0.198316477622
47,0.167119710753
48,0.22465483052
49,0.0
50,0.0
51,0.0
52,0.0
53,0.269534152852
54,0.508433437781
55,0.71086530732
56,0.00237503774686
57,0.0199967826178
58,0.372140000931
59,0.197917596178
60,0.138350411291
61,0.278731738843
62,0.236488974312
63,0.709330709792
64,0.0
65,0.00267823454701
66,0.153252771588
67,0.519368717252
68,0.300624559889
69,0.0
70,0.152985478232
71,0.16363783034
72,0.166026803484
73,0.0696304250991
74,0.234869336793
75,0.299643224128
76,0.181975333171
77,0.166355323334
78,0.0
79,0.100821408081
80,0.0
81,0.0
82,0.0
83,0.335856427787
84,0.46534677712
85,0.120362471057
86,0.0
87,0.0418986622141
88,0.104011001602
89,0.180635555002
90,0.327829131219
91,0.169426491602
92,0.0413626289565
93,0.0842280783903
94,0.35959409608
95,0.24241212872
96,0.202324180722
97,0.183942907338
98,0.470009558239
99,0.33173841855
100,0.277176046646
101,0.0246137241659
102,0.0
103,0.0
104,0.0143845714628
105,0.465151123962
106,0.0
107,0.0
108,0.0
109,0.0
110,0.0
111,0.0
112,0.0
113,0.0
114,0.0797636278246
115,0.0621856012454
116,0.191213015327
117,0.0
118,0.0
119,0.0935688711019
120,0.0803941895498
121,0.569342338885
122,0.258186103883
123,0.154032706791
124,0.0
125,0.0990210257943
126,0.0680500880741
127,0.0
128,0.0
129,0.0
130,0.0
131,0.431660089454
132,0.0874661853701
133,0.149236626525
134,0.10776994521
135,0.32525580945
136,0.0
137,0.0
138,0.0694002778156
139,0.160325383645
140,0.0
141,0.0215497912509
142,0.0
143,0.0047532048756
144,0.187080147814
145,0.209051332483
146,0.00543630586729
147,0.0477568607833
148,0.0986728383913
149,0.311299023322
150,0.0327956077086
151,0.071640337444
152,0.132954291313
153,0.153945619096
154,0.262630654405
155,0.458094566764
156,0.218890107159
157,0.230782274086
158,0.147288921574
159,0.282446284934
160,0.00454278486025
161,0.286245392329
162,0.54832039369
163,0.370604029296
164,0.262841351192
165,0.24759216759
166,0.423565888067
167,0.520230501028
168,0.618670135076
169,0.334554396792
170,0.730403734361
171,0.550804123177
172,0.481769809013
173,0.0
174,0.0
175,0.0
176,0.0
177,0.0
178,0.0
179,0.0
180,0.0
181,0.0
182,0.0
183,0.0
184,0.0
185,0.0
186,0.0
187,0.315516677662
188,0.323371173424
189,0.404304658205
190,0.659047213154
191,0.493608199038
192,0.428092936597
193,0.499283158551
194,0.578096331133
195,0.316324032487
196,0.305328431543
197,0.184559458679
198,0.0315790077464
199,0.441954490511
200,0.243986831399
201,0.0790564164039
202,0.0816491327244
203,0.322508387828
204,0.421730910672
205,0.1608276107
206,0.111684098122
207,0.246421280871
208,0.17293559479
209,0.139842955269
210,0.339413228812
211,0.115146595337
212,0.439865210737
213,0.563076439096
214,0.337801271854
215,0.673578032429
216,0.384237558752
217,0.480418943019
218,0.385689856465
219,0.479552473095
220,0.126212635109
221,0.415213064589
222,0.196336432014
223,0.112852900281
224,0.0
225,0.0
226,0.0
227,0.0
228,0.0
229,0.0
230,0.0
231,0.0
232,0.0
233,0.0
234,0.0
235,0.0
236,0.0
237,0.0
238,0.0
239,0.0
240,0.0
241,0.0
242,0.0
243,0.0
244,0.0
245,0.0
246,0.0
247,0.0
248,0.0
249,0.0
250,0.0
251,0.0
252,0.0
253,0.0
254,0.0
255,0.0
256,0.0
257,0.0
258,0.0
259,0.0
260,0.0
261,0.0623754978026
262,0.0272127250565
263,0.247728856774
264,0.0
265,0.142857142857
266,0.0
267,0.208705804457
268,0.563686307356
269,0.748537035354
270,0.00951035923593
271,0.0
272,0.633274576435
273,0.343004847054
274,0.0
275,0.0
276,0.0
277,0.299297796701
278,0.229091091908
279,0.164425239327
280,0.00543223414354
281,0.319042055509
282,0.11231991153
283,0.0704149516759
284,0.0
285,0.398953691877
286,0.0
287,0.0
288,0.0
289,0.204343863191
290,0.47323874516
291,0.586793137451
292,0.552310427152
293,0.228132234818
294,0.264752478041
295,0.307963785608
296,0.466911947876
297,0.551463493444
298,0.0
299,0.577289464011
300,0.0105523481957
301,0.510833079112
302,0.400193970241
303,0.0583702888893
304,0.221789094801
305,0.293128088038
306,0.291327913104
307,0.213028953851
308,0.685582952196
309,0.553061266855
310,0.536950473831
311,0.0515489159108
312,0.0
313,0.0
314,0.124535373899
315,0.183346840473
316,0.268453530523
317,0.329363768985
318,0.179709001447
319,0.179047454973
320,0.167916718425
321,0.237213391628
322,0.0815292716428
323,0.0280339687955
324,0.067084229782
325,0.184767790118
326,0.0649796428477
327,0.195805599072
328,0.290749961552
329,0.12489018458
330,0.393302543314
331,0.199499437759
332,0.113343070811
333,0.28612908331
334,0.294502173562
335,0.725464806934
336,0.312165350897
337,0.194799539683
338,0.672773059678
339,0.0
340,0.134309769322
341,0.432142531379
342,0.68634754289
343,0.0
344,0.0
345,0.0
346,0.0588457910806
347,0.153702171225
348,0.590378806734
349,0.544882366939
350,0.113115145614
351,0.161944963541
352,0.0
353,0.0
354,0.0
355,0.0
356,0.0
357,0.0
358,0.0
359,0.694846597292
360,0.261626648198
361,0.0763478841278
362,0.405405474131
363,0.199955395779
364,0.0
365,0.0
366,0.0
367,0.0
368,0.483517655597
369,0.0
370,0.0
371,0.270668482396
372,0.134974765122
373,0.493340195547
374,0.0918811222913
375,0.10417861034
376,0.0
377,0.306355688268
378,0.0
379,0.0
380,0.0
381,0.0
382,0.529442811388
383,0.328810475212
384,0.215955192045
385,0.138897152722
386,0.140576612159
387,0.171724143936
388,0.374957646801
389,0.166666666667
390,0.0543824282703
391,0.449450869097
392,0.538113795095
393,0.0469090063592
394,0.235409702947
395,0.488341357159
396,0.266893861199
397,0.469426349366
398,0.580004340583
399,0.252929716161
400,0.421063402966
401,0.655768496247
402,0.728499525531
403,0.557925870474
404,0.0
405,0.0
406,0.315216826042
407,0.538829809048
408,0.553787313079
409,0.177377026544
410,0.00251359652564
411,0.526409166116
412,0.0707402678602
413,0.269217695694
414,0.294767048501
415,0.138477454998
416,0.0
417,0.152683986317
418,0.601634899736
419,0.0
420,0.122098703784
421,0.0888457136892
422,0.498409238374
423,0.0156043100463
424,0.206224816065
425,0.124950501061
426,0.479720887481
427,0.0
428,0.101602449422
429,0.270621637952
430,0.470392004066
431,0.0200780391539
432,0.0769023334557
433,0.146355158536
434,0.0
435,0.0
436,0.431961082168
437,0.0489003145457
438,0.16735279356
439,0.0666666666667
440,0.0491454025845
441,0.127965633334
442,0.374214394355
443,0.754313286529
444,0.712696791141
445,0.0495761054143
446,0.240893282545
447,0.520771804457
448,0.302021273929
449,0.343977613348
450,0.0
451,0.132891424814
452,0.660207685049
453,0.693978115617
454,0.457648533226
455,0.562735039118
456,0.56740958906
457,0.71074638623
458,0.406106762102
459,0.547699737625
460,0.0
461,0.0
462,0.0
463,0.0
464,0.0
465,0.0
466,0.0
467,0.0
468,0.178183034858
469,0.0
470,0.0
471,0.0727742358649
472,0.214395048779
473,0.130926370243
474,0.576085937272
475,0.338252921015
476,0.419083777169
477,0.620701398713
478,0.542031197032
479,0.370468809669
480,0.490404653839
481,0.417098185693
482,0.504314574142
483,0.706170503305
484,0.839508914471
485,0.592224304104
486,0.375557192927
487,0.547980266784
488,0.372248127405
489,0.62487015112
490,0.0
491,0.376104789873
492,0.591781110772
493,0.426202903122
494,0.477595022351
495,0.230859837532
496,0.218566888327
497,0.370944685509
498,0.0
499,0.0425094683054
500,0.337431358709
501,0.0722424291006
502,0.545892599611
503,0.478211184948
504,0.0639769221377
505,0.457456919346
506,0.435858351402
507,0.415893428363
508,0.0
509,0.187641836777
510,0.347941797083
511,0.282578024561
512,0.416688856003
513,0.0
514,0.0867325491054
515,0.0
516,0.0
517,0.5520312742
518,0.576557909378
519,0.497616548852
520,0.170964946226
521,0.427334897166
522,0.550960623423
523,0.200378141374
524,0.615630405275
525,0.375704575716
526,0.187072740154
527,0.0410358365168
528,0.287200880442
529,0.177893083649
530,0.306531724678
531,0.0
532,0.103523006325
533,0.204013691215
534,0.160749927103
535,0.290802721114
536,0.655494862449
537,0.666961368384
538,0.610853595654
539,0.741106360691
540,0.481866696685
541,0.707142664034
542,0.0
543,0.0
544,0.713261472635
545,0.0
546,0.0
547,0.0
548,0.0
549,0.0
550,0.0
551,0.0
552,0.62528503395
553,0.533641269445
554,0.588442074758
555,0.0571428571429
556,0.0
557,0.0488661673426
558,0.0
559,0.266666666667
560,0.170212765957
561,0.514460658729
562,0.43215941737
563,0.801973875216
564,0.140555038963
565,0.426011661839
566,0.684449326183
567,0.732791771729
568,0.356238372708
569,0.431901419351
570,0.658841372415
571,0.281380644726
572,0.485715279973
573,0.142171734612
574,0.497463879334
575,0.409619759231
576,0.566904241705
577,0.370048064716
578,0.0
579,0.159459250254
580,0.262872944339
581,0.284302369615
582,0.0
583,0.0792450932379
584,0.239971633548
585,0.248719969771
586,0.115786900175
587,0.158712551305
588,0.263329146807
589,0.325753926359
590,0.134453781513
591,0.0775491027295
592,0.339016481964
593,0.0
594,0.0368604643735
595,0.382624981091
596,0.603563040763
597,0.462308639162
598,0.33765596573
599,0.135409274192
600,0.313817592519
601,0.0
602,0.0
603,0.0
604,0.0
605,0.0
606,0.0
607,0.0
608,0.0
609,0.0
610,0.0
611,0.0
612,0.0
613,0.0
614,0.0
615,0.0
616,0.0
617,0.0
618,0.0
619,0.0
620,0.0
621,0.0
622,0.0
623,0.0
624,0.0
625,0.0
626,0.0
627,0.0
628,0.0
629,0.0
630,0.0
631,0.0
632,0.0
633,0.0
634,0.533192461344
635,0.588393632542
636,0.73155392757
637,0.174613873696
638,0.651171208097
639,0.451986218431
640,0.611321246902
641,0.302461320686
642,0.155890790136
643,0.189636739816
644,0.148467284273
645,0.00583704218898
646,0.283254908973
647,0.502343495187
648,0.189562852856
649,0.0
650,0.0
651,0.0
652,0.509297033087
653,0.599640644248
654,0.591430325015
655,0.203446634043
656,0.26027512833
657,0.23514809089
658,0.255857349964
659,0.112566160112
660,0.193680096823
661,0.354080777911
662,0.345004702228
663,0.377238504075
664,0.424859662911
665,0.2947045279
666,0.143541697359
667,0.345613090247
668,0.259846834137
669,0.548696599095
670,0.460027170152
671,0.0699682287073
672,0.349451173257
673,0.0
674,0.285559632778
675,0.388262513865
676,0.0
677,0.0
678,0.469322684409
679,0.0681696230923
680,0.0305217530921
681,0.225545274861
682,0.105059708715
683,0.120724209706
684,0.31787783656
685,0.222222222222
686,0.500545823666
687,0.629276449462
688,0.625352452077
689,0.0
690,0.200951104094
691,0.158433641271
692,0.113166886622
693,0.612917982738
694,0.581830185145
695,0.653128372807
696,0.728750733594
697,0.503099681027
698,0.521398966834
699,0.795468497993
700,0.0
701,0.0
702,0.510202021472
703,0.519708788017
704,0.252030863906
705,0.624890584239
706,0.321488814833
707,0.725059271606
708,0.544563048521
709,0.348090436478
710,0.326389817939
711,0.158433641271
712,0.254538065186
713,0.154032706791
714,0.0
715,0.672638341699
716,0.686797760878
717,0.0
718,0.701369661398
719,0.687199382319
720,0.573152838212
721,0.663718311612
722,0.627076566082
723,0.0
724,0.0
725,0.0
726,0.0
727,0.0
728,0.0
729,0.0
730,0.0
731,0.0
732,0.0
733,0.0
734,0.0
735,0.0
736,0.364624220769
737,0.734610347972
738,0.636424256893
739,0.304668942033
740,0.0
741,0.0
742,0.0
743,0.0
744,0.0
745,0.0
746,0.0
747,0.0
748,0.0
749,0.0
750,0.17432192441
751,0.377456964405
752,0.500136801049
753,0.0108870275757
754,0.0
755,0.0
756,0.355517540087
757,0.235785009976
758,0.0126399394004
759,0.350862461138
760,0.103049620016
761,0.0
762,0.365816031125
763,0.0946732139449
764,0.073021547094
765,0.440200564778
766,0.42884253421
767,0.0
768,0.0
769,0.0
770,0.0
771,0.0
772,0.0
773,0.0
774,0.0
775,0.0
776,0.0
777,0.0
778,0.0
779,0.0
780,0.0
781,0.0
782,0.0
783,0.0
784,0.0
785,0.0
786,0.0
787,0.0
788,0.0
789,0.0
790,0.0
791,0.0
792,0.0
793,0.0
794,0.0
795,0.407068807363
796,0.093104378286
797,0.109760744458
798,0.267862241829
799,0.102669111362
800,0.00586855570934
801,0.175586254325
802,0.0
803,0.0
804,0.0
805,0.0994865325072
806,0.71776365392
807,0.446657018946
808,0.280650413325
809,0.0963481445009
810,0.0
811,0.179019609833
812,0.0578505299482
813,0.0675463059701
814,0.0
815,0.517486144295
816,0.492321103125
817,0.23799322036
818,0.00741165382733
819,0.0187932286578
820,0.0399349796335
821,0.350902057539
822,0.133260562123
823,0.0401949883208
824,0.337535872158
825,0.23998080949
826,0.390830482549
827,0.594877409269
828,0.629626766028
829,0.594173200521
830,0.474289213969
831,0.432888968304
832,0.62349625779
833,0.471959044797
834,0.277499437981
835,0.0
836,0.0
837,0.433733073699
838,0.0
839,0.656816754837
840,0.4536668284
841,0.0189515602883
842,0.228910585591
843,0.637725255125
844,0.722741394086
845,0.145062587582
846,0.49879648418
847,0.659400086823
848,0.608696614465
849,0.768605254307
850,0.620693498041
851,0.277750736721
852,0.508716816368
853,0.594004589058
854,0.166499047958
855,0.697919907562
856,0.0
857,0.0
858,0.0
859,0.0
860,0.0
861,0.456424896243
862,0.290733077845
863,0.266775247713
864,0.198901707722
865,0.434820138644
866,0.163687643791
867,0.368162593511
868,0.0
869,0.02642727198
870,0.406910649217
871,0.118485094029
872,0.00235789118121
873,0.00418653971276
874,0.0181052885647
875,0.268544564293
876,0.202270725909
877,0.0833270869815
878,0.286388815413
879,0.710091056847
880,0.426904559179
881,0.538814241023
882,0.074917942567
883,0.643460837769
884,0.174363031611
885,0.810401919997
886,0.0
887,0.0368171458857
888,0.578742646266
889,0.0
890,0.0
891,0.0
892,0.111556776536
893,0.609366618604
894,0.261866255402
895,0.212067828753
896,0.484857391451
897,0.501564147695
898,0.308008019722
899,0.0145963701935
900,0.190872889536
901,0.259813014202
902,0.176084292024
903,0.176167166816
904,0.272136371588
905,0.102912030789
906,0.0904095114598
907,0.279519904226
908,0.393755683415
909,0.238155286495
910,0.0
911,0.0
912,0.0
913,0.0
914,0.0
915,0.0
916,0.0
917,0.0
918,0.0
919,0.0
920,0.0
921,0.0
922,0.0
923,0.0
924,0.0
925,0.0
926,0.0
927,0.0
928,0.0
929,0.0
930,0.0
931,0.0
932,0.0
933,0.0
934,0.0
935,0.0
936,0.0
937,0.0
938,0.0
939,0.0
940,0.0
941,0.0
942,0.0
943,0.0
944,0.0
945,0.0
946,0.0
947,0.0
948,0.0
949,0.0
950,0.0
951,0.0
952,0.0
953,0.0
954,0.0
955,0.0
956,0.0
957,0.0
958,0.0
959,0.0
960,0.0
961,0.0
962,0.0
963,0.0
964,0.0
965,0.0
966,0.0
967,0.0
968,0.0
969,0.0
970,0.0
971,0.0
972,0.0
973,0.0
974,0.0
975,0.0
976,0.0
977,0.0
978,0.0
979,0.0
980,0.0
981,0.0
982,0.0
983,0.0
984,0.0
985,0.0
986,0.0
987,0.0
988,0.115688078632
989,0.496039178121
990,0.397036212313
991,0.123370086525
992,0.367003576229
993,0.384396952165
994,0.640172026028
995,0.725070539281
996,0.75264188943
997,0.505014536145
998,0.412699174834
999,0.52967260472
1000,0.40528822285
1001,0.472690701427
1002,0.734481292877
1003,0.500537062425
1004,0.712212025671
1005,0.645264376092
1006,0.682555514889
1007,0.599374751361
1008,0.542315978867
1009,0.374677684863
1010,0.568239521017
1011,0.664496510195
1012,0.457198091176
1013,0.634769216688
1014,0.691716509845
1015,0.716221049506
1016,0.78064220089
1017,0.589750908471
1018,0.622329399229
1019,0.698946841653
1020,0.559473089066
1021,0.525419119825
1022,0.612119837202
1023,0.594843875199
1024,0.34783655505
1025,0.572394642713
1026,0.675251891878
1027,0.433045144777
1028,0.536902352768
1029,0.620638834202
1030,0.745975579126
1031,0.714989141601
1032,0.455424347529
1033,0.626672311634
1034,0.646566995496
1035,0.672116046458
1036,0.65400794064
1037,0.560547799704
1038,0.744716718488
1039,0.629428459948
1040,0.586280275089
1041,0.589431078005
1042,0.62122304162
1043,0.591574749206
1044,0.451080566175
1045,0.489158336489
1046,0.372098149445
1047,0.508384735585
1048,0.501932224515
1049,0.541081180755
1050,0.813752920014
1051,0.450184491831
1052,0.622402480087
1053,0.136682193202
1054,0.615876732583
1055,0.17610599637
1056,0.503243803887
1057,0.377763303197
1058,0.261416128515
1059,0.467294164513
1060,0.498515623891
1061,0.698269593716
1062,0.413370845886
1063,0.517566171353
1064,0.696451380542
1065,0.443462635829
1066,0.407679401391
1067,0.518826537328
1068,0.273525735234
1069,0.0676083159376
1070,0.167509445382
1071,0.390380683564
1072,0.343562749071
1073,0.467477861621
1074,0.412015542344
1075,0.335757575773
1076,0.552313000072
1077,0.0
1078,0.627479098396
1079,0.401644796328
1080,0.49808655114
1081,0.258211548575
1082,0.500554357228
1083,0.532835365034
1084,0.681205790587
1085,0.679079851864
1086,0.353922523092
1087,0.635847618966
1088,0.53014374593
1089,0.364829351153
1090,0.383263461412
1091,0.215119797506
1092,0.336026404902
1093,0.297476212389
1094,0.379093435808
1095,0.125646252244
1096,0.418502436058
1097,0.410197734951
1098,0.0964897243078
1099,0.145210052504
1100,0.0607072116182
1101,0.258426213509
1102,0.282886722603
1103,0.051799279822
1104,0.138635522134
1105,0.341905212137
1106,0.541923433935
1107,0.48362655976
1108,0.609602710992
1109,0.507909998208
1110,0.591256674753
1111,0.554016023388
1112,0.541816910196
1113,0.341960130485
1114,0.474494523021
1115,0.516779035434
1116,0.72057437046
1117,0.488382626442
1118,0.505564812223
1119,0.564605873714
1120,0.518294708178
1121,0.526583789783
1122,0.65661909692
1123,0.606400612301
1124,0.630744164385
1125,0.47354180009
1126,0.513241256427
1127,0.49718593294
1128,0.589371329016
1129,0.656286619806
1130,0.469748665036
1131,0.371834252256
1132,0.489264146126
1133,0.363872372939
1134,0.599699929792
1135,0.476565656807
1136,0.479052304655
1137,0.407944675656
1138,0.269553339069
1139,0.0575396862033
1140,0.0464590517257
1141,0.31144805959
1142,0.310415113596
1143,0.421882712699
1144,0.195696123478
1145,0.344114592144
1146,0.541778764278
1147,0.0217391304348
1148,0.0256279417616
1149,0.405387901189
1150,0.589846884389
1151,0.199388421995
1152,0.325507139978
1153,0.0
1154,0.234165382326
1155,0.159980616167
1156,0.0662568499961
1157,0.199462852066
1158,0.46616854063
1159,0.57698860898
1160,0.456910127857
1161,0.444600049336
1162,0.428117927272
1163,0.385197259295
1164,0.489101078623
1165,0.291124970661
1166,0.328483576969
1167,0.335693484091
1168,0.369845145239
1169,0.462987187205
1170,0.587661476645
1171,0.311385482493
1172,0.580083277612
1173,0.275761508946
1174,0.097311625946
1175,0.0854906806043
1176,0.12581770895
1177,0.427128575401
1178,0.600891411724
1179,0.531891768652
1180,0.643208063809
1181,0.478433872343
1182,0.477504283602
1183,0.0382123986607
1184,0.129123169177
1185,0.275774574588
1186,0.354109798233
1187,0.124900500345
1188,0.0
1189,0.13257724627
1190,0.0418547283261
1191,0.305764160429
1192,0.41582853858
1193,0.223246070989
1194,0.340496785587
1195,0.561930378862
1196,0.642774003108
1197,0.751137623076
1198,0.577370297497
1199,0.505148944591
1200,0.472278842002
1201,0.602993136532
1202,0.468693198271
1203,0.641468986413
1204,0.258334100807
1205,0.266901043467
1206,0.498663499258
1207,0.578366835881
1208,0.428305906162
1209,0.453547136028
1210,0.536411634419
1211,0.436453248238
1212,0.0
1213,0.199955395779
1214,0.622245899778
1215,0.446753291223
1216,0.243891964798
1217,0.400947733063
1218,0.439666395247
1219,0.0914957904938
1220,0.374374002735
1221,0.332705496206
1222,0.257857364992
1223,0.394531352843
1224,0.283562858646
1225,0.0
1226,0.0
1227,0.285219268548
1228,0.150364920391
1229,0.0
1230,0.545934536059
1231,0.140193607579
1232,0.0
