site,dnds
1,0.291450602351
2,0.186143638177
3,0.0635953750204
4,0.144375808073
5,0.406425609886
6,0.189717438033
7,0.219443554194
8,0.337844654424
9,0.276409546962
10,0.187055567971
11,0.360336480113
12,0.131484886263
13,0.295904659984
14,0.342251659751
15,0.446972449631
16,0.409521516308
17,0.515457172419
18,0.493895359723
19,0.252835050854
20,0.478673721009
21,0.337389932652
22,0.250216518627
23,0.462453076307
24,0.306385002926
25,0.471884545322
26,0.185278337413
27,0.41165482527
28,0.299353578239
29,0.182668735688
30,0.441667197124
31,0.473140039054
32,0.445315939583
33,0.279650216192
34,0.486584989401
35,0.366414380633
36,0.203954493236
37,0.293959006639
38,0.299318033718
39,0.403009059045
40,0.245701899405
41,0.52065963325
42,0.184909689951
43,0.0466488036096
44,0.271409572323
45,0.458146420689
46,0.0819262401987
47,0.297212060184
48,0.569791666364
49,0.3247175981
50,0.0
51,0.0
52,0.0
53,0.0
54,0.0
55,0.439061691334
56,0.315832643468
57,0.310456217791
58,0.541398430598
59,0.476549312189
60,0.594869816051
61,0.250325495019
62,0.0
63,0.0
64,0.0
65,0.0
66,0.0
67,0.28436734174
68,0.582114719923
69,0.32385796303
70,0.418153165462
71,0.538956215561
72,0.418031439401
73,0.360270100462
74,0.260142010515
75,0.144345562342
76,0.0728851309516
77,0.461652074315
78,0.471941849853
79,0.397390720006
80,0.427102502779
81,0.261406767459
82,0.51615306865
83,0.390255909156
84,0.505774355199
85,0.420463009712
86,0.244136064148
87,0.0632629887279
88,0.396618136795
89,0.0
90,0.25903865207
91,0.355389194214
92,0.057428785046
93,0.137306191293
94,0.36115455796
95,0.0
96,0.36888224948
97,0.30316506499
98,0.232761880418
99,0.0
100,0.0
101,0.332163910893
102,0.140602996097
103,0.382778459589
104,0.0
105,0.0
106,0.0
107,0.155966949574
108,0.158433641271
109,0.169314718056
110,0.0
111,0.112676056338
112,0.179974530061
113,0.0680754974583
114,0.266666666667
115,0.142857142857
116,0.213091151706
117,0.142857142857
118,0.0
119,0.0
120,0.0
121,0.0
122,0.0
123,0.0
124,0.0
125,0.0
126,0.0
127,0.0
128,0.0
129,0.0
130,0.0
131,0.0
132,0.224687637901
133,0.109974890501
134,0.180209013177
135,0.151391236548
136,0.426976162707
137,0.0337026322304
138,0.210676964542
139,0.284490842283
140,0.365670133852
141,0.174728232036
142,0.217868126238
143,0.319648419625
144,0.308117361997
145,0.112449288291
146,0.302481097961
147,0.199471190068
148,0.195242456684
149,0.471143864217
150,0.36193598694
151,0.0
152,0.0
153,0.0
154,0.0
155,0.0280774285228
156,0.208749189847
157,0.444496339499
158,0.329409686654
159,0.0
160,0.0
161,0.133303597186
162,0.0
163,0.0
164,0.0
165,0.0
166,0.0
167,0.106638027778
168,0.149071630404
169,0.665881662754
170,0.404916964043
171,0.479189366922
172,0.320776521878
173,0.576902647712
174,0.518174182001
175,0.329380649304
176,0.269157558679
177,0.313012802749
178,0.314198259688
179,0.344115802513
180,0.0
181,0.0
182,0.0
183,0.0
184,0.0
185,0.0
186,0.0
187,0.0
188,0.0
189,0.0
190,0.0
191,0.0
192,0.0
193,0.463600954893
194,0.218483599588
195,0.0
196,0.218686417628
197,0.0433121735998
198,0.146755699284
199,0.163663753063
200,0.356167382275
201,0.447294906526
202,0.177240707821
203,0.00855116145021
204,0.0
205,0.122489987533
206,0.249376646194
207,0.0
208,0.230112585873
209,0.0118266511844
210,0.109114434741
211,0.0994725432896
212,0.38313491996
213,0.315435493084
214,0.241562137041
215,0.178867853045
216,0.394136254971
217,0.243714442212
218,0.209283528985
219,0.553415936593
220,0.483282455589
221,0.110335010695
222,0.0
223,0.142857142857
224,0.372543385984
225,0.229651409911
226,0.556802617233
227,0.249283192836
228,0.268752668016
229,0.183138793042
230,0.327771149805
231,0.413150033883
232,0.210011972273
233,0.201176477914
234,0.14904442258
235,0.0721418064979
236,0.0
237,0.1580710126
238,0.0840362418262
239,0.0949885331039
240,0.298911151462
241,0.336983727977
242,0.0181288724206
243,0.1703372238
244,0.213941279513
245,0.154877485119
246,0.14914415756
247,0.041469644017
248,0.0319038615752
249,0.0355384155809
250,0.221266659061
251,0.147742005135
252,0.128094103211
253,0.083859792467
254,0.0781814526957
255,0.26696593387
256,0.0195014797418
257,0.127373094668
258,0.15585528669
259,0.0145928716561
260,0.0169122215372
261,0.0878747836933
262,0.103159551044
263,0.233101830909
264,0.373061346632
265,0.0
266,0.303945934785
267,0.238725646124
268,0.266666666667
269,0.0
270,0.0
271,0.0596019643853
272,0.143863575027
273,0.169779803771
274,0.266488862786
275,0.332597400161
276,0.218305141555
277,0.0230528687456
278,0.467194265506
279,0.443339246679
280,0.250702937855
281,0.040445698106
282,0.343921222243
283,0.199594841379
284,0.29183198329
285,0.209307608323
286,0.302210397901
287,0.0
288,0.288079838799
289,0.0720441293509
290,0.284577182238
291,0.512363296363
292,0.187423512526
293,0.0652373816998
294,0.344582301488
295,0.380520983906
296,0.0233537329848
297,0.159857652351
298,0.334105521923
299,0.382597400009
300,0.209888924174
301,0.00763701836728
302,0.213848978083
303,0.0268064494897
304,0.0196573409772
305,0.111540433586
306,0.0191576484404
307,0.0
308,0.0
309,0.0
310,0.0
311,0.201690815818
312,0.230020746686
313,0.398296428679
314,0.553700862841
315,0.156752901932
316,0.213842395535
317,0.270712814634
318,0.161225238072
319,0.623792706664
320,0.0669907550419
321,0.213896623604
322,0.259210871967
323,0.027503011939
324,0.0913482585675
325,0.429623135953
326,0.338897512866
327,0.306862268479
328,0.290410916787
329,0.303229113456
330,0.0862315289846
331,0.0647551622085
332,0.177303792434
333,0.33992964573
334,0.300009502715
335,0.0
336,0.0
337,0.0
338,0.0
339,0.0
340,0.0
341,0.0
342,0.127475343551
343,0.468230140991
344,0.41007649175
345,0.275007621956
346,0.0
347,0.0
348,0.266666666667
349,0.0
350,0.133303597186
351,0.348663569887
352,0.285754323282
353,0.463403874501
354,0.178142799033
355,0.116473869773
356,0.00856213385583
357,0.389275923836
358,0.255905580567
359,0.0720129520839
360,0.284785208996
361,0.137109423217
362,0.263928276862
363,0.351571484281
364,0.127369412071
365,0.162179147155
366,0.197207184313
367,0.231109145098
368,0.0804432588742
369,0.0
370,0.0
371,0.0
372,0.422651309403
373,0.30112437557
374,0.191121273108
375,0.276501469958
376,0.30509763622
377,0.0629537647434
378,0.241154432712
379,0.162034685657
380,0.0600518956233
381,0.0636713880113
382,0.373054620286
383,0.0288722676155
384,0.479302960064
385,0.241463877071
386,0.316177225581
387,0.137798129078
388,0.257554986954
389,0.0252610840027
390,0.299223922175
391,0.197046333174
392,0.459845610332
393,0.187226991057
394,0.441215030155
395,0.32265162416
396,0.280302371669
397,0.263007045768
398,0.215236821813
399,0.378902222466
400,0.340740752645
401,0.526151883391
402,0.559599299892
403,0.590486206315
404,0.413371103222
405,0.520357615782
406,0.448778085921
407,0.427127421087
408,0.114711212512
409,0.0726322524976
410,0.32674442792
411,0.27205265395
412,0.0
413,0.0
414,0.493821371795
415,0.257638679893
416,0.241199991867
417,0.377836236142
418,0.428702114735
419,0.374508161683
420,0.179789736277
421,0.597735892765
422,0.418833457105
423,0.317438132931
424,0.383182793372
425,0.490925137729
426,0.337980031534
427,0.382569589063
428,0.176366954037
429,0.446894559896
430,0.22347227418
431,0.0679416436091
432,0.599374607413
433,0.42941474323
434,0.209324770821
435,0.0
436,0.494151886595
437,0.476089060035
438,0.216210886597
439,0.418782476914
440,0.348763573291
441,0.00647512154421
442,0.125213615068
443,0.42590401651
444,0.267088597294
445,0.22886505537
446,0.23821810348
447,0.0970285485203
448,0.331206950925
449,0.509818864543
450,0.146784817886
451,0.0698572756891
452,0.306660776678
453,0.373946733224
454,0.40148965559
455,0.209983151683
456,0.101378813453
457,0.153094237395
458,0.0565865797501
459,0.0
460,0.0328731789863
461,0.0
