site,dnds
1,0.0
2,0.228291794697
3,0.38333949584
4,0.186054910614
5,0.0332988705709
6,0.474869236103
7,0.0379735490511
8,0.465258938067
9,0.0
10,0.028952718662
11,0.0
12,0.0804803398146
13,0.634485038833
14,0.0
15,0.0
16,0.093023255814
17,0.139247440036
18,0.555209125104
19,0.411011987576
20,0.568362865625
21,0.766014324137
22,0.489939304792
23,0.0640208065434
24,0.102994902063
25,0.0
26,0.499709231541
27,0.0343994352797
28,0.376265223424
29,0.376026036433
30,0.26071759439
31,0.457492483047
32,0.209291952926
33,0.404315176626
34,0.0
35,0.0878449329608
36,0.0625166632336
37,0.566781227039
38,0.0337050606764
39,0.0372331377845
40,0.0
41,0.0
42,0.216665786537
43,0.380583282784
44,0.0
45,0.382037900305
46,0.0
47,0.0
48,0.593289256503
49,0.326211318104
50,0.0
51,0.446381330463
52,0.0
53,0.564607743875
54,0.403608355364
55,0.803044789195
56,0.527478188495
57,0.032239403747
58,0.382134717959
59,0.35308542372
60,0.533572640838
61,0.544149125414
62,0.170254383488
63,0.360919115427
64,0.409723477764
65,0.322300521804
66,0.0
67,0.0573516537805
68,0.154735800974
69,0.0877596474724
70,0.30416587176
71,0.113571584733
72,0.54751506334
73,0.336149085358
74,0.364448469972
75,0.0571220574958
76,0.372124281088
77,0.421838755621
78,0.170853006229
79,0.374171032881
80,0.538630144202
81,0.300024875515
82,0.147642136037
83,0.394394133836
84,0.0
85,0.511819654409
86,0.341909885769
87,0.344807979866
88,0.380012197746
89,0.105263157895
90,0.132028034392
91,0.0
92,0.0
93,0.238125849326
94,0.406466380992
95,0.589676950707
96,0.482394665583
97,0.372635880669
98,0.320383786657
99,0.39904300076
100,0.703005201323
101,0.337693616307
102,0.258932390808
103,0.589983613169
104,0.432536216761
105,0.324531396574
106,0.0234940388367
107,0.339643883514
108,0.664113986277
109,0.507407956131
110,0.504299313061
111,0.0
112,0.0
113,0.0
114,0.0
115,0.0
116,0.0410935441422
117,0.0
118,0.0
119,0.0
120,0.0
121,0.195971921895
122,0.235506688496
123,0.418100009385
124,0.0
125,0.476235334444
126,0.198833734023
127,0.292719449447
128,0.488523199071
129,0.205158903126
130,0.599195660754
131,0.416199694177
132,0.216073289649
133,0.215138308042
134,0.00450514507639
135,0.211547012926
136,0.0
137,0.0
138,0.294775408494
139,0.36959725089
140,0.477722456101
141,0.070944640851
142,0.116773951135
143,0.337718966586
144,0.0930251797047
145,0.654463595057
146,0.548295047684
147,0.434834650406
148,0.404998972388
149,0.408622017256
150,0.369875515659
151,0.531364395063
152,0.316840195416
153,0.448932908973
154,0.150327633572
155,0.0701556106069
156,0.00811790580388
157,0.0512536227819
158,0.137011083926
159,0.0
160,0.0673002150884
161,0.028952718662
162,0.365940162555
163,0.0217428507685
164,0.0
165,0.0
166,0.0
167,0.280773185178
168,0.0
169,0.100037298705
170,0.00263930387648
171,0.404002988316
172,0.285866061157
173,0.151990825718
174,0.258733212577
175,0.208081814026
176,0.173901457518
177,0.314337754414
178,0.292748610681
179,0.446749863308
180,0.0894959110171
181,0.593110583695
182,0.283274849733
183,0.502351073826
184,0.0867325491054
185,0.24097223938
186,0.548079196031
187,0.41181206155
188,0.106638027778
189,0.107804681005
190,0.149742321536
191,0.135213820144
192,0.473554818387
193,0.416945517165
194,0.497338723941
195,0.0
196,0.0
197,0.0
198,0.0
199,0.0
200,0.0
201,0.0
202,0.0
203,0.0
204,0.0
205,0.0
206,0.0
207,0.0
208,0.0
209,0.0
210,0.0
211,0.0
212,0.0
213,0.0
214,0.34110585505
215,0.187079576907
216,0.0
217,0.0
218,0.0
219,0.0
220,0.0
221,0.606290903267
222,0.470381901269
223,0.47034508697
224,0.159912128177
225,0.105818790854
226,0.412698039556
227,0.125130084895
228,0.0
229,0.0
230,0.0
231,0.0
232,0.0
233,0.0
234,0.0
235,0.0837654278479
236,0.0217428507685
237,0.00802658319722
238,0.200270333396
239,0.267734828569
240,0.179354175967
241,0.363248057596
242,0.137312628541
243,0.228713830043
244,0.227205175739
245,0.464469858335
246,0.404663406171
247,0.282417545931
248,0.357473504026
249,0.233850370069
250,0.154699140362
251,0.254150479953
252,0.215068594977
253,0.219421122078
254,0.0
255,0.441093352678
256,0.0
257,0.19281985071
258,0.178255036667
259,0.216818266711
260,0.00860712620194
261,0.371200795481
262,0.281767752209
263,0.0
264,0.257712887659
265,0.180629737344
266,0.0
267,0.00504569614088
268,0.142355080263
269,0.149261916396
270,0.411950594634
271,0.678352075003
272,0.366676270329
273,0.554137759067
274,0.00222499099896
275,0.141065269253
276,0.220057484593
277,0.120470267324
278,0.328758528756
279,0.17309117702
280,0.306333067816
281,0.536134628923
282,0.0142306197007
283,0.28805389845
284,0.0
285,0.0
286,0.0
287,0.0824143943659
288,0.0460157075024
289,0.0
290,0.0
291,0.0
292,0.0
293,0.374015238572
294,0.465534940417
295,0.131595062361
296,0.0
297,0.43908660893
298,0.407779383429
299,0.0511139631813
300,0.203389837428
301,0.129873137968
302,0.607867560023
303,0.586513493279
304,0.205847340471
305,0.349397231922
306,0.474387428485
307,0.385226937168
308,0.180777148675
309,0.273991354043
310,0.549767979247
311,0.605759995576
312,0.277705995991
313,0.418983416511
314,0.540860408033
315,0.349995227444
316,0.347892048297
317,0.317965880722
318,0.122779917118
319,0.0
320,0.0
321,0.0132338180841
322,0.0
323,0.0175552604582
324,0.18156784269
325,0.0
326,0.24708329093
327,0.314367358802
328,0.112212024146
329,0.0
330,0.278573748052
331,0.0874226111436
332,0.0111403658795
333,0.0325076111535
334,0.0843606683883
335,0.387029047738
336,0.293787064205
337,0.13605146309
338,0.476171870847
339,0.402728266242
340,0.318081012565
341,0.422775392174
342,0.485091460851
343,0.24271460427
344,0.445736101715
345,0.436293340519
346,0.481362729449
347,0.526173090961
348,0.600247241196
349,0.381145522641
350,0.63409501854
351,0.685390051158
352,0.653026821562
353,0.617739161967
354,0.0
355,0.4993168047
356,0.463228734207
357,0.336573481188
358,0.191705182434
359,0.492451196791
360,0.507562553411
361,0.259618928004
362,0.464098647669
363,0.0662960222524
364,0.333700094715
365,0.0
366,0.0
367,0.16942244007
368,0.0116471117642
369,0.0
370,0.0
371,0.0
372,0.112001677012
373,0.113744748252
374,0.299779567707
375,0.0167419405879
376,0.0846595299289
377,0.16617196457
378,0.480067745494
379,0.0262466047842
380,0.237443840139
381,0.40720764518
382,0.0212130054379
383,0.00588445253226
384,0.0746972267165
385,0.037849430054
386,0.273566457819
387,0.0445383360271
388,0.0
389,0.237594185421
390,0.52280204928
391,0.0
392,0.0
393,0.0
394,0.0
395,0.0
396,0.0
397,0.296873420874
398,0.0991816634872
399,0.293388405178
400,0.233292181815
401,0.05178712958
402,0.167481572659
403,0.0
404,0.364440840309
405,0.0
406,0.0967382264565
407,0.13011691543
408,0.00964663419734
409,0.443676501575
410,0.122800883807
411,0.126241992066
412,0.46986530687
413,0.579470673391
414,0.413231378521
415,0.0941191761657
416,0.0369546578204
417,0.685046017948
418,0.0592890870927
419,0.55187404072
420,0.0848825061295
421,0.556023275937
422,0.603055674352
423,0.607095548721
424,0.52184295765
425,0.547232546395
426,0.682771315554
427,0.62441793799
428,0.415527108237
429,0.351255992544
430,0.376999498711
431,0.24604709468
432,0.345674281753
433,0.433044822418
434,0.270564975575
435,0.208647906833
436,0.55721471402
437,0.365871226057
438,0.294755446994
439,0.297463652466
440,0.357056837498
441,0.295868606781
442,0.335968944759
443,0.309726700343
444,0.286507975866
445,0.347233341043
446,0.304258716111
447,0.20293817784
448,0.300564901384
449,0.0584471930907
450,0.0
451,0.138772078569
452,0.160039762416
453,0.0
454,0.137442588625
455,0.0
456,0.167049623309
457,0.0
458,0.0
459,0.273220325283
460,0.492756183427
461,0.490003971908
462,0.138307761738
463,0.602770767936
464,0.0685601114453
465,0.0
466,0.103796735506
467,0.0
468,0.0
469,0.0105299489046
470,0.19698804538
471,0.179396882933
472,0.120376719867
473,0.0
474,0.0
475,0.0837216703132
476,0.0
477,0.0
478,0.295007368657
479,0.29010424918
480,0.0945664038011
481,0.384188025175
482,0.2971425389
483,0.603513416874
484,0.399459760697
485,0.378336718901
486,0.270586189592
487,0.590679086113
488,0.384774334159
489,0.461481883317
490,0.231879754467
491,0.125
492,0.0
493,0.397484128818
494,0.422232326273
495,0.325091797224
496,0.463752821868
497,0.503282379522
498,0.438161315788
499,0.351665301174
500,0.272097225068
501,0.377724189265
502,0.472618208748
503,0.0935424910016
504,0.138097179627
505,0.632855060307
506,0.635497392817
507,0.317908716477
508,0.502484011668
509,0.61489235253
510,0.301130505693
511,0.149986085127
512,0.624240065247
513,0.568687121873
514,0.414384734037
515,0.479177158752
516,0.541147558063
517,0.580141715128
518,0.201185576217
519,0.159453481991
520,0.631474620339
521,0.0
522,0.0
523,0.0
524,0.0
525,0.0
526,0.276733116136
527,0.626097146663
528,0.0
529,0.493654714954
530,0.596309702201
531,0.621284365565
532,0.717027665822
533,0.224467879753
534,0.0
535,0.0
536,0.0
537,0.0
538,0.0
539,0.666360652648
540,0.511432837641
541,0.647604371359
542,0.689749820671
543,0.435727574571
544,0.492978213675
545,0.640101731144
546,0.226026035054
547,0.156696290838
548,0.580360704398
549,0.0769232389982
550,0.629312584552
551,0.202558963803
552,0.566141359886
553,0.406967660188
554,0.383914273253
555,0.283773583995
556,0.425934069274
557,0.552643887858
558,0.458692480261
559,0.127842116987
560,0.561173604182
561,0.438132966135
562,0.252425628357
563,0.0957017235427
564,0.32661379277
565,0.637134204845
566,0.529138225653
567,0.46019264662
568,0.647612747006
569,0.344303782929
570,0.123309226805
571,0.0
572,0.0934831027423
573,0.29321411988
574,0.169263530907
575,0.315040364221
576,0.0607805332318
577,0.168753869769
578,0.0680500880741
579,0.146407458619
580,0.170212765957
581,0.433852811079
582,0.216930449726
583,0.525291280422
584,0.553936618506
585,0.674889380887
586,0.683372070837
587,0.381620658749
588,0.204188077522
589,0.431210420999
590,0.393673634871
591,0.0
592,0.103761254803
593,0.0
594,0.174548262744
595,0.0593444201575
596,0.188273064655
597,0.118067944968
598,0.374299980781
599,0.517826679959
600,0.233423173727
601,0.274087885961
602,0.566589829651
603,0.526333566348
604,0.272967902397
605,0.202998385863
606,0.423252745317
607,0.29455590594
608,0.543514491117
609,0.741695904771
610,0.762491132026
611,0.825373395217
612,0.682382341077
613,0.591329219579
614,0.432456520166
615,0.280706689096
616,0.740482359329
617,0.596503700932
618,0.466895107749
619,0.168594649103
620,0.20140127588
621,0.34681566947
622,0.233023945165
623,0.0657881414846
624,0.369286581872
625,0.335561115387
626,0.194260499825
627,0.356127988469
628,0.108397669903
629,0.25989695092
630,0.0
631,0.0
632,0.0923831770241
633,0.0702510453615
634,0.144420351732
635,0.0
636,0.0
637,0.468720208984
638,0.494203848907
639,0.280206866707
640,0.179352020764
641,0.611506245693
642,0.506052573461
643,0.0598398316246
644,0.420580577366
645,0.254887173336
646,0.305522794129
647,0.418337850435
648,0.480110689708
649,0.386233555442
650,0.620385598654
651,0.555804663221
652,0.488455824854
653,0.670188837483
654,0.473763248991
655,0.454029847281
656,0.330579065375
657,0.446098858487
658,0.284717158924
659,0.388711821128
660,0.560922438053
661,0.369274409874
662,0.0129240710824
663,0.0990210257943
664,0.358508228759
665,0.514094547748
666,0.496544035585
667,0.756722270395
668,0.698101207962
669,0.360764940182
670,0.551048327624
671,0.435803669253
672,0.00963850416994
673,0.68366780119
674,0.472207417584
675,0.0
676,0.10461166271
677,0.41086309291
678,0.656931267878
679,0.380198957206
680,0.239127619946
681,0.360023545239
682,0.55302397968
683,0.301932241522
684,0.316735669576
685,0.345674084429
686,0.299111245899
687,0.502207360276
688,0.573734957191
689,0.635984859829
690,0.472308333023
691,0.536173125503
692,0.339933437856
693,0.427992173162
694,0.0
695,0.0
696,0.0
697,0.0
698,0.0
699,0.266666666667
700,0.0
701,0.222387289381
702,0.250366683464
703,0.475768626575
704,0.634101616307
705,0.610694376029
706,0.365243823855
707,0.391356739309
708,0.564813061834
709,0.467051295418
710,0.225927013686
711,0.602252091455
712,0.555149072007
713,0.519817219946
714,0.408291052577
715,0.505326553895
716,0.35246565993
717,0.226327511902
718,0.0934989181845
719,0.247379363967
720,0.0
721,0.0
