site,dnds
1,0.0
2,0.023983643372
3,0.438399179083
4,0.470736097478
5,0.661082141267
6,0.370583882736
7,0.0
8,0.223774556
9,0.201191205949
10,0.130673351738
11,0.164350413904
12,0.0
13,0.133764691073
14,0.0
15,0.297111539102
16,0.0796525445946
17,0.0117414397085
18,0.134195871664
19,0.332031534493
20,0.445077077219
21,0.0
22,0.0845648351915
23,0.54021191197
24,0.332990031507
25,0.213174417211
26,0.619712198192
27,0.118262631434
28,0.164830475275
29,0.0
30,0.487388826616
31,0.206962549971
32,0.663921686431
33,0.421174621183
34,0.0950359431214
35,0.402916134801
36,0.37565029426
37,0.373366618089
38,0.36207970232
39,0.0
40,0.534578691227
41,0.685669813384
42,0.0
43,0.560254183501
44,0.722461962679
45,0.379110938359
46,0.287173083441
47,0.163699425499
48,0.165746230867
49,0.616897143921
50,0.137397623305
51,0.0
52,0.00543223414354
53,0.0
54,0.0
55,0.137999441705
56,0.0834778408649
57,0.225151990962
58,0.0575234802448
59,0.478564654524
60,0.0
61,0.0
62,0.0
63,0.249051040522
64,0.187288145392
65,0.631795607418
66,0.716455397989
67,0.141994665702
68,0.0167614814978
69,0.28714496779
70,0.385268188693
71,0.368070076485
72,0.389955428088
73,0.0
74,0.294223158356
75,0.493784406494
76,0.0
77,0.0
78,0.285914975309
79,0.480792160256
80,0.086490816701
81,0.0199234473449
82,0.225015747178
83,0.13483707212
84,0.141632666395
85,0.104970727863
86,0.331553469509
87,0.42921038333
88,0.606689858162
89,0.339462095983
90,0.0917787297364
91,0.357836726841
92,0.429275301672
93,0.35532628002
94,0.223869308566
95,0.357908087287
96,0.317462205244
97,0.243842214093
98,0.264582904048
99,0.596111228797
100,0.448502537727
101,0.262725113215
102,0.528113582317
103,0.190589232902
104,0.0421693789536
105,0.320970865536
106,0.545821794191
107,0.520539758473
108,0.0152793782003
109,0.139853425639
110,0.543471143652
111,0.0106426220376
112,0.140629398215
113,0.154053560309
114,0.453342049053
115,0.638550197819
116,0.271215929063
117,0.474091107453
118,0.557437382849
119,0.54538178803
120,0.679644405052
121,0.698795941599
122,0.723481353571
123,0.428163833391
124,0.346846789685
125,0.61827602414
126,0.409410298761
127,0.53392148349
128,0.49334140246
129,0.397548733538
130,0.474352065002
131,0.1
132,0.613012458086
133,0.690459675427
134,0.261766309295
135,0.0512556402991
136,0.494967915682
137,0.515149381912
138,0.345079198038
139,0.342261998552
140,0.33204093735
141,0.412621274308
142,0.110462391693
143,0.277899189306
144,0.195275636196
145,0.056583443311
146,0.640667571889
147,0.273423400942
148,0.159857643398
149,0.0383363588784
150,0.132158781958
151,0.172540550396
152,0.0
153,0.0201703127541
154,0.0486482275067
155,0.0
156,0.0992990002276
157,0.36640558368
158,0.148031125043
159,0.0
160,0.0698187878158
161,0.37620320647
162,0.0
163,0.206613263177
164,0.122302904668
165,0.344051921738
166,0.0
167,0.342914248858
168,0.0
169,0.0
170,0.438032515836
171,0.188811724272
172,0.263430922944
173,0.31924409339
174,0.585606602836
175,0.406535297983
176,0.00811790580388
177,0.566475762851
178,0.551763026444
179,0.480282220889
180,0.2412222293
181,0.634606778093
182,0.519568717213
183,0.370998486308
184,0.226201289234
185,0.0769815007096
186,0.0509700001445
187,0.401771417624
188,0.491047868077
189,0.43788083926
190,0.127835344731
191,0.475020166871
192,0.344217708735
193,0.488236300159
194,0.131904517359
195,0.241108565791
196,0.165840693567
197,0.187460462867
198,0.144841915525
199,0.240266580916
200,0.600788484793
201,0.59700526064
202,0.269220604537
203,0.543437127512
204,0.314117695271
205,0.420515510808
206,0.195758493559
207,0.380679004484
208,0.5841815203
209,0.554456904766
210,0.260211341579
211,0.436308911374
212,0.364601069446
213,0.595259343519
214,0.0
215,0.15392247096
216,0.195850513321
217,0.0804228313603
218,0.564297540629
219,0.536837589899
220,0.577268901381
221,0.485064104468
222,0.551799563691
223,0.564019212688
224,0.543898790137
225,0.5347191016
226,0.626271806638
227,0.579456694399
228,0.357255835332
229,0.280556247189
230,0.432221681321
231,0.629634813808
232,0.475772819886
233,0.0783600197313
234,0.532009348339
235,0.0
236,0.186456986816
237,0.113422120248
238,0.259661242951
239,0.220661198416
240,0.21590758835
241,0.684715571888
242,0.63841473639
243,0.619110550047
244,0.497989020582
245,0.571186093976
246,0.0
247,0.0
248,0.0
249,0.0
250,0.0
251,0.0
252,0.0
253,0.0
254,0.0
255,0.0
256,0.0
257,0.0
258,0.0
259,0.0
260,0.0
261,0.0
262,0.0
263,0.0
264,0.0
265,0.0
266,0.0
267,0.0
268,0.0
269,0.0
270,0.211565117211
271,0.510459554439
272,0.360862650477
273,0.440806210711
274,0.714201615446
275,0.184391806359
276,0.0
277,0.49578746063
278,0.441347730239
279,0.0730282121198
280,0.397899355793
281,0.233689241022
282,0.0350339635822
283,0.207974033413
284,0.0
285,0.0
286,0.270251982077
287,0.209038120217
288,0.203125192759
289,0.197874064427
290,0.00633059587414
291,0.333066998008
292,0.222615597134
293,0.0656814003887
294,0.235900932308
295,0.0112530869713
296,0.00950715750553
297,0.251433093785
298,0.284635210243
299,0.162205508866
300,0.212188609759
301,0.0116471117642
302,0.0
303,0.0
304,0.150004626972
305,0.0230006398046
306,0.0620316206338
307,0.171872226867
308,0.0412261247257
309,0.0
310,0.0673214626111
311,0.0446443684738
312,0.104840024205
313,0.386362578573
314,0.19386793028
315,0.311087907793
316,0.0790206738231
317,0.0726247539864
318,0.0
319,0.0
320,0.304839525375
321,0.0
322,0.0
323,0.0
324,0.0
325,0.0
326,0.179048267124
327,0.0734797219363
328,0.17773398885
329,0.171471050888
330,0.0
331,0.168769204002
332,0.167459253412
333,0.121212121212
334,0.0
335,0.142857142857
336,0.146616615436
337,0.650955795742
338,0.336475569341
339,0.331418459893
340,0.0
341,0.176862479678
342,0.0495490636432
343,0.272796554267
344,0.0326226451358
345,0.0
346,0.19580072538
347,0.19691310882
348,0.0
349,0.0483808443423
350,0.303829056736
351,0.0
352,0.0
353,0.0665544185928
354,0.0
355,0.170241621246
356,0.466182980651
357,0.00811790580388
358,0.289270632096
359,0.217972736363
360,0.332982937816
361,0.359169276018
362,0.291714538786
363,0.105962399773
364,0.0639644489965
365,0.293819171709
366,0.315173325798
367,0.34265067152
368,0.0205394527454
369,0.378289389779
370,0.241488903344
371,0.0
372,0.0
373,0.0
374,0.0185867544055
375,0.00185225068394
376,0.545494518776
377,0.437196436218
378,0.196587035439
379,0.0989352612644
380,0.128957614988
381,0.403931467737
382,0.144729839686
383,0.294317819901
384,0.17228710729
385,0.00962473829927
386,0.0
387,0.0374879310736
388,0.0
389,0.0
390,0.126173410699
391,0.0
392,0.0312886211503
393,0.0163806211595
394,0.0755539556422
395,0.0302083203986
396,0.0476414762889
397,0.404120878214
398,0.0511997021807
399,0.124435310116
400,0.0
401,0.0
402,0.0
403,0.0
404,0.0
405,0.0
406,0.0624976797174
407,0.291284892341
408,0.396499238233
409,0.0578191442775
410,0.55529984151
411,0.258309620958
412,0.0
413,0.0
414,0.0
415,0.0
416,0.200539054238
417,0.163230997536
418,0.288088482733
419,0.00964663419734
420,0.0
421,0.170581103127
422,0.243503971913
423,0.059536772524
424,0.279164533218
425,0.212722316347
426,0.388688265303
427,0.427412666349
428,0.166537571056
429,0.320844495072
430,0.464496104458
431,0.569857534985
432,0.0452054296739
433,0.00566199242327
434,0.0
435,0.220069909714
436,0.0953334939782
437,0.311005444084
438,0.449178742434
439,0.257947228067
440,0.00138698785505
441,0.239841034592
442,0.48009891659
443,0.43915017463
444,0.0
445,0.0394158301719
446,0.216643544076
447,0.03497053901
448,0.318630816122
449,0.206471060117
450,0.318689398306
451,0.353066893234
452,0.152578430967
453,0.123376744215
454,0.0
455,0.108388217742
456,0.123639972924
457,0.0
458,0.0712157104186
459,0.0533776801323
460,0.0
461,0.0409309358371
462,0.231272978589
463,0.0
464,0.0
465,0.0
466,0.155767578855
467,0.447302804004
468,0.155977647445
469,0.0998353994784
470,0.652164977006
471,0.668577686486
472,0.144204174014
473,0.334111731155
474,0.127073023236
475,0.138181380498
476,0.341464240699
477,0.672494265694
478,0.240734121878
479,0.0395126768746
480,0.0776555450317
481,0.0440451145613
482,0.211214003904
483,0.0
484,0.0
485,0.148474813365
486,0.260252322746
487,0.36319028569
488,0.0758763914693
489,0.00235789118121
490,0.164295855309
491,0.0
492,0.0
493,0.0733635438825
494,0.0
495,0.0044740417631
496,0.109741864139
497,0.00633848392106
498,0.00573808413463
499,0.0
500,0.0
501,0.00915161423586
502,0.158572958968
503,0.0
504,0.0648627118405
505,0.547488125846
506,0.0244805215922
507,0.247209081957
508,0.215368853999
509,0.528392182472
510,0.349747892227
511,0.129458574179
512,0.240174903634
513,0.58835274626
514,0.398255285187
515,0.203100279773
516,0.714744882784
517,0.606069922881
518,0.340947845147
519,0.701980036714
520,0.640455669982
521,0.677936150594
522,0.796464282119
523,0.7576530157
524,0.780111300073
525,0.70415737977
526,0.653910033067
527,0.710942893713
528,0.744962993967
529,0.368666696022
530,0.546319446498
531,0.746312378375
532,0.123998254339
533,0.164528086124
534,0.741807824382
535,0.532875787205
536,0.712408101126
537,0.565181056223
538,0.438209622387
539,0.374820186713
540,0.125
541,0.778481818593
542,0.494321844317
543,0.133314937242
544,0.263796227183
545,0.147831038058
546,0.241203983538
547,0.702038758009
548,0.0298180839891
549,0.19868498818
550,0.434168857559
551,0.322588405036
552,0.436926063377
553,0.240961931825
554,0.59062475708
555,0.409221495406
556,0.0
557,0.0
558,0.0947893580253
559,0.1
560,0.159426327007
561,0.172189084812
562,0.462883226603
563,0.279699981126
564,0.187441376804
565,0.0890791557346
566,0.25797776877
567,0.0904717198878
568,0.073220543758
569,0.546114041208
570,0.223613128103
571,0.385884443963
572,0.206725141777
573,0.398738346848
574,0.0
575,0.0
576,0.0
577,0.142857142857
578,0.199955395779
579,0.250039996358
580,0.152285121478
581,0.120760164603
582,0.228291417155
583,0.0
584,0.103094318219
585,0.344552899768
586,0.168480923595
587,0.0
588,0.0965829448649
589,0.445128334492
590,0.22289308229
591,0.137628632668
592,0.0487804878049
593,0.216197960825
594,0.0
595,0.172008909046
596,0.0
597,0.433679880495
598,0.272681759798
599,0.196426073656
600,0.366914298683
601,0.22215044817
602,0.183081576225
603,0.220666334572
604,0.290032223712
605,0.322987612816
606,0.0250552593699
607,0.320667237534
608,0.062968108727
609,0.351442981662
610,0.177939868525
611,0.441010897638
612,0.401862662365
613,0.00184801538806
614,0.0670534589106
615,0.223096592685
616,0.0961170496855
617,0.0804676648144
618,0.0309610245927
619,0.0236293079031
620,0.0611932648231
621,0.0
622,0.224324932525
623,0.321561743851
624,0.214108930017
625,0.101502214289
626,0.0215161140917
627,0.435828708179
628,0.107720847364
629,0.0134758898684
630,0.425670792955
631,0.346904729691
632,0.0949922250599
633,0.301658740414
634,0.662169924791
635,0.4493773814
636,0.173778373002
637,0.0
638,0.448650403115
639,0.572703887122
640,0.0363873401296
641,0.192581288023
642,0.612066185502
643,0.0880186895949
644,0.237096992493
645,0.0
646,0.360371244937
647,0.198888434409
648,0.371836413944
649,0.252717907525
650,0.107819658766
651,0.440964093873
652,0.414746379835
653,0.263369936012
654,0.449793299
655,0.339317933927
656,0.301673037246
657,0.535932830188
658,0.325685475999
659,0.202070605084
660,0.272933570943
661,0.153294737954
662,0.132028034392
663,0.0
664,0.0846188051704
665,0.0
666,0.0660140171962
667,0.0
668,0.0
669,0.0
670,0.0
671,0.0363636363636
672,0.0611038836857
673,0.105263157895
674,0.0999131071077
675,0.00608995228797
676,0.149680357238
677,0.0596372042379
678,0.00475715600185
679,0.263004908997
680,0.407896734913
681,0.441715178722
682,0.141961068845
683,0.133902245442
684,0.468813118629
685,0.127207450202
686,0.245375967866
687,0.236026203143
688,0.400266245449
689,0.205754677361
690,0.0245079426215
691,0.386427138375
692,0.476370314189
693,0.00931534202718
694,0.211291401648
695,0.00304291060361
696,0.0
697,0.0112963324428
698,0.0
699,0.0203224581865
700,0.0145057886677
701,0.163204084382
702,0.364101804049
703,0.478795294552
704,0.0296771404441
705,0.129986566397
706,0.0420092606995
707,0.584973183979
708,0.621113992942
709,0.469293222168
710,0.480162721957
711,0.706758239812
712,0.616904018982
713,0.222627532233
714,0.605371794103
715,0.689712283666
716,0.251045648989
717,0.153614670131
718,0.23591124306
719,0.217991459102
720,0.551231968228
721,0.00680510943068
