site,dnds
1,0.0
2,0.121892984722
3,0.707150561073
4,0.186338861587
5,0.0
6,0.0
7,0.211366838769
8,0.327592392635
9,0.386457544143
10,0.498476582944
11,0.401078716906
12,0.151055508011
13,0.226516491686
14,0.458183310723
15,0.554655378073
16,0.00811790580388
17,0.199676912918
18,0.381736509922
19,0.335186121529
20,0.0953256623983
21,0.0922266856781
22,0.51627864366
23,0.0531231562036
24,0.0543223645924
25,0.0592426684704
26,0.420240107247
27,0.426995621754
28,0.356117880298
29,0.0
30,0.0108593143648
31,0.33896872269
32,0.190957773464
33,0.0497025547701
34,0.526509515775
35,0.0631888926363
36,0.30967531135
37,0.10323518107
38,0.23688886564
39,0.406980435934
40,0.362681470814
41,0.265201429032
42,0.359877963806
43,0.431304301293
44,0.0
45,0.13435937745
46,0.0153816073292
47,0.0774913474911
48,0.0
49,0.175109640319
50,0.216700043837
51,0.270463222516
52,0.0139161913638
53,0.138786566398
54,0.0328035526503
55,0.0187836066987
56,0.0
57,0.425662842064
58,0.0579782235942
59,0.559618951586
60,0.111075484572
61,0.00957003428659
62,0.135744716624
63,0.402653244783
64,0.0922460510059
65,0.0616781434671
66,0.0349540732686
67,0.00582478489479
68,0.0
69,0.0
70,0.0932293260815
71,0.035413948991
72,0.283347968258
73,0.192891567871
74,0.0584043781941
75,0.169990514525
76,0.61790969645
77,0.574416158617
78,0.645455612
79,0.559863615259
80,0.282596024774
81,0.666753358649
82,0.159251483245
83,0.492144639685
84,0.674213288539
85,0.0
86,0.712967202126
87,0.17498149685
88,0.241766517269
89,0.134362014624
90,0.0479703755686
91,0.647871042988
92,0.0
93,0.149959228458
94,0.0
95,0.0567802390153
96,0.198232197551
97,0.125533650522
98,0.434793462151
99,0.759121307798
100,0.268654103925
101,0.256539690606
102,0.217584704148
103,0.0
104,0.0187836066987
105,0.0
106,0.0
107,0.0675585757444
108,0.0
109,0.407559126375
110,0.00664453785616
111,0.0215627110284
112,0.00977867701253
113,0.603952372731
114,0.373696404976
115,0.63208293925
116,0.00841472062694
117,0.00696270342655
118,0.180614794587
119,0.0
120,0.0262447882581
121,0.0
122,0.150346274989
123,0.011574531761
124,0.0437229826981
125,0.0861767146855
126,0.133447430928
127,0.196511766869
128,0.230776638703
129,0.0
130,0.137517782145
131,0.109349814633
132,0.3728696424
133,0.473570514707
134,0.446747943076
135,0.077752875745
136,0.366155315502
137,0.371568918016
138,0.280863018547
139,0.00176513685961
140,0.0
141,0.132775786139
142,0.482265665987
143,0.17812307515
144,0.389261723863
145,0.50567801126
146,0.260109663603
147,0.264364798475
