site,dnds
1,0.0
2,0.0
3,0.0
4,0.0
5,0.0
6,0.0
7,0.0
8,0.0
9,0.0
10,0.0
11,0.0
12,0.0
13,0.0
14,0.0
15,0.0
16,0.0
17,0.0
18,0.0
19,0.0
20,0.0
21,0.0
22,0.0
23,0.0
24,0.0
25,0.0
26,0.0
27,0.0
28,0.0
29,0.0
30,0.0
31,0.0
32,0.0
33,0.0625791810001
34,0.0
35,0.212446427689
36,0.266917194189
37,0.0
38,0.204564793406
39,0.0
40,0.353528077063
41,0.286990881402
42,0.174837353639
43,0.166050397126
44,0.044781785941
45,0.0
46,0.116045396384
47,0.0556643076229
48,0.287265624539
49,0.227838310733
50,0.469467071842
51,0.305890414808
52,0.146067121057
53,0.393448718311
54,0.0598837766792
55,0.34950381265
56,0.22074883179
57,0.31105147833
58,0.0964587180526
59,0.269812744325
60,0.426065793905
61,0.223978679747
62,0.484322901451
63,0.397584030991
64,0.492194831251
65,0.479037540695
66,0.316229864056
67,0.520333262105
68,0.344519498384
69,0.397987213326
70,0.404762403069
71,0.0861492654849
72,0.585500760853
73,0.60503718708
74,0.358717738368
75,0.0351035879219
76,0.4031567889
77,0.495090214128
78,0.0951151586574
79,0.146621186502
80,0.239980361722
81,0.545719513571
82,0.182672904111
83,0.229320988449
84,0.434629835171
85,0.398374950504
86,0.103400481882
87,0.209221032822
88,0.400920036067
89,0.27177538393
90,0.220450933447
91,0.199057018382
92,0.120648543102
93,0.127757910248
94,0.341443780754
95,0.396428156778
96,0.186494917098
97,0.436984654796
98,0.441673972878
99,0.0663881705658
100,0.145526292155
101,0.104110541422
102,0.225948120187
103,0.5770700305
104,0.312163731974
105,0.278579417969
106,0.396566957978
107,0.501736181463
108,0.300367395577
109,0.363039050999
110,0.509277010231
111,0.517574129023
112,0.469143703085
113,0.171440631165
114,0.145288425733
115,0.473865635054
116,0.319927595759
117,0.202654966063
118,0.508382096751
119,0.276514301654
120,0.409521497524
121,0.207384463104
122,0.358152189703
123,0.392745544126
124,0.11137471099
125,0.0853014386596
126,0.21216264532
127,0.173790585847
128,0.319286698724
129,0.13995765776
130,0.331639372001
131,0.453058714811
132,0.188893144932
133,0.334297169223
134,0.0287618828025
135,0.175191230645
136,0.0381943201426
137,0.220412145502
138,0.0368263148232
139,0.301809112251
140,0.19227541658
141,0.63407441319
142,0.640353025029
143,0.546331862153
144,0.411676146862
145,0.628998762839
146,0.366277890621
147,0.536806445499
148,0.00719755658908
149,0.437732420278
150,0.070783346571
151,0.457850960414
152,0.544558436057
153,0.205953491465
154,0.362564383585
155,0.237522515669
156,0.0271422141296
157,0.117359070346
158,0.231084462361
159,0.360719265303
160,0.278258138277
161,0.348101602086
162,0.346725845743
163,0.132776341132
164,0.0
165,0.0
166,0.0
167,0.0
168,0.0
169,0.0
170,0.0
171,0.0
172,0.098855694854
173,0.0
174,0.0
175,0.0
176,0.0
177,0.0
178,0.0695083042471
179,0.142857142857
180,0.0
181,0.0
182,0.0
183,0.211547012926
184,0.0
185,0.0
186,0.166666666667
187,0.0
188,0.0
189,0.0
190,0.0
191,0.0
192,0.266666666667
193,0.244136064148
194,0.266666666667
195,0.0775491027295
196,0.0
197,0.0
198,0.166877816
199,0.0579235868726
200,0.142857142857
201,0.106638027778
202,0.0
203,0.0
204,0.0
205,0.142857142857
206,0.0
207,0.0
208,0.0
209,0.0
210,0.0
211,0.266666666667
212,0.0
213,0.0
214,0.0
215,0.098855694854
216,0.132776341132
217,0.0
218,0.0813786880495
219,0.0
220,0.0
221,0.0
222,0.0
223,0.0
224,0.1087289695
225,0.0
226,0.0
227,0.142857142857
228,0.542276680276
229,0.404016465241
230,0.0352773740623
231,0.101265822785
232,0.300916814712
233,0.0547982276352
234,0.199468617025
235,0.246373589536
236,0.278233712873
237,0.260609917782
238,0.513429937172
239,0.646859344066
240,0.510361680579
241,0.511206434667
242,0.334262015732
243,0.654442286261
244,0.587409909701
245,0.681642813296
246,0.699756842816
247,0.752394536634
248,0.564458327234
249,0.668724924501
250,0.506215774663
251,0.616630502435
252,0.42214221798
253,0.322937746087
254,0.482345300023
255,0.409860661515
256,0.176241510546
257,0.217273103462
258,0.0
259,0.0
260,0.0
261,0.0
262,0.531954721359
263,0.441548916781
264,0.3022831273
265,0.513789411727
266,0.520803426974
267,0.299395086608
268,0.378027542427
269,0.155176373844
270,0.239616485528
271,0.282165758692
272,0.176871151462
273,0.187588782744
274,0.114714490096
275,0.179517809629
276,0.0871272602029
277,0.0764732972953
278,0.118493989768
279,0.217487493991
280,0.0394107129207
281,0.224929504082
282,0.643473835312
283,0.489974934214
284,0.458130624442
285,0.212023021332
286,0.418448411206
287,0.513829705498
288,0.35169229856
289,0.0402310334545
290,0.0898353786697
291,0.14840610014
292,0.26207826188
293,0.0561370869305
294,0.234152016858
295,0.16167682919
296,0.0
297,0.158061505351
298,0.35203521507
299,0.362724816305
300,0.0476805488754
301,0.355532811136
302,0.291680585928
303,0.572619248827
304,0.0
305,0.0
306,0.196686363379
307,0.0
308,0.0
309,0.0568247735518
310,0.0
311,0.0
312,0.0
313,0.187686548221
314,0.0538081311929
315,0.194136446815
316,0.252341327209
317,0.342756265557
318,0.536300915257
319,0.34376045004
320,0.295292367169
321,0.272248275551
322,0.303597516935
323,0.134080433304
324,0.0649336523097
325,0.200759836016
326,0.463637098168
327,0.358397102413
328,0.547671060281
329,0.301428586103
330,0.493955076469
331,0.214969558423
332,0.0230711438549
333,0.256668825824
334,0.335959466618
335,0.223594848034
336,0.15859242798
337,0.372117677837
338,0.189073770051
339,0.114538740356
340,0.0
341,0.266584513609
342,0.0
343,0.0503526778822
344,0.253248440529
345,0.224144199466
346,0.363064310431
347,0.24022771161
348,0.285972978043
349,0.292036178
350,0.21322665424
351,0.479459957058
352,0.41412650016
353,0.197002407794
354,0.139501319358
355,0.271212331416
356,0.106317318258
357,0.163932481536
358,0.241115977761
359,0.0
360,0.110372072543
361,0.190085550752
362,0.0623810901889
363,0.0
364,0.0768737980764
365,0.0
366,0.269314108136
367,0.25341880502
368,0.25596304043
369,0.454950077301
370,0.309738792053
371,0.234048864998
372,0.164079992801
373,0.0762828643156
374,0.348163141902
375,0.547395394002
376,0.296217097594
377,0.428302423697
378,0.350647753343
379,0.510292437154
380,0.435088132047
381,0.548111316149
382,0.525301866119
383,0.45218572094
384,0.401020314094
385,0.248279552362
386,0.452442459485
387,0.331829012836
388,0.327840652557
389,0.135526605732
390,0.542988705273
391,0.12237839538
392,0.285618100726
393,0.49071059747
394,0.488787856314
395,0.389500113842
396,0.237134858214
397,0.397484383154
398,0.241835007505
399,0.632809600456
400,0.329369991075
401,0.484895508947
402,0.664459853809
403,0.551589473021
404,0.48632889285
405,0.664712619714
406,0.459069800215
407,0.411978077893
408,0.672994380394
409,0.552609290227
410,0.62066083612
411,0.27543230009
412,0.453959194668
413,0.33795010171
414,0.196412039069
415,0.0
416,0.238222634842
417,0.0545635909508
418,0.0328250196904
419,0.0
420,0.0
421,0.163721416336
422,0.298490011573
423,0.132405563094
424,0.242771644618
425,0.328160255278
426,0.514586201322
427,0.354150798771
428,0.354644766427
429,0.264051123824
430,0.177511351596
431,0.247131298292
432,0.170931489303
433,0.126429508681
434,0.575480272479
435,0.349296554464
436,0.196252872436
437,0.460242978451
438,0.505685105535
439,0.580168689907
440,0.475968750533
441,0.0894383458787
442,0.394460264411
443,0.39918312728
444,0.267441014284
445,0.349172531635
446,0.48132584445
447,0.378769558519
448,0.375891511533
449,0.309289661147
450,0.125012991791
451,0.212292801233
452,0.253943179753
453,0.428231473285
454,0.321060747287
455,0.0
456,0.279757008649
457,0.486119681263
458,0.17250056343
459,0.298492391005
460,0.61554644827
461,0.26587459343
462,0.317740641242
463,0.20712500343
464,0.0779571626247
465,0.316302177456
466,0.119457888328
467,0.47820070599
468,0.158833448614
469,0.0746731651106
470,0.0
471,0.0798589316306
472,0.407524240207
473,0.17155990362
474,0.163839250606
475,0.28806357785
476,0.406083072808
477,0.364645133581
478,0.315724024895
479,0.580911600509
480,0.272584751195
481,0.219742023413
482,0.302413236236
483,0.534146146755
484,0.333021377803
485,0.183149430288
486,0.368628444878
487,0.446904722942
488,0.45293746458
489,0.459530755619
490,0.161927733381
491,0.335243416308
492,0.148638000276
493,0.159659917384
494,0.0987516663971
495,0.0
496,0.222618851531
497,0.221901953892
498,0.138729814137
499,0.0625
500,0.0726991981718
501,0.433038699185
502,0.58470491085
503,0.163476525542
504,0.327916495685
505,0.487965215571
506,0.290679353114
507,0.390760044531
508,0.05537622143
509,0.13189379775
510,0.168957855879
511,0.327322484041
512,0.194182656934
513,0.177289081046
514,0.50493987449
515,0.350717627366
516,0.259773500693
517,0.406410351477
518,0.270792039448
519,0.134895030398
520,0.290438774076
521,0.0636648087665
522,0.0865426256452
523,0.0143108558181
524,0.0
525,0.292658756847
526,0.0
527,0.152517908174
528,0.075602540077
529,0.0147573012945
530,0.184952750732
531,0.0718224672021
532,0.37820857194
533,0.286566392842
534,0.279378446319
535,0.292081085714
536,0.459162910376
537,0.16218501852
538,0.103339038191
539,0.314603581211
540,0.0172127714082
541,0.0923132316884
542,0.368482499957
543,0.392561659809
544,0.0459616303163
545,0.258557779287
546,0.619381474962
547,0.181616607507
548,0.0760619059681
549,0.439857513854
550,0.478508276575
551,0.316898487535
552,0.237924910047
553,0.159809760483
554,0.14676182503
555,0.286283033296
556,0.104867403476
557,0.374464875174
558,0.304459459922
559,0.0357862343804
560,0.0563467116132
561,0.0
562,0.228825923884
563,0.101715000129
564,0.0784781811797
565,0.115940780376
566,0.0775277832232
567,0.105898498891
568,0.0
569,0.0
570,0.0
571,0.0
572,0.0
573,0.0
574,0.0
575,0.0
576,0.0
577,0.0
578,0.0
579,0.0
580,0.0
581,0.0
582,0.0
583,0.0
584,0.0
585,0.0
586,0.0
587,0.0
588,0.0
589,0.0
590,0.57853145909
591,0.600336119702
592,0.526969267371
593,0.398760856041
594,0.375184708032
595,0.186530819101
596,0.122424905556
597,0.0675722780245
598,0.450687473544
599,0.175452546332
600,0.143015509233
601,0.249203153625
602,0.302765953056
603,0.285751844868
604,0.249219259068
605,0.400921772223
606,0.0199254396468
607,0.0526871219219
608,0.440843277265
609,0.132232098867
610,0.183837244613
611,0.466398391286
612,0.49046654239
613,0.315529355159
614,0.545561970252
615,0.594882208211
616,0.313428408745
617,0.166437245416
618,0.0698513508697
619,0.355692188024
620,0.0487486730941
621,0.384597091325
622,0.326126835059
623,0.0311384467284
624,0.450340940629
625,0.353625271015
626,0.10696422375
627,0.0348432133734
628,0.114634470372
629,0.019916064492
630,0.0112435486626
631,0.101501403209
632,0.106500697592
633,0.154898731167
634,0.00532357597361
635,0.542987430481
636,0.253814767457
637,0.0
638,0.141696913551
639,0.411693421578
640,0.115047987935
641,0.0
642,0.372017407039
643,0.404513077818
644,0.0157176248945
645,0.0
646,0.344324144584
647,0.32026816589
648,0.230813414918
649,0.345375742772
650,0.407980116111
651,0.0
652,0.14738523045
653,0.28598654809
654,0.355815694906
655,0.266666666667
656,0.0
657,0.0
658,0.0
659,0.0
660,0.0
661,0.0
662,0.203069698201
663,0.0
664,0.0
665,0.386309545069
666,0.569514422633
667,0.460111562138
668,0.343746256943
669,0.393826792577
670,0.0840178400679
671,0.170986366159
672,0.320846300655
673,0.0867170444905
674,0.355067173858
675,0.249078911753
676,0.235008180418
677,0.0885494740152
678,0.262541783861
679,0.237114026803
680,0.504185489037
681,0.518120137941
682,0.221302724147
683,0.630245704998
684,0.509935595568
685,0.483495840637
686,0.198226346664
687,0.537630898662
688,0.524319269061
689,0.304731440543
690,0.446822609731
691,0.637646166669
692,0.316429162651
693,0.281626928675
694,0.243859542519
695,0.470111010933
696,0.352204938124
697,0.101800877952
698,0.224706942522
699,0.0
700,0.123878291884
701,0.417573630043
702,0.340422778193
703,0.0664001144973
704,0.236002325689
705,0.0916905317263
706,0.439629831236
707,0.232901016361
708,0.0896121893299
709,0.0
710,0.0
711,0.0699223207504
712,0.0
713,0.0
714,0.0
715,0.127475343551
716,0.0
717,0.399370813881
718,0.0325203252033
719,0.245710038352
720,0.135182063885
721,0.0
722,0.107019312675
723,0.488417159989
724,0.0268769733754
725,0.0
726,0.0704328338729
727,0.36675297867
728,0.0584183302793
729,0.0
730,0.0767277117537
731,0.304143428158
732,0.0541050927073
733,0.0
734,0.089443637783
735,0.363732135147
736,0.140861564751
737,0.051908457995
738,0.294086436223
739,0.243871398519
740,0.0
741,0.112455519632
742,0.08730050512
743,0.564571157496
744,0.313158006507
745,0.177956742905
746,0.412123061258
747,0.239898333668
748,0.212533952898
749,0.440974457897
750,0.323874732787
751,0.402994066771
752,0.47244477046
753,0.567747659428
754,0.205105236191
755,0.532655192016
756,0.130419631775
757,0.437674763095
758,0.372747837215
759,0.139859209841
760,0.294130138019
761,0.292242328092
762,0.261071274837
763,0.00475860613482
764,0.130174765076
765,0.0
766,0.0579763331844
767,0.0
768,0.0569287275166
769,0.378544632919
770,0.0119367353029
771,0.30042134611
772,0.322586747835
773,0.201395625644
774,0.203399894105
775,0.489420891824
776,0.420960648295
777,0.0
778,0.283225073817
779,0.24850657716
780,0.308722509199
781,0.0
782,0.0358655359773
783,0.0
784,0.165455581541
785,0.0297277478807
786,0.262901791279
787,0.0647777344218
788,0.17515561611
789,0.58833885567
790,0.496952259841
791,0.297999465735
792,0.536359041761
793,0.565477078181
794,0.727093687229
795,0.767721133796
796,0.311567655423
797,0.583130365601
798,0.488431321663
799,0.0565820567668
800,0.29351696205
801,0.0
802,0.11090354889
803,0.569245953692
804,0.0
805,0.170212765957
806,0.0
807,0.0
808,0.421835848506
809,0.483805087778
810,0.343433869508
811,0.193774541539
812,0.254889545765
813,0.338375293956
814,0.30261623961
815,0.305596906731
816,0.642294992673
817,0.734571960385
818,0.617157489142
819,0.661978692178
820,0.48199064905
821,0.0
822,0.0
823,0.0
824,0.0
825,0.0
826,0.0
827,0.0
828,0.0
829,0.0
830,0.0
831,0.0
832,0.0
833,0.0
834,0.183591781403
835,0.535855536759
836,0.533089194038
837,0.389690646344
838,0.16173420354
839,0.602691876876
840,0.506085783026
841,0.343379374738
842,0.3811819709
843,0.620448226841
844,0.423612398042
845,0.243678627422
846,0.267699302402
847,0.125827719334
848,0.113376140046
849,0.126254699163
850,0.107823487186
851,0.12117925813
852,0.141414696206
853,0.122409491139
854,0.126015898154
855,0.439196864798
856,0.110959610539
857,0.544083107821
858,0.186515784039
859,0.433345485481
860,0.0
861,0.0
862,0.409050649398
863,0.36812439652
864,0.454157795003
865,0.168599080956
866,0.465119972642
867,0.555351862263
868,0.372813733388
869,0.382603922586
870,0.538071086094
871,0.458884936757
872,0.353305789701
873,0.0705579586398
874,0.181313779981
875,0.125891007036
876,0.00661219950344
877,0.293707270929
878,0.0416446845304
879,0.473766530526
880,0.0870935123643
881,0.0201703127541
882,0.333573518832
883,0.107965180017
884,0.104476744366
885,0.266665485318
886,0.314579200704
887,0.197051770296
888,0.211730158296
889,0.20693783101
890,0.138358264095
891,0.0
892,0.249696693593
893,0.248543565343
894,0.0
895,0.208405415587
896,0.406386374467
897,0.0640738525714
898,0.0219607543442
899,0.14494958959
900,0.414349052285
901,0.301132361808
902,0.116732154045
903,0.0
904,0.298398217353
905,0.632941495754
906,0.554896784613
907,0.376199048177
908,0.370924959296
909,0.510272859247
910,0.426268049468
911,0.126614816039
912,0.479676717075
913,0.188564874287
914,0.539636066672
915,0.171742739724
916,0.075030904027
917,0.0859722735542
918,0.293297152272
919,0.431359309378
920,0.236317416557
921,0.452883110998
922,0.564490093327
923,0.385685953244
924,0.309562005181
925,0.440292248657
926,0.582253643738
927,0.422118762388
928,0.130398847683
929,0.4541348415
930,0.401926505672
931,0.286790412567
932,0.576187369692
933,0.526405068439
934,0.383563060543
935,0.334531827263
936,0.455280979088
937,0.582884932914
938,0.179944151976
939,0.117789879541
940,0.63661026185
941,0.511354939565
942,0.122269028896
943,0.162222481616
944,0.532845023423
945,0.321195799998
946,0.146819726452
947,0.0155538717155
948,0.586641569451
949,0.140461708839
950,0.298961637205
951,0.406171362143
952,0.172527184918
953,0.563310834406
954,0.396172795284
955,0.121408341182
956,0.601203306263
957,0.0
958,0.0992651729617
959,0.140065131563
960,0.307633484237
961,0.0
962,0.215602823175
963,0.0
964,0.17326200506
965,0.0568058916571
966,0.423654218338
967,0.0771204704739
968,0.205294925157
969,0.391230220025
970,0.54873009718
971,0.44402723582
972,0.165357778982
973,0.515281057905
974,0.410779556874
975,0.327558287918
976,0.0
977,0.195744609019
978,0.381140828726
979,0.529645672967
980,0.254977566429
981,0.410570443751
982,0.37874154679
983,0.450816265273
984,0.205182760262
985,0.499878782992
986,0.462023237383
987,0.406333044832
988,0.472081788119
989,0.345109377501
990,0.0487064042512
991,0.0148131752947
992,0.440168353533
993,0.545603196857
994,0.228969422312
995,0.147526434626
996,0.594377472715
997,0.413880361621
998,0.481976182731
999,0.569977672764
1000,0.645136852343
1001,0.707202738428
1002,0.208273151892
1003,0.318639611067
1004,0.110767440754
1005,0.050829519515
1006,0.297741673419
1007,0.375272807405
1008,0.268280334606
1009,0.221544441336
1010,0.309398200746
1011,0.109551770561
1012,0.0560749686802
1013,0.0
1014,0.153225983581
1015,0.163577167332
1016,0.0802535871624
1017,0.226536261061
1018,0.113382602281
1019,0.371268911751
1020,0.201473370776
1021,0.342558108303
1022,0.0
1023,0.115343980177
1024,0.0
1025,0.0
1026,0.0
1027,0.0
1028,0.0
1029,0.182379676764
1030,0.219194453957
1031,0.294682038259
1032,0.177064800141
1033,0.247040912876
1034,0.0
1035,0.0131147540984
1036,0.6390820961
1037,0.153787654767
1038,0.200634212971
1039,0.424998573275
1040,0.499048165118
1041,0.224538501638
1042,0.439739579833
1043,0.155443308742
1044,0.251414482409
1045,0.412649206662
1046,0.120543745876
1047,0.232886603888
1048,0.191917596945
1049,0.0
1050,0.0
1051,0.0920462000798
1052,0.403400346062
1053,0.182407512724
1054,0.456299937751
1055,0.288686856892
1056,0.564940365014
1057,0.458022659907
1058,0.383077479632
1059,0.213266545913
1060,0.342906543775
1061,0.193436422482
1062,0.1177084595
1063,0.0770163533955
1064,0.58043301565
1065,0.411373256441
1066,0.429052562828
1067,0.578642291068
1068,0.496671289613
1069,0.170677070527
1070,0.36345652775
1071,0.51167738824
1072,0.495718521774
1073,0.311030263201
1074,0.408266845556
1075,0.181685314316
1076,0.449055970178
1077,0.107393459899
1078,0.210977212107
1079,0.514768471944
1080,0.0
1081,0.0716703787691
1082,0.227299094207
1083,0.146092051476
1084,0.154032706791
1085,0.0
1086,0.0867325491054
1087,0.193483326577
1088,0.305386583899
1089,0.516914032929
1090,0.365103617919
1091,0.424839128872
1092,0.553898492433
1093,0.421185211675
1094,0.36160027298
1095,0.364894073449
1096,0.572162881947
1097,0.530315521569
1098,0.345074153575
1099,0.205376942388
1100,0.172466255706
1101,0.0
1102,0.175421488077
1103,0.0
1104,0.0
1105,0.111207844176
1106,0.0924196240747
1107,0.0
1108,0.0522571252305
1109,0.0
1110,0.11880471025
1111,0.420861692182
1112,0.358328778946
1113,0.529039149765
1114,0.742357039785
1115,0.219817227601
1116,0.449553943935
1117,0.036521261417
1118,0.277907799214
1119,0.38577062838
1120,0.511775320315
1121,0.488295608062
1122,0.330850253727
1123,0.0175701998221
1124,0.584146200507
1125,0.482873047766
1126,0.530825330582
1127,0.382661518521
1128,0.131461931294
1129,0.198278403967
1130,0.224338632883
1131,0.108046811321
1132,0.0
1133,0.234661366035
1134,0.319282845549
1135,0.167480308568
1136,0.157882768472
1137,0.0
1138,0.194581278122
1139,0.144141492523
1140,0.0
1141,0.0857101603917
1142,0.403846446587
1143,0.540219231821
1144,0.568459785816
1145,0.275551747504
1146,0.419092846929
1147,0.247229870817
1148,0.0989202969685
1149,0.360100855272
1150,0.333589702461
1151,0.320098352754
1152,0.519529353993
1153,0.330692198349
1154,0.701170782012
1155,0.258778225784
1156,0.360535309937
1157,0.410183090306
1158,0.444535011416
1159,0.24555047895
1160,0.0397060487119
1161,0.140165356902
1162,0.278980871169
1163,0.0
1164,0.0
1165,0.0
1166,0.0
1167,0.0
1168,0.298558529677
1169,0.0
1170,0.0
1171,0.0
1172,0.0
1173,0.0
1174,0.0
1175,0.0
1176,0.0
1177,0.0
1178,0.00563472047961
1179,0.304422828711
1180,0.221965621169
1181,0.0330916256826
1182,0.342940793702
1183,0.108952933707
1184,0.203739241039
1185,0.166539657778
1186,0.113440664941
1187,0.017170253686
1188,0.108276268637
1189,0.10123639158
1190,0.300299328348
1191,0.223143667814
1192,0.401892560454
1193,0.211397874228
1194,0.547471397277
1195,0.576265035996
1196,0.41624906879
1197,0.0
1198,0.329522140699
1199,0.542979600224
1200,0.462362544493
1201,0.324220383857
1202,0.540656880327
1203,0.514208581023
1204,0.688672676978
1205,0.494291106051
1206,0.0
1207,0.0
1208,0.0
1209,0.0
1210,0.0
1211,0.0
1212,0.0
1213,0.0
1214,0.0
1215,0.0
1216,0.0
1217,0.0
1218,0.0
1219,0.0
1220,0.0
1221,0.0
1222,0.14601062229
1223,0.185551852346
1224,0.215304170755
1225,0.549670515162
1226,0.483780811745
1227,0.270101747626
1228,0.156799813737
1229,0.691544663353
1230,0.626454436164
1231,0.21227850939
1232,0.144693290731
1233,0.028430296512
1234,0.145242605634
1235,0.429637825616
1236,0.187099179554
1237,0.330680367606
1238,0.0870698863539
1239,0.260548960728
1240,0.241607356079
1241,0.454168189954
1242,0.41203390691
1243,0.0
1244,0.14949219312
1245,0.158801501051
1246,0.218486751495
1247,0.558004045215
1248,0.497110134258
1249,0.560879230984
1250,0.395163193955
1251,0.254920636152
1252,0.186687475672
1253,0.543798743994
1254,0.468092214283
1255,0.323336966777
1256,0.658626178188
1257,0.524315845094
1258,0.572584252917
1259,0.586310076055
1260,0.54093424729
1261,0.734885246656
1262,0.610277322342
1263,0.625913977614
1264,0.738074007361
1265,0.692990970006
1266,0.71632193803
1267,0.74376937744
1268,0.764937177691
1269,0.673343994782
1270,0.690021135492
1271,0.775132186909
1272,0.449338531164
1273,0.762034003478
1274,0.743023906347
1275,0.776282327
1276,0.770271048858
1277,0.663154609339
1278,0.717123418799
1279,0.583525744987
1280,0.602746381789
1281,0.416617748251
1282,0.537081252679
1283,0.516159738127
1284,0.684502151893
1285,0.493542232926
1286,0.427180352747
1287,0.491645563823
1288,0.446117922519
1289,0.344426941123
1290,0.235507269344
1291,0.268974282993
1292,0.461427244266
1293,0.484434806193
1294,0.167535015178
1295,0.0
1296,0.0
1297,0.0
1298,0.0410597577831
1299,0.0890791557346
1300,0.0
1301,0.171102049546
1302,0.0
1303,0.138629436112
1304,0.0
1305,0.138996421308
1306,0.0
1307,0.246375603974
1308,0.299273975065
1309,0.085435033275
1310,0.370935142575
1311,0.0
1312,0.0
1313,0.0
1314,0.0
1315,0.0
1316,0.0
1317,0.0
1318,0.0
1319,0.0
