site,dnds
1,0.0
2,0.300263412902
3,0.152694396458
4,0.619539448877
5,0.482804471098
6,0.525289700243
7,0.509598920323
8,0.546819239715
9,0.247392858255
10,0.327048908376
11,0.295673103024
12,0.220808878915
13,0.407026006222
14,0.333080847859
15,0.0462940465794
16,0.0488435403969
17,0.657048817661
18,0.3424262268
19,0.422653436388
20,0.421459931095
21,0.685586477614
22,0.0
23,0.0
24,0.0571428571429
25,0.631641605084
26,0.538538593941
27,0.552083446006
28,0.500608337434
29,0.562704521864
30,0.64668607563
31,0.438253321397
32,0.767330715605
33,0.360436985582
34,0.64277151938
35,0.073234939845
36,0.494090586264
37,0.218464881125
38,0.251892217792
39,0.0
40,0.239097274356
41,0.17650863102
42,0.0708630050464
43,0.0321204171971
44,0.134305225526
45,0.00633059587414
46,0.252994410085
47,0.484731082396
48,0.323492327961
49,0.125616983879
50,0.512379636549
51,0.42490250379
52,0.48519062291
53,0.305768699089
54,0.361563515032
55,0.648817950474
56,0.657645622619
57,0.752975179957
58,0.506832254014
59,0.674323479359
60,0.19867364785
61,0.125
62,0.0
63,0.0
64,0.0
65,0.0
66,0.0
67,0.403063454313
68,0.224086392559
69,0.697008433222
70,0.53288564356
71,0.482306756792
72,0.638864016426
73,0.423955837645
74,0.563252976976
75,0.539296084244
76,0.192237273371
77,0.504064722874
78,0.714160408169
79,0.545745936283
80,0.687942367368
81,0.515157368945
82,0.531019656937
83,0.282979729977
84,0.45672622556
85,0.432215788873
86,0.188213617732
87,0.0819270148749
88,0.221165625412
89,0.170304975803
90,0.335324393665
91,0.611583468025
92,0.152290299927
93,0.486008547384
94,0.769893844659
95,0.162692033923
96,0.561137518645
97,0.0047532048756
98,0.187154243959
99,0.239787932752
100,0.108596834672
101,0.0785172864854
102,0.267280822629
103,0.541298399056
104,0.234047928677
105,0.489814924785
106,0.187494593501
107,0.145920744909
108,0.353754079769
109,0.566154411033
110,0.0
111,0.776678379552
112,0.423555946268
113,0.190120369525
114,0.0704527524372
115,0.655130092811
116,0.523769822412
117,0.751002438972
118,0.494096222084
119,0.424981094112
120,0.632719190506
121,0.148078841574
122,0.0
123,0.601159044924
124,0.505643520632
125,0.649892888819
126,0.811587103412
127,0.630118319112
128,0.583282236669
129,0.691121845638
130,0.745555853324
131,0.716246107495
132,0.544778553378
133,0.674368851958
134,0.360708090718
135,0.670857475688
136,0.298850674937
137,0.436427541501
138,0.192139518463
139,0.0
140,0.0
141,0.0
142,0.136441095441
143,0.392454664295
144,0.419034175243
145,0.253924884112
146,0.0439329641163
147,0.48257490328
148,0.0
149,0.0382332231034
150,0.0769303659696
151,0.0157225794231
152,0.408044110834
153,0.364183895376
154,0.523135140456
155,0.640152059716
156,0.489901133808
157,0.679791540887
158,0.433664350649
159,0.596242561577
160,0.584295588655
161,0.621717914214
162,0.669684732921
163,0.187294496217
164,0.106638027778
165,0.170212765957
166,0.0
167,0.0
168,0.0
