site,dnds
1,0.0794235157111
2,0.659214394633
3,0.247546241203
4,0.23815046272
5,0.114720217231
6,0.388321839037
7,0.210854602173
8,0.0756969912363
9,0.0
10,0.0953984402356
11,0.0
12,0.0231728700546
13,0.0
14,0.128003112332
15,0.0734016492195
16,0.350487622421
17,0.437783836182
18,0.0
19,0.11982357252
20,0.0
21,0.209767129006
22,0.0536298184912
23,0.258397043653
24,0.0631898322315
25,0.339328736604
26,0.413312066303
27,0.161303442153
28,0.0
29,0.0
30,0.0
31,0.0
32,0.0168997797008
33,0.27336664532
34,0.253301617741
35,0.500474614969
36,0.326231092216
37,0.0531231562036
38,0.244321393441
39,0.372633758917
40,0.142266841951
41,0.0
42,0.192058223265
43,0.288346927623
44,0.0288097255903
45,0.0
46,0.239339032739
47,0.0
48,0.109147530044
49,0.242906514597
50,0.0
51,0.0934838792464
52,0.0173104273091
53,0.535953382097
54,0.315798345846
55,0.0683594062477
56,0.253238156713
57,0.3657921436
58,0.364174580713
59,0.0
60,0.134114159075
61,0.323997157458
62,0.22544956725
63,0.00811790580388
64,0.228198379679
65,0.0505458020303
66,0.25489216418
67,0.169807825661
68,0.357274171326
69,0.486184377874
70,0.149750791987
71,0.316320344004
72,0.521685357085
73,0.5836999361
74,0.506497288052
75,0.321277380214
76,0.266817967358
77,0.466643354392
78,0.616086994175
79,0.658238640034
80,0.387219532589
81,0.487745443448
82,0.456910182275
83,0.175581336394
84,0.162801315783
85,0.0940077527565
86,0.264230346514
87,0.47644931658
88,0.480576739002
89,0.154322652
90,0.415730204682
91,0.664776004376
92,0.532744907747
93,0.157201479324
94,0.311418381987
95,0.483169970135
96,0.527386331507
97,0.0679366238734
98,0.220209395782
99,0.293132441078
100,0.337030510925
101,0.194547612031
102,0.307158788981
103,0.339203470423
104,0.0150287357701
105,0.00235789118121
106,0.00581727107847
107,0.00566199242327
108,0.391995608532
109,0.283970198108
110,0.375363817633
111,0.467355501507
112,0.507952923385
113,0.605175651415
114,0.295157216874
115,0.257358034444
116,0.580136779579
117,0.527903904163
118,0.222599259473
119,0.378754338865
120,0.410167642543
121,0.132282221222
122,0.239437809551
123,0.323115812098
124,0.408648457571
125,0.114610217863
126,0.0
127,0.411091695845
128,0.125574524758
129,0.298835591962
130,0.254395724455
131,0.0849835623675
132,0.544384526325
133,0.265808199578
134,0.295077611823
135,0.139240370478
136,0.0721858441033
137,0.303570786931
138,0.247820484598
139,0.0529400224748
140,0.00661219950344
141,0.485392061558
142,0.21619340913
143,0.555097449127
144,0.0
145,0.0
146,0.0
147,0.0
148,0.0820785712893
149,0.274542279538
150,0.109017809019
151,0.498508367654
152,0.181976719115
153,0.0
154,0.0
155,0.0
156,0.203352362059
157,0.226223421781
158,0.387423744733
159,0.53713098726
160,0.547663244606
161,0.0
162,0.230702741004
163,0.564305658789
164,0.561372441122
165,0.145214686627
166,0.541459819365
167,0.567114225719
168,0.387717590433
169,0.107990507164
170,0.543010934115
171,0.585623433535
172,0.391173932126
173,0.417060700144
174,0.278325695847
175,0.646439769696
176,0.496641734214
177,0.548598216159
178,0.126301856121
179,0.132174032717
180,0.25786290556
181,0.0593242113858
182,0.204608442605
183,0.0
184,0.0
185,0.0
186,0.0224152134528
187,0.0
188,0.0
189,0.213967520863
190,0.359502273245
191,0.017713490543
192,0.430608181963
193,0.62078711681
194,0.537054200176
195,0.0293935376187
196,0.109326156302
197,0.298064873033
198,0.0473975808009
199,0.146787289044
200,0.0
201,0.138971939647
202,0.194555905499
203,0.0254224199213
204,0.0
205,0.0907896563758
206,0.375470433861
207,0.169452185848
208,0.341849708307
209,0.369387054955
210,0.586686549464
211,0.0958069628246
212,0.489294786733
213,0.391436986505
214,0.479509021218
215,0.291855518168
216,0.310390014556
217,0.501369201985
218,0.703998553954
219,0.300388509044
220,0.114282947917
221,0.346096625333
222,0.556089518135
223,0.275810462025
224,0.302518967477
225,0.439749795456
226,0.525759147616
227,0.361727377834
228,0.251385056322
