site,dnds
1,0.0
2,0.24950633044
3,0.133092421268
4,0.412747830082
5,0.515316449797
6,0.528894596203
7,0.490305659601
8,0.557263683055
9,0.438379399951
10,0.510283864747
11,0.520833515
12,0.471247222458
13,0.267707211841
14,0.381030210067
15,0.123595380708
16,0.37361319117
17,0.000337372160401
18,0.046666465804
19,0.0884651144963
20,0.0
21,0.0
22,0.0
23,0.0
24,0.0
25,0.0
26,0.0
27,0.0
28,0.27104800348
29,0.484483791046
30,0.0363874231501
31,0.500631740896
32,0.254337977111
33,0.320966398787
34,0.348738097866
35,0.104631269985
36,0.59624211646
37,0.0465561478543
38,0.591854732508
39,0.0
40,0.0
41,0.0
42,0.0
43,0.0
44,0.106638027778
45,0.125
46,0.0
47,0.119402985075
48,0.0
49,0.106638027778
50,0.0
51,0.0
52,0.170212765957
53,0.0531586591291
54,0.0
55,0.0
56,0.170004608948
57,0.163936257928
58,0.656141288618
59,0.623115789793
60,0.427494707599
61,0.654727990312
62,0.40056313129
63,0.552062761058
64,0.53244554713
65,0.517140010135
66,0.671564214967
67,0.694107610446
68,0.46810923215
69,0.444119172946
70,0.142857142857
71,0.0
72,0.25
73,0.676935636762
74,0.294040422329
75,0.254538065186
76,0.0660140171962
77,0.266986763372
78,0.54217754523
79,0.672555956949
80,0.669384806841
81,0.336676990026
82,0.456152436314
83,0.451745533658
84,0.0272838556703
85,0.399191370262
86,0.423585128233
87,0.385428059776
88,0.428824457688
89,0.145817007194
90,0.327029944933
91,0.0708624683618
92,0.00632696081711
93,0.44777862724
94,0.337578276921
95,0.462023525822
96,0.335641766286
97,0.524930078541
98,0.37815158048
99,0.629503122252
100,0.812182794436
101,0.329592755632
102,0.204086389262
103,0.703090142821
104,0.843069141177
105,0.666051529047
106,0.623222179555
107,0.73878767842
108,0.794450947101
109,0.736617082815
110,0.787793287462
111,0.780556041073
112,0.787401251478
113,0.708737314032
114,0.610740936566
115,0.632809483367
116,0.694940091903
117,0.466706239782
118,0.0
119,0.0
120,0.0
121,0.0
122,0.166666666667
123,0.0
124,0.0
125,0.146361589311
126,0.133390207526
127,0.583396201138
128,0.339757126586
129,0.170117810327
130,0.24506177994
131,0.61287669893
132,0.27808041396
133,0.519613534849
134,0.711505520564
135,0.711473908511
136,0.425617183033
137,0.565356042694
138,0.629213554487
139,0.158368729779
140,0.304258808382
141,0.343534102813
142,0.207231692997
143,0.16963403259
144,0.659984886108
145,0.709673457557
146,0.461583479885
147,0.430376919415
148,0.196874014269
149,0.632492646347
150,0.539747949968
151,0.0421422380527
152,0.155297662601
153,0.212143963988
154,0.589943494863
155,0.271731280851
156,0.465964028132
157,0.089573890612
158,0.0827097311736
159,0.436478286582
160,0.00588266657653
161,0.00235789118121
162,0.49430021159
163,0.18921702734
164,0.52228564172
165,0.00492415842315
166,0.331435274746
167,0.0058214237956
168,0.637799023918
169,0.342560027918
170,0.711959595201
171,0.279914557395
172,0.134152240242
173,0.393308537129
174,0.138796141205
175,0.663950322423
176,0.782477163947
177,0.101265822785
178,0.0
179,0.188976377953
180,0.379840339977
181,0.0901033573574
182,0.0457142857143
183,0.504879275024
184,0.216441832484
185,0.292732923066
186,0.446909860382
187,0.559021744249
188,0.326685985457
189,0.54394555468
190,0.0827300019617
191,0.0540540540541
192,0.0821507769553
193,0.368689145918
194,0.213091151706
195,0.0
196,0.0
197,0.0680500880741
198,0.0
199,0.132776341132
200,0.0
201,0.0
202,0.0
203,0.0
204,0.0
205,0.0
206,0.288645185222
207,0.0
208,0.540541022743
209,0.172077703884
210,0.632343821706
211,0.0
212,0.11032089928
213,0.169314718056
214,0.0813786880495
215,0.636169071798
216,0.011574531761
217,0.273568668765
218,0.538146600955
219,0.29129544256
220,0.283592971092
221,0.332928613862
222,0.499204335882
223,0.0
224,0.331745939155
225,0.484423089941
226,0.545278731642
227,0.174619361607
228,0.278696141508
229,0.0
230,0.256941020859
231,0.202485810797
232,0.307728318379
233,0.256266159563
234,0.052743082573
235,0.568566151504
236,0.258469575527
237,0.126679471282
238,0.202371573206
239,0.37019231105
240,0.0058214237956
241,0.588864184421
242,0.0125478419449
243,0.0454564095722
244,0.545512465474
245,0.118651295738
246,0.213675400825
247,0.329251576667
248,0.284015698683
249,0.407255679578
250,0.237217525495
251,0.543160546467
252,0.158175800872
253,0.621191048935
254,0.62746005383
255,0.616681802256
256,0.241343572805
257,0.0
258,0.188743621991
259,0.4267164345
260,0.173604062699
261,0.1883335352
262,0.0739356992597
263,0.0
264,0.219752541108
265,0.198373026098
266,0.405699314379
267,0.413170206843
268,0.465855165963
269,0.0
270,0.0
271,0.0
272,0.0
273,0.0
274,0.0
275,0.0
276,0.0
277,0.0
278,0.614348374333
279,0.428771470193
280,0.631445465903
281,0.505239689004
282,0.51889756075
283,0.151213900744
284,0.407877856381
285,0.30846716758
286,0.554188396257
287,0.50146260145
288,0.538486117322
289,0.407635744206
290,0.427189874814
291,0.420014375596
292,0.581171668884
293,0.51981605081
294,0.292484325548
295,0.0
296,0.0
297,0.0
298,0.0
299,0.166666666667
300,0.0680500880741
301,0.0
302,0.0
303,0.0
304,0.211547012926
305,0.0
306,0.457156011783
307,0.355624104226
308,0.294370302456
309,0.511680058101
310,0.431918758742
311,0.129594507159
312,0.182763906894
313,0.0391860529783
314,0.267965659503
315,0.471126306261
316,0.530404171161
317,0.462545456052
318,0.676980928799
319,0.64953740599
320,0.429207505302
321,0.552049903543
322,0.759098402534
323,0.0493772896452
324,0.507455268435
325,0.737585848479
326,0.735673255926
327,0.340471317897
328,0.608528663913
329,0.706247178825
330,0.710298290838
331,0.0
332,0.736299651321
333,0.784622546534
334,0.699052845182
335,0.568647604801
336,0.69913041519
337,0.353382111552
338,0.268467867768
339,0.681910762859
340,0.725088944244
341,0.587275412585
342,0.473030637715
343,0.499591226668
344,0.6160760191
345,0.647083077844
346,0.267098406678
347,0.46851315603
348,0.565549517
349,0.451283203009
350,0.202696540566
351,0.637845111245
352,0.641204178975
353,0.254110777235
354,0.356478754948
355,0.441957248978
356,0.766255577779
357,0.788220442767
358,0.693442318919
359,0.680712433632
360,0.654599975062
361,0.582396638782
362,0.714890193401
363,0.727542818078
364,0.770700422653
365,0.744000214008
366,0.618201879354
367,0.725209125401
368,0.727253462146
369,0.773579358657
370,0.669624718752
371,0.69336949584
372,0.592858072053
373,0.795406861414
374,0.467623292583
375,0.376998218433
376,0.677515453356
377,0.325548623342
378,0.653491728234
379,0.408729414227
380,0.376224831336
381,0.189594387008
382,0.644580999011
383,0.734603543929
384,0.0949507449019
385,0.398255785686
386,0.235358943287
387,0.469193761394
388,0.722514031332
389,0.524362033446
390,0.72972614029
391,0.71569591152
392,0.758928090189
393,0.706286278273
394,0.68543210383
395,0.804080361427
396,0.580242312375
397,0.844115312527
398,0.399512651894
399,0.638793117211
400,0.739244285059
401,0.583139819759
402,0.456657630716
403,0.142928655062
404,0.154930614433
405,0.0654335144933
406,0.262816157067
407,0.132244583425
408,0.088469384651
409,0.269412997521
410,0.158893890197
411,0.580253510244
412,0.431207458532
413,0.388719787505
414,0.581671756337
415,0.446624279612
416,0.45798623588
417,0.285575032196
418,0.144136781502
419,0.398236959813
420,0.378243099815
421,0.275032342555
422,0.173470442024
423,0.126927632072
424,0.698703385957
425,0.632190393081
426,0.224519687366
427,0.408766959042
428,0.648226561256
429,0.469645740722
430,0.554619009639
431,0.617452308656
432,0.489911637998
433,0.207729933915
434,0.449126285743
435,0.775858001955
436,0.326216153203
437,0.464742528979
438,0.131267822514
439,0.560675570555
440,0.250188601144
441,0.02453378727
442,0.462060116965
443,0.0
444,0.604903650836
445,0.645008214869
446,0.4359864311
447,0.571352534079
448,0.715268281548
449,0.5123090832
450,0.402850089712
451,0.432745894254
452,0.412751678538
453,0.722127312821
454,0.652411824598
455,0.63238131569
456,0.529278834934
457,0.564864554846
458,0.601414360439
459,0.56235458691
460,0.726032353409
461,0.383294950001
462,0.421716870725
463,0.0
464,0.0
465,0.0775491027295
466,0.553023117781
467,0.191424458399
468,0.105942167586
469,0.384436632127
470,0.351865813602
471,0.422458204727
472,0.465086348964
473,0.372607561726
474,0.0739760413558
475,0.0497506561992
476,0.249299283489
477,0.0047532048756
478,0.0
479,0.101510061402
480,0.650464979862
481,0.334853521696
482,0.720744660586
483,0.555425981593
484,0.499326247359
485,0.46086444485
486,0.622821023473
487,0.534254388774
488,0.527575327117
489,0.386223923051
490,0.652109614328
491,0.561344488218
492,0.497240427322
493,0.748522379115
494,0.102564102564
495,0.526040119184
496,0.135061247442
497,0.0932739507277
498,0.657037263924
499,0.563571520118
500,0.580366949961
501,0.778780237803
502,0.681473344189
503,0.508435917781
504,0.766594880743
505,0.334426802549
506,0.0
507,0.0
508,0.0
509,0.0
510,0.0
511,0.0
512,0.0
513,0.0
514,0.0
515,0.0
516,0.675186619725
517,0.786343066618
518,0.762611067909
519,0.402938098083
520,0.497871529013
521,0.37079022734
522,0.462283246823
523,0.447511417515
524,0.0607443882768
525,0.0
526,0.0
527,0.0
528,0.0
529,0.0
530,0.0
531,0.0196973108979
532,0.0376879382132
533,0.849537254141
534,0.00476631048223
535,0.61490783581
536,0.516185404476
537,0.176444771672
538,0.58381244333
539,0.55493925594
540,0.469739637253
541,0.563949358208
542,0.549513148032
543,0.586084791673
544,0.530324192017
545,0.629529126972
546,0.828560556664
547,0.783981451192
548,0.519703466596
549,0.824246123957
550,0.812705634364
551,0.772387819606
552,0.82761702923
553,0.454782385435
554,0.445961519146
555,0.429754792342
556,0.452098572576
557,0.353715366701
558,0.426505779968
559,0.0749348303308
560,0.735002520377
561,0.593662684657
562,0.275913689862
563,0.282986763796
564,0.0
565,0.428491770168
566,0.643428950351
567,0.141027595749
568,0.613838336861
569,0.360320006425
570,0.310590834918
571,0.228873223674
572,0.513765828051
573,0.0666011760646
574,0.281520593659
575,0.743650091412
576,0.384252290301
577,0.490135776192
578,0.368539625876
579,0.564203272486
580,0.545252865373
581,0.212305486685
582,0.421978693908
583,0.661711281022
584,0.585648920609
585,0.453574061971
586,0.62784117687
587,0.570776544863
588,0.565010217774
589,0.00509062186863
590,0.119265347165
591,0.292743612592
592,0.426397922629
593,0.145704105543
594,0.0978848383401
595,0.268040741796
596,0.0
597,0.346746138039
598,0.715224171192
599,0.560247018719
600,0.626943088051
601,0.538735281636
602,0.81078022974
603,0.822610017351
604,0.497683773604
605,0.757592931464
606,0.63259612703
607,0.323500282727
608,0.565352694339
609,0.472727237533
610,0.322877034409
611,0.281277687003
612,0.438757631803
613,0.311387862812
614,0.0769230769231
615,0.0
616,0.12054733575
617,0.398250141397
618,0.550779558843
619,0.519171051383
620,0.118692982359
621,0.609753233238
622,0.339514633262
623,0.0257885520139
624,0.0
625,0.0
626,0.0
627,0.609792885592
628,0.45622630675
629,0.656624138231
630,0.557169286274
631,0.149261522034
632,0.566625742118
633,0.578244212544
634,0.688880321054
635,0.539323746864
636,0.649038150169
637,0.544226707571
638,0.398231654164
639,0.287684237069
640,0.0518223822378
641,0.325081491139
642,0.246563404376
643,0.53444469628
644,0.00131651886146
645,0.503188881341
646,0.682106437214
647,0.454269449273
648,0.0
649,0.0
650,0.0
651,0.0
652,0.0
653,0.618722374557
654,0.739614549985
655,0.038376428197
656,0.34291225902
657,0.343221999434
658,0.0915115452082
659,0.340400309679
660,0.322860838256
661,0.103392585226
662,0.332459145754
663,0.0
664,0.449158221859
665,0.496668789182
666,0.0
667,0.0
668,0.0
669,0.0
670,0.0
671,0.0
672,0.0
673,0.0
674,0.0
675,0.0
676,0.0
677,0.0
678,0.0
679,0.0
680,0.0
681,0.0
682,0.0
683,0.0
684,0.0
685,0.0
686,0.0
687,0.0
688,0.0
689,0.154032706791
690,0.291082742227
691,0.500960954791
692,0.63535246405
693,0.625042064201
694,0.762182336144
695,0.736296661395
696,0.578021777349
697,0.796105073581
698,0.416150594605
699,0.139016608494
700,0.0
701,0.0680500880741
702,0.0
703,0.1087289695
704,0.454837774169
705,0.308586395764
706,0.662292235212
707,0.784520522813
708,0.613906186992
709,0.647485793884
710,0.108437866746
711,0.0234965145953
712,0.165606744406
713,0.0701754385965
714,0.267643576732
715,0.530043747635
716,0.467413045529
717,0.622512896945
718,0.535465809032
719,0.765019720631
720,0.529596365869
721,0.563138122008
722,0.706052192119
723,0.755694536549
724,0.759855407483
725,0.809947233745
726,0.291362859765
727,0.286038042088
728,0.282560754942
729,0.17328679514
730,0.16493495923
731,0.133303597186
732,0.0
733,0.706104461078
734,0.600275244916
735,0.500598850283
736,0.789626736806
737,0.413191551323
738,0.0
739,0.0
740,0.0
741,0.0
742,0.16195078755
743,0.110289434639
744,0.137326536084
745,0.246355323334
746,0.741702171925
747,0.720689123106
748,0.0
749,0.0840178400679
750,0.0611038836857
751,0.0611038836857
752,0.196110128143
753,0.184245824406
754,0.109861228867
755,0.686795695879
756,0.696827570853
757,0.342742563045
758,0.285714285714
759,0.190476190476
760,0.0
761,0.0
762,0.0
763,0.102058480573
764,0.281740641676
765,0.1
766,0.0
767,0.69615035694
768,0.0
769,0.0
770,0.0
771,0.0
772,0.0
773,0.0
774,0.0
775,0.0
776,0.0
777,0.0
778,0.0
779,0.654225034879
780,0.639472668488
781,0.729467652784
782,0.742381480932
783,0.704262138123
784,0.478545796923
785,0.273840072527
786,0.0894383458787
787,0.0
788,0.0
789,0.258535901157
790,0.402158104485
791,0.22391488836
792,0.0478884001835
793,0.492901443419
794,0.729835308398
795,0.684305944686
796,0.443677388872
797,0.593631847042
798,0.181805084097
799,0.622469515128
800,0.384902933627
801,0.280821482044
802,0.231908710547
803,0.609210884708
804,0.61446533558
805,0.0
806,0.0
807,0.193122745911
808,0.0323557393989
809,0.15542973709
810,0.0583333958585
811,0.291725172549
812,0.123991545342
813,0.0116986865917
814,0.271419536461
815,0.0
816,0.0
817,0.0
818,0.468268529497
819,0.156319257369
820,0.0
821,0.0
822,0.433601309625
823,0.652551099109
824,0.526654844618
825,0.209634509592
826,0.329044950469
827,0.48805003709
828,0.624648369131
829,0.701798959822
830,0.36039566946
831,0.438441176265
832,0.104928129151
833,0.478664396028
834,0.333064966662
835,0.56432278761
836,0.595751801436
837,0.531603941415
838,0.466676212458
839,0.064705137723
840,0.398573310642
841,0.0
842,0.403291770104
843,0.489928959009
844,0.550288833693
845,0.590891845918
846,0.537707876492
847,0.547682964781
848,0.467599833739
849,0.427771175001
850,0.596122977747
851,0.46650174129
852,0.237643384078
853,0.226542099822
854,0.569627244048
855,0.435372240092
856,0.132028034392
857,0.0
858,0.166666666667
859,0.0
860,0.0
861,0.0
862,0.0
863,0.0
864,0.0
865,0.0
866,0.0
867,0.0893848301296
868,0.330907960812
869,0.309461667892
870,0.665184371992
871,0.48195650251
872,0.667430112035
873,0.569890449345
874,0.494228976368
875,0.303828711093
876,0.385060038726
877,0.215103355652
878,0.395337407016
879,0.157920079061
880,0.264947861648
881,0.258698571274
882,0.250011504882
883,0.448189802999
884,0.378116592532
885,0.391088564863
886,0.291052938037
887,0.77256145975
888,0.126846378897
889,0.104617727062
890,0.0
891,0.11873721521
892,0.0821534231073
893,0.187473368366
894,0.269849182486
895,0.304349607547
896,0.162440404829
897,0.38219270789
898,0.231040835955
899,0.403513721519
900,0.365908369176
901,0.26369486371
902,0.0621118012422
903,0.156261239447
904,0.401733818491
905,0.476730860845
906,0.497952597257
907,0.467011532927
908,0.73295400125
909,0.0924075684444
910,0.696492995173
911,0.177147588082
912,0.0825165387976
913,0.287681051182
914,0.308940280063
915,0.244205106144
916,0.339156812928
917,0.249115217094
918,0.15504552492
919,0.368773155004
920,0.232054585441
921,0.547557167384
922,0.313877604315
923,0.166136447415
924,0.583040565947
925,0.0
926,0.505965816696
927,0.402978813038
928,0.51848358612
929,0.451906207438
930,0.400262072385
931,0.596362998432
932,0.0
933,0.67199858655
934,0.284559448559
935,0.737779631737
936,0.448492101089
937,0.598373099518
938,0.249637418632
939,0.601146405626
940,0.498922304581
941,0.47583125545
942,0.474872032466
943,0.24828731189
944,0.59210552314
945,0.0
946,0.548983106368
947,0.435734775028
948,0.358065323264
949,0.149076535892
950,0.403976035832
951,0.470164569587
952,0.271199245959
953,0.182104262984
954,0.201764826094
955,0.334662134653
956,0.174740091148
957,0.170919786114
958,0.143934627106
959,0.0
960,0.0585992111255
961,0.159624726121
962,0.344325744079
963,0.0
964,0.508068773826
965,0.146032470302
966,0.395298197377
967,0.393232173274
968,0.456240435226
969,0.433165219813
970,0.338384501456
971,0.419121951367
972,0.464793919485
973,0.505863042388
974,0.582453603628
975,0.398997319671
976,0.503667134201
977,0.52064897458
978,0.452690956089
979,0.754139387
980,0.588431773422
981,0.228396244374
982,0.169095910386
983,0.218802522146
984,0.224143493124
985,0.0
986,0.0
987,0.0
988,0.104762264805
989,0.149852942358
990,0.0722692768137
991,0.0
992,0.0950325464342
993,0.531871131687
994,0.413086402471
995,0.647126968303
996,0.116332656822
997,0.299941587437
998,0.0641025518289
999,0.531952240175
1000,0.346707644125
1001,0.0
1002,0.0
1003,0.0
1004,0.0
1005,0.0
1006,0.0
1007,0.0
1008,0.0
1009,0.0
1010,0.0
1011,0.0
1012,0.527426979979
1013,0.422047774613
1014,0.413215238489
1015,0.507411911163
1016,0.552136180385
1017,0.309115042732
1018,0.440024694958
1019,0.588014767421
1020,0.150080766349
1021,0.453660413466
1022,0.450878522628
1023,0.599596972795
1024,0.383251365613
1025,0.0
1026,0.0990210257943
1027,0.0
1028,0.125
1029,0.266666666667
1030,0.0990210257943
1031,0.0
1032,0.0
1033,0.0588542297501
1034,0.0
1035,0.370280854129
1036,0.55578465078
1037,0.132776341132
1038,0.0
1039,0.0
1040,0.0
1041,0.0
1042,0.151236512852
1043,0.254634242362
1044,0.234130892793
1045,0.532704082157
1046,0.549254787997
1047,0.10461166271
1048,0.0533190138892
1049,0.254699805556
1050,0.672495244343
1051,0.325581395349
1052,0.384962530534
1053,0.627731448919
1054,0.166355323334
1055,0.102688471194
1056,0.152841379496
1057,0.110632528222
1058,0.146051055965
1059,0.308387878098
1060,0.271411617719
1061,0.265497173381
1062,0.454346279299
1063,0.449166120712
1064,0.0
1065,0.0
1066,0.0
1067,0.0680500880741
1068,0.569704228591
1069,0.254934861546
1070,0.191109197913
1071,0.542599412079
1072,0.580272483124
1073,0.434054024235
1074,0.672718356642
1075,0.39288000847
1076,0.136960737866
1077,0.271325561544
1078,0.6348224595
1079,0.450695030116
1080,0.750372846462
1081,0.280385553707
1082,0.476789609309
1083,0.675285701473
1084,0.314632086473
1085,0.396975454084
1086,0.396100007967
1087,0.512977806157
1088,0.189030506104
1089,0.535128307645
1090,0.353632544286
1091,0.0178710933183
1092,0.108726807217
1093,0.242014475288
1094,0.300916947438
1095,0.187823859107
1096,0.395904904788
1097,0.36256740539
1098,0.301347471293
1099,0.237450999856
1100,0.365437002854
1101,0.327895707358
1102,0.0
1103,0.0
1104,0.0
1105,0.0
1106,0.0
1107,0.0
1108,0.0
1109,0.0
1110,0.0
1111,0.0
1112,0.0
1113,0.0
1114,0.0
1115,0.391311689413
1116,0.115124791235
1117,0.0
1118,0.209595791192
1119,0.298764883765
1120,0.0550141152862
1121,0.0170283230837
1122,0.58537831629
1123,0.37140901628
1124,0.233105899085
1125,0.338252996347
1126,0.23228486279
1127,0.211087492922
1128,0.322894889062
1129,0.333217759561
1130,0.0
1131,0.0
1132,0.313118985118
1133,0.226390160969
1134,0.454931367036
1135,0.619652780151
1136,0.387920654491
1137,0.549132193074
1138,0.629280347989
1139,0.673012213198
1140,0.611049022935
1141,0.0
1142,0.592903425104
1143,0.455687844023
1144,0.803907658582
1145,0.475118909747
1146,0.541172438635
1147,0.463660988583
1148,0.0
1149,0.535651077501
1150,0.354935455964
1151,0.602465436399
1152,0.474875907513
1153,0.500021580789
1154,0.31664944863
1155,0.530484207749
1156,0.552696033392
1157,0.462825222874
1158,0.766520062713
1159,0.734029429277
1160,0.219483451181
1161,0.523022773328
1162,0.371033920287
1163,0.115958565971
1164,0.633997235179
1165,0.0
1166,0.0
1167,0.0
1168,0.0
1169,0.0
1170,0.0
1171,0.0
1172,0.0
1173,0.395241952075
1174,0.618354413162
1175,0.237916322997
1176,0.220700663234
1177,0.241529279641
1178,0.481539681152
1179,0.377601020621
1180,0.419837107476
1181,0.192895549704
1182,0.169314718056
1183,0.147871398519
1184,0.0
1185,0.0
1186,0.0
