site,dnds
1,0.0
2,0.0963855421687
3,0.0
4,0.181818181818
5,0.126408876763
6,0.366853353641
7,0.237023842377
8,0.0754748329959
9,0.467164658402
10,0.270435979834
11,0.558612766334
12,0.490462930122
13,0.0592588262574
14,0.22482389965
15,0.69128236631
16,0.669170133928
17,0.55322926229
18,0.54499397117
19,0.387958071529
20,0.277533128622
21,0.286750763302
22,0.337475337159
23,0.740190913211
24,0.60198233078
25,0.458198839857
26,0.504604693162
27,0.65596393546
28,0.703883459498
29,0.446356088557
30,0.144571041379
31,0.54793363053
32,0.505590910082
33,0.67947247589
34,0.643730432343
35,0.443010913949
36,0.542678850431
37,0.426603537821
38,0.27073112144
39,0.691693894355
40,0.540113435343
41,0.0496417887282
42,0.272407574347
43,0.0613409757409
44,0.147270844365
45,0.285914965117
46,0.351886649717
47,0.225270467546
48,0.44116169298
49,0.43102598527
50,0.0
51,0.0
52,0.0
53,0.0
54,0.0
55,0.0
56,0.0
57,0.78371350447
58,0.551808578671
59,0.680072516829
60,0.13490421954
61,0.289632525748
62,0.568914816905
63,0.0884280788488
64,0.209912317172
65,0.0800041437423
66,0.0738274271759
67,0.0998738444244
68,0.123691433516
69,0.193398740303
70,0.181839275366
71,0.587093709241
72,0.627292304003
73,0.260869565217
74,0.218896146038
75,0.738619502242
76,0.753554897663
77,0.241188810153
78,0.148377657556
79,0.230576681308
80,0.086552647227
81,0.41203888448
82,0.37935885823
83,0.0
84,0.106178338917
85,0.232107137077
86,0.516616743556
87,0.3106035601
88,0.677616679276
89,0.320890666478
90,0.326578894312
91,0.0
92,0.217176896379
93,0.263555980667
94,0.0744142966002
95,0.039025207937
96,0.385443097699
97,0.438080408425
98,0.525566121831
99,0.247311961842
100,0.0030425493844
101,0.23751215741
102,0.403966334391
103,0.292683534532
104,0.306263880916
105,0.625735211478
106,0.159519429639
107,0.16534030272
108,0.585879006975
109,0.0
110,0.0
111,0.0
112,0.0
113,0.0
114,0.0
115,0.0
116,0.0
117,0.0
118,0.0
119,0.579210828811
120,0.219334113164
121,0.642294119544
122,0.482872793549
123,0.441709526784
124,0.451208091108
125,0.183822648016
126,0.146695788481
127,0.184386939913
128,0.576238646155
129,0.342587486244
130,0.504909145927
131,0.600140749392
132,0.396475797157
133,0.306886263018
134,0.519692205483
135,0.250671823582
136,0.651066960232
137,0.0
138,0.433341191045
139,0.20485377906
140,0.154709720485
141,0.277538471371
142,0.669366220244
143,0.507640756806
144,0.133902568084
145,0.150453396288
146,0.373482410406
147,0.0995516584169
148,0.430825484995
149,0.306546865235
150,0.421307187552
151,0.597013032526
152,0.0160967210398
153,0.385510456042
154,0.438294031307
155,0.424229026743
156,0.570523263941
157,0.438996088893
158,0.456758563258
159,0.646022522658
160,0.392533321012
161,0.481162598226
162,0.365752312477
163,0.549080903772
164,0.625189605388
165,0.732555152848
166,0.356323169723
167,0.689314127674
168,0.6456587328
169,0.496404958527
170,0.384824084061
171,0.0
172,0.0
173,0.105263157895
174,0.1
175,0.254158467668
176,0.716058108937
177,0.533364015505
178,0.455306935715
179,0.387785306663
180,0.649535571249
181,0.518399923739
182,0.372151342318
183,0.320052285504
184,0.484464313131
185,0.450844095525
186,0.345919955652
187,0.300487476004
188,0.496979387689
189,0.258849733091
190,0.0259907410576
191,0.212634636516
192,0.563041929125
193,0.392580476363
194,0.18598508203
195,0.448101736687
196,0.106638027778
197,0.649457646245
198,0.504345621509
199,0.403604648571
200,0.126051106922
201,0.389038557693
202,0.647894912534
203,0.171682689928
204,0.198427934742
205,0.290514575049
206,0.386426463794
207,0.565249205104
208,0.535025342427
209,0.48191236437
210,0.171376667784
211,0.507231952192
212,0.504972807073
213,0.266392900843
214,0.0814345405632
215,0.252954278009
216,0.141180244414
217,0.212008803306
218,0.498006630322
219,0.650126984395
220,0.298802947818
221,0.146003792041
222,0.622265877497
223,0.425378031473
224,0.172668764324
225,0.255176068383
226,0.250030639886
227,0.601548478826
228,0.401015002819
229,0.357108758493
230,0.116051369128
231,0.10172830291
232,0.30493872699
233,0.353266366652
234,0.288163275252
235,0.467737610638
236,0.556331324881
237,0.463980992185
238,0.352180343386
239,0.315593945508
240,0.42026525073
241,0.337152159802
242,0.70413475771
243,0.694577490109
244,0.605308185357
245,0.430049506201
246,0.623237423995
247,0.270733253497
248,0.546575121211
249,0.563681046645
250,0.267631190454
251,0.577676673045
252,0.58460049023
253,0.221496876329
254,0.226343564328
255,0.710631293279
256,0.0716703787691
257,0.0
258,0.635580027393
259,0.55220197553
260,0.137326536084
261,0.600258297471
262,0.097084301247
263,0.594660598079
264,0.418320223955
265,0.0
266,0.0
267,0.0
268,0.0
269,0.0
270,0.0
271,0.399125911296
272,0.583149202242
273,0.0
274,0.609828335928
275,0.782224647516
276,0.562545102556
277,0.627294159509
278,0.701280925461
279,0.486005150239
280,0.433913739192
281,0.277261372494
282,0.00951035923593
283,0.00638025837947
284,0.0
285,0.0
286,0.0
287,0.0
288,0.0
289,0.0
290,0.0
291,0.0
292,0.0
293,0.0
294,0.0
295,0.0
296,0.215038383522
297,0.217166135324
298,0.486774586828
299,0.115722123315
300,0.0
301,0.527319738631
302,0.445607019871
303,0.382543741705
304,0.0881323400772
305,0.0488661673426
306,0.0
307,0.468118476643
308,0.509031161009
309,0.5548885322
310,0.506904854383
311,0.0
312,0.527136130301
313,0.519689254571
314,0.351528552002
315,0.574605211318
316,0.20564217622
317,0.345377017657
318,0.222413417666
319,0.0047532048756
320,0.153717715148
321,0.159616186263
322,0.240507130252
323,0.244661094993
324,0.0351522948234
325,0.448250399955
326,0.16603157525
327,0.216460483372
328,0.198918831763
329,0.391778214637
330,0.306743739175
331,0.00266317913697
332,0.420779638312
333,0.293339934316
334,0.387735878041
335,0.283777226828
336,0.543461330311
337,0.196226886753
338,0.322821582578
339,0.322142696987
340,0.596578101538
341,0.381063371531
342,0.225025840135
343,0.311192373391
344,0.33441254374
345,0.462553589729
346,0.193160747883
347,0.414196693546
348,0.285763841888
349,0.0909090909091
350,0.0778493007568
351,0.0606060606061
352,0.1
353,0.345085119955
354,0.439920425017
355,0.75143124952
356,0.0
357,0.0589414181268
358,0.352204619478
359,0.562508072012
360,0.495769141525
361,0.64488874373
362,0.170076162079
363,0.288444808252
364,0.318900735555
365,0.277007005036
366,0.487369350336
367,0.392088680605
368,0.35338491266
369,0.651456626836
370,0.150639193037
371,0.0
372,0.0
373,0.0
374,0.0
375,0.0
376,0.0
377,0.525138439104
378,0.493435014995
379,0.243870517019
380,0.749458125801
381,0.472165275434
382,0.680565970266
383,0.713080324672
384,0.735588064175
385,0.715883669815
386,0.468089599754
387,0.520430891926
388,0.51693603407
389,0.546287301502
390,0.150644527953
391,0.528958793033
392,0.512423407753
393,0.209501951065
394,0.619855384635
395,0.675359356898
396,0.6940312771
397,0.51549841315
398,0.170849185755
399,0.710114161592
400,0.674429913628
401,0.481206133388
402,0.400106623475
403,0.582063348014
404,0.142909829638
405,0.334148882433
406,0.353738988818
407,0.479795711714
408,0.403511215749
409,0.468871805255
410,0.376245591679
411,0.397390133788
412,0.462844328901
413,0.371822378969
414,0.525004191944
415,0.0
416,0.0636080147259
417,0.360677304002
418,0.136821277248
419,0.405537960936
420,0.0671876432487
421,0.384327683819
422,0.488111269895
423,0.291844537117
424,0.243915180279
425,0.214371514437
426,0.238789081267
427,0.259092719439
428,0.193043484182
429,0.339662023778
430,0.0261564973796
431,0.0762043206013
432,0.221162786241
433,0.0
434,0.0
435,0.0775491027295
436,0.0716703787691
437,0.0
