site,dnds
1,0.332321551479
2,0.392377188179
3,0.200696388894
4,0.0
5,0.305296386469
6,0.0984229454872
7,0.170212765957
8,0.0546904002476
9,0.149894342575
10,0.442014805388
11,0.425731619876
12,0.265578482576
13,0.324020798081
14,0.682619655193
15,0.592340859234
16,0.464519245766
17,0.515479209573
18,0.327611890036
19,0.67520890591
20,0.6434046927
21,0.7932688658
22,0.690069785801
23,0.675892824984
24,0.477819732457
25,0.477780633685
26,0.36181267287
27,0.0
28,0.0
29,0.213091151706
30,0.0571428571429
31,0.272241511697
32,0.293028318275
33,0.298132295472
34,0.547323067505
35,0.355814901188
36,0.360917891219
37,0.690631529956
38,0.508288648441
39,0.23115292646
40,0.430392942534
41,0.244043171111
42,0.0730676775689
43,0.104769382584
44,0.259142998078
45,0.142857142857
46,0.0
47,0.0
48,0.0
49,0.0
50,0.0
51,0.0
52,0.0692966552062
53,0.293356087054
54,0.0363261769048
55,0.0
56,0.261073880323
57,0.0498550172786
58,0.257306369248
59,0.165599891591
60,0.474393115959
61,0.346203730782
62,0.293551598692
63,0.170835867634
64,0.0
65,0.0
66,0.0136551890443
67,0.279942678599
68,0.377946604582
69,0.226248568671
70,0.571737021079
71,0.02107590803
72,0.267146916142
73,0.448019524406
74,0.0
75,0.0
76,0.0
77,0.0
78,0.0
79,0.0
80,0.0
81,0.0
82,0.0
83,0.0
84,0.314056210086
85,0.626332510008
86,0.346802425497
87,0.2225871911
88,0.285269527339
89,0.412875318158
90,0.401053884292
91,0.392196949692
92,0.660143467048
93,0.628574829303
94,0.529431892356
95,0.43318335005
96,0.555010848445
97,0.484204902528
98,0.464803280051
99,0.31988810995
100,0.0112843123133
101,0.132776341132
102,0.365731675278
103,0.326646870453
104,0.221416914562
105,0.315200726278
106,0.333086133204
107,0.283703992984
108,0.108459997832
109,0.0
110,0.0
111,0.40775026771
112,0.39733278805
113,0.434376114558
114,0.465616612532
115,0.138238819419
116,0.313572937703
117,0.445975450323
118,0.0852304329771
119,0.399160196857
120,0.169826525744
121,0.630699403113
122,0.637497239559
123,0.655446230655
124,0.680299329674
125,0.114349479627
126,0.0615227568041
127,0.148055062665
128,0.44402172605
129,0.120835325086
130,0.617644421745
131,0.265112114375
132,0.112637239547
133,0.345630588515
134,0.364417242211
135,0.39974002796
136,0.500154183392
137,0.633319436869
138,0.597428838096
139,0.191562697541
140,0.384262063515
141,0.324288336761
142,0.550074981174
143,0.574478444646
144,0.37546682435
145,0.311169947714
146,0.45260007149
147,0.413933562933
148,0.498866210497
149,0.104263886455
150,0.418198796353
151,0.211474311247
152,0.0
153,0.0797448987982
154,0.0536793515706
155,0.0793605717108
156,0.0559219208985
157,0.0
158,0.503748805312
159,0.0507503525039
160,0.0
161,0.521986751077
162,0.452677089533
163,0.497544865868
164,0.0
165,0.306487269354
166,0.273301116598
167,0.0713476272393
168,0.172495606251
169,0.0
170,0.0826795959464
171,0.0
172,0.0750120608095
173,0.119333699014
174,0.432301949504
175,0.274078676316
176,0.422653428707
177,0.396644113611
178,0.365156809227
179,0.373267732103
180,0.26423083769
181,0.100321263862
182,0.236195734415
183,0.274047820915
184,0.388162421114
185,0.241878168651
186,0.152023962565
187,0.0
188,0.343636040121
189,0.498690794251
190,0.508656662833
191,0.721995714633
192,0.0
193,0.0
194,0.0
195,0.0
196,0.0
197,0.0
198,0.57982072962
199,0.375449833763
200,0.419926084351
201,0.474075150124
202,0.474714787266
203,0.613509632228
204,0.684225451235
205,0.460664010017
206,0.240501381825
207,0.331577565656
208,0.233814011043
209,0.359197502817
210,0.477636746583
211,0.332638496471
212,0.529505772196
213,0.410627910466
214,0.71287500748
215,0.140513224421
216,0.697346651582
217,0.08
218,0.15694720662
219,0.155619339792
220,0.221342690464
221,0.612348621784
222,0.546723990368
223,0.406311583856
224,0.729266486684
225,0.399786474418
226,0.264332695348
227,0.514193254251
228,0.578604544589
229,0.437577465732
230,0.0680500880741
231,0.125
232,0.430062580725
233,0.10687591724
234,0.576968014862
235,0.0
236,0.0
237,0.0
238,0.0
239,0.0
240,0.0
241,0.0
242,0.0
243,0.0
244,0.0803862650245
245,0.504070202562
246,0.432747471417
247,0.320672253096
248,0.624961545707
249,0.382499616346
250,0.54439230307
251,0.655494415833
252,0.615090898793
253,0.708351636498
254,0.145739610059
255,0.0
256,0.0908469702479
257,0.0908469702479
258,0.0999131071077
259,0.188961314348
260,0.353835384388
261,0.519812787459
262,0.61635104213
263,0.567878506349
264,0.267728525838
265,0.121872031747
266,0.282065376523
267,0.532403754085
268,0.311974633464
269,0.396500675379
270,0.175624845384
271,0.259780705505
272,0.0145057886677
273,0.325862148296
274,0.337868867824
275,0.0
276,0.0
277,0.437508856389
278,0.33800789216
279,0.546062663951
280,0.553787589468
281,0.571592329119
282,0.641942169993
283,0.106638027778
284,0.148148148148
285,0.0
286,0.0
287,0.0
288,0.0
289,0.15392247096
290,0.292399574939
291,0.160772530049
292,0.0
293,0.195850513321
294,0.16940601205
295,0.0570826025595
296,0.282350182412
297,0.658281410598
298,0.637066687881
299,0.334316135434
300,0.0720720720721
301,0.0
302,0.132028034392
303,0.154032706791
304,0.0999131071077
305,0.72021864701
306,0.573629321162
307,0.179369946717
308,0.383344661895
309,0.527465765415
310,0.360138201041
311,0.315717681183
312,0.430643849902
313,0.351524699949
314,0.285787547209
315,0.23582402071
316,0.18910949852
317,0.346401673981
318,0.0
319,0.0
320,0.0
321,0.0
322,0.0
323,0.0
324,0.0
325,0.0
326,0.718062283423
327,0.0
328,0.170212765957
329,0.0
330,0.1087289695
331,0.199955395779
332,0.0
333,0.308751465889
334,0.613754837778
335,0.396867395454
336,0.225441932845
337,0.735661313329
338,0.54068428019
339,0.461320178256
340,0.20351682396
341,0.122507440044
342,0.0676176038514
343,0.272520436096
344,0.522258598926
345,0.206130974212
346,0.133303597186
347,0.0803862650245
348,0.0645804453758
349,0.351136692238
350,0.0902255639098
351,0.623914977704
352,0.295434383563
353,0.183394814045
354,0.441791829755
355,0.237967416935
356,0.140726449688
357,0.199465461526
358,0.034398150132
359,0.0213230002418
360,0.00953659454551
361,0.0
362,0.0
363,0.0
364,0.0
365,0.0
366,0.0
367,0.0
368,0.00778260972541
369,0.126588433585
370,0.292048529714
371,0.549889079726
372,0.133692555982
373,0.113886857054
374,0.0532637226767
375,0.21492307244
376,0.430081890978
377,0.36394119356
378,0.488821908159
379,0.545436346216
380,0.223919513937
381,0.684949009488
382,0.309889634284
383,0.76704100532
384,0.777498932461
385,0.579859418991
386,0.581547011197
387,0.358626833998
388,0.296598408306
389,0.105263157895
390,0.206963453282
391,0.0588949407506
392,0.330349314076
393,0.735525089871
394,0.531021816939
395,0.201340548845
396,0.303611072633
397,0.576215679426
398,0.559243140231
399,0.439792043389
400,0.191960998461
401,0.379928573807
402,0.406241382078
403,0.201023347336
404,0.419483939138
405,0.162777864544
406,0.0579235868726
407,0.0
408,0.20552303352
409,0.243515063166
410,0.336219811806
411,0.160046093625
412,0.190589912334
413,0.0917906865168
414,0.273060674638
415,0.0979568305251
416,0.671236591435
417,0.262779691112
418,0.586791589787
419,0.102256784094
420,0.658056613678
421,0.480664797447
422,0.504932398973
423,0.409105629504
424,0.348535778955
425,0.49206942586
426,0.398122599072
427,0.362715901768
428,0.645068443288
429,0.262281850283
430,0.306147522884
431,0.404408024225
432,0.0676628980036
433,0.141031341951
434,0.141380198429
435,0.655151676814
436,0.479326097983
437,0.595050601402
438,0.435684439585
439,0.541907311537
440,0.595618088433
441,0.552258561165
442,0.452798826062
443,0.341099835933
444,0.388699445213
445,0.421005461928
446,0.302706482714
447,0.326660178947
448,0.0948554782245
449,0.285001853796
450,0.0637376717756
451,0.0
452,0.0
453,0.0902969004385
454,0.166666666667
455,0.208215174836
456,0.14226633954
457,0.0867325491054
458,0.131635171545
459,0.353423799321
460,0.126026760102
461,0.736626362516
462,0.686718473117
463,0.682482504924
464,0.660950141247
465,0.406428038187
466,0.606800023825
467,0.211114550302
468,0.493450286577
469,0.113602104867
470,0.278039971146
471,0.134639551209
472,0.0
473,0.0
474,0.0
475,0.10971993168
476,0.0
477,0.231194770223
478,0.408177141552
479,0.015244692375
480,0.512842520506
481,0.0355798993923
482,0.297937170158
