site,dnds
1,0.0
2,0.0
3,0.0
4,0.471698743053
5,0.412810085291
6,0.583304520178
7,0.342614006755
8,0.57827320799
9,0.46994827919
10,0.372103849183
11,0.607189715864
12,0.490285139896
13,0.333008904916
14,0.237041883838
15,0.190515402425
16,0.0430285830325
17,0.0
18,0.274296145751
19,0.237888062843
20,0.274986229134
21,0.565790576034
22,0.598295103845
23,0.675227350838
24,0.0
25,0.281258194229
26,0.658184180583
27,0.607204309434
28,0.625324335397
29,0.644822168133
30,0.592663196269
31,0.0273741932662
32,0.57274973631
33,0.616814005358
34,0.763904131386
35,0.493100015094
36,0.50322227992
37,0.601412539961
38,0.453740955589
39,0.342990483984
40,0.664941707549
41,0.451253334529
42,0.0
43,0.254865618847
44,0.120948141872
45,0.0
46,0.515875133005
47,0.699482119244
48,0.331425394085
49,0.244136064148
50,0.219665385896
51,0.0245392670066
52,0.0
53,0.0
54,0.0
55,0.0
56,0.0
57,0.683439965888
58,0.185938987367
59,0.252921057674
60,0.282983649328
61,0.412105817221
62,0.186181652674
63,0.305285893521
64,0.0948311742929
65,0.163895290367
66,0.0796337541879
67,0.0
68,0.145442973313
69,0.0796337541879
70,0.0
71,0.394079200589
72,0.0
73,0.178539817156
74,0.0779707179122
75,0.00251359652564
76,0.156145605881
77,0.108489167758
78,0.362975411843
79,0.151221921066
80,0.427159993408
81,0.529201045364
82,0.118023402535
83,0.011588519014
84,0.684970082722
85,0.298802448157
86,0.236531591593
87,0.54792926475
88,0.0596214814684
89,0.0672475162464
90,0.253144521833
91,0.331205154028
92,0.535816566627
93,0.696261561955
94,0.510687855438
95,0.00551232090091
96,0.12875373678
97,0.0132405961612
98,0.0
99,0.0
100,0.0
101,0.0
102,0.0
103,0.0
104,0.0
105,0.0
106,0.287862571507
107,0.0
108,0.0
109,0.0
110,0.0
111,0.0
112,0.0
113,0.170864031064
114,0.615927465208
115,0.286971115799
116,0.0
117,0.324267749251
118,0.254458815543
119,0.00631351801572
120,0.646154763099
121,0.644038602001
122,0.142763160251
123,0.292439056018
124,0.0698852765095
125,0.164633691714
126,0.213949400781
127,0.376107521679
128,0.286741920691
129,0.0
130,0.221434156225
131,0.404623339532
132,0.386011467694
133,0.720678821301
134,0.765107257601
135,0.0
136,0.181693940496
137,0.0911171839727
138,0.493433530047
139,0.0
140,0.17946904977
141,0.317670765548
142,0.102771938441
143,0.432528686321
144,0.229864785688
145,0.347904607576
146,0.675305192468
147,0.551770971704
148,0.0135286249081
149,0.502909810781
150,0.734999555643
151,0.358046238651
152,0.341652760147
153,0.576932836542
154,0.204208041869
155,0.731585777659
156,0.158571470731
157,0.467310141546
158,0.691826994341
159,0.448564691357
160,0.165037999575
161,0.186791623624
162,0.607304411987
163,0.536761317411
164,0.158231824761
165,0.666830583078
166,0.260096314904
167,0.679683401911
168,0.0
169,0.0
170,0.0
171,0.0
172,0.0
173,0.142857142857
174,0.100821408081
175,0.755672926823
176,0.604741650793
177,0.138568672122
178,0.629680498817
179,0.334235337655
180,0.104294151028
181,0.0
182,0.142781889159
183,0.13104111405
184,0.567944460314
185,0.313923712339
186,0.513922260227
187,0.043547104487
188,0.35077784828
189,0.531131156645
190,0.112654329465
191,0.00324261378471
192,0.24680937051
193,0.0887639806095
194,0.464155543539
195,0.627583159361
196,0.0621338414884
197,0.249231850899
198,0.225524943535
199,0.505830774829
200,0.280714716312
201,0.422444472944
202,0.278176320781
203,0.161203306618
204,0.132407392894
205,0.0
206,0.178337697419
207,0.116915994409
208,0.187190087278
209,0.0216548623242
210,0.3062054576
211,0.0
212,0.0559997944786
213,0.385762028842
214,0.137543957466
215,0.393538389815
216,0.0974399215111
217,0.0
218,0.185251482202
219,0.320907366322
220,0.591545037077
221,0.0
222,0.437795552247
223,0.445304803753
224,0.539793599498
225,0.270064947303
226,0.3889812514
227,0.485163797151
228,0.403806646966
229,0.125718026034
230,0.335922892339
231,0.334343787925
232,0.18370927152
233,0.525737245884
234,0.6166260442
235,0.505170051366
236,0.509235516758
237,0.452579373367
238,0.3467350918
239,0.112023786757
240,0.213091151706
