site,dnds
1,0.1883335352
2,0.177241572586
3,0.348111462824
4,0.433021096365
5,0.241778742603
6,0.486669465218
7,0.347672792109
8,0.210583829336
9,0.257617813558
10,0.691488483428
11,0.438485091516
12,0.619052589166
13,0.623179756071
14,0.572915013765
15,0.661242012857
16,0.465122485801
17,0.595156291505
18,0.650749300051
19,0.765396033878
20,0.684154130617
21,0.690573549344
22,0.77708677985
23,0.506841842281
24,0.0349832366313
25,0.233268265168
26,0.443120106495
27,0.344183818881
28,0.14833520213
29,0.0
30,0.387891758748
31,0.0
32,0.15491813303
33,0.0238335741874
34,0.0
35,0.178746852731
36,0.306601346368
37,0.422053960462
38,0.0201703493471
39,0.287763489047
40,0.377353146483
41,0.488290021212
42,0.438842973929
43,0.387808681411
44,0.328797635154
45,0.0
46,0.351361292906
47,0.443062645805
48,0.426859237284
49,0.320811800346
50,0.0543857141112
51,0.436726021452
52,0.355203381721
53,0.20949112115
54,0.234375562851
55,0.0540081005228
56,0.375937379023
57,0.344194603211
58,0.466219740662
59,0.335548929165
60,0.0
61,0.465308655913
62,0.124187932157
63,0.343580693388
64,0.43060632575
65,0.0403769191936
66,0.285809117398
67,0.20018781717
68,0.150937497005
69,0.0
70,0.198830507479
71,0.233588898013
72,0.12028087665
73,0.219831925771
74,0.535847832652
75,0.478501471844
76,0.125939448645
77,0.614266362678
78,0.357153162052
79,0.591606063336
80,0.497134728832
81,0.486954262262
82,0.462461227116
83,0.213120820959
84,0.414321128145
85,0.374857466307
86,0.295106447478
87,0.376056984692
88,0.0
89,0.0
90,0.23706245918
91,0.0735495220034
92,0.576476689263
93,0.279019480178
94,0.253685632022
95,0.0
96,0.385486449573
97,0.248242119719
98,0.171489475076
99,0.236477536655
100,0.391021029646
101,0.125409394953
102,0.147054209873
103,0.187154973647
104,0.0591458419898
105,0.0322999459736
106,0.0
107,0.27309675989
108,0.296460277927
109,0.0816788540078
110,0.292019350456
111,0.145849713826
112,0.0335009851984
113,0.0568640636597
114,0.219769765711
115,0.00544694034725
116,0.0808400137817
117,0.225060329799
118,0.0487737312428
119,0.273717506165
120,0.489657346411
121,0.206366460056
122,0.0361238110011
123,0.495752967343
124,0.547722817125
125,0.175897944187
126,0.191733268425
127,0.231983950337
128,0.475089526684
129,0.257878882791
130,0.278276657609
131,0.461056349108
132,0.517285643882
133,0.305346821576
134,0.322042056962
135,0.0660140171962
136,0.0
137,0.0
138,0.0
139,0.0
140,0.0
141,0.0
142,0.0
143,0.0
144,0.0
145,0.0
146,0.0
147,0.0
148,0.0
149,0.0
150,0.0
151,0.0
152,0.0
153,0.0
154,0.0
155,0.0
156,0.0
157,0.0
158,0.0
159,0.0
160,0.0
161,0.0
162,0.0
163,0.0
164,0.0
165,0.0
166,0.0
167,0.0
168,0.396687892774
169,0.380622927732
170,0.287981782718
171,0.101745338812
172,0.322133807885
173,0.295502581585
174,0.273582514926
175,0.450771718585
176,0.333178226549
177,0.253140429687
178,0.23656094016
179,0.313107575443
180,0.0047532048756
181,0.0
182,0.0469242577057
183,0.00475715600185
184,0.21981899761
185,0.206594798406
186,0.139404931618
187,0.129097240403
188,0.372810673564
189,0.291683860983
190,0.181307862494
191,0.122824161186
192,0.483989901588
193,0.0571604714014
194,0.0514262303374
195,0.275820357433
196,0.059455780378
197,0.422793187131
198,0.275078330343
199,0.137394622089
200,0.0816695971953
201,0.255167765697
202,0.00663042756548
203,0.118567236497
204,0.0559459517326
205,0.020790139142
206,0.331359306283
207,0.0168372042258
208,0.0
209,0.214997764703
210,0.155974573781
211,0.00545013129063
212,0.186237324392
213,0.0857741600521
214,0.336122783869
215,0.390110144245
216,0.361454576016
217,0.246326970816
218,0.366220482581
219,0.37376746865
220,0.457529685067
221,0.429104953632
222,0.256533655541
223,0.266666666667
224,0.264963378548
225,0.402772910753
226,0.548124587444
227,0.145062278392
228,0.230099340821
229,0.194730576734
230,0.233373034741
231,0.147395492211
232,0.186546677082
233,0.429885830412
234,0.0
235,0.0386274552373
236,0.0
237,0.0
238,0.0
239,0.172833797842
240,0.061526871476
241,0.0
242,0.0
243,0.0
244,0.0
245,0.417557623515
246,0.221763482467
247,0.388129980633
248,0.0375195441474
249,0.134272079038
250,0.478465393064
251,0.379819619659
252,0.297275036346
253,0.239116015055
254,0.225479325651
255,0.151553837151
256,0.415667767041
257,0.49770786481
258,0.49085194096
259,0.700022469536
260,0.592219288569
261,0.508383724696
262,0.520829179479
263,0.541354013938
264,0.611590696158
265,0.772326083186
266,0.0
267,0.0
268,0.0
269,0.0
270,0.277243860671
271,0.764733792986
272,0.412986675332
273,0.0
274,0.0
275,0.679094522228
276,0.829778237905
277,0.572677491537
278,0.674606927599
279,0.514859040487
280,0.0
281,0.0
282,0.0
283,0.0
284,0.67663041983
285,0.315342574035
286,0.0535908433497
287,0.621563884803
288,0.599059243285
289,0.349264883574
290,0.235727934233
291,0.576412110466
292,0.546410320728
293,0.0280811363569
294,0.200431294579
295,0.417204618079
296,0.0
297,0.0
298,0.283003551872
299,0.0909617696699
300,0.0438230138219
301,0.317741524326
302,0.132910193575
303,0.0769559358837
304,0.492293324997
305,0.0
306,0.0
307,0.237842062539
308,0.0847349055407
309,0.125484308359
310,0.160657670682
311,0.0806728374033
312,0.0
313,0.0
314,0.0
315,0.0
316,0.0
317,0.299834496779
318,0.0246024249144
319,0.172322206692
320,0.0718283312227
321,0.182838802831
322,0.301324811685
323,0.281858394291
324,0.406377194252
325,0.440930563708
326,0.369466631998
327,0.319020395805
328,0.335359209962
329,0.419443417404
330,0.287406929486
331,0.17768022866
332,0.470289832391
333,0.445428240334
334,0.144554033148
335,0.299888109523
336,0.460349036966
337,0.423258266192
338,0.194644605976
339,0.281346723513
340,0.31318993247
341,0.238450032065
342,0.140435915658
343,0.389331185399
344,0.448056386925
345,0.472154310188
346,0.557210438773
347,0.0614468160278
348,0.373819825927
349,0.155280294915
350,0.071782232291
351,0.0635236924677
352,0.399244923945
353,0.603308153613
354,0.429992947915
355,0.210807323934
356,0.25352591277
357,0.311702001284
358,0.294508040062
359,0.298798648815
360,0.416338129743
361,0.107957981932
362,0.421163106258
363,0.0
364,0.224328505434
365,0.28365878182
366,0.333172898689
367,0.132524501147
368,0.509308493505
369,0.548947426854
370,0.0
371,0.273718717328
372,0.648152228589
373,0.609617196861
374,0.327894739229
375,0.443651370344
376,0.443049587504
377,0.496593220739
378,0.569331072235
379,0.197133503696
380,0.431052786609
381,0.447779779345
382,0.585933493917
383,0.0613471220354
384,0.601438554576
385,0.547516687241
386,0.355476165084
387,0.340966782532
388,0.0
389,0.621162822027
390,0.437386057933
391,0.00616798132232
392,0.188153448608
393,0.581551431507
394,0.399393924114
395,0.266139577836
396,0.290404532609
397,0.530948976796
398,0.432936626711
399,0.372774198435
400,0.477940695926
401,0.581658492948
402,0.387623870288
403,0.478093290568
404,0.267391624038
