site,dnds
1,0.272046162338
2,0.106733379242
3,0.264457056886
4,0.486371407169
5,0.228329491278
6,0.0613508251908
7,0.104765467793
8,0.333590326063
9,0.0
10,0.165121785075
11,0.120328006208
12,0.0
13,0.175819989519
14,0.159378925657
15,0.0
16,0.0
17,0.0612972037386
18,0.111679664891
19,0.0329957668222
20,0.152525078925
21,0.166503665447
22,0.275571453694
23,0.36274638092
24,0.47245202589
25,0.49856366116
26,0.507311446299
27,0.407805961619
28,0.267163562869
29,0.347510701126
30,0.433283927092
31,0.358554304885
32,0.435353182812
33,0.0
34,0.716691395466
35,0.0740740740741
36,0.0894383458787
37,0.373910510946
38,0.436036157162
39,0.230669107895
40,0.432548263014
41,0.0
42,0.0935287081306
43,0.00582478489479
44,0.398744726772
45,0.41583628077
46,0.453702803956
47,0.402192900354
48,0.0983222288841
49,0.446970427768
50,0.516147851932
51,0.551726477644
52,0.396508859575
53,0.0
54,0.230993437483
55,0.12979132831
56,0.60010027126
57,0.153655558039
58,0.272202101453
59,0.410891276124
60,0.252792589086
61,0.0585383771835
62,0.466009061402
63,0.117588054631
64,0.597473420236
65,0.109977595978
66,0.189406835622
67,0.0395443243611
68,0.306103724629
69,0.335182182748
70,0.607375347383
71,0.379247103349
72,0.417478967331
73,0.193706680355
74,0.232085768861
75,0.71192602336
76,0.398832278013
77,0.411355474341
78,0.661096728299
79,0.564520155734
80,0.0
81,0.694640846952
82,0.726334062842
83,0.635964320605
84,0.724732693453
85,0.122238799732
86,0.661402710229
87,0.354112359534
88,0.408933805049
89,0.0693889620568
90,0.482937849334
91,0.209338006166
92,0.223280569598
93,0.103554806177
94,0.252001865189
95,0.0
96,0.0
97,0.218016826591
98,0.458826651757
99,0.0332885154486
100,0.48480361748
101,0.140762463343
102,0.404056686649
103,0.602623070542
104,0.264433831157
105,0.0767896915383
106,0.218725573318
107,0.378286707183
108,0.195920980996
109,0.385556976455
110,0.21572648372
111,0.202553819462
112,0.108303839041
113,0.00263554061049
114,0.0588506801072
115,0.0990210257943
116,0.131832198934
117,0.261045513939
118,0.193585684234
119,0.0821507769553
120,0.338890518073
121,0.0
122,0.324372086487
123,0.12172957639
124,0.0857983796677
125,0.467046776358
126,0.519270802117
127,0.297790485313
128,0.220370106983
129,0.293163577744
130,0.370281899282
131,0.221165671478
132,0.208352302873
133,0.367531942269
134,0.227009659762
135,0.373515222383
136,0.285991189026
137,0.337194001358
138,0.150077168493
139,0.191335745318
140,0.541515192974
141,0.631948498498
142,0.479255193
143,0.553503747714
144,0.408655259885
145,0.23607676186
146,0.284989735101
147,0.16453202324
148,0.509204658328
149,0.215360853727
150,0.135295543626
151,0.489341678294
152,0.327054246536
153,0.380293172077
154,0.236789839828
155,0.0
156,0.127982819231
157,0.305133520774
158,0.0
159,0.0
160,0.116773951135
161,0.0
162,0.0
163,0.0
164,0.321920216799
165,0.475336996267
166,0.436167830069
167,0.66543835404
168,0.173705876088
169,0.448474577885
170,0.283997049718
171,0.0
172,0.17114745199
173,0.0558470483915
174,0.0
175,0.185365415209
176,0.0
177,0.338828220203
178,0.472998098375
179,0.304652720713
180,0.231680438362
181,0.344551330287
182,0.540322262257
183,0.631176987369
184,0.632912473597
185,0.162221858894
186,0.221231483859
187,0.598641000757
188,0.194141560817
189,0.0718823342954
190,0.158223523586
191,0.37365850929
192,0.117329524144
193,0.498349337558
194,0.695507000515
195,0.367416310474
196,0.334861085085
197,0.572071677037
198,0.746496945154
199,0.323222068472
200,0.372235586098
201,0.422739241045
202,0.213091151706
203,0.0
204,0.0
205,0.13799547253
206,0.0728851309516
