site,dnds
1,0.0
2,0.147871398519
3,0.119855649761
4,0.0331051510602
5,0.453841656325
6,0.0
7,0.0
8,0.0
9,0.0
10,0.132776341132
11,0.112805510389
12,0.279234288605
13,0.252530686327
14,0.209078828007
15,0.403515786543
16,0.265974209749
17,0.0656330009876
18,0.0
19,0.150093490191
20,0.0
21,0.0
22,0.0587034423091
23,0.28667577796
24,0.341819929921
25,0.0979023876016
26,0.194726828123
27,0.36636110444
28,0.534406216627
29,0.46287832349
30,0.227662829666
31,0.377017045979
32,0.621681305924
33,0.242842450875
34,0.288989393432
35,0.551149220259
36,0.645162471036
37,0.537942821131
38,0.284406589239
39,0.712507934373
40,0.51092412401
41,0.0
42,0.525947674639
43,0.247869466479
44,0.509935824542
45,0.582469982769
46,0.0
47,0.0
48,0.0
49,0.0
50,0.676036697122
51,0.506039829802
52,0.38045917829
53,0.50512229933
54,0.548412677965
55,0.588826675817
56,0.432195596463
57,0.143927188748
58,0.603825365158
59,0.672245409119
60,0.403007006056
61,0.428980946677
62,0.00989981674153
63,0.519253734541
64,0.378986762687
65,0.401963894256
66,0.602963745205
67,0.664599162244
68,0.42069853424
69,0.573915612365
70,0.596974317164
71,0.619330709984
72,0.457361296032
73,0.296425067027
74,0.682194284833
75,0.726389131926
76,0.638065965482
77,0.627137049495
78,0.682022652972
79,0.786060210142
80,0.615413504624
81,0.752524247007
82,0.51401262523
83,0.243622750519
84,0.118312376377
85,0.424142658918
86,0.0899262196661
87,0.0198989621213
88,0.0416930634923
89,0.273279779578
90,0.0
91,0.0
92,0.0
93,0.0
94,0.132414408185
95,0.0
96,0.125158362
97,0.0
98,0.30258308311
99,0.125158362
100,0.0
101,0.560823191688
102,0.560942490963
103,0.6030382666
104,0.607264015999
105,0.57059190498
106,0.56435966275
107,0.669752667741
108,0.663066681513
109,0.500064977035
110,0.44817088774
111,0.722357954891
112,0.542809096323
113,0.205560291988
114,0.437580608747
115,0.731222815534
116,0.667057198671
117,0.147336691891
118,0.702203155293
119,0.573840359226
120,0.686319672926
121,0.541449081527
122,0.744742504709
123,0.699689776431
124,0.169860637147
125,0.416955623334
126,0.387096355588
127,0.727012558412
128,0.694586745501
129,0.653814177517
130,0.502678988549
131,0.451202308619
132,0.175216789677
133,0.25902313374
134,0.373609297102
135,0.759312483515
136,0.585153935523
137,0.463978636377
138,0.298956641389
139,0.704602696873
140,0.674677776693
141,0.249819953447
142,0.366861432385
143,0.575375714081
144,0.55734045921
145,0.248389938848
146,0.468667106202
147,0.437611627332
148,0.490006359304
149,0.243712853295
150,0.350056839049
151,0.358459591954
152,0.194605690026
153,0.205627008446
154,0.160575888303
155,0.252147615004
156,0.566454474811
157,0.564482172766
158,0.256702621167
159,0.533364513965
160,0.804110314122
161,0.682589224275
162,0.551685630895
163,0.51671570238
164,0.0
165,0.406752497008
166,0.308475529601
167,0.0
168,0.0
169,0.0
170,0.547721240514
171,0.598652678466
172,0.590633361635
173,0.381912448183
174,0.321535130338
175,0.779155898728
176,0.630829350273
177,0.480186537592
178,0.0490376123528
179,0.328266404758
180,0.707498793784
181,0.409136088925
182,0.490090242999
183,0.0
184,0.167378660336
185,0.0680500880741
186,0.257851987183
187,0.300013824896
188,0.605450310177
189,0.572409985055
190,0.423538775518
191,0.661471527368
192,0.510246717839
193,0.467049302532
194,0.0
195,0.0
196,0.293141453939
197,0.00802658319722
198,0.338234945663
199,0.216388233179
200,0.263942019464
201,0.311049698955
202,0.58990735512
203,0.351398264186
204,0.0922089963299
205,0.607749115577
206,0.679993025946
207,0.456438318915
208,0.363555425804
209,0.535252264392
210,0.0
211,0.0
212,0.757513311348
213,0.23348729412
214,0.647000118483
215,0.573819971846
216,0.218850315248
217,0.441432081055
218,0.329196893531
219,0.34181818148
220,0.0831898515805
221,0.00837378000076
222,0.213170636694
223,0.80932635339
224,0.273646754102
225,0.0979864744468
226,0.250449649359
227,0.57529052247
228,0.0927627346104
229,0.117780019617
230,0.513848422918
231,0.400025879443
232,0.160786821779
233,0.216993389441
234,0.201081701328
235,0.674317313468
236,0.421792292537
237,0.294671372422
238,0.0
239,0.0
240,0.154032706791
241,0.0
242,0.0
243,0.0
244,0.0538366742182
245,0.241094671499
246,0.0
247,0.250162081608
248,0.467378831965
249,0.550721387733
250,0.345019496016
251,0.358266724448
252,0.477860886418
253,0.328211458413
254,0.759467047791
255,0.725748107159
256,0.629330131549
257,0.799004615387
258,0.35504002758
259,0.353205864761
260,0.225212070616
261,0.580889367615
262,0.824958261491
263,0.687327801347
264,0.560125185452
265,0.594795658006
266,0.278064477454
267,0.338882192711
268,0.737167234097
269,0.0
270,0.481514058825
271,0.557481808974
272,0.669750456622
273,0.481874311017
274,0.325880910505
275,0.744674873464
276,0.0
277,0.536320577147
278,0.514900961085
279,0.744559733687
280,0.672610211604
281,0.747293653895
282,0.677062820058
283,0.458498465714
284,0.689381938312
285,0.63206773483
286,0.673635249453
287,0.255575202743
288,0.564212525902
289,0.561490229864
290,0.3919446628
291,0.374759381651
292,0.257733222407
