site,dnds
1,0.292048532193
2,0.453905459067
3,0.335840563709
4,0.480621785468
5,0.0
6,0.0
7,0.221776096438
8,0.490958949921
9,0.283388972104
10,0.10822618573
11,0.251133698395
12,0.0
13,0.0254407461256
14,0.0928134782148
15,0.0
16,0.0
17,0.198928489978
18,0.0
19,0.00838771307897
20,0.245895603861
21,0.0
22,0.238818279014
23,0.158781301691
24,0.175163312214
25,0.128296183011
26,0.019220814316
27,0.278258352249
28,0.0
29,0.0
30,0.163148871006
31,0.392041037785
32,0.0
33,0.121477174468
34,0.267344560346
35,0.362512527942
36,0.0979051304174
37,0.0859395091923
38,0.0716803316927
39,0.0294525560915
40,0.132314646786
41,0.315352788674
42,0.586411147674
43,0.0
44,0.0152535885762
45,0.176476838289
46,0.126156585854
47,0.246453479825
48,0.157685991182
49,0.00608221072953
50,0.217438379574
51,0.298887279657
52,0.0
53,0.308312123803
54,0.110720859797
55,0.512300857468
56,0.0150287357701
57,0.0190071813338
58,0.0704962929361
59,0.348361611809
60,0.0
61,0.0137736318857
62,0.0
63,0.0
64,0.0
65,0.0686625883028
66,0.218848574982
67,0.0597025281964
68,0.0290929789638
69,0.352550797619
70,0.449490687843
71,0.0626348777231
72,0.248663530855
73,0.455293385652
74,0.510169276808
75,0.148590052618
76,0.0
77,0.149272136657
78,0.0674627226691
79,0.420071697787
80,0.0829116925426
81,0.0882732563441
82,0.336431915207
83,0.500352574362
84,0.101692615796
85,0.348004132646
86,0.625369203659
87,0.326365136819
88,0.281499705222
89,0.142976429218
90,0.510675101137
91,0.23014510696
92,0.241609101036
93,0.285485981552
94,0.142265715732
95,0.271176466949
96,0.358690906536
97,0.185734500046
98,0.0
99,0.35957242098
100,0.011165040001
101,0.316274590904
102,0.0
103,0.0
104,0.11476308243
105,0.0
106,0.0824907102778
107,0.218461779775
108,0.0245859243894
109,0.501389935568
110,0.0
111,0.00475715600185
112,0.410818495522
113,0.28316997705
114,0.142377778832
115,0.351195929015
116,0.0
117,0.30549572675
118,0.225893977957
119,0.228874841202
120,0.33087175788
121,0.1523171158
122,0.190829302146
123,0.0749015043012
124,0.132789294978
125,0.163624914329
126,0.115261191815
127,0.00633059587414
128,0.181777302613
129,0.0
130,0.151441643193
131,0.202088933621
132,0.20183264146
133,0.0
134,0.37884134663
135,0.435532996753
136,0.0
137,0.0
138,0.0
139,0.368553141746
140,0.106178338917
141,0.255628212247
142,0.216191584759
143,0.292583197436
144,0.092854767776
145,0.169093561095
146,0.303026744838
147,0.0
148,0.0
149,0.0
150,0.0
151,0.0
152,0.127403673925
153,0.0
154,0.0
155,0.0
156,0.0
157,0.0
158,0.614658648044
159,0.0625
160,0.102688471194
161,0.274204617112
162,0.00781678942753
163,0.105623722912
164,0.109141064745
165,0.0741118185373
166,0.615300395742
167,0.087770203407
168,0.440914435041
169,0.0189749761957
170,0.183676761742
171,0.0
172,0.0235761898858
173,0.171325891459
174,0.0830178249489
175,0.0
176,0.340661966988
177,0.177687216505
178,0.213387882411
179,0.341376448833
180,0.67182849283
181,0.317814332124
182,0.392697461986
183,0.138460660488
184,0.0340595073618
185,0.0871434118013
186,0.166540865606
187,0.00664688998199
188,0.349750755967
189,0.0499753365944
190,0.289994003823
191,0.330882350281
192,0.350603151292
193,0.0
194,0.153437613011
195,0.0
196,0.0258845419666
197,0.011574531761
198,0.0
199,0.249332219642
200,0.0631076601483
201,0.214120519164
202,0.557264211135
203,0.191643989034
204,0.0592640811514
205,0.545359420797
206,0.387737932111
207,0.317747999303
208,0.175002921948
209,0.43522268579
210,0.239291701751
211,0.227652338608
212,0.510087814986
213,0.0363810320909
214,0.0
215,0.359830108891
216,0.327106449527
217,0.128183341143
218,0.0
219,0.162711293345
220,0.0941985194538
221,0.0
222,0.121696386089
223,0.0
224,0.330982093539
225,0.0
226,0.147547707637
227,0.0895385020059
228,0.30381522272
229,0.389014609782
230,0.174869502078
231,0.13479362151
232,0.0
233,0.0
234,0.0
235,0.196691073464
236,0.178226019006
237,0.575658332604
238,0.433067727319
239,0.603199746923
240,0.338927922215
241,0.256704910394
242,0.183783155647
243,0.317691681873
244,0.0612509192872
245,0.357954240277
246,0.488572822262
247,0.198916191787
248,0.39987732049
249,0.320962418925
250,0.39048241854
251,0.0
252,0.0
253,0.152087553917
254,0.0
255,0.0579235868726
256,0.0579235868726
257,0.356031285946
258,0.0
259,0.0
260,0.444191175214
261,0.474184981771
262,0.642317011541
263,0.595832879116
264,0.744546877966
265,0.455563193016
266,0.651649096426
267,0.70415831973
268,0.328127562261
269,0.466343298593
270,0.460199761693
271,0.244897959184
272,0.128041613087
273,0.517797854663
274,0.0
275,0.0
276,0.0
277,0.639797178594
278,0.649068061404
279,0.445314399505
280,0.409820057445
281,0.531462695887
282,0.208596057785
283,0.153540919663
284,0.145777897711
285,0.375638513911
286,0.341306725177
287,0.12241835354
288,0.373709676648
289,0.221683883567
290,0.216155456299
291,0.449786267705
292,0.131581207839
293,0.19558250343
294,0.349501207708
295,0.389036723116
296,0.471484953677
297,0.101574697658
298,0.27087250018
299,0.458743783031
300,0.410375009617
301,0.258527345636
302,0.0
303,0.0
304,0.0
305,0.0
306,0.276180965045
307,0.471686012562
308,0.242128763862
309,0.566963479837
310,0.275934043687
311,0.0681107003969
312,0.0626651544311
313,0.0116471117642
314,0.0
315,0.204186109058
316,0.309822229132
317,0.215235584619
318,0.281554100893
319,0.37316148498
320,0.509740314612
321,0.376605032268
322,0.0
323,0.536114645136
324,0.171584801141
325,0.540414857518
326,0.477955512428
327,0.105472565071
328,0.449945913086
329,0.434027405064
330,0.524846518095
331,0.483360246647
332,0.415720907395
333,0.517811381569
334,0.111128354813
335,0.280430256189
336,0.146111008422
337,0.0309621599337
338,0.283902805371
339,0.0153060503256
340,0.243677766038
341,0.0
342,0.231357325017
343,0.0634891647934
344,0.405350569857
345,0.536834258671
346,0.430413170638
347,0.0851189633126
348,0.587497388197
349,0.558198705715
350,0.501848966553
351,0.164583730267
352,0.116740577779
353,0.388531222049
354,0.490587016163
355,0.652540930273
356,0.230973929872
357,0.0
358,0.408509634615
359,0.0758472217479
360,0.0173187051421
361,0.551490927735
362,0.683554116034
363,0.609933880025
364,0.457009703505
365,0.272727272727
366,0.0
367,0.178226019006
368,0.213849964282
369,0.443318509371
370,0.479065811036
371,0.558293526953
372,0.477924547968
373,0.349221251936
374,0.467715817109
375,0.730681627306
376,0.529467639003
377,0.225547922892
378,0.0317913528955
379,0.550257073589
380,0.382580583077
381,0.39472228113
382,0.554339957696
383,0.421831623484
384,0.020480119756
385,0.0595870617272
386,0.616435604065
387,0.529531061364
388,0.223707246773
389,0.572768631694
390,0.349959146145
391,0.4285161289
392,0.619193801838
393,0.0
394,0.164285758797
395,0.0
396,0.0365886894827
397,0.225847798156
398,0.185960918223
399,0.138390562461
400,0.172801917731
401,0.232718711101
402,0.0
403,0.0
404,0.0
405,0.172169341723
406,0.0721350191618
407,0.0
408,0.428933124443
409,0.108660851818
410,0.0755065840155
411,0.205482208099
412,0.164892453671
413,0.0356013459766
414,0.164327360944
415,0.198078977133
416,0.521542827418
417,0.0
418,0.244049127645
419,0.618651833741
420,0.430155669865
421,0.175989232295
422,0.194944626957
423,0.476043771087
424,0.432625245236
425,0.133844278617
426,0.040566268122
427,0.0508415375184
428,0.0469886675592
429,0.260063085662
430,0.12788409998
431,0.329766382251
432,0.545467334792
433,0.349751474289
434,0.130525673495
435,0.197711972029
436,0.118966748892
437,0.295335590437
438,0.0402791665293
439,0.0133011064286
440,0.0063376065008
441,0.122521364589
442,0.0989275118926
443,0.0636429278979
444,0.0434426545938
445,0.0
446,0.162877313352
447,0.0
448,0.23382081122
449,0.0201703127541
450,0.00604865180015
451,0.06693400603
452,0.0
453,0.0310721556106
454,0.405068511852
455,0.673314239489
456,0.209393095409
457,0.655296248024
458,0.517697424655
459,0.233578571178
460,0.474354498804
461,0.319382170155
462,0.173642415029
463,0.298974297426
464,0.0
465,0.265952245708
466,0.202020827851
467,0.40243723837
468,0.395135942219
469,0.0954559599102
470,0.434411050134
471,0.175423686446
472,0.577916891283
473,0.476588416046
474,0.49289447022
475,0.528646903704
476,0.557175022766
477,0.604534618615
478,0.626950158157
479,0.629650128339
480,0.263719712792
481,0.619503572584
482,0.4043446958
483,0.521657771955
484,0.495358741327
485,0.476877118269
486,0.493379521908
487,0.343001207608
488,0.600018224708
489,0.54966436582
490,0.352961207383
491,0.457976039785
492,0.763645428749
493,0.425576992048
494,0.208167599004
495,0.0
496,0.0201982015936
497,0.0364354190225
498,0.233191744964
499,0.0
500,0.0418163980347
501,0.0063376065008
502,0.0893057532279
503,0.103545075232
504,0.0011869444407
505,0.178826568668
506,0.457426989732
507,0.125
508,0.0579235868726
509,0.465960961132
510,0.674067968424
511,0.287296495525
512,0.133827327296
513,0.0132164838537
514,0.00475715600185
515,0.156307480945
516,0.511211561221
517,0.0
518,0.218713006342
519,0.42838661258
520,0.125154738468
521,0.0361544001504
522,0.0
523,0.36872295035
524,0.65287507923
525,0.0
526,0.0
527,0.353370978274
528,0.106038267494
529,0.364360797517
530,0.0666329890559
531,0.152830729479
532,0.614006373055
533,0.507322147533
534,0.0853886860577
535,0.00814676550151
536,0.184390074937
537,0.329775459952
538,0.498407136924
539,0.229839141754
540,0.470758337543
541,0.578678498788
542,0.160545417581
543,0.432234239859
544,0.398338453346
545,0.00501092863816
546,0.153047464325
547,0.188512265895
548,0.390887988107
549,0.23652872463
550,0.0234681215297
551,0.216815921237
552,0.357939045295
553,0.142589362268
554,0.0826477444226
555,0.485824767706
556,0.228766299314
557,0.0365564197935
558,0.11050759317
559,0.521107354821
560,0.541918870842
561,0.349591049506
562,0.0
563,0.0
564,0.0716703787691
565,0.37806985955
566,0.505498039195
567,0.395324993947
568,0.370478677472
569,0.00661219950344
570,0.518233189963
571,0.153512932376
572,0.533700777264
573,0.333096307196
574,0.304657556706
575,0.192367655754
576,0.055055197035
577,0.382996309151
578,0.356276616569
579,0.0
580,0.0
581,0.0
582,0.0
583,0.474388949957
584,0.262569945048
585,0.391893498873
586,0.593681336595
587,0.288116931001
588,0.173710563273
589,0.223951544509
590,0.0704085562568
591,0.525494536279
592,0.00545013129063
593,0.58679102425
594,0.447260086012
595,0.538889179226
596,0.550555250775
597,0.199955395779
598,0.0
599,0.431434315289
600,0.158433641271
601,0.178226019006
602,0.326389817939
603,0.120948141872
604,0.0
605,0.0
606,0.0
607,0.0
608,0.0
609,0.0
610,0.0
611,0.0
612,0.0
613,0.0
614,0.527790755637
615,0.0
616,0.0
617,0.166666666667
618,0.0
619,0.199955395779
620,0.0
621,0.0
622,0.0
623,0.0
624,0.327767361893
625,0.379370633723
626,0.123093682768
627,0.400757015087
628,0.372138690285
629,0.0288423839165
630,0.28134942511
631,0.328651925992
632,0.628910468712
633,0.627050841622
634,0.563163045061
635,0.548692477874
636,0.777344135577
637,0.494303030954
638,0.771209435142
639,0.642322897328
640,0.0
641,0.0
642,0.272727272727
643,0.093023255814
644,0.331718116276
645,0.710243365089
646,0.712226339621
647,0.790554572729
648,0.72781746894
649,0.205836836011
650,0.554153347657
651,0.712804076631
652,0.885714699524
653,0.814741161475
654,0.84781340623
655,0.783417029284
656,0.0
657,0.0
658,0.0
659,0.0
660,0.0
661,0.0
662,0.0
663,0.0
664,0.0
665,0.0
666,0.0
667,0.0
668,0.0
669,0.0
670,0.697802970317
671,0.0
672,0.106638027778
673,0.0
674,0.133303597186
675,0.0
676,0.166666666667
677,0.0
678,0.0
679,0.141031341951
680,0.0
681,0.0
682,0.0
683,0.0
684,0.0
685,0.205989804125
686,0.133303597186
687,0.0
688,0.166666666667
689,0.0
690,0.56718881927
691,0.574054840792
692,0.369912463365
693,0.396926484453
694,0.404587271849
695,0.024646734347
696,0.0
697,0.0
698,0.0
699,0.0643362581585
700,0.0584454209886
701,0.128327105334
702,0.47304288631
703,0.390803315229
704,0.531953325275
705,0.491028842059
706,0.738641492086
707,0.700125146674
708,0.584887272749
709,0.492820968324
710,0.50714915262
711,0.66137813075
712,0.637839983773
713,0.784005945435
714,0.809531142113
715,0.858076833217
716,0.781543917217
717,0.795431983146
718,0.730168466335
719,0.744130047548
720,0.800795749787
721,0.796593705755
722,0.694200421803
723,0.679113236027
724,0.136328108511
725,0.372981632197
726,0.0506322845621
727,0.0786256955611
728,0.0946512657048
729,0.35801418387
730,0.496625164764
731,0.265519086925
732,0.259806873511
733,0.371437847176
734,0.478451414398
735,0.281311035781
