site,dnds
1,0.254546827306
2,0.162153728949
3,0.00984971961611
4,0.346615882382
5,0.624861293799
6,0.375043073399
7,0.0967248607642
8,0.115655283125
9,0.0777112802297
10,0.254659366806
11,0.418561973398
12,0.513728778075
13,0.328699933202
14,0.682461392771
15,0.0638456494252
16,0.628839445217
17,0.73098879792
18,0.0
19,0.0
20,0.0
21,0.471058966659
22,0.545840409095
23,0.57860934273
24,0.370523469203
25,0.643521193484
26,0.431640075508
27,0.597900029487
28,0.566204824628
29,0.435340468081
30,0.401998826231
31,0.712852881913
32,0.621651429121
33,0.484783297868
34,0.485038444824
35,0.623915625389
36,0.716449246373
37,0.641224962894
38,0.738755093833
39,0.718709052557
40,0.764701315378
41,0.07696123548
42,0.707049263355
43,0.656928522662
44,0.0
45,0.0
46,0.248587709167
47,0.562072091249
48,0.3325053178
49,0.46338668391
50,0.172006802031
51,0.0125498650305
52,0.284592667498
53,0.0
54,0.0181462151471
55,0.0
56,0.429538687096
57,0.217454991146
58,0.269076510557
59,0.379265831617
60,0.568963712864
61,0.209992944138
62,0.0
63,0.276724034511
64,0.662288906761
65,0.192818041246
66,0.436540786675
67,0.119141416168
68,0.422679383618
69,0.380360943751
70,0.283814333105
71,0.491587208751
72,0.432128413652
73,0.489402386501
74,0.039319165409
75,0.0
76,0.308155025515
77,0.27143744092
78,0.0555555555556
79,0.528361819111
80,0.556557046879
81,0.0
82,0.0
83,0.0
84,0.0
85,0.714946701831
86,0.530948688093
87,0.439928095338
88,0.235091123106
89,0.556168787312
90,0.409314768895
91,0.0
92,0.58886109679
93,0.611041017664
94,0.0
95,0.0
96,0.0
97,0.0
98,0.635887316974
99,0.220554194503
100,0.102994902063
101,0.594950507059
102,0.139247440036
103,0.0
104,0.0
105,0.0
106,0.0
107,0.0
108,0.0
109,0.0
110,0.0
111,0.0
112,0.0
113,0.0
114,0.0
115,0.0
116,0.0
117,0.34186903975
118,0.316877044923
119,0.254467889053
120,0.349117722347
121,0.191563079087
122,0.0308921395188
123,0.0794202599539
124,0.391390326585
125,0.00683025955969
126,0.137737508601
127,0.529164910129
128,0.362777418659
129,0.0599013869693
130,0.582407441469
131,0.291560058261
132,0.276173935941
133,0.36275244779
134,0.554231912753
135,0.520960443145
136,0.184512048434
137,0.0
138,0.353700428556
139,0.495227144479
140,0.0
141,0.265719061089
142,0.0165780441917
143,0.0
144,0.0612515007478
145,0.139883179579
146,0.123036350777
147,0.0
148,0.0
149,0.00235789118121
150,0.235773737453
151,0.191491489495
152,0.0
153,0.258747450089
154,0.161415560467
155,0.0992035109037
156,0.238543722646
157,0.0108427916183
158,0.0
159,0.0238238878223
160,0.0
161,0.0
162,0.0
163,0.0
164,0.33485164476
165,0.0191219177258
166,0.531960382579
167,0.339149053845
168,0.347066752641
169,0.460623602731
170,0.255168125157
171,0.563460105824
172,0.331838274387
173,0.202261559832
174,0.394338217234
175,0.387454817643
176,0.534839855264
177,0.373109075376
178,0.511863919837
179,0.668807668236
180,0.0
181,0.380722460804
182,0.28013269515
183,0.581268296619
184,0.807532929879
185,0.629580609933
186,0.440585365951
187,0.440508679166
188,0.520636128358
189,0.42648796467
190,0.545686308771
191,0.391337032233
192,0.0
193,0.542301239922
194,0.0734918327
195,0.261803782784
196,0.0
197,0.0
198,0.327561255789
199,0.0
200,0.37187666409
201,0.00266317913697
202,0.0130139492298
203,0.410585892421
204,0.247411571087
205,0.123226165433
206,0.261407214563
207,0.1441686486
208,0.30806361208
209,0.285485354955
210,0.406093788266
211,0.0
212,0.0
213,0.0
214,0.0
215,0.154032706791
216,0.196691073464
217,0.170212765957
218,0.0
219,0.319545398298
220,0.0840675553019
221,0.304901532892
222,0.227966568867
223,0.311047292475
224,0.0750660128364
225,0.170212765957
226,0.155691694764
227,0.0424917811838
228,0.0
229,0.0884651144963
230,0.164142961677
231,0.134524919862
232,0.57693404129
233,0.370335834048
234,0.544488644583
235,0.0
236,0.507809603002
237,0.522167912472
238,0.331237297609
239,0.471587940721
240,0.0866630883503
241,0.235287627088
242,0.416014629178
243,0.121439323897
244,0.41532524978
245,0.355470562427
246,0.347162995235
247,0.141719227577
248,0.629805891148
249,0.180289763222
250,0.0
251,0.0
252,0.0
253,0.0
254,0.454249286176
255,0.757910808069
256,0.143781536381
257,0.619519629221
258,0.252606370136
259,0.556325613528
260,0.300232949017
261,0.613458586837
262,0.0126746687793
263,0.194416472186
264,0.407639365174
265,0.280069725869
266,0.48756796326
267,0.60792386208
268,0.516390627672
269,0.526975424427
270,0.65732228808
271,0.131502197224
272,0.689608370529
273,0.696810398914
274,0.404173718679
275,0.445097209058
276,0.168793628533
277,0.0
278,0.0
279,0.0
280,0.213091151706
281,0.142857142857
282,0.0
283,0.0
284,0.100821408081
285,0.448794591511
286,0.249056613252
287,0.702150349204
288,0.679860766794
289,0.0
290,0.0
291,0.349280235749
292,0.236769075476
293,0.298370896276
294,0.589880132663
295,0.40161295776
296,0.2448403887
297,0.201676486552
298,0.425333990603
299,0.477011264661
300,0.121049603223
301,0.15042748884
302,0.539577919811
303,0.341387115808
304,0.0
305,0.442965499643
306,0.390873957759
307,0.0130139492298
308,0.00813969613153
309,0.0
310,0.0764897453477
311,0.0197935010425
312,0.534658756705
313,0.430232623575
314,0.571700341992
315,0.0169751955533
316,0.00475860613482
317,0.131230777771
318,0.0
319,0.0
320,0.0
321,0.0145541412966
322,0.055471643215
323,0.0
324,0.0
325,0.328571347793
326,0.168819571584
327,0.462255225276
328,0.6325580961
329,0.592507728592
330,0.620353737337
331,0.302067731404
332,0.574507456269
333,0.675858997675
334,0.263987904731
335,0.574588549071
336,0.574705807717
337,0.630266393706
338,0.303535128991
339,0.115037162015
340,0.543691629715
341,0.394736790652
342,0.038407791081
343,0.422512578182
344,0.0754193552283
345,0.490176951417
346,0.170212765957
347,0.267861385875
348,0.613137025614
349,0.380748163975
350,0.321862268467
351,0.632276840627
352,0.352758334551
353,0.0
354,0.0
355,0.0
356,0.0
357,0.0
358,0.0
359,0.00388826539187
360,0.32690654299
361,0.158532282282
362,0.0
363,0.0562837647395
364,0.0
365,0.0845243940414
366,0.0205582890732
367,0.227936866941
368,0.24662115643
369,0.0875430389531
370,0.274552770102
371,0.192282288736
372,0.00958154500261
373,0.00581348197833
374,0.379322903434
375,0.478970859716
376,0.653199714756
377,0.0706343029384
378,0.471028000045
379,0.140225685516
380,0.22915370148
381,0.100919218354
382,0.143471613727
383,0.644894505193
384,0.44046519777
385,0.0264184573274
386,0.0701545957581
387,0.00279155522584
388,0.0298965139682
389,0.0842042300969
390,0.146243866095
391,0.0289924690145
392,0.120948141872
393,0.510319970715
394,0.327789101818
395,0.0
396,0.468033419033
397,0.159532386725
398,0.0
399,0.0
400,0.219179353512
401,0.413458120764
402,0.122654727197
403,0.145518172347
404,0.117200836112
405,0.381997999327
406,0.231891298406
407,0.671083794495
408,0.278671320331
409,0.298385519124
410,0.579780003027
411,0.625622773008
412,0.179186724438
413,0.13266931331
414,0.633656164801
415,0.474143001076
416,0.146724673366
417,0.32051943303
418,0.577263098834
419,0.483034219648
420,0.080969873114
421,0.656531299657
422,0.55560849525
423,0.331888364364
424,0.0713512701408
425,0.267840485945
426,0.149618481232
427,0.554265329477
428,0.13682523323
429,0.204598653358
430,0.262148049504
431,0.0
432,0.0055519065209
433,0.157020379796
434,0.433647165991
435,0.380387099084
436,0.292153926569
437,0.603385100955
438,0.630666541851
439,0.165398729607
440,0.0299784281061
441,0.351030117605
442,0.30850642552
443,0.182657818204
444,0.530086990952
445,0.46407299884
446,0.486842652027
447,0.412520729124
448,0.223084791496
