site,dnds
1,0.265107865867
2,0.223346889724
3,0.381317529323
4,0.165083466843
5,0.317501082636
6,0.0
7,0.0
8,0.0
9,0.0
10,0.0
11,0.0
12,0.302418290591
13,0.635467250254
14,0.664514476556
15,0.246294399757
16,0.481895981836
17,0.412758318479
18,0.0967442627352
19,0.568713006376
20,0.316467864215
21,0.444019972212
22,0.415250822637
23,0.0
24,0.50499035329
25,0.327933228659
26,0.0104521436851
27,0.0893511651944
28,0.343033707369
29,0.128079133451
30,0.0917009436218
31,0.142523140117
32,0.0150246792457
33,0.0
34,0.0
35,0.0
36,0.0
37,0.0
38,0.132776341132
39,0.0
40,0.0
41,0.0
42,0.244136064148
43,0.0
44,0.0
45,0.0
46,0.532589756377
47,0.355945015526
48,0.336771994131
49,0.19721574796
50,0.324371205272
51,0.178541293723
52,0.218897601141
53,0.640868955956
54,0.687566805454
55,0.253652326328
56,0.145750936097
57,0.589846012593
58,0.590463921566
59,0.0538366742182
60,0.0
61,0.0
62,0.190476190476
63,0.0991229132633
64,0.145739610059
65,0.0
66,0.134899473774
67,0.0
68,0.257344872271
69,0.102296919905
70,0.2438527586
71,0.288645185222
72,0.0
73,0.222222222222
74,0.1
75,0.181422212808
76,0.167778665424
77,0.0
78,0.533443143678
79,0.350635416072
80,0.139370983053
81,0.424573205389
82,0.0
83,0.229265430749
84,0.150542996191
85,0.0414251913034
86,0.243333765583
87,0.427176123629
88,0.117024257173
89,0.256708260582
90,0.575212388408
91,0.514558186783
92,0.647769419523
93,0.656654617852
94,0.593811085253
95,0.377911422481
96,0.739609156497
97,0.424606940052
98,0.0325141245283
99,0.0
100,0.0
101,0.0
102,0.0
103,0.0
104,0.0
105,0.0
106,0.0
107,0.0
108,0.0
109,0.558238347842
110,0.0
111,0.0
112,0.0
113,0.0
114,0.0
115,0.797252411259
116,0.34888491658
117,0.655262875845
118,0.0476870698952
119,0.352382837976
120,0.395250465656
121,0.769860484133
122,0.595712927664
123,0.560379002148
124,0.313349804291
125,0.0
126,0.00805443524249
127,0.0247591957756
128,0.141031341951
129,0.0460587511645
130,0.4229366878
131,0.115560776424
132,0.0768112673761
133,0.0248765765042
134,0.118260209168
135,0.146983976191
136,0.102386255384
137,0.208396972482
138,0.0840788606894
139,0.071092018519
140,0.231742477833
141,0.349552966309
142,0.343717774118
143,0.0785428808429
144,0.0958766111239
145,0.111111111111
146,0.180330973804
147,0.176065875989
148,0.170212765957
149,0.423062127962
150,0.384450378739
151,0.504512744032
152,0.492379961895
153,0.689697202701
154,0.483380345321
155,0.384629936409
156,0.320513749407
157,0.387946537574
158,0.290585938598
159,0.184873862342
160,0.340548973065
161,0.388885557015
162,0.183139267827
163,0.343530372954
164,0.0916280408585
165,0.00543223414354
166,0.268995963348
167,0.0519815762128
168,0.00661219950344
169,0.0771340399309
170,0.475806126723
171,0.545147154812
172,0.414163838075
173,0.329237049631
174,0.0
175,0.0
176,0.0
177,0.0
178,0.0
179,0.0
180,0.0
181,0.0
182,0.0
183,0.0
184,0.0
185,0.0
186,0.0
187,0.0
188,0.0
189,0.0
190,0.0
191,0.614416259069
192,0.0
193,0.0
194,0.0
195,0.0
196,0.0
197,0.0708423837377
198,0.0685119682144
199,0.104698599062
200,0.108329519273
201,0.0729723967156
202,0.0778812415794
203,0.113097962015
204,0.31299657424
205,0.196090051237
206,0.0106843959586
207,0.154502996608
208,0.0
209,0.0778631950035
210,0.204500150111
211,0.0611957072279
212,0.0
213,0.180614898878
214,0.161921021577
215,0.220952318606
216,0.1873139742
217,0.0885772934512
218,0.0
219,0.0
220,0.0
221,0.0
222,0.142857142857
223,0.115303944349
224,0.369233524868
225,0.276319013771
226,0.00595965563559
227,0.360898427399
228,0.0617154575054
229,0.0126746687793
230,0.169688990198
231,0.235181106509
232,0.0826241106927
233,0.0
234,0.0
235,0.153846153846
236,0.0
237,0.252021738059
238,0.0
239,0.154848040436
240,0.179947246278
241,0.0
242,0.241094671499
243,0.106638027778
244,0.0
245,0.0
246,0.0
247,0.0
248,0.0
249,0.266666666667
250,0.0
251,0.166666666667
252,0.133303597186
253,0.0990210257943
254,0.0
255,0.0
256,0.0
257,0.0
258,0.213091151706
259,0.166666666667
260,0.266666666667
261,0.0867325491054
262,0.0
263,0.0
264,0.0
265,0.0
266,0.0
267,0.0
268,0.205989804125
269,0.0
270,0.125
271,0.0
272,0.0
273,0.142857142857
274,0.0
275,0.0
276,0.0
277,0.207371131752
278,0.339202380675
279,0.696750334443
280,0.241650061886
281,0.147863239254
282,0.0
283,0.0
284,0.0
285,0.138629436112
286,0.115524530093
287,0.239016269159
288,0.304400584152
289,0.0338120575883
290,0.213927468398
291,0.614382445869
292,0.791282593186
293,0.120761068533
294,0.395197944066
295,0.448294066723
296,0.556739251905
297,0.370596990404
298,0.197883443095
299,0.170212765957
300,0.0
301,0.475023409628
302,0.128394544291
303,0.0
304,0.0
305,0.0
306,0.0
307,0.0
308,0.0
309,0.0
310,0.0
311,0.166666666667
312,0.133303597186
313,0.106638027778
314,0.0
315,0.0
316,0.558954537438
317,0.216004433512
318,0.0353434181289
319,0.0831255123765
320,0.0281499383997
321,0.00573808413463
322,0.0171989779812
323,0.0
324,0.0
325,0.0
326,0.0
327,0.0
328,0.0
329,0.0
330,0.0
331,0.0
332,0.0
333,0.0
334,0.0
335,0.0
336,0.0
337,0.0
338,0.0
339,0.0
340,0.0
341,0.0
342,0.0
343,0.0
344,0.0
345,0.0
346,0.0
347,0.0
348,0.0
349,0.0
350,0.0
351,0.0
352,0.0
353,0.0
354,0.0
355,0.0
356,0.0364814305558
357,0.106638027778
358,0.244136064148
359,0.211547012926
360,0.0
361,0.0325508459644
362,0.0300068974852
363,0.0
364,0.0
365,0.0
366,0.0
367,0.139016608494
368,0.142857142857
369,0.641371649445
370,0.317299251017
371,0.0
372,0.665683245073
373,0.454291317894
374,0.545953612267
375,0.106638027778
376,0.153846153846
377,0.183436660872
378,0.0253593618293
379,0.207817989796
380,0.140655629194
381,0.0142622398416
382,0.0455068860177
383,0.17746548774
384,0.17060666471
385,0.268754471308
386,0.0
387,0.0
388,0.0
389,0.0
390,0.0
391,0.0
392,0.0
393,0.0
394,0.0
395,0.0
396,0.0
397,0.300173237314
398,0.200863009418
399,0.0
400,0.168299402098
401,0.305017969086
402,0.00535968309216
403,0.172082378634
404,0.00236447357457
405,0.365101686609
406,0.396384689891
407,0.070510673867
408,0.137393490918
409,0.418914702964
410,0.208006409753
411,0.0261436847837
412,0.0230334103112
413,0.213078431493
414,0.0
415,0.107587824926
416,0.177726678718
417,0.256418776112
418,0.57037916164
419,0.0820416449211
420,0.0595597703884
421,0.367534761528
422,0.299178759885
423,0.364879170787
424,0.31071072279
425,0.596964540696
426,0.0165126233291
427,0.244678876473
428,0.0
429,0.0163959455324
430,0.133123344145
431,0.0
432,0.0329865330285
433,0.0
434,0.105215183391
435,0.124603908371
436,0.018691777869
437,0.382909598939
438,0.421550067758
439,0.223237521028
440,0.0465867162015
441,0.342770274921
442,0.38346618734
443,0.0783397975854
444,0.0
445,0.595250635621
446,0.651373256228
447,0.477295185013
448,0.353163561516
449,0.516851316021
450,0.542989524065
451,0.617520615649
452,0.348492685988
453,0.0
454,0.0
455,0.0
456,0.606149862638
457,0.601477524296
458,0.678581113488
459,0.561505386195
460,0.0376663830893
461,0.0
462,0.0560118933786
463,0.0
464,0.132795758243
465,0.0821507769553
466,0.0
467,0.0
468,0.0
469,0.0
470,0.160772530049
471,0.225811537665
472,0.337498283192
473,0.287366040124
474,0.339311783826
475,0.272715726853
476,0.274085180504
477,0.228671427883
478,0.35368865558
479,0.406001655329
480,0.429071533325
481,0.393229948937
482,0.228846071413
483,0.359025222428
484,0.371938079158
485,0.351079269313
486,0.372019227432
487,0.269636516292
488,0.292113352415
489,0.546551835215
490,0.366043386956
491,0.443745429054
492,0.394841257128
493,0.506156289968
494,0.509245465397
495,0.331097599413
496,0.388620650637
497,0.547289174047
498,0.452255357989
499,0.237790328963
500,0.299894506808
501,0.301524563135
502,0.537845033405
503,0.596743459528
504,0.547828229445
505,0.649257123805
506,0.547241477974
507,0.846422541101
508,0.59129062841
509,0.548692899475
510,0.709826658805
511,0.7885093136
512,0.727852095517
513,0.810772571124
514,0.777674111216
515,0.780833933392
516,0.835028399041
517,0.785938921472
518,0.0
519,0.0
520,0.0
521,0.0
522,0.0
523,0.783110785207
524,0.79773285461
525,0.551538874462
526,0.324635040303
527,0.0737209287469
528,0.0
529,0.0621856012454
530,0.171457942335
531,0.0737209287469
532,0.0
533,0.0
534,0.0
535,0.0
536,0.0
537,0.0
538,0.0
539,0.0
540,0.0
541,0.0
542,0.0
543,0.307057571201
544,0.632389828144
545,0.0
546,0.0
547,0.0
548,0.0
549,0.471871448424
550,0.32866866909
551,0.348384898618
552,0.662824186405
553,0.579489280006
554,0.12557100853
555,0.383435441944
556,0.331089163692
557,0.663007825447
558,0.735146661164
559,0.667112320528
560,0.0119199520618
561,0.172935191709
562,0.491301664283
563,0.623423205474
564,0.238417277588
565,0.179449108309
566,0.484959585118
567,0.758920007765
568,0.341420610923
569,0.45621640307
570,0.439178268031
571,0.503577550356
572,0.0555555555556
573,0.0974267203918
574,0.0776699029126
575,0.235964997637
576,0.0701921195504
577,0.0462098120373
578,0.179019609833
579,0.231049060187
580,0.141756424344
581,0.345891645955
582,0.0364814305558
583,0.136819974187
584,0.0619819273541
585,0.333333333333
586,0.112676056338
587,0.0519029427717
588,0.0846188051704
589,0.0
590,0.0884651144963
591,0.114285714286
592,0.132776341132
593,0.0
594,0.213091151706
595,0.169014084507
596,0.0867325491054
597,0.0680500880741
598,0.213091151706
599,0.0
600,0.0
601,0.0
602,0.0
603,0.198922821986
604,0.0575539568345
605,0.206988981508
606,0.0728851309516
607,0.211547012926
608,0.0
609,0.262492436905
610,0.194671313729
611,0.399385625106
612,0.346760748651
613,0.450774395506
614,0.259647489053
615,0.406739852545
616,0.347499951751
617,0.378839135693
618,0.303730490505
619,0.314365443326
620,0.447817344662
621,0.368409798046
622,0.469406067259
623,0.317691464486
624,0.366031394627
625,0.258634400411
626,0.420351884707
627,0.341931163376
628,0.381723160648
629,0.350552821554
630,0.412355862708
631,0.619603332209
632,0.482951799116
633,0.349356717739
634,0.525600361075
635,0.393403509952
636,0.607491349006
637,0.407434843922
638,0.667484521036
639,0.556840377801
640,0.173702849797
641,0.604738033825
642,0.711835977368
643,0.605142411192
644,0.69246564005
645,0.570491703743
646,0.584399339624
647,0.659768243456
648,0.500253237207
649,0.713690886179
650,0.230668595791
651,0.275711342343
652,0.239956187462
653,0.210267834237
654,0.100406034351
655,0.221739495922
656,0.2507869196
657,0.0706392031144
658,0.211481417003
659,0.0383236844884
660,0.0840178400679
661,0.0
662,0.185343251349
663,0.08
664,0.239179925567
665,0.217618069052
666,0.0430178799928
667,0.0569710011419
668,0.198922821986
669,0.267625585714
670,0.0
671,0.309896878025
672,0.532522356079
673,0.498955018349
674,0.44177652398
675,0.584026587363
676,0.587826655387
677,0.4847085926
678,0.747004886245
679,0.665836238903
680,0.722474263521
681,0.458556216657
682,0.561261068261
683,0.402395142179
684,0.639235571422
685,0.676683523731
686,0.670644447308
687,0.740555143149
688,0.433101850221
689,0.381649959459
690,0.510427729201
691,0.609019384383
692,0.408585662892
693,0.273552154848
694,0.635586685871
695,0.0486419074077
696,0.0189553229032
697,0.46429797985
698,0.0562517293058
699,0.0562810286411
700,0.133303597186
701,0.0
702,0.0
703,0.160979075548
704,0.14626094848
705,0.325579921017
706,0.154032706791
707,0.187581238591
