site,dnds
1,0.0962156855888
2,0.38859835279
3,0.0312711495636
4,0.195207951889
5,0.374186337145
6,0.0173104273091
7,0.196463107214
8,0.0
9,0.0
10,0.0
11,0.126836120556
12,0.0
13,0.40910995067
14,0.344883824498
15,0.00652971531426
16,0.0
17,0.142445038355
18,0.320194982167
19,0.323119664778
20,0.347588418438
21,0.180679230623
22,0.510887466767
23,0.571413956667
24,0.504145185151
25,0.4643395819
26,0.587150055205
27,0.316915890245
28,0.3924035064
29,0.491653832141
30,0.361749212351
31,0.139966961164
32,0.539565094852
33,0.374941812799
34,0.0553725803374
35,0.188594391487
36,0.484097450861
37,0.421076592584
38,0.0463456794112
39,0.174583212447
40,0.281132502238
41,0.0
42,0.0
43,0.0
44,0.23204567148
45,0.221344940754
46,0.319294568353
47,0.322677452603
48,0.180061390173
49,0.288621119973
50,0.393043855788
51,0.564789090859
52,0.305700512474
53,0.291869724977
54,0.0
55,0.0
56,0.0
57,0.111030787026
58,0.0
59,0.0769230769231
60,0.102994902063
61,0.0
62,0.237096992493
63,0.440316271628
64,0.0488090612877
65,0.25174126182
66,0.492311808753
67,0.2626538516
68,0.489391883076
69,0.0393471228608
70,0.382714707329
71,0.394142970117
72,0.0120398747958
73,0.539758617151
74,0.375646529157
75,0.0803279893409
76,0.0
77,0.0324066723133
78,0.0532700504826
79,0.365224734968
80,0.315470002318
81,0.193074269625
82,0.343236672433
83,0.0576200490881
84,0.307978157086
85,0.0940829513837
86,0.45727041006
87,0.295140773691
88,0.334903075364
89,0.413294005017
90,0.304542094516
91,0.28681952299
92,0.0
93,0.157556557051
94,0.301550902762
95,0.266666666667
96,0.133303597186
97,0.098855694854
98,0.532416747907
99,0.43756265774
100,0.598110873376
101,0.401815881817
102,0.17891267055
103,0.346567261585
104,0.583848979048
105,0.623853510595
106,0.27695160027
107,0.100821408081
108,0.649138603383
109,0.145375571338
110,0.421744302678
111,0.47041379643
112,0.307614118331
113,0.0609449738994
114,0.0
115,0.0564006663117
116,0.0
117,0.0390667627385
118,0.0
119,0.0
120,0.0895326588844
121,0.211032275053
122,0.0217428507685
123,0.107218336754
124,0.103972387523
125,0.145217712771
126,0.171123813938
127,0.126770430039
128,0.338692166434
129,0.438384269985
130,0.3862046258
131,0.133781270494
132,0.469595328932
133,0.24688130871
134,0.137858939162
135,0.326588584392
136,0.384646713531
137,0.193380738493
138,0.0524271378615
139,0.300459955664
140,0.375769842867
141,0.0
142,0.0889441571249
143,0.512011705976
144,0.26549328224
145,0.0
146,0.184558590492
147,0.401583944005
148,0.0783759263191
149,0.232378761396
150,0.0741779371156
151,0.564598321244
152,0.133615655519
153,0.510585681477
154,0.0180314054405
155,0.323444056156
156,0.0
157,0.240475773587
158,0.0192929510591
159,0.188015941831
160,0.324911136817
161,0.0783373380148
162,0.257579633701
163,0.352477204295
164,0.503819081471
165,0.484457874005
166,0.635630362565
167,0.30227645455
168,0.438518344874
169,0.48252957511
170,0.297464923878
171,0.059330477466
172,0.552262652119
173,0.0
174,0.0
175,0.0
176,0.0
177,0.0
178,0.0
179,0.0
180,0.0
181,0.0
182,0.0
183,0.0
184,0.0
185,0.0
186,0.0
187,0.0
188,0.0
189,0.0
190,0.0
191,0.0
192,0.0
193,0.0
194,0.0
195,0.0
196,0.0
197,0.0
198,0.0
199,0.0
200,0.0
201,0.0
202,0.0
203,0.0
204,0.0
205,0.0
206,0.0
207,0.0
208,0.0
209,0.0
210,0.0
211,0.0
212,0.527353003678
213,0.386663091101
214,0.0
215,0.0
216,0.0
217,0.0
218,0.0
219,0.0
220,0.493411359952
221,0.510860307112
222,0.0781010907673
223,0.550108497319
224,0.398771075543
225,0.660806516704
226,0.162101035637
227,0.387893397316
228,0.0661040959613
229,0.321888065084
230,0.295206380826
231,0.172082939087
232,0.0
233,0.296168975917
234,0.0
235,0.307491788898
236,0.0658992180038
237,0.229385864598
238,0.0
239,0.280559308748
240,0.00961221071467
241,0.0729037473235
242,0.25941395563
243,0.0
244,0.443770332408
245,0.400017708648
246,0.569749334993
247,0.151341634363
248,0.16128062767
249,0.364838160827
250,0.322856523467
251,0.0800843647962
252,0.516877098045
253,0.405783735843
254,0.424901489652
255,0.127731730892
256,0.160925939339
257,0.106638027778
258,0.286729754899
259,0.305664790596
260,0.0179374920746
261,0.146741659735
262,0.0534031545752
263,0.116768025623
264,0.289324060937
265,0.445634924501
266,0.387879813411
267,0.00811790580388
268,0.441100749446
269,0.0105355874787
270,0.0453755865736
271,0.31556667497
272,0.102386255384
273,0.0767648670552
274,0.0
275,0.233295737121
276,0.470326790776
277,0.138682961433
278,0.0551044176105
279,0.354641202687
280,0.177030950155
281,0.0524277713894
282,0.27385758152
283,0.491537335956
284,0.377954491032
285,0.223087756786
286,0.359243730968
287,0.693258033735
288,0.542063030496
289,0.254463681639
290,0.479597873526
291,0.642905719334
292,0.373481430733
293,0.586642718
294,0.339395742594
295,0.558267954515
296,0.542634677167
297,0.316473976607
298,0.633702202326
299,0.433812164083
300,0.19500224247
301,0.227900467359
302,0.244976088286
303,0.286524594923
304,0.0
305,0.0925526624342
306,0.257561923344
307,0.31208937703
308,0.581282802942
309,0.647356819643
310,0.408337039438
311,0.568555952656
312,0.493865033078
313,0.550987595619
314,0.558065901648
315,0.529129689333
316,0.166047059615
317,0.227971006081
318,0.628633945747
319,0.398401193763
320,0.0636476809121
321,0.395262157081
322,0.362428532126
323,0.0610806629157
324,0.394449270135
325,0.327243234287
326,0.380095305868
327,0.177330895799
328,0.00602133859641
329,0.235732609248
330,0.00579713098706
331,0.326541719103
332,0.434676745906
333,0.332938774091
334,0.235512764938
335,0.448833425618
336,0.589370311345
337,0.192674592649
338,0.450608631826
339,0.583808769959
340,0.477008705533
341,0.0
342,0.0415726274611
343,0.266748694245
344,0.368498181049
345,0.605506234884
346,0.362448991877
347,0.391111865356
348,0.0
349,0.354549134609
350,0.00661219950344
351,0.054822162757
352,0.0413583794135
353,0.201758888411
354,0.130957783985
355,0.0
356,0.408604216549
357,0.0143857079069
358,0.280381978701
359,0.486489309752
360,0.109416956599
361,0.150226678538
362,0.0550010111056
363,0.0
364,0.324047120061
365,0.289492633732
366,0.623533223976
367,0.487030196654
368,0.736320786739
369,0.514329739965
370,0.700899568999
371,0.357189622494
372,0.343995524361
373,0.25873235256
374,0.0
375,0.0
376,0.0990210257943
377,0.230787459235
378,0.684834006355
379,0.514060995884
380,0.286874986096
381,0.40992453321
382,0.568516012546
383,0.393764433527
384,0.341821777763
385,0.150872341963
386,0.160787455929
387,0.128323023225
388,0.0
