site,dnds
1,0.099173553719
2,0.21365686633
3,0.446572424703
4,0.342241447372
5,0.52502246207
6,0.481298821614
7,0.612713673597
8,0.437751865618
9,0.473103883608
10,0.188477595825
11,0.247178963854
12,0.215805911219
13,0.0209281417401
14,0.590379857727
15,0.513128346562
16,0.252074211709
17,0.0431632558707
18,0.46075729619
19,0.476890562963
20,0.00782922848122
21,0.328340332012
22,0.00422097910625
23,0.019964439659
24,0.0956132193106
25,0.461925293904
26,0.0
27,0.0
28,0.232880029964
29,0.149837574766
30,0.589864853871
31,0.319528482238
32,0.343649226465
33,0.446865890974
34,0.398569536489
35,0.410710511368
36,0.486636246691
37,0.115495842625
38,0.0364814305558
39,0.0
40,0.0
41,0.0
42,0.0
43,0.420320381002
44,0.532700614105
45,0.573168394052
46,0.0
47,0.0
48,0.0
49,0.0
50,0.0
51,0.0
52,0.0
53,0.0
54,0.0
55,0.0
56,0.0
57,0.0
58,0.0
59,0.0
60,0.0
61,0.0
62,0.0
63,0.0
64,0.0
65,0.0
66,0.0
67,0.263383328595
68,0.183620476662
69,0.388483390771
70,0.726053790006
71,0.0113014514884
72,0.171034981141
73,0.389844062821
74,0.406863152801
75,0.0190714426775
76,0.100124443969
77,0.0629623879754
78,0.0120399736098
79,0.182179238376
80,0.0047532048756
81,0.209246500382
82,0.00802658319722
83,0.374936133656
84,0.546489597879
85,0.0
86,0.448002335762
87,0.0576570469769
88,0.0281105208931
89,0.62325681994
90,0.273571948334
91,0.120134341678
92,0.0
93,0.491301464003
94,0.2015426396
95,0.269638353981
96,0.442210179809
97,0.412449141472
98,0.21385402822
99,0.310032696029
100,0.430739883538
101,0.168127240726
102,0.438705340628
103,0.139123939321
104,0.4842158046
105,0.231624502161
106,0.292104590392
107,0.0
108,0.173514807343
109,0.262372297767
110,0.366626233916
111,0.0259948194798
112,0.17389272255
113,0.0181624433727
114,0.216978241313
115,0.0
116,0.0
117,0.0
118,0.0
119,0.0
120,0.0
121,0.0
122,0.181574689628
123,0.0132454565396
124,0.176130244525
125,0.40993395841
126,0.35966993058
127,0.254296413611
128,0.642036123761
129,0.1094888971
130,0.440754639562
131,0.532327114048
132,0.10448832288
133,0.441916085719
134,0.631323016108
135,0.235981377068
136,0.390913735284
137,0.449682924423
138,0.516233018063
139,0.21643190029
140,0.112902581632
141,0.441464441815
142,0.45819267118
143,0.171920206179
144,0.266685040629
145,0.275906561051
146,0.283608161531
147,0.0643999357557
148,0.400586155859
149,0.0047532048756
150,0.0661915294069
151,0.108422784203
152,0.165338535841
153,0.255235349607
154,0.0
155,0.245225319171
156,0.0
157,0.424848579338
158,0.52733256453
159,0.477973430316
160,0.269808831422
161,0.0
162,0.0
163,0.0
164,0.0
165,0.0
166,0.0
167,0.0
168,0.0
169,0.0
170,0.0
171,0.0
172,0.0
173,0.0
174,0.0
175,0.0
176,0.0
177,0.0
178,0.0
179,0.0
180,0.0
181,0.0
182,0.0
183,0.124371202491
184,0.0
185,0.0
186,0.0
187,0.0
188,0.0
189,0.0
190,0.0
191,0.142156123178
192,0.0
193,0.132028034392
194,0.0
195,0.0572421329094
196,0.0732408192445
197,0.0636023698993
198,0.0
199,0.0985570325102
200,0.193491893546
201,0.496012529344
202,0.271019912383
203,0.0583333958585
204,0.247911546014
205,0.173322239187
206,0.337507241263
207,0.498535493824
208,0.566463706586
209,0.528532939973
210,0.527891060346
211,0.425807088203
212,0.585871701855
213,0.665871763048
214,0.41705321734
215,0.0344077547065
216,0.0
217,0.0
218,0.0
219,0.0
220,0.0
221,0.0
222,0.0
223,0.0
224,0.0
225,0.166666666667
226,0.0
227,0.0
228,0.0
229,0.0
230,0.133303597186
231,0.0571428571429
232,0.147871398519
233,0.191938698734
234,0.0
235,0.174293774345
236,0.535302662774
237,0.0300551623007
238,0.125
239,0.27875794913
240,0.383594272385
241,0.260375698199
242,0.258157970114
243,0.518541709928
244,0.535449848528
245,0.512666754674
246,0.148754375678
247,0.588724579497
248,0.697560813982
249,0.512448318822
250,0.492603643572
251,0.506909997786
252,0.142968174964
253,0.0924196240747
254,0.251505914816
255,0.391889743651
256,0.523412124616
257,0.434571408688
258,0.293889387591
259,0.36662194103
260,0.421750423899
261,0.372099653666
262,0.10573739048
263,0.00597481934761
264,0.311463018081
265,0.199083607269
266,0.130235513089
267,0.00543223414354
268,0.398733769282
269,0.0827393550097
270,0.157191443558
271,0.412471648283
272,0.470473141853
273,0.0105868666331
274,0.124920933871
275,0.251647518349
276,0.114539272542
277,0.202651271825
278,0.0858119314278
279,0.0
280,0.249198530894
281,0.0483929247891
282,0.0
283,0.0264638733524
284,0.175920137215
285,0.509582304248
286,0.519140552677
287,0.274398390192
288,0.38685076968
289,0.365314224985
290,0.398216473049
291,0.301507028685
292,0.270828599644
293,0.460631465681
294,0.567199235687
295,0.315162149069
296,0.0272638065744
297,0.0
298,0.368572514855
299,0.216679313759
300,0.189638915228
301,0.0
302,0.291216595779
303,0.243531057689
304,0.0569864823985
305,0.00543223414354
306,0.204957749239
307,0.00542083984775
308,0.263651177928
309,0.0478037294696
310,0.135723299112
311,0.239163379045
312,0.339209193464
313,0.281129638062
314,0.0188525229557
315,0.690674696866
316,0.357566877182
317,0.179261785184
318,0.550311006991
319,0.522939940849
320,0.231188482005
321,0.0468419994351
322,0.375302312392
323,0.394789751462
324,0.396216079738
325,0.269382700079
326,0.165543210082
327,0.0
328,0.47753000752
329,0.481632541201
330,0.0891613655809
331,0.119922655337
332,0.0781026860207
333,0.27939361429
334,0.214145942203
335,0.172207826483
336,0.102002758031
337,0.424240952298
338,0.421502879994
339,0.495743649285
340,0.652356372107
341,0.510726997883
342,0.675339666195
343,0.295024973877
344,0.58966876791
345,0.518005134785
346,0.451931269455
347,0.276276995882
348,0.303757961575
349,0.469522515379
350,0.501666705606
351,0.566997278286
352,0.413913043409
353,0.588679487466
354,0.175727183921
355,0.698336018913
356,0.432455541739
357,0.215562903377
358,0.301927661777
359,0.498594119587
360,0.298324906136
361,0.0
362,0.0
363,0.218118612445
364,0.460582893718
365,0.386061957845
366,0.547090658477
367,0.52080345787
368,0.305635184256
369,0.12806364301
370,0.426809670647
371,0.137481378921
372,0.224989423609
373,0.343766531388
374,0.180190725378
375,0.208503258885
376,0.451258399719
377,0.111524012184
378,0.102254505512
379,0.151583384992
380,0.327966912891
381,0.248317297611
382,0.0475302284775
383,0.0951782300262
384,0.508343570576
385,0.4413758928
386,0.140105408638
387,0.418024319385
388,0.157613328493
389,0.386927655916
390,0.314844714488
391,0.194649560798
392,0.176107833642
393,0.15964790597
394,0.0653548986231
395,0.0499359732329
396,0.41156722312
397,0.343498931423
398,0.265501305431
399,0.514477008859
400,0.0618908457106
401,0.198608338393
402,0.460327344748
403,0.218458038966
404,0.0143400211642
405,0.411755137783
406,0.312706906208
407,0.450680272512
408,0.0
409,0.198590538497
410,0.0574887451572
411,0.0
412,0.0
413,0.189235604259
414,0.036000011465
415,0.422847189966
416,0.0808969830778
417,0.419745166451
418,0.537352384917
419,0.391234747058
420,0.272134471747
421,0.237924636611
422,0.462242855814
423,0.653063823217
424,0.292911017129
425,0.420125570604
426,0.514091577918
427,0.430238308898
428,0.260154170191
429,0.399587849186
430,0.200415591068
431,0.658932307474
432,0.0
433,0.0318410339388
434,0.518646740087
435,0.544236602177
436,0.674736799024
437,0.561904155917
438,0.20693964782
439,0.749031359677
440,0.677278253574
441,0.336720089591
442,0.185945370224
443,0.275704159426
444,0.112790817355
445,0.263678791034
446,0.285598596269
447,0.306831684499
448,0.103922784063
449,0.0918906618932
450,0.198103266786
451,0.0911891467247
452,0.58751750618
453,0.731778027804
454,0.125815236766
455,0.176598007786
456,0.546021156116
457,0.320883123376
458,0.0907597148023
459,0.159848980102
460,0.520750101299
461,0.240175353919
462,0.0508566579341
463,0.0723834980863
464,0.534354990488
465,0.416722597287
466,0.13989664503
467,0.292740738125
468,0.285134373915
469,0.171769174776
470,0.230344613777
471,0.174908681066
472,0.321198224516
473,0.10417474725
474,0.0939785366025
475,0.0
