site,dnds
1,0.0
2,0.144097632388
3,0.227847952421
4,0.262094069298
5,0.11134800562
6,0.112138286085
7,0.567337312791
8,0.619531941483
9,0.665264219153
10,0.572415721977
11,0.0
12,0.0
13,0.0
14,0.0817022619302
15,0.374610868899
16,0.704351572052
17,0.620079673699
18,0.41759579153
19,0.305879601031
20,0.571070522772
21,0.0
22,0.132334273309
23,0.489962650536
24,0.633644665004
25,0.348099136344
26,0.136767644338
27,0.00933945463464
28,0.0995645283642
29,0.372319297643
30,0.0215161140917
31,0.0
32,0.0
33,0.124465374313
34,0.0
35,0.679057660019
36,0.0
37,0.0
38,0.0
39,0.0
40,0.515206396734
41,0.0
42,0.0
43,0.483007686049
44,0.0
45,0.0
46,0.0
47,0.0
48,0.0
49,0.0
50,0.22948082332
51,0.172814510372
52,0.00633059587414
53,0.463645687191
54,0.133158090448
55,0.0099026674207
56,0.317384368668
57,0.00573808413463
58,0.0
59,0.129162689342
60,0.0362428181347
61,0.00978367917046
62,0.0
63,0.0
64,0.0
65,0.0992698684694
66,0.0232593482326
67,0.520335650163
68,0.068059282419
69,0.09103546761
70,0.21316887293
71,0.0990224112955
72,0.00633059587414
73,0.138310524728
74,0.476328865182
75,0.176862153521
76,0.0
77,0.334826832602
78,0.51214486399
79,0.459646615525
80,0.105114350857
81,0.0125033817104
82,0.212903243105
83,0.309059806
84,0.769738890793
85,0.370121427214
86,0.00962473829927
87,0.0479641188428
88,0.580114073611
89,0.0308329841803
90,0.347565262618
91,0.365301085392
92,0.248087650509
93,0.380227336267
94,0.147795355169
95,0.144861842679
96,0.256484354416
97,0.274390110204
98,0.0
99,0.265215445322
100,0.0
101,0.00962473829927
102,0.0
103,0.00633059587414
104,0.0
105,0.262175630986
106,0.0
107,0.134521677598
108,0.00933945463464
109,0.0246058192062
110,0.0899519657783
111,0.226555273589
112,0.282209478733
113,0.209359405041
114,0.0692013957149
115,0.2425600341
116,0.55503069642
117,0.284842207941
118,0.415109954077
119,0.569822556408
120,0.0
121,0.0
122,0.567194204045
123,0.25428786092
124,0.407142319421
125,0.0301929805408
126,0.576049676463
127,0.156596988483
128,0.0
129,0.0
130,0.687665356181
131,0.389135282134
132,0.594265012728
133,0.456697346278
134,0.553395820222
135,0.502281507369
136,0.648557882208
137,0.480959302529
138,0.0374821452103
139,0.170222438994
140,0.00235789118121
141,0.132359793121
142,0.0
143,0.252654849661
144,0.106825526988
145,0.00602133859641
146,0.112013358778
147,0.16603157525
148,0.0154391206096
149,0.157860721403
150,0.271985011551
151,0.0841926738249
152,0.431671874843
153,0.311569767557
154,0.398978160397
155,0.382776047893
156,0.520675706799
157,0.398740022861
158,0.397197545407
159,0.266374200854
160,0.0952136097096
161,0.307094095116
162,0.0373828673559
163,0.0239667463552
164,0.0
165,0.0615856028291
166,0.182303326072
167,0.0
168,0.0650463004341
169,0.277614951983
170,0.280642335647
171,0.0
172,0.545490505332
173,0.413798610442
174,0.454324899226
175,0.312324014615
176,0.507437829016
177,0.405547113345
178,0.0966193204174
179,0.223398267307
180,0.346135758491
181,0.536548025005
182,0.373279766079
183,0.523093699619
184,0.334021095491
185,0.328672733354
186,0.469977214266
187,0.598519850873
188,0.369072500183
189,0.140072847341
190,0.560456440014
191,0.547492163597
192,0.373767653307
193,0.444352191179
194,0.668107788482
195,0.522687968099
196,0.0
197,0.194740878685
198,0.222222222222
199,0.339599962362
200,0.10748365296
201,0.775755945734
202,0.695164545783
203,0.266877582796
204,0.26313033756
205,0.375553796754
206,0.514004508927
207,0.467242429968
208,0.379546639363
209,0.638864008733
210,0.555644666381
211,0.169301179782
212,0.115616661204
213,0.0197011887457
214,0.130025718491
215,0.317175361928
216,0.0212981413636
217,0.187518215913
218,0.32458169499
219,0.0
220,0.105376244972
221,0.375794002125
222,0.348272005925
223,0.0
224,0.300920526578
225,0.206873563228
226,0.450035090534
227,0.0
228,0.407411231352
229,0.0108380302907
230,0.508800273768
231,0.0195711487213
232,0.663842583797
233,0.645336184948
234,0.0524109041772
235,0.018869917741
236,0.483503763614
237,0.534157948645
238,0.733876983121
239,0.603906248131
240,0.0410364274398
241,0.712473933701
242,0.0953288380277
243,0.488202347061
244,0.477451520049
245,0.578713301243
246,0.360633835758
247,0.706219991694
248,0.271567921963
249,0.662410930583
250,0.578939494924
251,0.263041867848
252,0.0
253,0.500166795588
254,0.139755361306
255,0.364929170034
256,0.157395567347
257,0.0593648082344
