site,dnds
1,0.0
2,0.0
3,0.352294644707
4,0.415695389324
5,0.454016631466
6,0.0927189815169
7,0.483125048333
8,0.512537711782
9,0.381367666298
10,0.125533995252
11,0.14875803872
12,0.667723957876
13,0.519868832917
14,0.425200210461
15,0.326298441502
16,0.119251127838
17,0.248672128887
18,0.303008688179
19,0.566392592638
20,0.41206271923
21,0.306175602835
22,0.257095148151
23,0.222768316227
24,0.00717572134546
25,0.404527394166
26,0.0980115580048
27,0.0293935912732
28,0.0
29,0.0916799407084
30,0.52730862882
31,0.580106074634
32,0.268678650388
33,0.30405399717
34,0.563821313021
35,0.627442691129
36,0.246124470453
37,0.29002210889
38,0.235835733937
39,0.143954127152
40,0.195642562286
41,0.255343636569
42,0.169688648146
43,0.434912799895
44,0.00268555557772
45,0.362877749996
46,0.0445463660219
47,0.0116876106635
48,0.287101165234
49,0.521412218117
50,0.378957539157
51,0.354223595297
52,0.62524071395
53,0.390193649581
54,0.0
55,0.0
56,0.0
57,0.201603301273
58,0.336842105263
59,0.167778665424
60,0.18280804762
61,0.221234367495
62,0.237044044581
63,0.470649032272
64,0.336031743021
65,0.467136681291
66,0.765894983968
67,0.497417805868
68,0.608926220601
69,0.499564767776
70,0.0
71,0.0
72,0.0867325491054
73,0.0
74,0.0579235868726
75,0.0
76,0.266666666667
77,0.0727272727273
78,0.260415100262
79,0.109861228867
80,0.15392247096
81,0.22198740985
82,0.269470623017
83,0.234716505586
84,0.280780287814
85,0.20862241782
86,0.108723238199
87,0.138629436112
88,0.100390364865
89,0.184839248149
90,0.218470603943
91,0.0
92,0.1177084595
93,0.274623251892
94,0.244897959184
95,0.103648176532
96,0.0
97,0.0
98,0.284364869197
99,0.0
100,0.0
101,0.0
102,0.254699805556
103,0.0
104,0.0
105,0.0
106,0.0
107,0.0
108,0.0
109,0.0
110,0.742682611523
111,0.323716325899
112,0.606025721334
113,0.427097914702
114,0.497091404593
115,0.517340850866
116,0.354332497626
117,0.535926509653
118,0.432533619436
119,0.420350469472
120,0.507650628007
121,0.707433965682
122,0.649243537453
123,0.264718442063
124,0.467418737568
125,0.624447567606
126,0.392554306282
127,0.0867325491054
128,0.0
129,0.504541874233
130,0.316709345759
131,0.352757541964
132,0.115128722872
133,0.521838918063
134,0.0573023521946
135,0.212421074909
136,0.517955237703
137,0.28510538178
138,0.0
139,0.627807820164
140,0.285142652622
141,0.280614832764
142,0.322325349157
143,0.371696370158
144,0.737785410354
145,0.0
146,0.0
147,0.332973903943
148,0.395496121393
149,0.316019254849
150,0.17605139262
151,0.535801238887
152,0.581160981506
153,0.469192010986
154,0.189090401583
155,0.0
156,0.0
157,0.500149077698
158,0.486514564557
159,0.542895896715
160,0.417634241812
161,0.571407466526
162,0.680068708985
163,0.520117731182
164,0.278142961032
165,0.655343442691
166,0.643368346671
167,0.408992815594
168,0.475009023516
169,0.566906371605
170,0.622694690134
171,0.643877646861
172,0.490779197284
173,0.0
174,0.0
175,0.0
176,0.0
177,0.0
178,0.0
179,0.0863927970526
180,0.55587255156
181,0.205835319928
182,0.45521343145
183,0.571280683212
184,0.368765928278
185,0.229132873744
186,0.39605215963
187,0.261644507071
188,0.0273659430346
189,0.312830147948
190,0.500165376023
191,0.180276212774
192,0.259263662941
193,0.445026948213
194,0.728003211522
195,0.414398727695
196,0.524041531085
197,0.526513414896
198,0.0
199,0.102688471194
200,0.0
201,0.0
202,0.0
203,0.474260598611
204,0.462126920302
205,0.520074037258
206,0.579897599273
207,0.464821201595
208,0.202562017363
209,0.435585505321
210,0.238577265728
211,0.180550911572
212,0.0894383458787
213,0.245898989705
214,0.241569395882
215,0.586539983361
216,0.0
217,0.0
218,0.0
219,0.0
220,0.0
221,0.0
222,0.0
223,0.0658911656507
224,0.262442984014
225,0.0
226,0.0616002832873
227,0.0
228,0.170212765957
229,0.0867325491054
230,0.147871398519
231,0.0680500880741
232,0.0701921195504
233,0.106638027778
234,0.0
235,0.0
236,0.0
237,0.211547012926
238,0.0
239,0.0
240,0.0
241,0.0728851309516
242,0.278978768259
243,0.284751009548
244,0.399842072818
245,0.2548966239
246,0.0283278541225
247,0.425014229366
248,0.223950253032
249,0.475436111957
250,0.415804994032
251,0.517674143885
252,0.476408209196
253,0.637989156435
254,0.472963050885
255,0.385488889621
256,0.584952490515
257,0.631196583415
258,0.378671895098
259,0.0
260,0.166666666667
261,0.0
262,0.106638027778
263,0.719269673462
264,0.145727899916
265,0.164988273819
266,0.26073039892
267,0.428469946409
268,0.0
269,0.0
270,0.448925434267
271,0.010337733067
272,0.460177293474
273,0.590435078503
274,0.749766174455
275,0.747443248951
276,0.732639340785
277,0.235016334748
278,0.26943406545
279,0.253265315974
280,0.226035100125
281,0.502298341453
282,0.190751452811
283,0.239410588408
284,0.657293376196
285,0.438403142996
286,0.421031598215
287,0.548807975914
288,0.479210848602
289,0.283513640667
290,0.474205232053
291,0.275112999199
292,0.36809345081
293,0.510287520016
294,0.424352978078
295,0.446222490686
296,0.205756877932
297,0.0
298,0.115280871196
299,0.270372474338
300,0.144623900674
301,0.385612927682
302,0.370820322357
303,0.388059026196
304,0.397903353083
305,0.19173573071
306,0.488091828222
307,0.459717502579
308,0.560182832078
309,0.523359603236
310,0.620670140747
311,0.593800113851
312,0.538742546276
313,0.694082660625
314,0.541772883697
315,0.274769762383
316,0.318385137303
317,0.31363623103
318,0.171655184508
319,0.136328704686
320,0.311531242827
321,0.0
322,0.112782778463
323,0.120631313069
324,0.236081744647
325,0.235893078347
326,0.552781512312
327,0.0
328,0.0
329,0.456232762995
330,0.0376812114297
331,0.584401778984
332,0.576363642848
333,0.576925154783
334,0.614759323283
335,0.295219274836
336,0.627188193669
337,0.654860711721
338,0.574483368433
339,0.0882197853607
340,0.586699573314
341,0.271917033506
342,0.531741942359
343,0.404995830675
344,0.660191418115
345,0.694346668575
346,0.342072627144
347,0.358709354787
348,0.711617280446
349,0.29179748108
350,0.168142157659
351,0.0
