site,dnds
1,0.0
2,0.0
3,0.0
4,0.0
5,0.0
6,0.0
7,0.0
8,0.0
9,0.206963453282
10,0.0843577425002
11,0.499314013807
12,0.462349556465
13,0.373661065624
14,0.401344285833
15,0.303934768374
16,0.364151141519
17,0.180009456376
18,0.0523180784656
19,0.203133603361
20,0.613095100719
21,0.307086306698
22,0.614979014526
23,0.135128694468
24,0.409294743499
25,0.620703037731
26,0.341417372689
27,0.341450839853
28,0.090068746539
29,0.464964769435
30,0.507226559355
31,0.0
32,0.0912085458879
33,0.471324060005
34,0.685736140958
35,0.339887481136
36,0.224064755487
37,0.169769748611
38,0.158861008517
39,0.0
40,0.0
41,0.0
42,0.0
43,0.0
44,0.0
45,0.100592019621
46,0.321351928249
47,0.348127096605
48,0.229543990586
49,0.156776930254
50,0.0522897012481
51,0.413076810159
52,0.127864295325
53,0.153169556586
54,0.0
55,0.539142585907
56,0.46096184711
57,0.527749869122
58,0.381636593577
59,0.392495128153
60,0.261952975908
61,0.0
62,0.0
63,0.0
64,0.0
65,0.0
66,0.0712094658978
67,0.104547930174
68,0.199005796448
69,0.0733531239063
70,0.233877765811
71,0.0376922411616
72,0.34723585136
73,0.531279901727
74,0.417928096899
75,0.425224469048
76,0.316320658064
77,0.637647531063
78,0.304021583733
79,0.677816062327
80,0.220081538766
81,0.360047224807
82,0.283477533356
83,0.107665268632
84,0.353257025192
85,0.391433773295
86,0.228781672472
87,0.0
88,0.0
89,0.0
90,0.0
91,0.0
92,0.0
93,0.0
94,0.0
95,0.0
96,0.0
97,0.0
98,0.0
99,0.185222975676
100,0.250142978263
101,0.393169789432
102,0.395574467214
103,0.386920466175
104,0.506114540814
105,0.391304347826
106,0.239553132516
107,0.0794177558073
108,0.123942942264
109,0.282638707385
110,0.172008909046
111,0.12054733575
112,0.156019039286
113,0.482051025101
114,0.0544546693969
115,0.303788495779
116,0.00633059587414
117,0.00677994344356
118,0.0
119,0.128041613087
120,0.083889332712
121,0.0
122,0.307775937035
123,0.161591484888
124,0.412085350265
125,0.265566654075
126,0.118410140906
127,0.436196658118
128,0.409724486686
129,0.0
130,0.0
131,0.0
132,0.591145199194
133,0.0058214237956
134,0.365802281425
135,0.401355485256
136,0.272631862641
137,0.222980111578
138,0.342082079597
139,0.146836347342
140,0.00958154500261
141,0.394531224139
142,0.0
143,0.194888619097
144,0.178773175903
145,0.198231485398
146,0.35282586114
147,0.221367287586
148,0.136223911083
149,0.229899920003
150,0.0681581481504
151,0.0207435638535
152,0.389110349103
153,0.254948839375
154,0.0
155,0.461269992005
156,0.260539382729
157,0.172269544549
158,0.0566247619862
159,0.399899562241
160,0.172339800621
161,0.448749688461
162,0.554486616598
163,0.568308632459
164,0.179362383465
165,0.562848609202
166,0.356608948797
167,0.0408789274154
168,0.0
169,0.243205191379
170,0.619824175219
171,0.418143067559
172,0.509048833016
173,0.287665187899
174,0.193882329511
175,0.0
176,0.0
177,0.463613989149
178,0.0512606905124
179,0.439923271508
180,0.481871949472
181,0.536399839942
182,0.0171309540161
183,0.624322111746
184,0.341252068113
185,0.390947926558
186,0.0138844036299
187,0.658758274799
188,0.196848765432
189,0.5800412685
190,0.303063563803
191,0.538703255831
192,0.449485419464
193,0.505067409277
194,0.587732863526
195,0.366978796555
196,0.388727496088
197,0.0390039865799
198,0.120725154104
199,0.237989410417
200,0.362129810374
201,0.270625336276
202,0.550370208325
203,0.722494596811
204,0.338431035078
205,0.627174960933
206,0.380103092653
207,0.334945136111
208,0.420487533167
209,0.419614790131
210,0.534934605767
211,0.343411199988
212,0.0575892685222
213,0.28638328692
214,0.0614373669683
215,0.00663042756548
216,0.00235789118121
217,0.134553906665
218,0.0
219,0.0736143432259
220,0.0830554925802
221,0.0
222,0.138208313186
223,0.261820847228
224,0.0015421810768
225,0.373658446045
226,0.32841257942
227,0.433654582803
228,0.0
229,0.235101369195
230,0.161632213769
231,0.468808020188
232,0.376570935695
233,0.273309258278
234,0.0835650120149
235,0.377424802956
236,0.0544331990652
237,0.0731004203411
238,0.0
239,0.220000862107
240,0.368197562182
241,0.644077536813
242,0.0285941226387
243,0.6492957769
244,0.0
245,0.0126461016613
246,0.443716429339
247,0.400650774678
248,0.520218321249
249,0.254335105778
250,0.355852980978
251,0.186067307972
252,0.125482122556
253,0.00689838812801
254,0.2432477017
255,0.339128347864
256,0.145064332788
257,0.491302635816
258,0.00951035923593
259,0.0819895341423
260,0.117227702671
261,0.12868612157
262,0.150725526919
263,0.541067631992
264,0.191181827291
265,0.146282245649
266,0.285135007247
267,0.648892342059
268,0.494050484048
269,0.290997331773
270,0.569529523961
271,0.610454460184
272,0.382849370199
273,0.0
274,0.311040488156
275,0.582212665633
276,0.276511681042
277,0.284236552172
278,0.356932281131
279,0.0
280,0.402170817812
281,0.217421355711
282,0.146426315619
283,0.234118216421
284,0.289148660943
285,0.21433357416
286,0.566899170541
287,0.400455324976
288,0.400341300881
289,0.468783426513
290,0.434289408496
291,0.55304868589
292,0.250264901033
293,0.269109084003
294,0.405100232876
295,0.0
296,0.0
297,0.0
298,0.0
299,0.0
300,0.0
301,0.0
302,0.0
303,0.0
304,0.0
305,0.0
306,0.0
307,0.0
308,0.0
309,0.0
310,0.0
311,0.213091151706
312,0.224428931713
313,0.0
314,0.241094671499
315,0.196110128143
316,0.15623255237
317,0.0737209287469
318,0.199368464171
319,0.481060478802
320,0.0833333333333
321,0.0660140171962
322,0.00707232291924
323,0.636417142392
324,0.104815355001
325,0.346809818886
326,0.419794277369
327,0.0
328,0.106638027778
329,0.0
330,0.0
331,0.0
332,0.0
333,0.0
334,0.133303597186
335,0.0
336,0.0
337,0.132776341132
338,0.0
339,0.0
340,0.00237109574003
341,0.148241145384
342,0.157697419124
343,0.323203422727
344,0.455750553005
345,0.480155587061
346,0.319465842488
347,0.437066974995
348,0.447204692849
349,0.488431360292
350,0.358804947543
351,0.434858091373
352,0.0
353,0.0
354,0.0
355,0.0974618772402
356,0.466265018185
357,0.363811392234
358,0.45380521491
359,0.233229234801
360,0.213923398495
361,0.497013010165
362,0.528794822325
363,0.0878889830934
364,0.0
365,0.241744683951
366,0.0769230769231
367,0.0735080807888
368,0.0
369,0.434892888923
370,0.245927085371
371,0.109634941456
372,0.0765943279884
373,0.344801629707
374,0.442627145556
375,0.48165979667
376,0.412565113848
377,0.312400140759
378,0.446551191055
379,0.000657947015244
380,0.00707571717044
381,0.0111950150088
382,0.0929022348432
383,0.187387859841
384,0.0320350427732
385,0.374827491603
386,0.474402661181
387,0.302588101858
388,0.209404666758
389,0.33219792459
390,0.602032032002
391,0.305402164841
392,0.405002727594
393,0.0
394,0.182927149043
395,0.0816204360923
396,0.0
397,0.261594251571
398,0.0
399,0.0
400,0.0
401,0.0402265211321
402,0.187849963915
403,0.240775225776
404,0.0
405,0.23990805602
406,0.114427150339
407,0.53463734615
408,0.45995981658
409,0.289781810656
410,0.0900920347373
411,0.16739230516
412,0.597609683384
413,0.238543391918
414,0.228628132543
415,0.291240620805
416,0.399426437085
417,0.287022108872
418,0.15958303381
419,0.00623409172989
420,0.21076095075
421,0.623596341137
422,0.343298254545
423,0.139326066444
424,0.30685535378
425,0.478177755064
426,0.210667925449
427,0.550134966456
428,0.121661382249
429,0.0556179974153
