site,dnds
1,0.0
2,0.0
3,0.17522503166
4,0.320432044437
5,0.159407163267
6,0.587121578239
7,0.412982308618
8,0.119938366557
9,0.0698096777896
10,0.357139661562
11,0.204398690811
12,0.0432751078995
13,0.268004404234
14,0.0755092331075
15,0.598719438583
16,0.225373046139
17,0.504496997695
18,0.468527471199
19,0.102589736518
20,0.423183591658
21,0.635703584275
22,0.332965768656
23,0.110713096694
24,0.257749790576
25,0.58809299049
26,0.385904792987
27,0.0
28,0.0
29,0.0
30,0.0
31,0.0
32,0.0
33,0.0
34,0.0
35,0.0
36,0.0
37,0.0
38,0.0
39,0.0
40,0.0
41,0.0
42,0.0
43,0.0
44,0.0
45,0.0
46,0.0
47,0.0
48,0.0
49,0.0
50,0.0
51,0.0
52,0.0
53,0.0
54,0.0
55,0.406434882809
56,0.46259559915
57,0.136830327739
58,0.41878447087
59,0.410298678518
60,0.0842105263158
61,0.362909908288
62,0.0
63,0.106638027778
64,0.386153791457
65,0.50749514988
66,0.554808943425
67,0.0
68,0.0
69,0.33323720541
70,0.0
71,0.125
72,0.199955395779
73,0.0
74,0.199955395779
75,0.0
76,0.0
77,0.0
78,0.0
79,0.0
80,0.0
81,0.0
82,0.0
83,0.133303597186
84,0.38477382884
85,0.608753833341
86,0.60870157596
87,0.243850457809
88,0.44401487171
89,0.660696259523
90,0.447936434341
91,0.292914173623
92,0.0
93,0.0
94,0.618502606927
95,0.442677473566
96,0.0181023957289
97,0.633081950176
98,0.672265125041
99,0.189701619081
100,0.567961147228
101,0.0
102,0.196514301874
103,0.282184375654
104,0.171923885517
105,0.613370804197
106,0.131813583422
107,0.541275690689
108,0.591145066772
109,0.0599473099164
110,0.241686137472
111,0.492135778425
112,0.443071521053
113,0.045166152265
114,0.562352949238
115,0.465889770658
116,0.303907452033
117,0.363827267041
118,0.522359747408
119,0.559267738452
120,0.596413554964
121,0.375212819632
122,0.377953189599
123,0.0
124,0.0
125,0.286990973827
126,0.0376496098099
127,0.171905614116
128,0.169125746351
129,0.125555690133
130,0.0909090909091
131,0.64306807311
132,0.0589187873693
133,0.00498976934448
134,0.0
135,0.0
136,0.0
137,0.0
138,0.0
139,0.141031341951
140,0.0
141,0.0
142,0.0
143,0.439900755073
144,0.380690999483
145,0.459895963666
146,0.12546245011
147,0.00432499683584
148,0.435123636684
149,0.473218872865
150,0.491247098467
151,0.325692461764
152,0.00634802727932
153,0.0975698880583
154,0.60414197045
155,0.575747107636
156,0.139309404569
157,0.59760722765
158,0.190804992867
159,0.354795238404
160,0.270884031986
161,0.397215911522
162,0.262118359587
163,0.329746462654
164,0.0858725283561
165,0.211968816878
166,0.33468877486
167,0.0
168,0.0967438160913
169,0.458522425297
170,0.118178299127
171,0.306215063427
172,0.483923949471
173,0.607119128837
174,0.398879223852
175,0.544243456435
176,0.290568407239
177,0.491445513515
178,0.711599971616
179,0.461980121402
180,0.734794205097
181,0.735486348308
182,0.79452722475
183,0.0342646570232
184,0.271860120883
185,0.214034765849
186,0.309350737844
187,0.161928982966
188,0.68855657267
189,0.342301548461
190,0.270568017369
191,0.537917166699
192,0.625833163213
193,0.230924948302
194,0.422234877628
195,0.44084355806
196,0.116986865917
197,0.264010610899
198,0.197430547785
199,0.438183634795
200,0.0
201,0.0
202,0.0
203,0.0
204,0.735639158523
205,0.179645595705
206,0.210271034365
207,0.336319040728
208,0.541104299759
209,0.590417138814
210,0.376063106748
211,0.682287615396
212,0.443536892389
213,0.590849481605
214,0.4217557277
215,0.655504819642
216,0.161101440393
217,0.42646049968
218,0.594366163202
219,0.47361309477
220,0.450240523522
221,0.409735701469
222,0.59949875577
223,0.447176634776
224,0.553497687764
225,0.301894856795
226,0.365505115872
227,0.206475417217
228,0.444376515036
229,0.503937179859
230,0.609380963527
231,0.371253630176
232,0.444035202554
233,0.465296342326
234,0.463023950439
235,0.456542293874
236,0.321439295788
237,0.158401449414
238,0.0467662575694
239,0.229725643748
240,0.430400705287
241,0.483875040706
242,0.120224696406
243,0.150019693143
244,0.283708567894
245,0.362325254523
246,0.443714924517
247,0.337645127459
248,0.396130524677
249,0.435719477719
250,0.0
251,0.167535228056
252,0.194905995955
253,0.455287000512
254,0.124151465118
255,0.0
256,0.0638455167924
257,0.28270339982
258,0.0
259,0.342581252629
260,0.374896599306
261,0.327886127806
262,0.260057389054
263,0.299845302949
264,0.40170393468
265,0.0610687022901
266,0.714515686856
267,0.0940395877156
268,0.384006110249
269,0.0617066414772
270,0.0543129980461
271,0.564085221461
272,0.0753189568703
273,0.180029694888
274,0.598989317888
275,0.434077220026
276,0.435988137239
277,0.120373078621
278,0.219695554918
279,0.375913291409
280,0.407474098026
281,0.0294994485049
282,0.345953127996
283,0.0297551371615
284,0.499436724544
285,0.0
286,0.199127296965
287,0.110469915821
288,0.708112285432
289,0.626275722031
290,0.65318553549
291,0.0
292,0.283408419046
293,0.30671708536
294,0.0855171809119
295,0.641249581778
296,0.0
297,0.128041613087
298,0.0
299,0.0
300,0.167778665424
301,0.0
302,0.10980549395
303,0.0
304,0.0
305,0.31105458901
306,0.431724934924
307,0.215674514228
308,0.489640145394
309,0.0
310,0.755578142195
311,0.578021143185
312,0.559200522836
313,0.510271403474
314,0.373063245165
315,0.539271802097
316,0.598523706725
317,0.725380374049
318,0.632907267962
319,0.636530103649
320,0.18953195575
321,0.360507006933
322,0.534348979012
323,0.648598699799
324,0.699567463994
325,0.435256124628
326,0.559037059675
327,0.0877033869738
328,0.370330178512
329,0.379947305144
330,0.129486915709
331,0.517781767604
332,0.335257493318
333,0.342521096356
334,0.114882983002
335,0.338433366998
336,0.24004717779
337,0.142408508411
338,0.356189396616
339,0.478647232951
340,0.513172646735
341,0.394420441417
342,0.520018055073
343,0.552506896297
344,0.638644420412
345,0.612995869456
346,0.415288649665
347,0.641101485779
348,0.752351982184
349,0.448784220098
350,0.295100861606
351,0.461386628247
352,0.0
353,0.147871398519
354,0.0
355,0.614249560776
356,0.413216612141
357,0.607205299095
358,0.519895206972
359,0.757929432144
360,0.411368158833
361,0.178226019006
362,0.347947140068
363,0.545259769718
364,0.758338535598
365,0.214014600936
366,0.439139083612
367,0.52899633405
368,0.0
369,0.694994270488
370,0.145625198379
371,0.580603290627
372,0.667936296413
373,0.0812641333308
374,0.157661696604
375,0.543324992094
376,0.583407886266
377,0.754150889342
378,0.756870579075
379,0.720644126284
380,0.757656819172
381,0.595697433544
382,0.623297353064
383,0.600064043995
384,0.643736599586
385,0.668749155219
386,0.663011107445
387,0.363960370118
388,0.651676027493
389,0.47493977966
390,0.369392705018
391,0.151749443723
392,0.4525749113
393,0.645038355466
394,0.280804781424
395,0.460558379297
396,0.198256942669
397,0.394166513691
398,0.140804566689
399,0.107130892945
400,0.370161493687
401,0.448691312558
402,0.427366439378
403,0.0
404,0.0
405,0.0
406,0.0
407,0.00936527992426
408,0.462631107864
409,0.751854730615
410,0.00739883603655
411,0.300975542099
412,0.662092081636
413,0.505352837402
414,0.0738062708665
415,0.643073333832
416,0.747654390477
417,0.332653399117
418,0.686553600892
419,0.548460893259
420,0.645506530542
421,0.460717826809
422,0.163222114075
423,0.586523978991
424,0.567224785376
425,0.732668741587
426,0.0293267628931
427,0.525029304447
428,0.644389957239
429,0.49131773555
430,0.0
431,0.322149037291
432,0.23382153121
433,0.571784327729
434,0.620174537112
435,0.0
436,0.149692076232
437,0.363666097405
438,0.480780139924
439,0.198466985602
440,0.42414627659
441,0.194741397809
442,0.419113980115
443,0.377250139147
444,0.249321587545
445,0.221875325935
446,0.0790709545162
447,0.168073319874
448,0.088523790898
449,0.0754445910814
450,0.207289826711
451,0.0
452,0.0
453,0.0
454,0.0
455,0.0
456,0.0
457,0.0
458,0.0
459,0.541582768715
460,0.195753716274
461,0.771595124385
462,0.621593913836
463,0.485944312416
464,0.149722272397
465,0.712038126543
466,0.248153603539
467,0.0
468,0.0
469,0.658198292098
470,0.688751258435
471,0.661606438052
472,0.383050806032
473,0.60860442402
474,0.478611819693
475,0.453284482798
476,0.542541332657
477,0.39569259841
478,0.229493383141
479,0.0
480,0.114285714286
481,0.0
482,0.119072741766
483,0.0
484,0.055055197035
485,0.0298127819596
486,0.249591794978
487,0.027972027972
488,0.269210083356
489,0.36159252629
490,0.176245561297
491,0.212197160572
492,0.298283731416
493,0.089894110385
494,0.5923980152
495,0.567824034626
496,0.0
497,0.125533995252
498,0.0
499,0.0
500,0.514610211616
501,0.524748454757
502,0.309439758766
503,0.191927085934
504,0.220659869417
505,0.564292491044
506,0.541513931563
507,0.599241738729
508,0.545030541516
509,0.785023125404
510,0.669779754707
511,0.769789517859
512,0.533539093445
513,0.137732770743
514,0.541899078974
515,0.156885228195
516,0.0
517,0.0
518,0.0
519,0.0
520,0.0
521,0.0
522,0.451439249265
523,0.520327117103
524,0.546907917908
525,0.390137280932
526,0.175044361238
527,0.108891117148
528,0.0
529,0.142857142857
530,0.0224905907655
531,0.47777958689
532,0.0
533,0.0990210257943
534,0.0
535,0.0
536,0.0
537,0.0
538,0.0
539,0.0
540,0.196964860221
541,0.432540775644
542,0.511503600537
543,0.604900953044
544,0.0430591816731
545,0.259849531372
546,0.100821408081
547,0.0
548,0.125
549,0.177320282701
550,0.413737769806
551,0.346074947882
552,0.136819974187
553,0.428417481616
554,0.329724761809
555,0.0529368550569
556,0.152996070851
557,0.0
558,0.162770295703
559,0.0
560,0.0
561,0.0
562,0.602763887069
563,0.0957809517359
564,0.0203572069748
565,0.0
566,0.143323375692
567,0.00953659454551
568,0.00733751445772
569,0.457360167358
570,0.534890645423
571,0.13480466338
572,0.0
573,0.0
574,0.0
575,0.484862683509
576,0.271821287433
577,0.323973538233
578,0.0
579,0.0
580,0.43182413935
581,0.623219522839
582,0.160260858214
583,0.0505780562974
584,0.703882878852
585,0.576076042424
586,0.11444865994
587,0.567943364823
588,0.290078410657
589,0.362726119572
590,0.10515257035
591,0.0211420781793
592,0.283670697411
593,0.325937634396
594,0.0
595,0.0
596,0.0
597,0.0
598,0.405964231673
599,0.196220387584
600,0.191673520907
601,0.0
602,0.0
603,0.0
604,0.0
605,0.0
606,0.0
607,0.0
608,0.0
609,0.0
610,0.0999022229008
611,0.0816550926063
612,0.128041613087
613,0.0
614,0.0
615,0.118040673993
616,0.106638027778
617,0.0
618,0.0
619,0.0
620,0.0
621,0.0
622,0.0
623,0.481259035206
624,0.358115637796
625,0.486301298943
626,0.489093822128
627,0.439876887688
628,0.467875326362
629,0.437452556063
630,0.453363941964
631,0.455097555782
632,0.408816050604
633,0.607433333896
634,0.658018869462
635,0.673433502866
636,0.25228188276
637,0.414102708615
638,0.52378156068
639,0.0
640,0.0
641,0.0
642,0.0
643,0.0
644,0.582715956398
645,0.350034654435
646,0.261672026594
647,0.0
648,0.0473367501672
649,0.326781933565
650,0.0
651,0.0
652,0.0
653,0.0
654,0.0
655,0.0
656,0.0
657,0.0
658,0.0
659,0.0
660,0.0
661,0.0
662,0.0
663,0.0
664,0.0
665,0.0
666,0.0
667,0.0
668,0.0
669,0.0
670,0.537073997621
671,0.344977818971
672,0.205156655215
673,0.403440752885
674,0.27078021466
675,0.0336640320929
676,0.185481048006
677,0.10603494306
678,0.308000193959
679,0.0811088469729
680,0.150061608967
681,0.438243610422
682,0.13659171514
683,0.541915366482
684,0.244753361916
685,0.415035161347
686,0.470526061399
687,0.608312653502
688,0.612920573763
689,0.632715625149
690,0.196080400425
691,0.778737453311
692,0.600886551647
693,0.249429165577
694,0.614487306962
695,0.650517901148
696,0.61163043515
697,0.60162247127
698,0.580193377639
699,0.70400208644
700,0.595570152668
701,0.666100120679
702,0.673317509548
703,0.75390318874
704,0.739600310524
705,0.543212122289
706,0.679603286708
707,0.759455429379
708,0.0
709,0.0
710,0.0
711,0.0
712,0.0
713,0.0
714,0.0
715,0.0
716,0.0
717,0.0
718,0.772573323594
719,0.616644755739
720,0.692614842155
721,0.815794256662
722,0.648654532584
723,0.586731260433
724,0.729083301675
725,0.58651876182
726,0.664294003164
727,0.659292626564
728,0.609101413101
729,0.374200428059
730,0.69737226887
731,0.620298519964
732,0.54050691394
733,0.731320944456
734,0.745795082785
735,0.612987376354
736,0.665523514224
737,0.691801918511
738,0.637413756781
739,0.712266020256
740,0.204620177725
741,0.543684413432
742,0.407882831681
743,0.255372026288
744,0.689904060686
745,0.0309326155826
746,0.621702189614
747,0.554523378187
748,0.503252228397
749,0.551426521297
750,0.562925946416
751,0.448260589091
752,0.419738354206
753,0.666366638265
754,0.0
755,0.770533091052
756,0.737886134077
757,0.338518018735
758,0.703940732554
759,0.691588007783
760,0.243395982338
761,0.612162364889
762,0.69775091258
763,0.748213006527
764,0.532545788742
765,0.618369810597
766,0.604276724922
767,0.0
768,0.587525306583
769,0.411844914945
770,0.654076918593
771,0.418004002629
772,0.420540866023
773,0.360329251085
774,0.566085275096
775,0.705525157511
776,0.511042546424
777,0.539999255256
778,0.76566470013
779,0.145482983637
780,0.744381270931
781,0.69173973972
782,0.0
783,0.0
784,0.0
785,0.0
786,0.0
787,0.0
788,0.0
789,0.208579015778
790,0.0150260949365
791,0.0696876518916
792,0.502035788577
793,0.401241754822
794,0.0
795,0.300751107166
796,0.105330600796
797,0.326352524747
798,0.394679268148
799,0.427179638202
800,0.341460403415
801,0.528678866936
802,0.10739452278
803,0.0443429802108
804,0.0131324669679
805,0.277602734517
806,0.210701817345
807,0.409265134222
808,0.0180030365487
809,0.293870880039
810,0.272539038122
811,0.433975441632
812,0.010643814259
813,0.193781203242
814,0.122690430544
815,0.243395256635
816,0.22885443926
817,0.357212397334
818,0.370029000484
819,0.0
820,0.399673540937
821,0.250970105848
822,0.0
823,0.0
824,0.0
825,0.0
826,0.0
827,0.0
828,0.0
829,0.0
830,0.0
831,0.0
832,0.0
833,0.0
834,0.0
835,0.0
836,0.0
837,0.0
838,0.0
839,0.0
840,0.470037227848
841,0.582372410316
842,0.597638954899
843,0.457275176503
844,0.115981091908
845,0.0472462915655
846,0.0213389597026
847,0.394036440932
848,0.247168165714
849,0.185000059433
850,0.128504287458
851,0.112310888869
852,0.550074815723
853,0.0876757896551
854,0.585632257337
855,0.428178309366
856,0.0233296622741
857,0.00543892917316
858,0.0606966712202
859,0.184529976098
860,0.227146372508
861,0.289364865186
862,0.0147881058731
863,0.391111032987
864,0.212169946929
865,0.21875164876
866,0.689700231444
867,0.301672625306
868,0.32978300284
869,0.530843557512
870,0.510720651027
871,0.111642596077
872,0.224262511537
873,0.464736619532
874,0.359837547449
875,0.172017620475
876,0.216156606776
877,0.0
878,0.0796337541879
879,0.106693174944
880,0.108947256105
881,0.600078352221
882,0.424862495219
883,0.663902830257
884,0.0680500880741
885,0.100821408081
886,0.503466412164
887,0.60772039407
888,0.715274265059
889,0.636912591803
890,0.0
891,0.165291519492
892,0.0
893,0.0
894,0.0
895,0.0263157894737
896,0.0894383458787
897,0.128131886799
898,0.236046828678
899,0.116096014849
900,0.0
901,0.186067329497
902,0.15116934045
903,0.172746960887
904,0.0740740740741
905,0.13539665168
906,0.078161948551
907,0.311044653402
908,0.208102749104
909,0.163695275114
910,0.185108737845
911,0.108637712955
912,0.150104613426
913,0.201340524903
914,0.265555411584
915,0.669692150218
916,0.711113713055
917,0.521645729543
918,0.72215102677
919,0.0
920,0.0
921,0.0
922,0.0
923,0.0
924,0.0
925,0.0
926,0.0
927,0.0
928,0.0
929,0.0
930,0.0
931,0.0
932,0.0
933,0.651038778041
934,0.478620038683
935,0.257117389268
936,0.571968579984
937,0.634008362713
938,0.166666666667
939,0.273908875949
940,0.387956071982
941,0.481683761135
942,0.574178328862
943,0.0519024434899
944,0.559032321052
945,0.591606016429
946,0.47729662867
947,0.134416203077
948,0.541773479926
949,0.658355634717
950,0.438781147602
951,0.353445938642
952,0.570138836585
953,0.493459458623
954,0.113041762431
955,0.428815074386
956,0.593414126713
957,0.0465435801241
958,0.0
959,0.0
960,0.0
961,0.0724489202037
962,0.558029301248
963,0.114883764825
964,0.333644445548
965,0.0250314844004
966,0.0920224898195
967,0.0234920656448
968,0.140888728366
969,0.259224762944
970,0.229550103082
971,0.0744014503847
972,0.255156405065
973,0.583687614833
974,0.495503059619
975,0.21464309588
976,0.539093241337
977,0.435007551675
978,0.701782574167
979,0.52377083343
980,0.310628427734
981,0.372062351113
982,0.625839175049
983,0.456481409684
984,0.62899193345
985,0.618556977734
986,0.583481057023
987,0.391202902087
988,0.476697340912
989,0.290130448455
990,0.578270507539
991,0.474072415542
992,0.45869590628
993,0.402488296117
994,0.488468837794
995,0.628455074799
996,0.453260261832
997,0.266036326044
998,0.321596685566
999,0.398647478552
1000,0.4124720491
1001,0.389336021868
1002,0.284472907712
1003,0.318262642964
1004,0.229583895285
1005,0.180330549756
1006,0.0
1007,0.381721823823
1008,0.34386211127
1009,0.368673764491
1010,0.408514078582
1011,0.224726583464
1012,0.40913974951
1013,0.467865802609
1014,0.582454877848
1015,0.503201760885
1016,0.348303890912
1017,0.482266219247
1018,0.436694906493
1019,0.601504188279
1020,0.496909259263
1021,0.327897512392
1022,0.248848528653
1023,0.341243799351
1024,0.336328125033
1025,0.489698644293
1026,0.28794756112
1027,0.500672540598
1028,0.392938192845
1029,0.375846289627
1030,0.683482883254
1031,0.488443504855
1032,0.376219216487
1033,0.515963653358
1034,0.464436283585
1035,0.464102817383
1036,0.473658952521
1037,0.369221579915
1038,0.42840438121
1039,0.364422602193
1040,0.2042128621
1041,0.52566081096
1042,0.348095393735
1043,0.220527446627
1044,0.413305771494
1045,0.252459597294
1046,0.186269528861
1047,0.203877650806
1048,0.27754478048
1049,0.273631856411
1050,0.37517070294
1051,0.328217410824
1052,0.32361490266
1053,0.286348297551
1054,0.504340991228
1055,0.385822730979
1056,0.430141836602
1057,0.378989634607
1058,0.556417424861
1059,0.20915736882
1060,0.449997915217
1061,0.420181413133
1062,0.110389896945
1063,0.555986663055
1064,0.182404884634
1065,0.488075248594
1066,0.56302831742
1067,0.289536346914
1068,0.646095828993
1069,0.470778311062
1070,0.0
1071,0.0
1072,0.0
1073,0.0165203434602
1074,0.0743789382666
1075,0.0
1076,0.359799430387
1077,0.349890054159
1078,0.586141738499
1079,0.148648185071
1080,0.604382312833
1081,0.280273747794
1082,0.111217829512
1083,0.0714077018386
1084,0.0
1085,0.0
1086,0.132776341132
1087,0.0
1088,0.0
1089,0.0
1090,0.141031341951
1091,0.0331623600514
1092,0.0960791724124
1093,0.333981013259
1094,0.358751988987
1095,0.562727425843
1096,0.582500090265
1097,0.419950999199
1098,0.133028941272
1099,0.335521026288
1100,0.413803515168
1101,0.307788445673
1102,0.31667275058
1103,0.48124726391
1104,0.33312526201
1105,0.273862148631
1106,0.15702056415
1107,0.473541627672
1108,0.517531531331
1109,0.375412551838
1110,0.0
1111,0.0
1112,0.0
1113,0.0
1114,0.311081399173
1115,0.0165100329747
1116,0.256199648241
1117,0.15736108824
1118,0.150346653539
1119,0.560971344513
1120,0.451654752809
1121,0.551771758275
1122,0.449769323412
1123,0.327288065321
1124,0.0
1125,0.106638027778
1126,0.142857142857
1127,0.199955395779
1128,0.0
1129,0.0
1130,0.0
1131,0.166666666667
1132,0.119402985075
1133,0.153846153846
1134,0.0
1135,0.00392440017302
1136,0.0
1137,0.0
1138,0.0
1139,0.0
1140,0.0
1141,0.0
1142,0.0
1143,0.0
1144,0.0
1145,0.0
1146,0.212072196346
1147,0.120820711456
1148,0.0750770256039
1149,0.432996195929
1150,0.278389985262
1151,0.257799057173
1152,0.0539352524504
1153,0.338906755114
1154,0.141118536525
1155,0.214983383654
1156,0.141303639826
1157,0.0990210257943
1158,0.133303597186
1159,0.0
1160,0.0
1161,0.0579235868726
1162,0.244136064148
1163,0.0
1164,0.0
1165,0.0
1166,0.0
1167,0.0
1168,0.0
1169,0.251658337854
1170,0.475776278943
1171,0.402956315844
1172,0.278742325829
1173,0.0335150618699
1174,0.174789020877
1175,0.0677538689951
1176,0.384157102949
1177,0.375277051764
1178,0.0146294991392
1179,0.37641043204
1180,0.258400749713
1181,0.584901940839
1182,0.0827116317555
1183,0.392459202746
1184,0.43059033928
1185,0.746620542483
1186,0.0
1187,0.325708125455
1188,0.652724669991
1189,0.348603910986
1190,0.344880784827
1191,0.29375942159
1192,0.23088262796
1193,0.350079607659
1194,0.0
1195,0.0
1196,0.0
1197,0.0
1198,0.0
1199,0.0
1200,0.0
1201,0.0
1202,0.0
1203,0.0
1204,0.0
1205,0.0
1206,0.0
1207,0.0
1208,0.0
1209,0.121011744053
1210,0.579702083716
1211,0.610848670476
1212,0.0
1213,0.0
1214,0.0
1215,0.0
1216,0.278803637216
1217,0.665437338055
1218,0.634119019034
1219,0.307389256439
1220,0.23589004798
1221,0.345628913812
1222,0.313596927671
1223,0.486528873095
1224,0.700025153529
1225,0.40601091929
1226,0.233665552172
1227,0.618852530495
1228,0.701851532616
1229,0.674874624399
1230,0.342701566168
1231,0.596228329366
1232,0.555063647079
1233,0.284069022888
1234,0.252343725324
1235,0.747352423864
1236,0.367078237819
1237,0.326393387221
1238,0.487394609385
1239,0.597014742771
1240,0.438232572056
1241,0.478579676865
1242,0.669285667091
1243,0.746084882364
1244,0.787875465352
1245,0.765122036072
1246,0.700927318225
1247,0.607052083987
1248,0.524064565794
1249,0.4868464693
1250,0.415295008304
1251,0.0637489415207
1252,0.11320895724
1253,0.0
