site,dnds
1,0.0
2,0.0
3,0.513984850735
4,0.652617205848
5,0.0
6,0.655477320572
7,0.508698114596
8,0.476562992972
9,0.309365329019
10,0.124922041316
11,0.7099788924
12,0.291317835483
13,0.461117518421
14,0.528137609003
15,0.68232481466
16,0.444564369662
17,0.0
18,0.395522352874
19,0.523982722699
20,0.459418753344
21,0.618975570904
22,0.390980289856
23,0.689020144547
24,0.770797618379
25,0.750885643516
26,0.624944111814
27,0.797068435853
28,0.639857828251
29,0.59113462568
30,0.695658813575
31,0.431325855292
32,0.22815372679
33,0.122028625626
34,0.0833333333333
35,0.274695444859
36,0.740045723144
37,0.591751135009
38,0.12063424704
39,0.125533995252
40,0.11320754717
41,0.288645185222
42,0.1
43,0.196691073464
44,0.0
45,0.253376378063
46,0.0608068990536
47,0.345098483832
48,0.549439541095
49,0.457164484643
50,0.286779563395
51,0.389868126214
52,0.611313231213
53,0.452487846817
54,0.40622044935
55,0.0
56,0.0
57,0.0
58,0.0
59,0.0
60,0.0
61,0.0
62,0.0
63,0.188778695181
64,0.425676667726
65,0.39092466923
66,0.466664905626
67,0.570670488864
68,0.321217928995
69,0.677418625077
70,0.641861521421
71,0.608425924475
72,0.0943322583471
73,0.434877899892
74,0.64186210209
75,0.650209250074
76,0.118386801365
77,0.462029138444
78,0.637554844708
79,0.785447748587
80,0.463653596676
81,0.609321840801
82,0.540360938023
83,0.521847660356
84,0.747081216172
85,0.378601015634
86,0.264108827975
87,0.219545547436
88,0.603221822006
89,0.544566153811
90,0.568329240177
91,0.347880050925
92,0.0857101603917
93,0.0457142857143
94,0.332024919562
95,0.457244245172
96,0.638217749766
97,0.721021437842
98,0.315166551513
99,0.581472292217
100,0.648842763543
101,0.727390670685
102,0.785751438553
103,0.302788248195
104,0.624198791243
105,0.422059145369
106,0.317505805398
107,0.271139943863
108,0.770846208562
109,0.504945989224
110,0.575261092738
111,0.474366540883
112,0.677075252394
113,0.521656923362
114,0.79698708646
115,0.707237513817
116,0.817348118745
117,0.589522088522
118,0.502761180066
119,0.345241539171
120,0.473723849932
121,0.274694152605
122,0.358503328439
123,0.253489324144
124,0.0
125,0.0
126,0.0
127,0.0
128,0.0
129,0.0
130,0.0
131,0.0
132,0.0
133,0.0
134,0.0
135,0.0
136,0.0
137,0.0
138,0.0990210257943
139,0.0
140,0.0
141,0.0
142,0.0
143,0.664903121803
144,0.7135521673
145,0.617343426094
146,0.482729282553
147,0.454364271012
148,0.555932051209
149,0.629128192281
150,0.0
151,0.431199953103
152,0.386662818151
153,0.111972326578
154,0.0110668746492
155,0.543957420326
156,0.231233338437
157,0.0
158,0.0
159,0.0
160,0.0
161,0.0
162,0.0
163,0.0
164,0.0
165,0.0
166,0.0
167,0.460118581756
168,0.43298867883
169,0.538460260358
170,0.408530622796
171,0.518943877883
172,0.132776341132
173,0.377953518824
174,0.508444840802
175,0.466208760737
176,0.158323900176
177,0.519763394997
178,0.166878125811
179,0.661446310075
180,0.560258594378
181,0.47692277221
182,0.530524547967
183,0.201485061437
184,0.478418515221
185,0.476821257235
186,0.433462321002
187,0.0
188,0.209541441557
189,0.486948653166
190,0.39771646444
191,0.206342129862
192,0.52539246039
193,0.633226615067
194,0.202299536991
195,0.0
196,0.125
197,0.51189398559
198,0.364482499094
199,0.402529034182
200,0.0
201,0.0
202,0.0
203,0.386171149769
204,0.281098590369
205,0.182164533481
206,0.484696553567
207,0.224807092879
208,0.501645248543
209,0.168504586709
210,0.32572560541
211,0.0
212,0.232724280943
213,0.0248922964315
214,0.177916933839
215,0.0894002213938
216,0.106531748231
217,0.149496261475
218,0.0832093931643
219,0.398243786145
220,0.0148519304097
221,0.160559207243
222,0.321648297396
223,0.355789210003
224,0.251573450142
225,0.380524056299
226,0.447348344261
227,0.520638092982
228,0.431586975503
229,0.443101278167
230,0.263299753203
231,0.460215049428
232,0.70399161136
233,0.478595204305
234,0.566062912447
235,0.457614113891
236,0.573512785795
237,0.433890226081
238,0.140053668525
239,0.289830339269
240,0.240970696598
241,0.449296554565
242,0.53133667157
243,0.192038305526
244,0.157271780287
245,0.550396833943
246,0.335224007285
247,0.508816407355
248,0.636289347734
249,0.503137978583
250,0.404005959261
251,0.639738311738
252,0.643593540409
253,0.0
254,0.0
255,0.0
256,0.569650689365
257,0.193804524092
258,0.449785328653
259,0.190381429313
260,0.407571125491
261,0.130315703557
262,0.371588028455
263,0.493458239515
264,0.474542758056
265,0.130498945558
266,0.0338794290276
267,0.0301996037841
268,0.484394277654
269,0.0267343546783
270,0.0
271,0.0
272,0.619919526219
273,0.630480837466
274,0.645430660332
275,0.456824009092
276,0.612519102845
277,0.677839189894
278,0.782554754037
279,0.611670963822
280,0.410196153769
281,0.251104089519
282,0.155409512801
283,0.627467291346
284,0.138076634158
285,0.0869565217391
286,0.0
287,0.41927528724
288,0.187106577198
289,0.438312954243
290,0.0114717043209
291,0.119541142525
292,0.0
293,0.0
294,0.0
295,0.0
296,0.086371541509
297,0.595999872933
298,0.521780803079
299,0.0476725951813
300,0.583646597476
301,0.536498319522
302,0.537422125006
303,0.463038013044
304,0.518794531815
305,0.197444110931
306,0.126229925776
307,0.120854844153
308,0.0697444388278
309,0.155154378447
310,0.100294934764
311,0.210714449294
312,0.0889253370237
313,0.20105837573
314,0.624328364499
315,0.795116610441
316,0.471277701356
317,0.397274271942
318,0.727535177125
319,0.0
320,0.0
321,0.0775491027295
322,0.0
323,0.0
324,0.0
325,0.0
326,0.0
327,0.0
328,0.0803862650245
329,0.0
330,0.1087289695
331,0.0701921195504
332,0.0
333,0.106638027778
334,0.142857142857
335,0.0
336,0.0695083042471
337,0.205989804125
338,0.0
339,0.166666666667
340,0.520351592729
341,0.698137826924
342,0.663830089194
343,0.421159774093
344,0.492383941126
345,0.734437161645
346,0.560955449501
347,0.549559863643
348,0.185667366882
349,0.621524240213
350,0.473296288054
351,0.334599345334
352,0.403208668215
353,0.441155637057
354,0.0
355,0.0
356,0.0
357,0.0
358,0.0
359,0.0
360,0.0
361,0.0
362,0.0
363,0.0
364,0.0
365,0.0
366,0.0
367,0.0
368,0.0
369,0.0
370,0.0
371,0.0
372,0.0
373,0.268322029044
374,0.133303597186
375,0.0
376,0.0
377,0.0
378,0.356495768018
379,0.115439397476
380,0.280672024949
381,0.393690288785
382,0.0
383,0.0
384,0.0
385,0.0
386,0.0
387,0.0115066801179
388,0.346867052921
389,0.260574165242
390,0.447036989383
391,0.588457594039
392,0.369498562714
393,0.186161199426
394,0.131921530947
395,0.0
396,0.0145434162967
397,0.616508111276
398,0.0
399,0.199368464171
400,0.139681759731
401,0.00664876489614
402,0.224705588838
403,0.359120283041
404,0.514459561982
405,0.65627381437
406,0.181086486955
407,0.136532267272
408,0.194419018276
409,0.573305146419
410,0.392567151319
411,0.533502012037
412,0.289297874387
413,0.548969007775
414,0.591524027079
415,0.478701340322
416,0.562083741345
417,0.666046232535
418,0.663818015541
419,0.47974214117
420,0.791214055023
421,0.132797951151
422,0.739198201587
423,0.426324169043
424,0.716766591252
425,0.483542729283
426,0.758125782059
427,0.666873357414
428,0.619274675609
429,0.537357981733
430,0.602193111988
431,0.610465791404
432,0.451348475124
433,0.476528713966
434,0.707893885427
435,0.621719121952
436,0.603605513416
437,0.677990567277
438,0.577388870934
439,0.286080021619
440,0.691904510382
441,0.165723417866
442,0.481527540768
443,0.160656226445
444,0.0534117201354
445,0.297628773708
446,0.400827032186
447,0.201677801029
448,0.0519120193327
449,0.214714651095
450,0.215469110751
451,0.137862972688
452,0.358079701566
453,0.0850093538602
454,0.0197328955212
455,0.18359343088
456,0.0413949453397
457,0.635473815109
458,0.378956496605
459,0.326112455399
460,0.0722271011676
461,0.0775281176092
462,0.0357142857143
463,0.468225599816
464,0.402555822754
465,0.167930020651
466,0.407579966794
467,0.0351354027099
468,0.301119238725
469,0.308599015858
470,0.164427301965
471,0.553007967465
472,0.657041725981
473,0.486615375136
474,0.180283857475
475,0.209888390629
476,0.364115837211
477,0.359587090107
478,0.550238349012
479,0.536471667638
480,0.614322977329
481,0.611463975814
482,0.311779310616
483,0.432310837534
484,0.0921317124732
485,0.122295891102
486,0.174916484526
487,0.258943108047
488,0.534948361805
489,0.356331797788
490,0.304648675572
491,0.257613306915
492,0.456542815879
493,0.349184154581
494,0.621747684492
495,0.638237762139
496,0.767420609348
497,0.528903504553
498,0.642770163008
499,0.563125064866
500,0.72863926397
501,0.615584171729
502,0.7873216492
503,0.654591901895
504,0.135011071643
505,0.498448933182
506,0.297632659645
507,0.282070912364
508,0.472474216363
509,0.625178645858
510,0.430452266853
511,0.557381951566
512,0.619742241446
513,0.478319964005
514,0.623476650307
515,0.586417935795
516,0.586190018899
517,0.806415750342
518,0.632027252559
519,0.730629831529
520,0.616508844883
521,0.712534248174
522,0.398108319043
523,0.530184148735
524,0.696169187252
525,0.535599884329
526,0.492964882539
527,0.497670585273
528,0.686587732904
529,0.737823010795
530,0.409020679011
531,0.597653381623
532,0.734658360631
533,0.408574115965
534,0.376642601098
535,0.21750680569
536,0.163178062502
537,0.0330382105735
538,0.00661219950344
539,0.243925818483
540,0.00286942857439
541,0.569713914975
542,0.501934271398
543,0.15802105782
544,0.537893999909
545,0.508295144633
546,0.0672296166533
547,0.532311506306
548,0.0250819736239
549,0.00160792704707
550,0.393966404333
551,0.216284027993
552,0.256758362698
553,0.708847427568
554,0.735358796603
555,0.396146782155
556,0.177790797457
557,0.641869566359
558,0.737498486587
559,0.0765540556073
560,0.433140941689
561,0.64038276029
562,0.674524450599
563,0.71175919831
564,0.498582543338
565,0.510277173933
566,0.504977616056
567,0.295924271232
568,0.47344467962
569,0.125680040527
570,0.0
571,0.0
572,0.0940208946338
573,0.139016608494
574,0.148148148148
575,0.0
576,0.0
577,0.0
578,0.127290381373
579,0.151512504869
580,0.0
581,0.414821177636
582,0.464787446885
583,0.674130344316
584,0.673979176983
585,0.619043019734
586,0.622978078709
587,0.676406329077
588,0.419956446263
589,0.305186038227
590,0.49712927708
591,0.0489003145457
592,0.0
593,0.109861228867
594,0.0
595,0.0
596,0.0
597,0.102564102564
598,0.120948141872
599,0.0
600,0.154032706791
601,0.388784540662
602,0.575366499186
603,0.484910336193
604,0.0
605,0.587175147489
606,0.55663884259
607,0.389186553786
608,0.509594758489
609,0.140183027295
610,0.356468586095
611,0.0
612,0.0
613,0.0
614,0.0
615,0.0
616,0.0
617,0.0
618,0.635882279449
619,0.583721905815
620,0.673447442366
621,0.214707449562
622,0.168924382803
623,0.354617089747
624,0.305959958252
625,0.706369849594
626,0.675860546159
627,0.488410761283
628,0.435884735744
629,0.446479279001
630,0.68768766914
631,0.700954916839
632,0.179748304304
633,0.0156726871259
634,0.369454584328
635,0.386456345514
636,0.00574750431714
637,0.0168065279532
638,0.203445898563
639,0.193957526145
640,0.183132642111
641,0.448866693205
642,0.0499951004202
643,0.335850498462
644,0.0
645,0.0
646,0.0
647,0.0
648,0.0
649,0.0
650,0.0
651,0.0
652,0.0
653,0.0
654,0.0
655,0.135213068469
656,0.7548844357
657,0.648454487391
658,0.344322121942
659,0.149160865702
660,0.330859221352
661,0.753479134057
662,0.0
663,0.0
664,0.0
665,0.0
666,0.0
667,0.0
668,0.0
669,0.0
670,0.398293161031
671,0.562182345485
672,0.633176125328
673,0.63605769954
674,0.237754391426
675,0.371087673421
676,0.535277032526
677,0.513772853643
678,0.465167369422
679,0.366780653496
680,0.273874697573
681,0.0445395778673
682,0.0
683,0.0
684,0.113166886622
685,0.202723895017
686,0.234855164974
687,0.0646650034007
688,0.0869565217391
689,0.0
690,0.0
691,0.0
692,0.0
693,0.0
694,0.0842105263158
695,0.199955395779
696,0.0
697,0.401130565201
698,0.0621856012454
699,0.0579235868726
700,0.0
701,0.0
702,0.0
703,0.0
704,0.780199777702
705,0.770157842837
706,0.717123618163
707,0.774717337443
708,0.136470726602
709,0.0
710,0.0534880232921
711,0.582767193469
712,0.288004510163
713,0.0
714,0.0379889656707
715,0.00616798132232
716,0.207651533919
717,0.202697896324
718,0.292470317134
719,0.00558302569883
720,0.498816548426
721,0.198263340892
722,0.0
723,0.251122547685
724,0.253367462879
725,0.537152044385
726,0.514654747369
727,0.343196321042
728,0.39963494009
729,0.434954007114
730,0.189748762022
731,0.384473915071
732,0.54385402338
733,0.391549312025
734,0.531507455607
735,0.597457319718
736,0.531169767985
737,0.116217269596
738,0.0453035995327
739,0.0999131071077
740,0.120948141872
741,0.0
742,0.36144991169
743,0.0
744,0.6195902173
745,0.652488302183
746,0.479799307704
747,0.0341424201141
748,0.161507158167
749,0.456207810072
750,0.122116305646
751,0.174750497532
752,0.573443035708
753,0.309716193918
754,0.00110741971207
755,0.628371844337
756,0.393906774826
757,0.437782044198
758,0.55549982964
759,0.498529507715
760,0.627893275135
761,0.707168256191
762,0.695202437056
763,0.700402980373
764,0.824829457308
765,0.126026760102
766,0.178226019006
767,0.0
768,0.190151606718
769,0.200310459828
770,0.642345622204
771,0.774261422102
772,0.743206103673
773,0.67629850631
774,0.564339327398
775,0.543708485123
776,0.313855387794
777,0.376411773233
778,0.0
779,0.463771266393
780,0.0496046351904
781,0.130320280522
782,0.0
783,0.0
784,0.0
785,0.0
786,0.0
787,0.0
788,0.0
789,0.0
790,0.0
791,0.0
792,0.0
793,0.0
794,0.0
795,0.0
796,0.0
797,0.0
798,0.0
799,0.0
800,0.235644752029
801,0.760255096898
802,0.0100224153946
803,0.0215011136307
804,0.549886979223
805,0.118291356597
806,0.785042281444
807,0.0
808,0.0
809,0.0
810,0.0
811,0.0
812,0.0
813,0.100821408081
814,0.0
815,0.0
816,0.0
817,0.270974408827
818,0.0803484961935
819,0.25330232278
820,0.402818931907
821,0.160121629118
822,0.101230419879
823,0.0387774646467
824,0.494681033555
825,0.264084068042
826,0.0602736678748
827,0.00831109914445
828,0.496718075388
829,0.353049190473
830,0.438537568585
831,0.742746568593
832,0.488000854174
833,0.445523777972
834,0.504242568942
835,0.461080923745
836,0.318698116242
837,0.678972032685
838,0.613635462954
839,0.515255985431
840,0.347186514186
841,0.225005618976
842,0.428504742744
843,0.352303827019
844,0.566328458811
845,0.348813762377
846,0.336022255356
847,0.542476120308
848,0.55573878818
849,0.541076335866
850,0.597780412933
851,0.640542733177
852,0.36732705241
853,0.126768837084
854,0.689315026298
855,0.110943394925
856,0.585982191406
857,0.608222766674
858,0.0644216759569
859,0.0
860,0.0
861,0.0306750986394
862,0.0575791473895
863,0.370918703981
864,0.240903826602
865,0.117476726672
866,0.00709547688701
867,0.341546188901
868,0.0
869,0.306065119645
870,0.139616893979
871,0.268424191311
872,0.268084128202
873,0.692641977301
874,0.574831438055
875,0.381288232104
876,0.587155202535
877,0.634220250843
878,0.547072919768
879,0.54051967529
880,0.542703664858
881,0.510366622158
882,0.562659399454
883,0.252697041277
884,0.121030065617
