site,dnds
1,0.0
2,0.260052427842
3,0.184531706625
4,0.503566592335
5,0.544722246738
6,0.171786279887
7,0.603092974101
8,0.638602555695
9,0.207158585513
10,0.528980302276
11,0.0
12,0.0
13,0.184245824406
14,0.165463299437
15,0.593002010731
16,0.644107119
17,0.560098672961
18,0.294199872925
19,0.742296734949
20,0.553516811112
21,0.520895485887
22,0.664167082897
23,0.714022095394
24,0.654106670088
25,0.705545271341
26,0.658114934044
27,0.633042322101
28,0.673314032085
29,0.535786518693
30,0.625392716991
31,0.267109981158
32,0.477640858558
33,0.0956522540557
34,0.591650707642
35,0.398742362076
36,0.549837452994
37,0.354629457692
38,0.315005756758
39,0.442636482281
40,0.334142023424
41,0.578647502975
42,0.569633598383
43,0.393199825253
44,0.685206340957
45,0.597989095342
46,0.609912895478
47,0.503233286345
48,0.451240141181
49,0.273015415123
50,0.466281054254
51,0.256419637687
52,0.215014585277
53,0.334170942787
54,0.253468092883
55,0.178326786943
56,0.26183482405
57,0.0258261065486
58,0.196439765783
59,0.0952415973288
60,0.313925921435
61,0.576929671115
62,0.544373858736
63,0.512683819347
64,0.590171442362
65,0.555311749698
66,0.333430843074
67,0.411857268048
68,0.500977559079
69,0.273514456657
70,0.336088705052
71,0.482531781569
72,0.373955164475
73,0.46221830496
74,0.351187479404
75,0.591849128551
76,0.678433309127
77,0.610381340882
78,0.569274858546
79,0.459216897643
80,0.776697787321
81,0.621014361596
82,0.65839425012
83,0.600673744721
84,0.545021414613
85,0.743616284366
86,0.724633096655
87,0.516757794414
88,0.534455268187
89,0.63156573135
90,0.238606847383
91,0.219719741892
92,0.338711434432
93,0.572616149489
94,0.343424889146
95,0.520724475264
96,0.485764574111
97,0.513314134408
98,0.555976057013
99,0.362052352469
100,0.494219615639
101,0.618014498381
102,0.525087606296
103,0.682176995669
104,0.594720776096
105,0.0
106,0.0739356992597
107,0.0704895437858
108,0.0
109,0.695591934076
110,0.419079473618
111,0.348667315599
112,0.254129637794
113,0.646410582753
114,0.595928251335
115,0.568120945209
116,0.346642439377
117,0.430206083095
118,0.276231086771
119,0.417237763025
120,0.398288151481
121,0.225075974778
122,0.4071928052
123,0.567329784461
124,0.627640685556
125,0.629243014419
126,0.129799284246
127,0.403071140781
128,0.410056073507
129,0.394486841
130,0.629940333991
131,0.761572896348
132,0.645114440764
133,0.420881867283
134,0.754690522828
135,0.591128018727
136,0.592948196918
137,0.386750557399
138,0.43702861777
139,0.460961296339
140,0.221443243975
141,0.411460037758
142,0.372494040461
143,0.348821936148
144,0.367738493326
145,0.62171748945
146,0.643625534465
147,0.442000367913
148,0.549863339437
149,0.559902132955
150,0.384522991861
151,0.344694808377
152,0.279479760504
153,0.03876957209
154,0.441578855204
155,0.687473926168
156,0.396959913222
157,0.623934380453
158,0.529088478455
159,0.179889655428
160,0.121604768519
161,0.62461384894
162,0.145577551334
163,0.581378708891
164,0.677931629796
165,0.572493352222
166,0.263550588863
167,0.430569156305
168,0.589879991522
169,0.448533014135
170,0.437425751024
171,0.403025145509
172,0.145575523274
173,0.0
174,0.719501838339
175,0.445394231656
176,0.644209906459
177,0.423402482172
178,0.408448654496
179,0.364246839528
180,0.367350809703
181,0.203676110967
182,0.241300975767
183,0.109811836784
184,0.224935764935
185,0.257047571283
186,0.193017614835
187,0.238962682786
188,0.11090354889
189,0.261511710808
190,0.416219995913
191,0.650512639792
192,0.470053880424
193,0.174579689018
194,0.308920216654
195,0.0
196,0.0
197,0.0
198,0.154032706791
199,0.0
200,0.146848883761
201,0.0
202,0.0
203,0.258261067153
204,0.343300484361
205,0.660510154924
206,0.570884361291
207,0.73236672861
208,0.300255385895
209,0.480920805836
210,0.169104045465
211,0.689645686777
212,0.68518877981
213,0.552558197628
214,0.471832396866
215,0.364969748845
216,0.735152846845
217,0.160316558051
218,0.232853385219
219,0.217908145886
220,0.352541481672
221,0.268457641251
222,0.369117395285
223,0.367041993319
224,0.264619274069
225,0.0390172710515
226,0.526596256111
227,0.359970126993
228,0.0643216886949
229,0.399222018919
230,0.0697351433309
231,0.178414531673
232,0.0523129947592
233,0.0506329113924
234,0.0803941895498
235,0.0776699029126
236,0.149043697388
237,0.154032706791
238,0.158903194291
239,0.0
240,0.2438527586
241,0.0519029427717
242,0.207371131752
243,0.160772530049
244,0.0368604643735
245,0.158597805798
246,0.0660140171962
247,0.149037463796
248,0.105263157895
249,0.0
250,0.2438527586
251,0.1
252,0.0563390917266
253,0.222222222222
254,0.0884651144963
255,0.0
256,0.154260951984
257,0.0
258,0.0
259,0.231336034995
260,0.261298611853
261,0.100321263862
262,0.0
263,0.10971993168
264,0.450147220339
265,0.378383951788
266,0.61407620138
267,0.655121995245
268,0.0
269,0.29580049796
270,0.133270907502
271,0.295452092878
272,0.13724978487
273,0.497794164953
274,0.385862643753
275,0.24237994827
276,0.224381318411
277,0.201063540496
278,0.204447075077
279,0.13176371352
280,0.314892579534
281,0.470797962937
282,0.31367260565
283,0.625898896705
284,0.239697739153
285,0.564505621095
286,0.219341016535
287,0.418432123892
288,0.524408317449
289,0.392706558316
290,0.0736346382902
291,0.0374674151654
292,0.318410690855
293,0.140531177473
294,0.216216216216
295,0.30495518044
296,0.218390546672
297,0.324268691229
298,0.241589325642
299,0.101222228368
300,0.629168971522
301,0.383217270779
302,0.281836970338
303,0.515920126425
304,0.418625842777
305,0.353937103751
306,0.0693121776247
307,0.652590003696
308,0.451598510857
309,0.0533899858864
310,0.275618128232
311,0.55974527093
312,0.559996148027
313,0.437065589224
314,0.347285428853
315,0.682883170119
316,0.548572406132
317,0.25887920249
318,0.234457760113
319,0.515387486714
320,0.291897388115
321,0.613672926263
322,0.663448541498
323,0.16625628454
324,0.703432069614
325,0.530914888222
326,0.356043006098
327,0.219168488502
328,0.615315166195
329,0.419900068901
330,0.649670828384
331,0.210891964986
332,0.451420340467
333,0.324772799682
334,0.10541122445
335,0.493502868149
336,0.0
337,0.0
338,0.603739557142
339,0.0621856012454
340,0.309066196699
341,0.0696819610465
342,0.206637242218
343,0.724914813081
344,0.220541880406
345,0.522952740446
346,0.42518663303
347,0.49136714494
348,0.41103315694
349,0.209829766011
350,0.0161703090784
351,0.463612545367
352,0.240444208901
353,0.107793797225
354,0.495996963825
355,0.553466024047
356,0.775982167989
357,0.218475858384
358,0.0609960670376
359,0.135593220339
360,0.0
361,0.0
362,0.0937067119879
363,0.368735299923
364,0.0
365,0.374738867354
366,0.163612966564
367,0.336306829664
368,0.524975547447
369,0.394676148851
370,0.314507816305
371,0.145801138888
372,0.506459229273
373,0.159202917361
374,0.552692951061
375,0.737505342198
376,0.549943681694
377,0.358648834716
378,0.409747037256
379,0.581853847113
380,0.620666223478
381,0.489924938761
382,0.257496655332
383,0.091271447592
384,0.533815401877
385,0.468600414638
386,0.605903687008
387,0.4844775366
388,0.25797821695
389,0.0
390,0.0
391,0.0
392,0.0
393,0.0
394,0.681133022309
395,0.478328535662
396,0.100821408081
397,0.424837328565
398,0.485408624325
399,0.0355276934411
400,0.377439134521
401,0.163329738591
402,0.619333949435
403,0.478224260724
404,0.327214875137
405,0.130473025413
406,0.355236674921
407,0.26553416375
408,0.203653219195
409,0.163709088005
410,0.611561391108
411,0.449616224652
412,0.195678789421
413,0.639944412906
414,0.666997407809
415,0.677987622135
416,0.142857142857
417,0.448879515331
418,0.365963732423
419,0.343642085053
420,0.146522837105
421,0.0955402605592
422,0.193966021568
423,0.597622379676
424,0.717642046741
425,0.614957318887
426,0.770730130601
427,0.484243233178
428,0.584481771605
429,0.31608963774
430,0.338610820263
431,0.719871705282
432,0.610229922778
433,0.315515547951
434,0.335819698965
435,0.183445215016
436,0.0
437,0.0
438,0.0
439,0.0
440,0.0
441,0.0
442,0.084913515647
443,0.124167373609
444,0.112358379928
445,0.200374566908
446,0.125397468159
447,0.14262620314
448,0.127468533578
449,0.0662819000614
450,0.35167017788
451,0.0
452,0.0
453,0.0906541269276
454,0.100586944193
455,0.0
456,0.156828742375
457,0.105031503543
458,0.322642667084
459,0.143836450762
460,0.137326536084
461,0.190535973147
462,0.0
463,0.410561637724
464,0.00815695510482
465,0.144618961084
466,0.185918778491
467,0.606547328164
468,0.299144513887
469,0.415457125518
470,0.358765463692
471,0.358256339251
472,0.102994902063
473,0.634554718095
474,0.487319077989
475,0.645937571138
476,0.0496745746702
477,0.376180647868
478,0.241853965497
479,0.44047605661
480,0.706861434311
481,0.464477258902
482,0.578996045472
483,0.588601066182
484,0.663820963544
485,0.57497846727
486,0.210310793536
487,0.418239981974
488,0.128242226081
489,0.257466789656
490,0.641319870614
491,0.557929596978
492,0.215352390756
493,0.60848891273
494,0.503555881472
495,0.352544535617
496,0.0
497,0.102307490773
498,0.193050192634
499,0.183311651057
500,0.327669576265
501,0.156692487818
502,0.137692923121
503,0.35047481599
504,0.0338840075706
505,0.123406159175
506,0.121501021964
507,0.0989806632875
508,0.20327874153
509,0.170212765957
510,0.125
511,0.335707632058
512,0.0
513,0.324332856888
514,0.377622664918
515,0.212625866827
516,0.32626024256
517,0.252726504918
518,0.0679553992991
519,0.0833333333333
520,0.149198666036
521,0.350933294386
522,0.0831294447413
523,0.31737651051
524,0.137483738293
525,0.217206878278
526,0.251188880118
527,0.261223054697
528,0.468054749928
529,0.341984306509
530,0.258518945032
531,0.287131783896
532,0.446090414377
533,0.320750368567
534,0.659315221551
535,0.544953386969
536,0.290074181141
537,0.314696906488
538,0.497952100369
539,0.620582531594
540,0.324154824724
541,0.450237132242
542,0.598672224153
543,0.0866268774683
544,0.139591216825
545,0.552421936867
546,0.179746162739
547,0.340343161351
548,0.133198546162
549,0.332093528245
550,0.72751856484
551,0.558478984771
552,0.304379481324
553,0.40076866482
554,0.560322806668
555,0.513578072388
556,0.0963437948267
557,0.103042694152
558,0.0246570601779
559,0.536234272124
560,0.541423322194
561,0.0721323895217
562,0.0
563,0.244104457997
564,0.445458052411
565,0.0660140171962
566,0.0
567,0.461746102636
568,0.504435388214
569,0.366174737394
570,0.0
571,0.0
572,0.199955395779
573,0.196165850602
574,0.229012097579
575,0.278228174577
576,0.142857142857
577,0.0
578,0.0751815993638
579,0.187090761362
580,0.744787834319
581,0.263859628197
582,0.363627790724
583,0.315089473036
584,0.534333304889
585,0.477607977153
586,0.524101504063
587,0.293473265428
588,0.0609564373456
589,0.277805866386
590,0.304881298499
591,0.327983889097
592,0.275916212858
593,0.102820525566
594,0.137492070523
595,0.151537639278
596,0.383191172282
597,0.619379533103
598,0.607111862685
599,0.220182318825
600,0.174352005306
601,0.654725233073
602,0.565391157558
603,0.0
604,0.21942936654
605,0.287022721805
606,0.261415231201
607,0.194674833334
608,0.0425531914894
609,0.152509588552
610,0.214923182965
611,0.0828578077374
612,0.0
613,0.0
614,0.166666666667
615,0.0990210257943
616,0.133333333333
617,0.169014084507
618,0.0
619,0.0
620,0.507025150269
621,0.223556156997
622,0.0
623,0.0
624,0.0
625,0.0
626,0.0
627,0.296597881573
628,0.179699393379
629,0.13519559552
630,0.00512299189149
631,0.317469659179
632,0.139016608494
633,0.0
634,0.326389817939
635,0.639627271229
636,0.501931678165
637,0.350026513618
638,0.439199683068
639,0.134765709948
640,0.277400829319
641,0.322570020091
642,0.0
643,0.0367442363174
644,0.0
645,0.0
646,0.132622053754
647,0.0
648,0.0
649,0.307290110887
650,0.248438008707
651,0.0522536748261
652,0.464255007889
653,0.579297438291
654,0.272945103518
655,0.427658243927
656,0.717796010488
657,0.226731491707
658,0.463786646949
659,0.0871626184467
660,0.0784877334491
661,0.12420704333
662,0.215114824654
663,0.185108456609
664,0.107642674918
665,0.288885545784
666,0.247873158982
667,0.0500216536227
668,0.258251569795
669,0.400372560787
670,0.248350365096
671,0.0724852673486
672,0.0
673,0.0
674,0.457033085697
675,0.628452940425
676,0.465017296311
677,0.200474921681
678,0.0926863552353
679,0.603260824193
680,0.677685439553
681,0.295764415319
682,0.373609074883
683,0.577066711655
684,0.305932601874
685,0.310394421755
686,0.269593543659
687,0.170352715347
688,0.527470099761
689,0.537053553346
690,0.463934526004
691,0.324035676618
692,0.0
693,0.119402985075
694,0.0
695,0.239067880458
696,0.220730293545
697,0.473834869325
698,0.0970718189669
699,0.192971929661
700,0.229909152712
701,0.195645273284
702,0.186050649874
703,0.228728360375
704,0.114016546899
705,0.279261313992
706,0.147358026293
707,0.334848576491
708,0.551775334664
709,0.498123062937
710,0.374151486337
711,0.20781817101
712,0.196596024873
713,0.2891586832
714,0.633602870848
715,0.26226466196
716,0.173917149241
717,0.623334575532
718,0.148288477314
719,0.201246912146
720,0.610725056779
721,0.373013895321
722,0.616653408785
723,0.420013073749
724,0.182647684564
725,0.200261945458
726,0.0737209287469
727,0.322504224869
728,0.1
729,0.326389817939
730,0.187581238591
731,0.400254508494
732,0.535286356051
733,0.480329727887
734,0.588046387064
735,0.641342555599
736,0.395215529679
737,0.449224380538
738,0.596615615364
739,0.483565729158
740,0.645855971807
741,0.744808678319
742,0.617397932019
743,0.518818796588
744,0.1897918433
745,0.254965096355
746,0.177876866649
747,0.122028625626
748,0.20422809703
749,0.108064676601
750,0.143314427081
751,0.28646352372
752,0.228602477978
753,0.0713330365827
754,0.660664006475
755,0.240758621893
756,0.0283292087014
757,0.515533607054
758,0.056364768113
759,0.303109052721
760,0.197132544696
761,0.423027424152
762,0.447119715752
763,0.339381240208
764,0.678209415853
765,0.633626729696
766,0.375977633834
767,0.301396750083
768,0.474973017904
769,0.22005596929
770,0.299008154624
771,0.650012113553
772,0.400927927406
773,0.181543052543
774,0.0602736678748
775,0.181723590066
776,0.350988655669
777,0.539756558673
778,0.332078176119
779,0.412398979659
780,0.587323382631
781,0.21043376848
782,0.349957251688
783,0.0705325733741
784,0.172398923324
785,0.321879100866
786,0.362611106754
787,0.0
788,0.443523084689
789,0.492798964634
790,0.165258914788
791,0.500079844213
792,0.0634993415329
793,0.129363467798
794,0.0877360274239
795,0.64267730423
796,0.289068477109
797,0.0
798,0.0
799,0.0666517985931
800,0.207370161699
801,0.175851123441
802,0.458346020853
803,0.23446306565
804,0.659372424364
805,0.430744852559
806,0.7282305904
807,0.208536034259
808,0.375426516543
809,0.561805030347
810,0.0
811,0.177354450189
812,0.139016608494
813,0.202662135167
814,0.504222671809
815,0.17669596548
816,0.22696484179
817,0.498776495466
818,0.593404307204
819,0.0528226695531
820,0.163309914625
821,0.570547009609
822,0.108124028829
823,0.341628177313
824,0.344315546002
825,0.582598497737
826,0.48237287494
827,0.214826506821
828,0.32249880182
829,0.0101204379194
830,0.330392257685
831,0.524603375077
832,0.236653887989
833,0.0678431173112
834,0.419805060824
835,0.569994770901
836,0.698343757263
837,0.166167488648
838,0.519690795481
839,0.377690027743
840,0.420460383638
841,0.73596698047
842,0.425326944706
843,0.285075082751
844,0.277626785162
845,0.175298886555
846,0.418382929776
847,0.284584544762
848,0.336574246624
849,0.183310530846
850,0.222123549249
851,0.314452387547
852,0.324470118575
853,0.0650729827794
854,0.309429822434
855,0.128417084582
856,0.277546996351
857,0.462820543736
858,0.589634111499
859,0.534797281799
860,0.251844446669
861,0.478142768701
862,0.277614564793
863,0.0889997157209
864,0.39661554253
865,0.23619000558
866,0.0
867,0.0
868,0.111552316319
869,0.233705906078
870,0.49215786052
871,0.293335912897
872,0.401379433135
873,0.303218300391
874,0.0
875,0.0
876,0.0
877,0.0
878,0.0
879,0.0
880,0.0
881,0.0
882,0.0
883,0.0
884,0.0
885,0.0
886,0.0
887,0.0
888,0.0
889,0.0
890,0.0
891,0.0
892,0.0
893,0.0
894,0.0
895,0.0
896,0.0
897,0.0
898,0.0
899,0.0
900,0.0
901,0.424167925489
902,0.181777478382
903,0.133021565989
904,0.0314558700417
905,0.23742222755
906,0.336430497202
907,0.410700685118
908,0.36197540385
909,0.373469558068
910,0.120522732729
911,0.626232546755
912,0.632967638093
913,0.34691524759
914,0.326106206044
915,0.554154813277
916,0.232233071045
917,0.235581486503
918,0.447329376916
919,0.322761728516
920,0.481847113273
921,0.62749580185
922,0.319934622909
923,0.582585828916
924,0.190291187091
925,0.43284562804
926,0.582978819287
927,0.588831484731
928,0.354980366263
929,0.249484246706
930,0.178895267546
931,0.263582331197
932,0.454272187149
933,0.0158789573578
934,0.0912713215701
935,0.282369580093
936,0.24169076125
937,0.0
938,0.0775491027295
939,0.111766521697
940,0.366940927251
941,0.239845399877
942,0.529078643298
943,0.493195051217
944,0.163909217904
945,0.0163313336458
946,0.0475361086443
947,0.416637601868
948,0.248770921462
949,0.312228459712
950,0.588972727854
951,0.463000648363
952,0.333206328442
953,0.631807711648
954,0.0
955,0.0
956,0.0
957,0.0
958,0.0
959,0.0
960,0.0
961,0.0
962,0.0
963,0.0
964,0.0
965,0.0
966,0.0
967,0.0
968,0.0
969,0.0
970,0.0
971,0.0
972,0.0
973,0.0
974,0.0
975,0.0
976,0.0
977,0.609694173178
978,0.309995243222
979,0.187160905562
980,0.425026784065
981,0.440866240857
982,0.0255097613961
983,0.498462416614
984,0.147907378335
985,0.417666692679
986,0.311413495961
987,0.0361502339232
988,0.563023450021
989,0.472581574979
990,0.357062882279
991,0.307981427459
992,0.433350021809
993,0.682067310736
994,0.607583407777
995,0.301083560681
996,0.366101492782
997,0.151001240222
998,0.529653657565
999,0.603243482006
1000,0.620709537065
1001,0.540160663495
1002,0.282655121434
1003,0.0901289685085
1004,0.185255283546
1005,0.262469370651
1006,0.133793740382
1007,0.261080175046
1008,0.169086998339
1009,0.15387460569
1010,0.261421934091
1011,0.174727711932
1012,0.467614104821
1013,0.580581652292
1014,0.331466071228
1015,0.152706883059
1016,0.184839248149
1017,0.470482152905
1018,0.400390624486
1019,0.455427853136
1020,0.0577081695651
1021,0.0843450224649
1022,0.444959663351
1023,0.0161816178339
1024,0.223014916665
1025,0.664705566556
1026,0.567307252011
1027,0.0234522165692
1028,0.0531062694139
1029,0.539191524807
1030,0.50452064716
1031,0.169014084507
1032,0.142857142857
1033,0.0
1034,0.0
1035,0.0660140171962
1036,0.33534722161
1037,0.0540168767658
1038,0.627137245535
1039,0.560609937274
1040,0.560643017217
1041,0.351401124904
1042,0.543297647763
1043,0.706671726747
1044,0.414609516535
1045,0.0145609831995
1046,0.0
1047,0.0
