site,dnds
1,0.336242038116
2,0.252571838934
3,0.260231166029
4,0.0936001120231
5,0.432139984783
6,0.409282461372
7,0.0193050851398
8,0.420483038934
9,0.0519114934114
10,0.215325765644
11,0.0
12,0.0
13,0.112464878518
14,0.0610399904831
15,0.540033707077
16,0.494275091411
17,0.497567671704
18,0.654628394452
19,0.820221457266
20,0.648774963553
21,0.459183437016
22,0.485703170128
23,0.29742532876
24,0.152358287855
25,0.0718820978277
26,0.0810811880972
27,0.177079960359
28,0.592022158335
29,0.43877546008
30,0.116755111703
31,0.576000908987
32,0.195117517258
33,0.0674790783656
34,0.284532653336
35,0.381371921585
36,0.160923856933
37,0.587601642382
38,0.27166451624
39,0.436126998741
40,0.568562373462
41,0.272758913049
42,0.102994902063
43,0.0
44,0.0
45,0.244748139602
46,0.639062118241
47,0.443493136884
48,0.160000971445
49,0.369812640889
50,0.441704024619
51,0.478036284498
52,0.26705014764
53,0.739232272694
54,0.278205054007
55,0.167085104619
56,0.0564841443812
57,0.429603902687
58,0.40778536855
59,0.0
60,0.0
61,0.0
62,0.00802658319722
63,0.48641106614
64,0.077630883874
65,0.0474679704759
66,0.0193161154236
67,0.0
68,0.0
69,0.0
70,0.0
71,0.00557993774213
72,0.0
73,0.0
74,0.259925414713
75,0.0587086226805
76,0.240624478648
77,0.0
78,0.0699464086252
79,0.0
80,0.00732903057985
81,0.175774822491
82,0.125140059495
83,0.197219190975
84,0.0
85,0.298884146925
86,0.390654459169
87,0.271994418108
88,0.156903384735
89,0.0997835923717
90,0.304564347268
91,0.481117177531
92,0.342489969276
93,0.181691938363
94,0.476634441181
95,0.382237337164
96,0.17520730376
97,0.416405022919
98,0.296281500056
99,0.511269073971
100,0.606515281929
101,0.189181786872
102,0.404494049395
103,0.473808282241
104,0.428712285295
105,0.616301038857
106,0.634015831306
107,0.32672416795
108,0.471429191166
109,0.532019917414
110,0.609742375865
111,0.297137981442
112,0.303380902733
113,0.525744504022
114,0.560336198756
115,0.300049417886
116,0.269883115435
117,0.429591954403
118,0.386480403835
119,0.00951035923593
120,0.454931647018
121,0.383168683704
122,0.00582478489479
123,0.0167565140581
124,0.397275336643
125,0.0101694608149
126,0.226467739244
127,0.00661219950344
128,0.0
129,0.0245569023081
130,0.0
131,0.0916567618606
132,0.0978968664636
133,0.457275516546
134,0.530185891015
135,0.0493573896014
136,0.349208976148
137,0.489007597904
138,0.196699824959
139,0.293923594064
140,0.355798698376
141,0.472983087577
142,0.415744239508
143,0.160684625888
144,0.403487006483
145,0.548769046154
146,0.508097328208
147,0.173261401162
148,0.450876493878
149,0.159109257522
150,0.120948141872
151,0.549848148894
152,0.490180895836
153,0.224804490992
154,0.250616277824
155,0.295249893486
156,0.402892588078
157,0.0167614814978
158,0.231740532681
159,0.176272034222
160,0.160877534173
161,0.0
162,0.0
163,0.0
164,0.0
165,0.0453969159233
166,0.286329106016
167,0.101542558733
168,0.50459555421
169,0.200519497566
170,0.18581714254
171,0.571967123238
172,0.657608127339
173,0.328213661572
174,0.492383333359
175,0.570517098532
176,0.581642402437
177,0.460875451441
178,0.470953372364
179,0.559726927023
180,0.571388993758
181,0.451905976306
182,0.413219264958
183,0.567215093759
184,0.533577656928
185,0.674883032614
186,0.0
187,0.0840178400679
188,0.171457942335
189,0.144623900674
190,0.296296296296
191,0.241524826798
192,0.256224858452
193,0.188976377953
194,0.132028034392
195,0.0
196,0.241524826798
197,0.0915187902669
198,0.595668422385
199,0.155580877439
200,0.16266810534
201,0.435737451038
202,0.351943400535
203,0.141387439793
204,0.219344436148
205,0.386959849013
206,0.422992297086
207,0.0
208,0.0
209,0.082701418824
210,0.0999375285487
211,0.160994342098
212,0.00849154584811
213,0.0
214,0.0
215,0.00837378000076
216,0.378902247332
217,0.0425981252046
218,0.00230596270014
219,0.302891391235
220,0.0
221,0.168811296667
222,0.378006993066
223,0.467031659655
224,0.115767289668
225,0.0634164641089
226,0.395896208778
227,0.277458413693
228,0.392321854191
229,0.24012251622
230,0.70999776264
231,0.229670651039
232,0.543783141913
233,0.260644949896
234,0.686571617129
235,0.477671061496
236,0.390382912708
237,0.772467205523
238,0.554323879016
239,0.721511166786
240,0.0
241,0.320061394876
242,0.066809366801
243,0.299402565698
244,0.685649138384
245,0.533420271177
246,0.442410196714
247,0.438715351745
248,0.515194644167
249,0.472204501498
250,0.272481901015
251,0.0222028102719
252,0.488827911578
253,0.470676901161
254,0.0
255,0.0
256,0.0
257,0.0
258,0.0
259,0.0
260,0.362109601874
261,0.0
262,0.340683290145
263,0.0739356992597
264,0.132028034392
265,0.192771084337
266,0.0660140171962
267,0.272727272727
268,0.285200637681
269,0.0
270,0.0
271,0.0
272,0.32383115413
273,0.548036208244
274,0.15675679687
275,0.517180300834
276,0.0
277,0.0
278,0.0
279,0.0
280,0.0
281,0.0
282,0.0
283,0.0
284,0.0
285,0.0
286,0.422108201345
287,0.38656468869
288,0.781190267748
289,0.51654908136
290,0.660873664685
291,0.518164899047
292,0.416356337658
293,0.0
294,0.0
295,0.0
296,0.0
297,0.661267843802
298,0.33624787241
299,0.523369929069
300,0.345179869114
301,0.751156144816
302,0.398815435377
303,0.557244775457
304,0.0
305,0.0
306,0.0
307,0.0
308,0.0
309,0.0
310,0.0
311,0.0
312,0.0
313,0.0
314,0.0
315,0.0
316,0.0
317,0.0
318,0.0
319,0.0
320,0.0
321,0.0
322,0.0
323,0.0
324,0.300574922904
325,0.218894592822
326,0.00951035923593
327,0.445239314798
328,0.400162090144
329,0.347258560414
330,0.134139287705
331,0.208804384012
332,0.0145057886677
333,0.0699234561759
334,0.0
335,0.387790679408
336,0.0
337,0.0
338,0.183522451246
339,0.0815790021991
340,0.145156856106
341,0.272971791973
342,0.312838521145
343,0.530707947609
344,0.344996198741
345,0.343452897636
346,0.507445231198
347,0.208954299396
348,0.0682987148364
349,0.439907707312
350,0.0
351,0.0
352,0.0
353,0.0
354,0.0
355,0.0
356,0.0
357,0.130153199949
358,0.502935594193
359,0.296225054082
360,0.488549734059
361,0.323565337101
362,0.0400263291455
363,0.555592772188
364,0.344519097956
365,0.0
366,0.118039699732
367,0.639820881078
368,0.176707703642
369,0.0
370,0.0714456711013
371,0.0793437971135
372,0.102386255384
373,0.619016191257
374,0.813174534852
375,0.807869670491
376,0.617959985168
377,0.48575306328
378,0.647862758297
379,0.559498340454
380,0.521340949916
381,0.775662247146
382,0.121750402973
383,0.266794341338
384,0.309673379464
385,0.342492496585
386,0.141393185852
387,0.187079693506
388,0.141744882737
389,0.548049344405
390,0.0557846081458
391,0.0
392,0.374957151046
393,0.60099355975
394,0.48907152277
395,0.524842226526
396,0.0924196240747
397,0.190476190476
398,0.0
399,0.0
400,0.602825290818
401,0.305461304585
402,0.593484667231
403,0.707177047384
404,0.241556389407
405,0.19466508963
406,0.112055837126
407,0.45490783117
408,0.225149570173
409,0.635870065265
410,0.66763502314
411,0.444040399741
412,0.648540164388
413,0.220529580459
414,0.29277158079
415,0.38023859084
416,0.089783261667
417,0.209540534797
418,0.157214338347
419,0.378193741786
420,0.215826328652
421,0.554159533114
422,0.495363572032
423,0.118491855013
424,0.261245373277
425,0.430075792186
426,0.0
427,0.355734440276
428,0.0624975726791
429,0.224310930705
430,0.0621549806803
431,0.0
432,0.00677994344356
433,0.0
434,0.0
435,0.0192557547474
436,0.152718498805
437,0.0
438,0.0
439,0.00677994344356
440,0.110758078513
441,0.0
442,0.148801183298
443,0.059498849572
444,0.0228723724592
445,0.0185838576735
446,0.367344879438
447,0.0422703044263
448,0.551621902441
449,0.287300203759
450,0.234121822751
451,0.428169481314
452,0.0577276672851
453,0.00543427323389
454,0.358426613599
455,0.0156877321076
456,0.0
457,0.0
458,0.0
459,0.0
460,0.441016893183
461,0.128870353619
462,0.215721943464
463,0.269382611636
464,0.0
465,0.014667892331
466,0.220564039843
467,0.274037555322
468,0.0
469,0.0
470,0.0
471,0.0
472,0.0
473,0.0
474,0.0
475,0.0
476,0.0
477,0.0
478,0.0
479,0.0
480,0.0
481,0.0
482,0.0180677111962
483,0.195534589166
484,0.0
485,0.0
486,0.0364949510475
487,0.190451333532
488,0.209171779681
489,0.0
490,0.132391972609
491,0.0
492,0.0494827382941
493,0.151008699901
494,0.486860507426
495,0.314335485339
496,0.277611842403
497,0.257495616862
498,0.357346529068
499,0.39548929276
500,0.483533328295
501,0.470103588476
502,0.522923933692
503,0.326652554461
504,0.193236256311
505,0.614301752745
506,0.0
507,0.0
508,0.0
509,0.0
510,0.0
511,0.0
512,0.0
513,0.0
514,0.0
515,0.0
516,0.0
517,0.0
518,0.0
519,0.0
520,0.0
521,0.0
522,0.0
523,0.0
524,0.473782674047
525,0.0
526,0.0
527,0.0
528,0.0
529,0.0
530,0.418456900228
531,0.571586502838
532,0.306802079762
533,0.158388541601
534,0.44298611361
535,0.174140463232
536,0.273633325428
537,0.32512835654
538,0.0
539,0.182375712154
540,0.0804694784737
541,0.0
542,0.242202659116
543,0.0
544,0.0
545,0.00678244688432
546,0.0
547,0.0
548,0.125267951865
549,0.0132164838537
550,0.417100724108
551,0.455935024217
552,0.44599279068
553,0.076861745582
554,0.229691401069
555,0.31833471425
556,0.265999955483
557,0.019351766821
558,0.170574216714
559,0.188119231047
560,0.2279578995
561,0.227193173408
562,0.0047532048756
563,0.666503090253
564,0.107313969209
565,0.441121945331
566,0.295660602314
567,0.400831307296
568,0.360752363221
569,0.423644819104
570,0.534852975632
571,0.224688700944
572,0.509252719539
573,0.667944246137
574,0.417786497916
575,0.58586561386
576,0.246839414539
577,0.0429943508276
578,0.0
579,0.5549488771
580,0.428205923686
581,0.49175776568
582,0.17961546637
583,0.173205311103
584,0.0344667899488
585,0.0
586,0.0
587,0.0
588,0.0
589,0.180252443983
590,0.220324012077
591,0.561659613235
592,0.0829449815501
593,0.0
594,0.0
595,0.640841033848
596,0.300272044846
597,0.416073997509
598,0.562604629706
599,0.219235648623
600,0.392676857947
601,0.0
602,0.427355141678
603,0.244783100098
604,0.284039924904
605,0.0
606,0.102686753961
607,0.0
608,0.0972631722573
609,0.332688919911
610,0.195832314759
611,0.323913560457
612,0.0216594892076
613,0.0312890553307
614,0.433322991341
615,0.253590232114
616,0.40595991882
617,0.3567306072
618,0.421696279724
619,0.567873184653
620,0.603683973568
621,0.749624515106
622,0.759506017407
623,0.653983999288
624,0.643366886209
625,0.586849279453
626,0.593181903608
627,0.195830068769
628,0.0867325491054
629,0.0
630,0.174945991436
631,0.31158396129
632,0.117453371833
633,0.268059581156
634,0.438721068011
635,0.322192753091
636,0.243982164176
637,0.454165829082
638,0.436305546932
639,0.387059562705
640,0.582080791039
641,0.414837929069
642,0.365980900744
643,0.565909072022
644,0.486976051187
645,0.411580914124
646,0.637350445516
647,0.533680091103
648,0.51670755694
649,0.393089871442
650,0.178043306707
651,0.0447880708877
652,0.242363896523
653,0.0
654,0.109732198371
655,0.685621596361
656,0.446610449872
657,0.519751923691
658,0.535025325432
659,0.488916420828
660,0.53077154761
661,0.562867342498
662,0.0994032264328
663,0.235272757264
664,0.323227789956
665,0.0
666,0.0
667,0.0
668,0.0
669,0.0
670,0.0
671,0.0
672,0.0990210257943
673,0.0
674,0.132776341132
675,0.0
676,0.0
677,0.132776341132
678,0.0336827408752
679,0.437133136004
680,0.0
681,0.391781259068
682,0.0198958241063
683,0.285548887716
684,0.0930446245966
685,0.0
686,0.0757677666404
687,0.405223174813
688,0.0819676965924
689,0.636519672138
690,0.390415275674
691,0.21186782859
692,0.25177800254
693,0.453037004538
694,0.358509696337
695,0.256522407464
696,0.0311760963948
697,0.539328663412
698,0.308879263807
699,0.00504569614088
700,0.161310342402
701,0.0370756649777
702,0.545707090859
703,0.342986268573
704,0.120396901726
705,0.446214258309
706,0.283331209119
