site,dnds
1,0.0
2,0.3247175981
3,0.099173553719
4,0.0
5,0.524131404722
6,0.264166531507
7,0.313216363469
8,0.0935126219689
9,0.227103371396
10,0.206678115081
11,0.34195155666
12,0.361383284087
13,0.341428434691
14,0.176003487388
15,0.0416790640741
16,0.0516763630015
17,0.230860356658
18,0.0872749383648
19,0.615739024915
20,0.115696704959
21,0.0606060606061
22,0.298202731609
23,0.18430108543
24,0.00661189679389
25,0.63087108452
26,0.658694932999
27,0.535451852264
28,0.291687431295
29,0.0647485554288
30,0.314700802297
31,0.58860535595
32,0.242698724616
33,0.517934976343
34,0.51390657901
35,0.558771999389
36,0.599347723093
37,0.192072262187
38,0.301844644552
39,0.717049882317
40,0.435918566213
41,0.146074675293
42,0.556280679059
43,0.470803105869
44,0.708036102979
45,0.166666666667
46,0.380745202058
47,0.622561083693
48,0.667540861546
49,0.27130167229
50,0.499922846814
51,0.700822125018
52,0.547095766724
53,0.0137142885989
54,0.574866156998
55,0.655707209846
56,0.218101346387
57,0.525104524354
58,0.52081374229
59,0.584843385285
60,0.125623224424
61,0.524957266638
62,0.433855985819
63,0.663798543069
64,0.559950557227
65,0.479946308098
66,0.669827735234
67,0.550567662068
68,0.607173711004
69,0.6776275728
70,0.564489399012
71,0.55909455137
72,0.802039612589
73,0.820208711119
74,0.70795830948
75,0.787366808529
76,0.714916258021
77,0.745356184511
78,0.659043764308
79,0.836708423395
80,0.592161969864
81,0.659496576427
82,0.556005486537
83,0.648755906176
84,0.667042710891
85,0.431562611992
86,0.611359131999
87,0.692229762784
88,0.620526230345
89,0.472747901492
90,0.685850689493
91,0.643763643989
92,0.120319843883
93,0.0
94,0.0
95,0.0
96,0.0
97,0.0
98,0.0
99,0.0
100,0.0
101,0.0
102,0.0
103,0.0
104,0.0
105,0.0
106,0.0
107,0.0
108,0.132776341132
109,0.0
110,0.166877816
111,0.0
112,0.0
113,0.0
114,0.0579235868726
115,0.0474221131799
116,0.157556557051
117,0.132028034392
118,0.128041613087
119,0.111348944668
120,0.157556557051
121,0.105263157895
122,0.0
123,0.3571274148
124,0.669091591727
125,0.630918757481
126,0.0523140265453
127,0.248653950467
128,0.0
129,0.0
130,0.0902969004385
131,0.0956065076634
132,0.293937726367
133,0.293256518042
134,0.343810343865
135,0.419278581479
136,0.589123349738
137,0.601944071052
138,0.601135061571
139,0.781972093813
140,0.662068088804
141,0.230919152608
142,0.710316296648
143,0.734103999159
144,0.417082829031
145,0.11650802086
146,0.74566556399
147,0.389374042156
148,0.385642030001
149,0.102669177056
150,0.199806365861
151,0.0794177558073
152,0.217290524457
153,0.0
154,0.187646382786
155,0.314339804425
156,0.181671797669
157,0.414836812537
158,0.395800369847
159,0.194659027904
160,0.128723602575
161,0.0948442263598
162,0.189167492219
163,0.1
164,0.149810766637
165,0.0863046217355
166,0.0917247466236
167,0.0849835623675
168,0.0775491027295
169,0.133303597186
170,0.0
171,0.0
172,0.0
173,0.199955395779
174,0.0
175,0.0
176,0.0
177,0.0
178,0.0
179,0.0
180,0.0
181,0.51422660567
182,0.505644576118
183,0.379626327641
184,0.552756409728
185,0.578166509636
186,0.485715448506
187,0.555067519804
188,0.57408825062
189,0.393504773437
190,0.426331666016
191,0.645543204455
192,0.335727650033
193,0.434852488825
194,0.595349913929
195,0.623354391491
196,0.0329146363447
197,0.606938619308
198,0.625373876316
199,0.421066480959
200,0.613376909739
201,0.169666026706
202,0.54189218698
203,0.198541274676
204,0.378513096134
205,0.677541285615
206,0.424979864804
207,0.340820868248
208,0.435438289023
209,0.420879866532
210,0.2400421103
211,0.524877702191
212,0.686235487704
213,0.361870251694
214,0.57028994683
215,0.381454222346
216,0.55973314936
217,0.453870448171
218,0.643244038248
219,0.611266813185
220,0.35447494788
221,0.761936458264
222,0.635765351666
223,0.577060979726
224,0.582088311464
225,0.859871939292
226,0.575246955665
227,0.643174225388
228,0.598218646189
229,0.775600940452
230,0.676564939364
231,0.722122260035
232,0.684150020227
233,0.525132902608
234,0.595963288623
235,0.123775947847
236,0.521054887541
237,0.706553638238
238,0.442213403088
239,0.40321824546
240,0.588712565058
241,0.568018315954
242,0.59901250349
243,0.250634827002
244,0.236650212793
245,0.224412152747
246,0.193709502197
247,0.329544122167
248,0.161666728104
249,0.502302699217
250,0.269427925261
251,0.228000202375
252,0.531835196429
253,0.728825956121
254,0.65056661241
255,0.593942716112
256,0.639107835754
257,0.248266151334
258,0.279684035109
259,0.185869023023
260,0.353101103814
261,0.0540620144144
262,0.153954474911
263,0.382956947507
264,0.740350098799
265,0.716540124045
266,0.776568719067
267,0.732456535703
268,0.647945515432
269,0.759074398278
270,0.661484254126
271,0.655495221418
272,0.785626981425
273,0.601098755864
274,0.238608591377
275,0.634538219085
276,0.68057023398
277,0.190874306467
278,0.448349627136
279,0.474662989481
280,0.311242178485
281,0.405701948648
282,0.469978480854
283,0.0719369947385
284,0.495407679641
285,0.130335472361
286,0.366178457851
287,0.220176805768
288,0.577384020863
289,0.0
290,0.0
291,0.0
292,0.266666666667
293,0.133303597186
294,0.0
295,0.1087289695
296,0.549662956892
297,0.607182095134
298,0.724141569099
299,0.529894299573
300,0.313697828664
301,0.149834247668
302,0.46804132706
303,0.221619538762
304,0.413918175008
305,0.581017536844
306,0.664465918773
307,0.770885386022
308,0.449827222587
309,0.456526272125
310,0.668572665789
311,0.572604210162
312,0.755129176789
313,0.484607978392
314,0.701173338561
315,0.618872830506
316,0.689548233336
317,0.426023224528
318,0.558643474884
319,0.226976380571
320,0.583423697958
321,0.303771307479
322,0.684348771444
323,0.438907060904
324,0.321517323874
325,0.666654823792
326,0.649584414415
327,0.475451206189
328,0.508384385881
329,0.460968119334
330,0.370143508294
331,0.292230919447
332,0.314534744004
333,0.434872870924
334,0.396729795515
335,0.392536476436
336,0.365295514689
337,0.382596808956
338,0.227150140743
339,0.16088457676
340,0.298884462427
341,0.561937773977
342,0.289990800898
343,0.606708431555
344,0.69755553419
345,0.448694107026
346,0.227215507174
347,0.7171740236
348,0.0
349,0.090408632224
350,0.0
351,0.0396084103177
352,0.459293962553
353,0.508391186377
354,0.0398933629099
355,0.186212539427
356,0.668708089714
357,0.170988325986
358,0.563306173343
359,0.0937605899115
360,0.286346779355
361,0.16484135574
362,0.376857184586
363,0.306666602291
364,0.336404490721
365,0.456698954472
366,0.217140341407
367,0.605071861836
368,0.110797760778
369,0.602901877451
370,0.161469819225
371,0.504635157202
372,0.585600433461
373,0.650955335661
374,0.718066971913
375,0.739027423337
376,0.714248163476
377,0.634151856239
378,0.71389066625
379,0.639849706739
380,0.664169021539
381,0.693964820661
382,0.540918969347
383,0.60292050641
384,0.484315595918
385,0.316431212652
386,0.26558247518
387,0.507443934634
388,0.304885143893
389,0.232039060705
390,0.572106741617
391,0.501341556959
392,0.123808757459
393,0.580335168458
394,0.20300652104
395,0.629038739971
396,0.271494492168
397,0.487810035256
398,0.661114414156
399,0.282188287303
400,0.0269190073925
401,0.448168623126
402,0.273540180593
403,0.107857772465
404,0.0
405,0.220348443869
406,0.16274666497
407,0.262498197827
