site,dnds
1,0.0
2,0.0766473689768
3,0.132396769995
4,0.269118580058
5,0.0963854525659
6,0.112135615603
7,0.181242951736
8,0.214686940038
9,0.392701051849
10,0.451487434393
11,0.473447175277
12,0.37275558358
13,0.201327098154
14,0.0703069532838
15,0.173743925374
16,0.205674105857
17,0.385079764719
18,0.319437167514
19,0.381062724137
20,0.373760627613
21,0.210269578895
22,0.467074262606
23,0.37080053917
24,0.488304087944
25,0.394131281827
26,0.209810349853
27,0.569016058551
28,0.453504432323
29,0.465233359372
30,0.369766644712
31,0.387849049123
32,0.407076120503
33,0.24197830103
34,0.399862137504
35,0.387402962104
36,0.714980112597
37,0.549815678971
38,0.22470972211
39,0.500655178936
40,0.269979198206
41,0.387304680448
42,0.314905714723
43,0.562444089331
44,0.167266257693
45,0.548602672254
46,0.620303281644
47,0.631029725281
48,0.696960338131
49,0.730011211396
50,0.663467365148
51,0.697180374226
52,0.481397861009
53,0.614086321445
54,0.480080002745
55,0.549791699135
56,0.304235576637
57,0.544138575423
58,0.41332706312
59,0.556677093136
60,0.641699310156
61,0.547653380189
62,0.438570238154
63,0.485069563206
64,0.532766513791
65,0.6246309095
66,0.507470291309
67,0.566813675386
68,0.660255091925
69,0.510477599584
70,0.533366527465
71,0.544037356094
72,0.59379408811
73,0.480549120564
74,0.317772874732
75,0.28321231079
76,0.332079599741
77,0.432979697247
78,0.209344346483
79,0.338330469165
80,0.254220274549
81,0.226761647552
82,0.290238961333
83,0.335894999686
84,0.380364015374
85,0.225547212458
86,0.333930681595
87,0.163566791054
88,0.174524672519
89,0.39410881825
90,0.278288393676
91,0.606670374803
92,0.430519611308
93,0.479923751124
94,0.682969082888
95,0.572401697445
96,0.532131587052
97,0.493234494733
98,0.619940157971
99,0.377726902235
100,0.545723942457
101,0.479333609918
102,0.605572256367
103,0.654394491474
104,0.308626829985
105,0.563167873698
106,0.476579147767
107,0.686200406181
108,0.728475103138
109,0.501340032079
110,0.631885045025
111,0.487019525727
112,0.409336877073
113,0.623435290814
114,0.312389873112
115,0.424534256955
116,0.340993692362
117,0.689125089684
118,0.547946628627
119,0.515504957056
120,0.370980806276
121,0.399984149744
122,0.783710861323
123,0.496682005517
124,0.641747012731
125,0.274367863673
126,0.0233919220312
127,0.520561171331
128,0.603663447515
129,0.498491829504
130,0.478348066523
131,0.527546930531
132,0.269216178267
133,0.448061109366
134,0.579817281046
135,0.468287255742
136,0.606439975558
137,0.179768902976
138,0.632390762185
139,0.334372436484
140,0.582278407307
141,0.677795812619
142,0.503628757013
143,0.407790714014
144,0.421244135951
145,0.693818721813
146,0.639144789591
147,0.551514352466
148,0.518642601557
149,0.390681328331
150,0.439816372677
151,0.431458375302
152,0.270426473568
153,0.52390171434
154,0.392736679075
155,0.514992406415
156,0.534200662899
157,0.620817798628
158,0.557352440142
159,0.0
160,0.447084486692
161,0.359594712895
162,0.578377500641
163,0.464104706345
164,0.547125876651
165,0.407052739585
166,0.529955056774
167,0.614066790349
168,0.470573449742
169,0.598176602567
170,0.674862430217
171,0.479457252867
172,0.677964863972
173,0.563993398132
174,0.630632157547
175,0.303000785704
176,0.588467958895
177,0.533335075638
178,0.152329504882
179,0.308676270927
180,0.242676439096
181,0.223957048974
182,0.244370748751
183,0.0995288259266
184,0.279546165442
185,0.26646116018
186,0.207713818363
187,0.482190949662
188,0.517790383527
189,0.250044248303
190,0.383089920231
191,0.109749311358
192,0.713987990657
193,0.707535580453
194,0.652481687137
195,0.621748516037
196,0.554439625589
197,0.600280991865
198,0.434055440251
199,0.736905040622
200,0.396554427072
201,0.527704619842
202,0.490062973402
203,0.555515242233
204,0.403938816873
205,0.382947114898
206,0.481706298069
207,0.683439440389
208,0.584106288506
209,0.637899391866
210,0.537457962531
211,0.541277042876
212,0.649787880673
213,0.559922422904
214,0.595907354813
215,0.450482624071
216,0.452343734565
217,0.796235065631
218,0.552418578047
219,0.439197590808
220,0.522417123512
221,0.319847683029
222,0.656835707985
223,0.332773816426
224,0.423097110068
225,0.177083234315
226,0.444893935248
227,0.277065591429
228,0.220204125948
229,0.365700826486
230,0.599838611106
231,0.258409065993
232,0.474878256234
233,0.63690494665
234,0.701830500645
235,0.390153222737
236,0.335497129381
237,0.421394130681
238,0.255063834879
239,0.333766367846
240,0.183460875175
241,0.224310713055
242,0.362784949802
243,0.0747383896181
244,0.183780109709
245,0.384089677589
246,0.26263754786
247,0.333304709849
248,0.109629522703
249,0.151337553239
250,0.255705684551
251,0.273127964356
252,0.20587510787
253,0.295460074321
254,0.162104652108
255,0.533108966132
256,0.303341792598
257,0.431314031444
258,0.0
259,0.0
260,0.461807366255
261,0.207966598863
262,0.146689971234
263,0.0
264,0.0
265,0.0
266,0.0579235868726
267,0.0
268,0.0867325491054
269,0.166666666667
270,0.147871398519
271,0.43737312257
272,0.320290323765
273,0.138729814137
274,0.535897440897
275,0.312508503418
276,0.36195902321
277,0.247749621178
278,0.332549402995
279,0.337919587623
280,0.319410156021
281,0.0
282,0.166877816
283,0.132776341132
284,0.0
285,0.0
286,0.0680500880741
287,0.0
288,0.0
289,0.0
290,0.0
291,0.0
292,0.0
293,0.0
294,0.0
295,0.0
296,0.0
297,0.0
298,0.0
299,0.0
300,0.0
301,0.0
302,0.0
303,0.0
304,0.106638027778
305,0.601538970281
306,0.104145437322
307,0.2299973815
308,0.525130694452
309,0.567401767956
310,0.214535758368
311,0.0
312,0.0
313,0.0792168206354
314,0.0
315,0.751645641604
316,0.287732759489
317,0.485482073049
318,0.190378667318
319,0.258113711357
320,0.456346981301
321,0.447809025919
322,0.209548452662
323,0.0866397283835
324,0.469149983993
325,0.468350025151
326,0.479333546381
327,0.396371749482
328,0.696721933439
329,0.461200990292
330,0.645025975204
331,0.541271482479
332,0.431764325847
333,0.0
334,0.0
335,0.0
336,0.0
337,0.0
338,0.0
339,0.282570155531
340,0.239344257874
341,0.191261484008
342,0.505703633678
343,0.463823362441
344,0.0660140171962
345,0.224156239636
346,0.0990210257943
347,0.450699501635
348,0.348497498829
349,0.481427532146
350,0.441411408564
351,0.542870164493
352,0.119654862541
353,0.195549491878
354,0.411360796798
355,0.394456306153
356,0.0
357,0.0
358,0.0
359,0.0
360,0.0
361,0.0
362,0.0
363,0.0
364,0.0
365,0.52197719473
366,0.212203580862
367,0.384023522256
368,0.552808244005
369,0.0
370,0.241650061886
371,0.0
372,0.155691694764
373,0.370449489212
374,0.619840273449
375,0.582391178534
376,0.373930495697
377,0.176192950499
378,0.30792858139
379,0.40774234075
380,0.622749289067
381,0.417454032953
382,0.649420054717
383,0.481946566574
384,0.446756788835
385,0.432199846426
386,0.451446943745
387,0.449735003325
388,0.577625832752
389,0.464152175324
390,0.588860042117
391,0.488157253723
392,0.463901705794
393,0.308329099977
394,0.313914486274
395,0.545224935709
396,0.52183132308
397,0.420144054846
398,0.422263430455
399,0.226004502757
400,0.203027741225
401,0.566193925418
402,0.111901730126
403,0.0938632312559
404,0.216412853104
405,0.0377222955407
406,0.0
407,0.0490828609422
408,0.572644313492
409,0.552466345023
410,0.667931089323
411,0.499912177999
412,0.561914581218
413,0.605278438892
414,0.55467226661
415,0.180602365926
416,0.699294731018
417,0.405948205799
418,0.670044475903
419,0.457584823645
420,0.729622979013
421,0.41220692902
422,0.77870199524
423,0.481865909633
424,0.518330558636
425,0.54547970753
426,0.210411900845
427,0.409182071222
428,0.489528418242
429,0.241434086093
430,0.649787147606
431,0.0
432,0.0
433,0.0
434,0.0
435,0.0
436,0.0
437,0.0
438,0.0
439,0.543864851895
440,0.115524530093
441,0.0
442,0.0324227851364
443,0.444476693489
444,0.44123761307
445,0.301740446658
446,0.123226165433
447,0.0940637322533
448,0.0
449,0.0
450,0.0450827434511
451,0.0438137477095
452,0.12255165565
453,0.226324189748
454,0.0
455,0.0
456,0.0
457,0.0
458,0.0
459,0.269470623017
460,0.0
461,0.0
462,0.098855694854
463,0.322580645161
464,0.0
465,0.0
466,0.0
467,0.142857142857
468,0.0
469,0.0
470,0.199955395779
471,0.0
472,0.138772078569
473,0.0
474,0.097311625946
475,0.0
476,0.0
477,0.0
478,0.0
479,0.1177084595
480,0.267872161837
481,0.0
482,0.0
483,0.0
484,0.285178799728
485,0.559822582295
486,0.316845387106
487,0.501965513665
488,0.660707697936
489,0.575236858103
490,0.512259564395
491,0.751673266972
492,0.651905863941
493,0.709427348429
494,0.661747161098
495,0.494892231858
496,0.672614370202
497,0.757870436555
498,0.496372482435
499,0.239546403388
500,0.74791119628
501,0.663344694491
502,0.722745137817
503,0.524344302438
504,0.714716215609
505,0.808409300005
506,0.602523977395
507,0.740503091708
508,0.730013591044
509,0.60481403509
510,0.429928966805
511,0.251736719139
512,0.205591138921
513,0.272885645765
514,0.418662657422
515,0.340162919311
516,0.175714730624
517,0.317569424512
518,0.233100262385
519,0.467019820405
520,0.471650066281
521,0.553993605667
522,0.358898983724
523,0.291966155363
524,0.172350375221
525,0.108668841492
526,0.65481771977
527,0.203323365219
528,0.00970873786408
529,0.437578442375
530,0.498129324818
531,0.344323973419
532,0.187535922834
533,0.513338898495
534,0.44008682461
535,0.310855481028
536,0.310455847349
537,0.386166997601
538,0.309364369957
539,0.225428291872
540,0.426921220153
541,0.421885390102
542,0.61075631569
543,0.373304602683
544,0.467611922683
545,0.364847375078
546,0.204246814434
547,0.24421466141
548,0.267222985053
549,0.565862816279
550,0.66940055082
551,0.458062265665
552,0.560655984142
553,0.544903237174
554,0.356433352211
555,0.472058761688
556,0.494560664465
557,0.559714173925
558,0.634208264152
559,0.235642407526
560,0.437894941125
561,0.428047701413
562,0.467280755464
563,0.420293456882
564,0.346793944732
565,0.402143255954
566,0.431070771577
567,0.555218124371
568,0.447590254923
569,0.393194661048
570,0.529295308756
571,0.455627893188
572,0.547165285901
573,0.399968067509
574,0.427759374876
575,0.374983290907
576,0.466361561573
577,0.537092997151
578,0.449488516012
579,0.561512990837
580,0.53024426697
581,0.39124515381
582,0.501312385327
583,0.157934088718
584,0.124899731749
585,0.403381629067
586,0.542314528944
587,0.473983160936
588,0.2796121909
589,0.17198517918
590,0.488491931782
591,0.734790483167
592,0.612700672825
593,0.701987011553
594,0.645686886804
595,0.323593940519
596,0.527935230122
597,0.327731382643
598,0.101265822785
599,0.385610092751
600,0.651013993122
601,0.478703828123
602,0.572233112547
603,0.170316817917
604,0.352974796595
605,0.425948055469
606,0.598715785001
607,0.634791106709
608,0.296312369856
609,0.318127685205
610,0.442204892854
611,0.446412489229
612,0.105090186525
613,0.368576822177
614,0.0463385855438
615,0.0
616,0.193215400876
617,0.530217567021
618,0.525518319689
619,0.533737769175
620,0.685046243158
621,0.603663812116
622,0.0
623,0.415066641006
624,0.551613410044
625,0.447464881514
626,0.0
627,0.0
628,0.0
629,0.0
630,0.0
631,0.0517032861956
632,0.248768622142
633,0.316375685601
634,0.416464483899
635,0.288775953211
636,0.296867128641
637,0.566529386555
638,0.584832462039
639,0.492433311034
640,0.169314718056
641,0.620659957348
642,0.271789628151
643,0.485240573626
644,0.497830857406
645,0.0
646,0.383122605362
647,0.663301654862
648,0.292600275799
649,0.660124633219
650,0.678866432303
651,0.694303396417
652,0.366619724553
653,0.231742120741
654,0.535271619577
655,0.0
656,0.480546770222
657,0.468501920442
658,0.0
659,0.0775491027295
660,0.108124028829
661,0.0
662,0.409094489633
663,0.147751495529
664,0.316109916099
665,0.0
666,0.120330280309
667,0.486784994241
668,0.302633471945
669,0.551524935596
670,0.462024783869
671,0.490061479064
672,0.310219723939
673,0.581574437403
674,0.291683055227
675,0.33287064366
676,0.493811219157
677,0.336425947226
678,0.667309428449
679,0.291532229398
680,0.332633051556
681,0.375570919273
682,0.485501865858
683,0.522445853063
684,0.328230521014
685,0.391935987918
686,0.0
687,0.0
688,0.0136959732292
689,0.310998004754
690,0.349087812134
691,0.362166034507
692,0.517380101852
693,0.0
694,0.0
695,0.0
696,0.0
697,0.0
698,0.0
699,0.0
700,0.0
701,0.0
702,0.0
703,0.0
704,0.0689794743826
705,0.480448569332
706,0.209646158205
707,0.587446485008
708,0.309680651201
709,0.214371740025
710,0.414133958362
711,0.3791746355
712,0.40704443097
713,0.433191349829
714,0.281886325639
715,0.232566541756
716,0.421901013313
717,0.0
718,0.15392247096
719,0.333283545748
720,0.115524530093
721,0.0
722,0.125533995252
723,0.0952380952381
724,0.265204138649
725,0.0
726,0.101265822785
727,0.333283545748
728,0.10461166271
729,0.0
730,0.139247440036
731,0.154032706791
732,0.112676056338
733,0.112676056338
734,0.119251127838
735,0.183561104702
736,0.206988981508
737,0.560911869569
738,0.571931831836
739,0.426077112334
740,0.638891211526
741,0.383563192595
742,0.651702709979
743,0.627146219976
744,0.603009079734
745,0.411229102765
746,0.457701227316
747,0.505725108549
748,0.268353992434
749,0.326488078643
750,0.581333754896
751,0.37294743968
752,0.514349534614
753,0.253905701325
754,0.337423770814
755,0.589541085003
756,0.601751871508
757,0.42727296986
758,0.431447461412
759,0.224896044056
760,0.546923430872
761,0.572049981589
762,0.0
763,0.0
764,0.0
765,0.199955395779
766,0.244136064148
767,0.211547012926
768,0.266666666667
769,0.0
770,0.0
771,0.142857142857
772,0.0
773,0.0
774,0.0
775,0.0
776,0.0
777,0.166666666667
778,0.166666666667
779,0.0
780,0.0
781,0.0
782,0.0867325491054
783,0.0
784,0.250586946672
785,0.441514234544
786,0.468326981444
787,0.50946835303
788,0.499415021519
789,0.434032341884
790,0.0354790441476
791,0.41457668422
792,0.0
793,0.135488660777
794,0.206988981508
795,0.193718878699
796,0.220117283231
797,0.317246329348
798,0.0532982550219
799,0.233687564097
800,0.46986627297
801,0.554591969514
802,0.518850962196
803,0.596626745378
804,0.825049535162
805,0.632990293446
806,0.586448920041
807,0.574645516435
808,0.544118846894
809,0.457571696308
810,0.257959584831
811,0.418373519095
812,0.590973926828
813,0.403108186051
814,0.553391562214
815,0.286000378992
816,0.29312213026
817,0.361594019147
818,0.484503837781
819,0.196157922116
820,0.160835874699
821,0.0873256290469
822,0.106317318258
823,0.0891130095032
824,0.562578359051
825,0.139506322371
826,0.387961139109
827,0.256810321511
828,0.355232862706
829,0.168769204002
830,0.0
831,0.0
832,0.0
833,0.0
834,0.0918917713327
835,0.0
836,0.0
837,0.0
838,0.0
839,0.0
840,0.0
841,0.205376942388
842,0.142474554144
843,0.317025763085
844,0.116712419426
845,0.257990843295
846,0.276310909746
847,0.563285813876
848,0.278856923264
849,0.168527157877
850,0.223077118384
851,0.184890417905
852,0.204468898347
853,0.426738141927
854,0.319570379938
855,0.309237124633
856,0.285365200189
857,0.105897485919
858,0.217655956066
859,0.288474980447
860,0.781098341877
861,0.473582944911
862,0.23830717191
863,0.26344409329
864,0.403772992057
865,0.480720001126
866,0.266337366868
867,0.282967805204
868,0.348787278193
869,0.0756778701876
870,0.092899376255
871,0.0416930634923
872,0.344778321461
873,0.0711568072679
874,0.0
875,0.302757200644
876,0.163193259632
877,0.220899153673
878,0.152443434105
879,0.188932350228
880,0.195566019276
881,0.0801285203326
882,0.4150719132
883,0.371109428639
884,0.503712555972
885,0.525576422077
886,0.536177653893
887,0.353250077612
888,0.442569797497
889,0.676357001445
890,0.589486981629
891,0.491637394597
892,0.553114069767
893,0.23841501368
894,0.222615868058
895,0.203271856657
896,0.170123272488
897,0.285002421239
898,0.588833830895
899,0.235263864629
900,0.731095055204
901,0.40332935266
902,0.36440389815
903,0.0
904,0.0
905,0.0
906,0.0
907,0.0
908,0.0
909,0.0
910,0.0
911,0.0
912,0.308203380353
913,0.387912183144
914,0.579272653723
915,0.0
916,0.0
917,0.0
918,0.0
919,0.0
920,0.0
921,0.0
922,0.0
923,0.0
924,0.0
925,0.0
926,0.0
927,0.0
928,0.0
929,0.0
930,0.0
931,0.0
932,0.0
933,0.0
934,0.0
935,0.0
936,0.0
937,0.0
938,0.0
939,0.0
940,0.0
941,0.0
942,0.0
943,0.0
944,0.0
945,0.0
946,0.0
947,0.0
948,0.329537357541
949,0.50482986821
950,0.230641950122
951,0.317710991214
952,0.555008823616
953,0.397994162643
954,0.175341579272
955,0.250751424033
956,0.191312180775
957,0.0244820196224
958,0.0990210257943
959,0.0
960,0.0
961,0.0
962,0.0
963,0.0364814305558
964,0.0
965,0.108124028829
966,0.0
967,0.108124028829
968,0.0
969,0.199955395779
970,0.0
971,0.0
972,0.0
973,0.0
974,0.0
975,0.0
976,0.0
977,0.0
978,0.0
979,0.119402985075
980,0.108124028829
981,0.0
982,0.199955395779
983,0.0
984,0.0990210257943
985,0.0
986,0.466989348762
987,0.0
988,0.178226019006
989,0.155619339792
990,0.105263157895
991,0.0701921195504
992,0.330053159997
993,0.169314718056
994,0.0
995,0.11090354889
996,0.0357142857143
997,0.154032706791
998,0.0
999,0.298221091841
1000,0.155691694764
1001,0.191750385737
1002,0.0660140171962
1003,0.445516229394
1004,0.560251618107
1005,0.342644729106
1006,0.417843080714
1007,0.457017432908
1008,0.0656427889156
1009,0.452075051589
1010,0.263700239668
1011,0.208189368867
1012,0.366557004195
1013,0.711848157472
1014,0.755178372188
1015,0.569107077461
1016,0.490109405745
1017,0.560599812126
1018,0.599333886275
1019,0.451061366088
1020,0.559746241466
1021,0.553665241104
1022,0.512071111594
1023,0.31510819991
1024,0.593126200111
1025,0.435232276783
1026,0.449622036792
1027,0.366326537276
1028,0.451676704234
1029,0.521062946137
1030,0.196041332615
1031,0.347063845598
1032,0.466093382729
1033,0.398441167239
1034,0.70183951292
1035,0.608975973911
1036,0.505078962074
1037,0.592725772151
1038,0.763856265442
1039,0.38960459408
1040,0.417029741416
1041,0.430335554435
1042,0.528766525602
1043,0.649806138571
1044,0.462766079213
1045,0.427040664159
1046,0.304625392479
1047,0.376203943762
1048,0.454425282199
1049,0.569183135927
1050,0.622158872374
1051,0.381494469377
1052,0.36427659937
1053,0.447020951667
1054,0.467254049874
1055,0.353730797102
1056,0.428691544288
1057,0.291692967779
1058,0.421719325487
1059,0.44383976935
1060,0.557024122615
1061,0.432975818445
1062,0.370210769875
1063,0.42757299452
1064,0.526488464419
1065,0.279556764556
1066,0.57065797295
1067,0.636785984811
1068,0.528220775826
1069,0.579144349177
1070,0.600908009696
1071,0.548127185853
1072,0.630764203623
1073,0.617602252183
1074,0.735580809492
1075,0.693472674166
1076,0.674002088896
1077,0.429933630483
1078,0.833429230677
1079,0.520010820495
1080,0.579126922588
1081,0.318662415669
1082,0.353093273119
1083,0.566390588519
1084,0.44936872414
1085,0.416103525082
1086,0.173857632191
1087,0.399900667774
1088,0.660695565959
1089,0.489320712601
1090,0.557276257614
1091,0.556860645014
1092,0.237989305406
1093,0.515210964146
1094,0.415782188812
1095,0.662749339148
1096,0.546466440943
1097,0.776418653764
1098,0.712156327721
1099,0.71367632178
1100,0.645603578002
1101,0.626779676823
1102,0.684486054537
1103,0.712178245887
1104,0.455652316098
1105,0.627056837359
1106,0.480908555964
1107,0.732274999179
1108,0.5079098256
1109,0.801329825604
1110,0.420747354722
1111,0.732254727685
1112,0.634325552154
1113,0.760465945904
1114,0.661613393541
1115,0.0880186895949
1116,0.210641547557
1117,0.181581456449
1118,0.0959314316028
1119,0.0
1120,0.142184037038
1121,0.124930231832
1122,0.125262659561
1123,0.219765383471
1124,0.228694303753
1125,0.197530864198
1126,0.240544227044
1127,0.25451304937
1128,0.189744606023
1129,0.211003242175
1130,0.275754253268
1131,0.211222008255
1132,0.283377084966
1133,0.0
1134,0.454993321137
1135,0.369440860926
1136,0.414075160345
1137,0.408127691425
1138,0.674835315182
1139,0.0378125972533
1140,0.355057034349
1141,0.270392196035
1142,0.294321981811
1143,0.170901601582
1144,0.0999727899739
1145,0.211274973684
1146,0.0
1147,0.136871443518
1148,0.185956827854
1149,0.263983743247
1150,0.242119652021
1151,0.233657929073
1152,0.513672902083
1153,0.46055239024
1154,0.544900090667
1155,0.431721174603
1156,0.626595390255
1157,0.241392734326
1158,0.439973019103
1159,0.752418053205
1160,0.457373084372
1161,0.489126391042
1162,0.200010359356
1163,0.0660140171962
1164,0.171012084199
1165,0.578575726799
1166,0.62504812017
1167,0.449924446458
1168,0.539560058502
1169,0.373068493538
1170,0.616936146078
1171,0.648119940689
1172,0.584580070426
1173,0.672264697073
1174,0.674519269747
1175,0.725553375242
1176,0.63710866154
1177,0.533380678816
1178,0.585252493588
1179,0.635887908994
1180,0.829263493491
1181,0.538988851293
1182,0.731875132684
1183,0.533222346082
1184,0.762728208952
1185,0.446782422513
1186,0.544356220846
1187,0.669175699612
1188,0.665528777627
1189,0.453338776285
1190,0.585920927728
1191,0.441368090049
1192,0.661600437471
1193,0.628832288513
1194,0.37901476375
1195,0.594510366395
1196,0.516389101974
1197,0.188433980961
1198,0.186849616725
1199,0.083031514312
1200,0.192751836253
1201,0.225728024949
1202,0.0
1203,0.0
1204,0.409649323433
1205,0.543509894541
1206,0.492777619956
1207,0.382611705015
1208,0.4856758507
1209,0.502374515086
1210,0.475476802036
1211,0.141038191286
1212,0.306966728317
1213,0.421209243945
1214,0.398390461086
1215,0.360038697833
1216,0.352523206548
1217,0.477201878704
1218,0.438953496865
1219,0.386441313482
1220,0.656322225186
1221,0.415936540547
1222,0.484864525603
1223,0.522381021459
1224,0.279326445387
1225,0.309870766117
1226,0.348730235727
1227,0.0788923572136
1228,0.418892529625
1229,0.231817967128
1230,0.227339678518
1231,0.285141398343
1232,0.380050017558
1233,0.292041499492
1234,0.220619840317
1235,0.11826780933
1236,0.0804718956217
1237,0.187412634864
1238,0.0780197224607
1239,0.272727272727
1240,0.132028034392
1241,0.0
1242,0.0
1243,0.213091151706
1244,0.08664339757
1245,0.098855694854
1246,0.147871398519
1247,0.0
1248,0.0
1249,0.0
1250,0.0
