site,dnds
1,0.196929133013
2,0.379225149838
3,0.630885423131
4,0.318584589965
5,0.0861761605889
6,0.146099034206
7,0.0498871025198
8,0.0487560605055
9,0.0
10,0.1712534038
11,0.0
12,0.0616555691157
13,0.143870584805
14,0.0
15,0.300486440582
16,0.133852789136
17,0.228147752386
18,0.164913875395
19,0.201733482997
20,0.055296171161
21,0.481604355526
22,0.0840737931992
23,0.0128115274703
24,0.0188535313998
25,0.0
26,0.27396601323
27,0.183571593329
28,0.211782252432
29,0.133372814882
30,0.340518698219
31,0.00362493417283
32,0.0884009384795
33,0.261679031415
34,0.319001241974
35,0.192461133605
36,0.3713962006
37,0.306589429999
38,0.0
39,0.41640330771
40,0.313983921808
41,0.552025237304
42,0.389351940809
43,0.264542674026
44,0.272784334824
45,0.577835827335
46,0.244136064148
47,0.568074251726
48,0.374059721023
49,0.483635860268
50,0.660934020038
51,0.374499694459
52,0.35527445466
53,0.0
54,0.0
55,0.0
56,0.0
57,0.0
58,0.0
59,0.0
60,0.0
61,0.0
62,0.0
63,0.0
64,0.0
65,0.0
66,0.0
67,0.6816686893
68,0.215232151936
69,0.648133384018
70,0.39404279077
71,0.652110320845
72,0.0
73,0.0
74,0.0
75,0.241524826798
76,0.502308753286
77,0.547463281521
78,0.656070054472
79,0.673043498303
80,0.302961236886
81,0.157330980798
82,0.245538831987
83,0.362159508324
84,0.667634268893
85,0.44499172004
86,0.45713361555
87,0.32951848936
88,0.0968007346102
89,0.105202550915
90,0.25100053961
91,0.255714819838
92,0.207603383568
93,0.0
94,0.0164252741115
95,0.486487858128
96,0.287134744114
97,0.198542704995
98,0.148148148148
99,0.283815230642
100,0.639721604668
101,0.523994501692
102,0.213849964282
103,0.227003968964
104,0.57172151872
105,0.561669726942
106,0.547257311314
107,0.297581117945
108,0.504010653907
109,0.455387206873
110,0.417826993714
111,0.166355323334
112,0.0
113,0.0
114,0.537420943536
115,0.544135028449
116,0.549849500723
117,0.765300340857
118,0.613332131901
119,0.638679583541
120,0.323424655565
121,0.0791569758687
122,0.233707756856
123,0.550613046755
124,0.317515272895
125,0.0540908519012
126,0.209683511473
127,0.46514205707
128,0.0
129,0.235251512468
130,0.545285998328
131,0.101160557752
132,0.712672317807
133,0.292921898097
134,0.476494093864
135,0.0
136,0.47276212827
137,0.180728657864
138,0.00451996229571
139,0.179950210543
140,0.148001854803
141,0.163058917423
142,0.0
143,0.410501717042
144,0.1239529819
145,0.0
146,0.00661219950344
147,0.0
148,0.0786284254527
149,0.123870200161
150,0.0079604168771
151,0.0
152,0.184627550696
153,0.124605268228
154,0.0288254772674
155,0.495610118385
156,0.25890190687
157,0.146951974303
158,0.0310898106552
159,0.494363428018
160,0.233724368561
161,0.0185129524333
162,0.419265900059
163,0.224275314268
164,0.343399290935
165,0.341773266382
166,0.405185373152
167,0.691618229793
168,0.542661082182
169,0.392942890325
170,0.00811790580388
171,0.142226065949
172,0.560806942722
173,0.333445050723
174,0.0739704567893
175,0.313965534318
176,0.520740044035
177,0.13482424037
178,0.0
179,0.0933922813307
180,0.0
181,0.0330113117541
182,0.0612333190417
183,0.216759480888
184,0.0963022025466
185,0.230780609021
186,0.429421968437
187,0.0882485238005
188,0.489462412849
189,0.339961910153
190,0.0637686153051
191,0.231643555808
192,0.100529394725
193,0.174906972693
194,0.0
195,0.156516516522
196,0.0
197,0.0776418200627
198,0.477460508291
199,0.215269747175
200,0.4312265473
201,0.471132367593
202,0.2861806581
203,0.528426407159
204,0.621236202182
205,0.381026650688
206,0.447912208451
207,0.0
208,0.0
209,0.0
210,0.43997126438
211,0.403698092651
212,0.0862536666427
213,0.240696551464
214,0.334802030641
215,0.250895901839
216,0.399118216792
217,0.317715924022
218,0.00451996229571
219,0.563167795071
220,0.28012551207
221,0.304740766781
222,0.141898616118
223,0.273763289806
224,0.0
225,0.347035712067
226,0.646609624187
227,0.194934422899
228,0.0
229,0.0
230,0.0
231,0.0961747356288
232,0.605586386867
233,0.468677643752
234,0.288582872115
235,0.246645633604
236,0.431951369876
237,0.596398084045
238,0.545867704134
239,0.491765314056
240,0.168606764518
241,0.474078674376
242,0.634955273152
243,0.241094671499
244,0.281890717952
245,0.228596409155
246,0.518815157399
247,0.241191062227
248,0.418176540864
249,0.239333980728
250,0.229228838443
251,0.504244686215
252,0.551678141686
253,0.416442631478
254,0.323324974106
255,0.386286254348
256,0.108124028829
257,0.166877816
258,0.0
259,0.0
260,0.596268608319
261,0.64110214202
262,0.504562298246
263,0.505379075987
264,0.726519535244
265,0.746408807533
266,0.530387473855
267,0.542106382625
268,0.666032314077
269,0.650551444636
270,0.697404230479
271,0.564955274711
272,0.367601311885
273,0.15392247096
274,0.230965467649
275,0.12075807722
276,0.0990210257943
277,0.142857142857
278,0.0
279,0.252548764054
280,0.294570329627
281,0.234290317886
282,0.422235037323
283,0.0886229257961
284,0.183537610994
285,0.45876963096
286,0.190354107221
287,0.220269889059
288,0.280723031879
289,0.0969363784119
290,0.0969363784119
291,0.271275474428
292,0.421273564143
293,0.215841812859
294,0.60649353759
295,0.0
296,0.129812028853
297,0.139809900105
298,0.128812868561
299,0.623493402473
300,0.31363034376
301,0.221493297313
302,0.516085015792
303,0.559854717524
304,0.485395579001
305,0.280463369712
306,0.316512288605
307,0.315387019428
308,0.101747109467
309,0.489465450687
310,0.555343043673
311,0.431828665751
312,0.327938527642
313,0.589891224987
314,0.302213513837
315,0.205811869148
316,0.562939345956
317,0.492469942148
318,0.379883250283
319,0.0886938794513
320,0.126039320681
321,0.510791559662
322,0.0
323,0.0
324,0.0
325,0.0
326,0.44804197311
327,0.367326873167
328,0.331682711587
329,0.238493437967
330,0.094622901983
331,0.157666376709
332,0.0
333,0.195040484234
334,0.0
335,0.256660973424
336,0.127439694075
337,0.133780350256
338,0.0116034439969
339,0.335912064925
340,0.460965239639
341,0.172247502182
342,0.60337358121
343,0.513200465493
344,0.437802215088
345,0.622456396189
346,0.558909742397
347,0.0941175488203
348,0.549948297192
349,0.574042617633
350,0.28215872232
351,0.0
352,0.0
353,0.0775491027295
354,0.147871398519
355,0.443916903785
356,0.527316812776
357,0.660804173212
358,0.381332932817
359,0.2678164147
360,0.666561911763
361,0.526793811363
362,0.20309497752
363,0.119402985075
364,0.0
365,0.0
366,0.0
367,0.0
368,0.0
369,0.0
370,0.0
371,0.0
372,0.0
373,0.391278242575
374,0.691981555546
375,0.270981688138
376,0.117267596101
377,0.0
378,0.0
379,0.0
380,0.169014084507
381,0.198042051589
382,0.0
383,0.206874470011
384,0.227251199412
385,0.450574026189
386,0.15263401482
387,0.667895766866
388,0.270888543095
389,0.643676680965
390,0.161130102294
391,0.128384032502
392,0.221514786333
393,0.501503839399
394,0.661837369136
395,0.611529964414
396,0.352423093609
397,0.303546234403
398,0.028385197889
399,0.309695841878
400,0.214969281208
401,0.108124028829
402,0.0
