site,dnds
1,0.195255151531
2,0.243962584962
3,0.325441686866
4,0.0414658514269
5,0.358061231704
6,0.196718254063
7,0.103814558955
8,0.115885362211
9,0.455434992476
10,0.453625096441
11,0.0
12,0.0489704299115
13,0.180400602065
14,0.104280510964
15,0.0
16,0.073822272622
17,0.0
18,0.118896423042
19,0.0121137363021
20,0.0939920192341
21,0.287226639638
22,0.474130415391
23,0.203555384662
24,0.211069095044
25,0.476839431611
26,0.604398076212
27,0.246455109616
28,0.375748692121
29,0.0
30,0.28537800426
31,0.0142573475164
32,0.073517558088
33,0.0
34,0.0
35,0.0
36,0.0
37,0.0391202206645
38,0.030210580004
39,0.201521132398
40,0.0624398111627
41,0.228445180171
42,0.00633848392106
43,0.267898891462
44,0.379620714945
45,0.40732000659
46,0.261527822116
47,0.508206018178
48,0.0634685815533
49,0.336410404653
50,0.570023060453
51,0.291005934803
52,0.392346685382
53,0.368959671192
54,0.559799571648
55,0.229863916248
56,0.380838609683
57,0.59427581521
58,0.29134519861
59,0.316139151138
60,0.34704111877
61,0.616694440041
62,0.452195480013
63,0.29369293977
64,0.0
65,0.0
66,0.0
67,0.0
68,0.0
69,0.0
70,0.0
71,0.458202760222
72,0.390165977139
73,0.512276276591
74,0.102404848408
75,0.434844226068
76,0.786266948757
77,0.528642607987
78,0.482924778426
79,0.292152461686
80,0.467808027629
81,0.717882104254
82,0.45920844034
83,0.233743433859
84,0.559108405568
85,0.0545587454424
86,0.318622442037
87,0.335282001729
88,0.256766942732
89,0.067372241362
90,0.348467236017
91,0.287409341428
92,0.00661219950344
93,0.436784662291
94,0.160969555624
95,0.0719959925869
96,0.0714377173993
97,0.310630259806
98,0.463656721232
99,0.142707820865
100,0.00953109013515
101,0.027660520788
102,0.0353420909605
103,0.147692332168
104,0.0
105,0.00849101360798
106,0.0
107,0.0512150834825
108,0.0129290043367
109,0.0156249880899
110,0.0648871642683
111,0.135093276648
112,0.00573808413463
113,0.120674044714
114,0.0615770180485
115,0.344580008648
116,0.538306839362
117,0.260156306707
118,0.287023730215
119,0.331085559096
120,0.502206203225
121,0.0805505589
122,0.0989923216164
123,0.302254555101
124,0.482018769051
125,0.224882889596
126,0.143813410502
127,0.50985795147
128,0.197591608258
129,0.0137525098478
130,0.431767693618
131,0.468190141519
132,0.396391231224
133,0.0322290847301
134,0.114467810913
135,0.445971476875
136,0.0
137,0.312198504264
138,0.283877285997
139,0.0274479740839
140,0.128652852277
141,0.0
142,0.0167590473492
143,0.0
144,0.278506390318
145,0.0437876002591
146,0.102944167738
147,0.0
148,0.0
149,0.0912386272411
150,0.00582478489479
151,0.0146151016466
152,0.291667276537
153,0.011165040001
154,0.0838565477896
155,0.224271979669
156,0.327026264238
157,0.0
158,0.0751739687506
159,0.283009761384
160,0.281977824495
161,0.179161819526
162,0.0430513358525
163,0.0488175955348
164,0.344914518441
165,0.0
166,0.0
167,0.0988391503183
168,0.0
169,0.0
170,0.119954832708
171,0.0
172,0.129869106037
173,0.215656437926
174,0.321807156085
175,0.0
176,0.0
177,0.18711090078
178,0.022757260039
179,0.00638708007634
180,0.00540705052904
181,0.194598366476
182,0.0161107274151
183,0.122019793173
184,0.128905709593
185,0.130644239308
186,0.0
187,0.017698369932
188,0.0
189,0.0063376065008
190,0.0
191,0.0
192,0.0136796022325
193,0.00624260501399
194,0.0157832843628
195,0.173703848645
196,0.00266345588842
197,0.00370150467728
198,0.138191079539
199,0.194646198174
200,0.189637805173
201,0.0
202,0.507747003368
203,0.461868623189
204,0.246942761137
205,0.627099490972
206,0.492605610174
207,0.526298877892
208,0.0
209,0.167046506701
210,0.0502001343392
211,0.173594773171
212,0.139534883721
213,0.069945857395
214,0.068458980796
215,0.654637422251
216,0.431916095566
217,0.637807080276
218,0.0
219,0.320713202482
220,0.00951035923593
221,0.0
222,0.00707571717044
223,0.00602133859641
224,0.40858778028
225,0.0193834000476
226,0.0
227,0.367516102712
228,0.563332349663
229,0.0248144962304
230,0.115309181371
231,0.265807611502
232,0.0657488433285
233,0.0918701171551
234,0.019813435849
235,0.427095505991
236,0.229788095079
237,0.239232417182
238,0.0823666419174
239,0.50121176782
240,0.0
241,0.246590542372
242,0.0640047110486
243,0.0
244,0.0239667463552
245,0.0
246,0.0
247,0.00566199242327
248,0.0
249,0.166016228487
250,0.456049118745
251,0.304054515918
252,0.0
253,0.0
254,0.0
255,0.0
256,0.0
257,0.0
258,0.119581801698
259,0.0906118215585
260,0.408759111709
261,0.19711726913
262,0.0192076173816
263,0.102634875752
264,0.0
265,0.0266906872989
266,0.00742108263318
267,0.231797771416
268,0.0
269,0.0
270,0.0499846768376
271,0.157056333006
272,0.0262160385844
273,0.528505787693
274,0.0732752621898
275,0.0563976774803
276,0.480628062434
277,0.324750253111
278,0.0418130237671
279,0.254514295616
280,0.574727112821
281,0.492573879741
282,0.457418175913
283,0.606151152321
284,0.530448730461
285,0.60277654057
286,0.326634402423
287,0.461935271307
288,0.394809487691
289,0.267308398244
290,0.0380784539876
291,0.0
292,0.540507626887
293,0.428749717072
294,0.694382557235
295,0.685365544483
296,0.529366110202
297,0.670358156552
298,0.256518533469
299,0.605536633637
300,0.731136480465
301,0.591860396304
302,0.357466894414
303,0.2030533984
304,0.129212071718
305,0.158152256639
306,0.428886669832
307,0.577225548707
308,0.445209114678
309,0.503681168745
310,0.57013623616
311,0.507570125683
312,0.255889706097
313,0.250977358082
314,0.249483202915
315,0.141679724073
316,0.388155467864
317,0.451534987705
318,0.0173104273091
319,0.157513411604
320,0.119433524829
321,0.370435263772
322,0.198618643925
323,0.120251289997
324,0.282748111101
325,0.0765962380943
326,0.341164960455
327,0.0
328,0.0562965799383
329,0.215812737275
330,0.272219716897
331,0.00543223414354
332,0.027345583273
333,0.295842611291
334,0.227760645221
335,0.0
336,0.0
337,0.171076196251
338,0.346564905676
339,0.0
340,0.294894333027
341,0.392964347051
342,0.0487191939144
343,0.190509126559
344,0.541312972944
345,0.255782372032
346,0.0446062488325
347,0.131611472687
348,0.630465661063
349,0.412381993721
350,0.353036474615
351,0.533135346409
352,0.542937218514
353,0.305620690773
354,0.353254407192
