site,dnds
1,0.0
2,0.0
3,0.0
4,0.0
5,0.0
6,0.0
7,0.0
8,0.0
9,0.0
10,0.0706250757001
11,0.205874174955
12,0.107778600459
13,0.43434045293
14,0.489957289542
15,0.514402731328
16,0.654702066793
17,0.725041603225
18,0.649976372855
19,0.697189317747
20,0.489507620542
21,0.751917859396
22,0.712876575514
23,0.427626160942
24,0.683332023208
25,0.501115504183
26,0.615603659437
27,0.741871545145
28,0.540714390245
29,0.370060034215
30,0.207165167735
31,0.25492660842
32,0.240559185844
33,0.0687110766058
34,0.338255414858
35,0.547174564339
36,0.580965308833
37,0.462035419399
38,0.634044966117
39,0.502077014538
40,0.445761643223
41,0.71856258342
42,0.565111055439
43,0.692863059044
44,0.635520828411
45,0.479115935933
46,0.767785881035
47,0.626360035948
48,0.512459757477
49,0.68282887476
50,0.38405736446
51,0.285232064765
52,0.62284046108
53,0.565883189497
54,0.702069694168
55,0.718011992396
56,0.54317793515
57,0.663959655877
58,0.64488764933
59,0.653732266008
60,0.513806943775
61,0.523817801883
62,0.794870427046
63,0.428426279078
64,0.234374279723
65,0.626655670493
66,0.722391263753
67,0.749495307018
68,0.318438986924
69,0.68907688865
70,0.668877681134
71,0.67516133659
72,0.282972285745
73,0.557992070567
74,0.105176528701
75,0.440311372684
76,0.148148148148
77,0.0363636363636
78,0.333283545748
79,0.0
80,0.0660140171962
81,0.254680462082
82,0.140248377277
83,0.230775049151
84,0.241524826798
85,0.166666666667
86,0.0
87,0.1177084595
88,0.0
89,0.111111111111
90,0.19090354889
91,0.16901727518
92,0.130781825427
93,0.528765956231
94,0.716002492846
95,0.57073772375
96,0.454043616797
97,0.632974890699
98,0.320130106372
99,0.775573691299
100,0.123226165433
101,0.320171295268
102,0.730387419798
103,0.736059598559
104,0.561750663712
105,0.760726590957
106,0.713830778882
107,0.455283818208
108,0.599388851529
109,0.296210031038
110,0.429922041333
111,0.473153348447
112,0.534389497837
113,0.0
114,0.0
115,0.0
116,0.0
117,0.0
118,0.0
119,0.0
120,0.0
121,0.0
122,0.0
123,0.0
124,0.0
125,0.0
126,0.0
127,0.0
128,0.0
129,0.0
130,0.0
131,0.0
132,0.0
133,0.0
134,0.0
135,0.0
136,0.0
137,0.0
138,0.0
139,0.0
140,0.0
141,0.0
142,0.0
143,0.0
144,0.0
145,0.0
146,0.0
147,0.0
148,0.0
149,0.573445020841
150,0.312333832671
151,0.332902372347
152,0.422401887451
153,0.382122755959
154,0.201185576217
155,0.163700978592
156,0.307595669286
157,0.691245979247
158,0.412614430176
159,0.593013213812
160,0.0
161,0.0
162,0.0
163,0.0
164,0.0
165,0.0
166,0.0
167,0.0
168,0.0
169,0.0
170,0.0
171,0.0
172,0.0
173,0.0
174,0.0
175,0.0
176,0.0
177,0.46513465824
178,0.598820640204
179,0.391887667933
180,0.737611860931
181,0.573016109467
182,0.327929690567
183,0.0745572366368
184,0.0182090694526
185,0.363176508568
186,0.456988565259
187,0.507011555948
188,0.265481974471
189,0.661184056268
190,0.0
191,0.0
192,0.0
193,0.0
194,0.0
195,0.0
196,0.0
197,0.0
198,0.0
199,0.133615008081
200,0.138629436112
201,0.066809366801
202,0.0
203,0.148015095442
204,0.242382158734
205,0.0
206,0.0963481445009
207,0.31438239352
208,0.0521239118321
209,0.0873970853018
210,0.295997104955
211,0.336842105263
212,0.0
213,0.130052671979
214,0.373295807166
215,0.269973132616
216,0.527901842555
217,0.263953056648
218,0.611854946077
219,0.155328112377
220,0.456385359913
221,0.379630507296
222,0.3161920778
223,0.807404805684
224,0.68061514143
225,0.0
226,0.0740740740741
227,0.764046837867
228,0.472088940452
229,0.103751928744
230,0.124610729089
231,0.0758293838863
232,0.253560439767
233,0.327724043576
234,0.00666893147245
235,0.0
236,0.0
237,0.0
238,0.0
239,0.0
240,0.0
241,0.0
242,0.0
243,0.0
244,0.605994143197
245,0.316570214111
246,0.469462002488
247,0.449544825187
248,0.337248641008
249,0.572101422863
250,0.596594674036
251,0.75370526563
252,0.712723201523
253,0.660921684736
254,0.662039946562
255,0.792314767939
256,0.776504631045
257,0.803121534682
258,0.711543410673
259,0.734813278807
260,0.78684158228
261,0.737185181973
262,0.338442924798
263,0.762806892793
264,0.595720751241
265,0.740061822097
266,0.588421448854
267,0.0513313933616
268,0.68841410686
269,0.734727709055
270,0.642172799836
271,0.577608601979
272,0.69088918868
273,0.350163993366
274,0.619093453406
275,0.241483010824
276,0.613525267059
277,0.562197475538
278,0.481297254479
279,0.566999074781
280,0.595554640141
281,0.236678813346
282,0.60666900574
283,0.278287995848
284,0.561647871138
285,0.423246849554
286,0.593439283368
287,0.378966389295
288,0.442847542156
289,0.572140759686
290,0.224158141089
291,0.145275644211
292,0.433447649237
293,0.201622165279
294,0.333923030717
295,0.326692723756
296,0.363021470936
297,0.346283298587
298,0.426351623323
299,0.429992383093
300,0.462211481218
301,0.448585591364
302,0.39276210264
303,0.217293491079
304,0.68239385946
305,0.605816327928
306,0.404615648688
307,0.752459124184
308,0.283393973136
309,0.874779757481
310,0.0702908309403
311,0.634814406308
312,0.646037653039
313,0.509632401791
314,0.651839560073
315,0.494967964438
316,0.57840228386
317,0.771152474868
318,0.48079474564
319,0.518349412113
320,0.378738146346
321,0.437735010223
322,0.00861045067517
323,0.273735772283
324,0.0
325,0.332159002823
326,0.0
327,0.0
328,0.506268032097
329,0.148780682772
330,0.0
331,0.0
332,0.0
333,0.170212765957
334,0.0
335,0.141031341951
336,0.0
337,0.170212765957
338,0.0660140171962
339,0.126851132546
340,0.2863891244
341,0.150809742251
342,0.196721311475
343,0.279791078971
344,0.179019609833
345,0.145727899916
346,0.146076197815
347,0.0528743882247
348,0.206344135666
349,0.0927751879759
350,0.198303509321
351,0.187522631913
352,0.325091315277
353,0.695603541254
354,0.626496170937
355,0.655803847205
356,0.58260831086
357,0.835205206145
358,0.335570335457
359,0.0930045117926
360,0.572331633165
361,0.0
362,0.0
363,0.397565754162
364,0.396303148884
365,0.13612249172
366,0.536908624805
367,0.557466772361
368,0.523094157857
369,0.296839298137
370,0.648709395723
371,0.63934062334
372,0.658751278029
373,0.548103195912
374,0.426909344786
375,0.731178538745
376,0.434370931536
377,0.631457823344
378,0.279095891451
379,0.525369308258
380,0.472950921034
381,0.449664780808
382,0.165218239084
383,0.375952617678
384,0.00110875380873
385,0.0799432018747
386,0.508160524347
387,0.348550421343
388,0.52497752601
389,0.576495260539
390,0.643078995681
391,0.218932923494
392,0.536669803512
393,0.763459154041
394,0.0
395,0.188300992878
396,0.0
397,0.0
398,0.0
399,0.199955395779
400,0.133303597186
401,0.142857142857
402,0.0
403,0.0
404,0.0
405,0.0
406,0.0
407,0.0
408,0.0
409,0.0
410,0.0
411,0.0867325491054
412,0.0
413,0.0
414,0.0
415,0.0
416,0.125
417,0.170212765957
418,0.0803862650245
419,0.0
420,0.0
421,0.0
422,0.0
423,0.0
424,0.199955395779
425,0.0
426,0.0
427,0.0
428,0.0
429,0.106638027778
430,0.1087289695
431,0.1087289695
432,0.0
433,0.0
434,0.266666666667
435,0.0680500880741
436,0.0
437,0.0
438,0.266666666667
439,0.043209174892
440,0.171774157123
441,0.269495767524
442,0.412645686308
443,0.401212673312
444,0.173913043478
445,0.0
446,0.205376942388
447,0.198857863427
448,0.385437684969
449,0.138773209467
450,0.286779295006
451,0.137615385355
452,0.431250498504
453,0.699172815182
454,0.799329231606
455,0.745168492301
456,0.640442916857
457,0.809837021695
458,0.759777651438
459,0.0569976960157
460,0.228106780865
461,0.0
462,0.674333366005
463,0.187861979246
464,0.23692409406
465,0.548470381804
466,0.58534335243
467,0.514052640484
468,0.579342114747
469,0.431345025569
470,0.344453084698
471,0.334178209746
472,0.383452471886
473,0.119402985075
474,0.691785481621
475,0.211170276301
476,0.32273839603
477,0.671266627762
478,0.543850659075
479,0.441438347786
480,0.684642793261
481,0.590587544998
482,0.213468492242
483,0.298310552332
484,0.269051025596
485,0.219956202568
486,0.241744683951
487,0.102885806617
488,0.245766620906
489,0.55871227593
490,0.63599271838
491,0.448816263936
492,0.69483359218
493,0.583538600136
494,0.662080924015
495,0.663428872001
496,0.609210598835
497,0.642448908096
498,0.556239593434
499,0.466403053748
500,0.396911405323
501,0.252053520204
502,0.149164700507
503,0.188629389304
504,0.0944901066528
505,0.471828477633
506,0.287737208002
507,0.427585247007
508,0.195377470824
509,0.40192312227
510,0.270490952935
511,0.194195633046
512,0.401655586439
513,0.441970956149
514,0.528725032608
515,0.566326318802
516,0.316709030459
517,0.777381453787
518,0.742110608544
519,0.420158731449
520,0.587853071924
521,0.632439770142
522,0.646547338639
523,0.673368295791
524,0.790019630888
525,0.370455411796
526,0.821692020202
527,0.181865274411
528,0.0689127523495
529,0.21503915067
530,0.451142626717
531,0.308428134383
532,0.426682120432
533,0.577724702829
534,0.63262532812
535,0.0
536,0.324910693416
537,0.231387939404
538,0.055055197035
539,0.0
540,0.0991229132633
541,0.0
542,0.137442588625
543,0.0
544,0.253180886813
545,0.115524530093
546,0.0
547,0.16457989752
548,0.0
549,0.102994902063
550,0.166355323334
551,0.357770820246
552,0.0459545092084
553,0.0
554,0.0
555,0.141756424344
556,0.322504224869
557,0.31330674008
558,0.317691681873
559,0.232101187747
560,0.0
561,0.181422212808
562,0.1
563,0.211391195057
564,0.0781010907673
565,0.0851063829787
566,0.0845086375899
567,0.167459253412
568,0.287625859746
569,0.0
570,0.0752085108134
571,0.0
572,0.377239097797
573,0.256667138426
574,0.31943167675
575,0.257186189921
576,0.449258584956
577,0.324991887852
578,0.313117109457
579,0.294367946481
580,0.347579319655
581,0.219479384937
582,0.290643341251
583,0.472722482997
584,0.288716092512
585,0.299158931619
586,0.739222938611
587,0.0
588,0.0
589,0.0
590,0.147871398519
591,0.0
592,0.0
593,0.141031341951
594,0.0813786880495
595,0.0364814305558
596,0.0
597,0.0
598,0.0
599,0.281043243968
600,0.822351273817
601,0.0
602,0.0
603,0.0
604,0.0
605,0.0
606,0.649066087725
607,0.671939370168
608,0.529630803753
609,0.681575772711
610,0.190407574051
611,0.82459383908
612,0.782752878629
613,0.705739631717
614,0.464416139837
615,0.303976061613
616,0.633494347907
617,0.559334121983
618,0.563574232583
619,0.461456832732
620,0.200059045753
621,0.574903917694
622,0.672843746653
623,0.442654047185
624,0.44473919534
625,0.287308861856
626,0.250627486413
627,0.725924513808
628,0.341436488781
629,0.569798056153
630,0.378878713038
631,0.786880121135
632,0.364902880006
633,0.0552906965602
634,0.0941310985946
635,0.285027904584
636,0.143675212337
637,0.0933833623753
638,0.173268653908
639,0.195390725594
640,0.167670609877
641,0.254169495895
642,0.388089621193
643,0.24622479928
644,0.304418461895
645,0.215889665128
646,0.420103633382
647,0.189797973231
648,0.117320810301
649,0.507806441819
650,0.414420540451
651,0.592520151404
652,0.429028917546
653,0.36261760158
654,0.373332141955
655,0.593157021724
656,0.541648291525
657,0.525404102387
658,0.0646906854531
659,0.265782405493
660,0.0271141307412
661,0.575843584374
662,0.508979676129
663,0.073844834153
664,0.408818034422
665,0.661802010715
666,0.153430438641
667,0.159957041668
668,0.56783701098
669,0.432523293354
670,0.198187095025
671,0.225144532306
672,0.62515914221
673,0.525183006275
674,0.556865374225
675,0.0990210257943
676,0.100821408081
677,0.0867325491054
678,0.412848095477
679,0.522111271191
680,0.337101707911
681,0.454774415441
682,0.352171550397
683,0.415699980521
684,0.0696357965087
685,0.284746703719
686,0.444232847306
687,0.579605512197
688,0.668978038184
689,0.332399524209
690,0.677487261519
691,0.665526434145
692,0.360322081066
693,0.329587894911
694,0.227122526696
695,0.382516601265
696,0.597875598462
697,0.44521057179
698,0.45900186934
699,0.665568315224
700,0.288740648739
701,0.41203153018
702,0.57476193044
703,0.0
704,0.0
705,0.0
706,0.0
707,0.353353386674
708,0.37115332952
709,0.494230589372
710,0.538324874281
711,0.279138825844
712,0.466252927975
713,0.30929634862
714,0.208534158607
715,0.191483508754
716,0.255260624967
717,0.340095105576
718,0.191661557516
719,0.0592308731606
720,0.0
721,0.256973370936
722,0.0
723,0.0
724,0.0990210257943
725,0.0990210257943
726,0.0346792155334
727,0.26011191664
728,0.108108108108
729,0.0739356992597
730,0.187352457095
731,0.336381361762
732,0.130936679989
733,0.0503926125274
734,0.216725302655
735,0.611971954475
736,0.583360720738
737,0.330364876363
738,0.710819096617
739,0.551990017782
740,0.624678447646
741,0.705313661632
742,0.370850861619
743,0.683730759272
744,0.455569902341
745,0.598973944371
746,0.386841299581
747,0.63088332635
748,0.746960934835
749,0.727262058781
750,0.743925444176
751,0.467615056476
752,0.752520440894
753,0.120602684519
754,0.44530061653
755,0.0
756,0.0
757,0.0
758,0.0
759,0.0
760,0.0
761,0.0
762,0.125
763,0.0
764,0.149750791987
765,0.0
766,0.11480939424
767,0.129337191985
768,0.783212018104
769,0.4494835019
770,0.591539638106
771,0.520529958645
772,0.418025398479
773,0.0885848575439
774,0.589172306068
775,0.163167243369
776,0.414061666299
777,0.269405685817
778,0.360907361427
779,0.604468496743
780,0.691950245149
781,0.695194320907
782,0.135672604101
783,0.318832553151
784,0.654994574209
785,0.29557524226
786,0.340289012289
787,0.448590679937
788,0.166036870373
789,0.168989072383
790,0.380031659007
791,0.394832045699
792,0.155306665612
793,0.160633095861
794,0.0
795,0.23013276523
796,0.552651188402
797,0.681429871976
798,0.754552475858
799,0.685119645137
800,0.260508932512
801,0.806084445957
802,0.32308924813
803,0.043201562478
804,0.628250443545
805,0.481376746081
806,0.519209021955
807,0.817160922982
808,0.331028714222
809,0.0
810,0.0483952656685
811,0.0701072712552
812,0.511170746517
813,0.536811185951
814,0.344068236225
815,0.600465864736
816,0.467437487414
817,0.143214725245
818,0.156557923168
819,0.280267590289
820,0.55671422361
821,0.723963134015
822,0.619968487476
823,0.710129375027
824,0.612394449034
825,0.711535907574
826,0.829642773695
827,0.397062521332
828,0.180860532403
829,0.617357225778
830,0.412112136007
831,0.655733696092
832,0.454742185959
833,0.552316115193
834,0.779760280007
835,0.657484316475
836,0.599577075291
837,0.623681660792
838,0.788050126977
839,0.784176558314
840,0.477446277933
841,0.47108301024
842,0.708895168151
843,0.482433226714
844,0.611783178358
845,0.316721954827
846,0.622042590493
847,0.624357094378
848,0.386797476799
849,0.582161831029
850,0.473341232226
851,0.522124836851
852,0.583915141478
853,0.54748600773
854,0.358488772568
855,0.192567508332
856,0.0
857,0.534290672751
858,0.261581537579
859,0.335841048145
860,0.329691682372
861,0.372438112144
862,0.0
863,0.223152997325
