site,dnds
1,0.0
2,0.0
3,0.0
4,0.207398561605
5,0.331390441885
6,0.499846351365
7,0.519094578844
8,0.570763344848
9,0.395056779528
10,0.531102696382
11,0.576483747765
12,0.558350530897
13,0.526265669678
14,0.466793609527
15,0.578443166874
16,0.41862868815
17,0.767480654501
18,0.589952511681
19,0.267616197213
20,0.155027755297
21,0.302876215747
22,0.457919929303
23,0.671753882444
24,0.230970072985
25,0.51286075509
26,0.55853749819
27,0.318153844166
28,0.282303360132
29,0.108179392172
30,0.451628470416
31,0.684785484362
32,0.178226019006
33,0.0940208946338
34,0.0
35,0.0
36,0.0
37,0.569426030178
38,0.165517256892
39,0.374716225274
40,0.563756594088
41,0.475690191799
42,0.676836247746
43,0.248758215426
44,0.237241848107
45,0.308436089248
46,0.0
47,0.769097480468
48,0.320294486906
49,0.591325510425
50,0.419450026738
51,0.637303716034
52,0.288803466604
53,0.216156606776
54,0.112013382384
55,0.287702846943
56,0.26102972434
57,0.183669415766
58,0.266788522792
59,0.857580875681
60,0.684710475552
61,0.646756545281
62,0.692944781251
63,0.508245981193
64,0.580802085304
65,0.0308852403282
66,0.0
67,0.0
68,0.0
69,0.442025872094
70,0.322825533538
71,0.283683231417
72,0.372163404372
73,0.208245052726
74,0.437339123518
75,0.351961662399
76,0.271397614658
77,0.489020519458
78,0.581492185212
79,0.459569361129
80,0.262056942265
81,0.475315851686
82,0.145227819127
83,0.594675447904
84,0.359891522109
85,0.219727780289
86,0.332553082262
87,0.438361644086
88,0.293026854179
89,0.235117108639
90,0.540283037387
91,0.349074800488
92,0.381881904734
93,0.433566874057
94,0.374123423699
95,0.613744423367
96,0.614760293311
97,0.569343005398
98,0.548817296144
99,0.70527939263
100,0.804066326261
101,0.70530915282
102,0.838122008563
103,0.764298677914
104,0.808627603126
105,0.813305124353
106,0.821281306046
107,0.86277884843
108,0.77697941672
109,0.837890671953
110,0.642943718897
111,0.707908307272
112,0.23979421973
113,0.66328711562
114,0.644257877361
115,0.672076637117
116,0.570925513861
117,0.597787576329
118,0.593088613142
119,0.589426379612
120,0.690607896225
121,0.723891067045
122,0.837067146894
123,0.78209927081
124,0.707358788028
125,0.699359339581
126,0.0201057078401
127,0.0
128,0.0
129,0.780590522311
130,0.833639329843
131,0.660157357581
132,0.808751844803
133,0.817034872224
134,0.76403219765
135,0.78270398071
136,0.629874316876
137,0.425244401364
138,0.65360638852
139,0.536836007317
140,0.745428074797
141,0.315193848641
142,0.321264461361
143,0.333460677779
144,0.395654528457
145,0.55033225672
146,0.536754629857
147,0.160228298899
148,0.0
149,0.0
150,0.0
151,0.0
152,0.0
153,0.0
154,0.0
155,0.0
156,0.261490907802
157,0.0784638589344
158,0.405367476488
159,0.00951035923593
160,0.329979685203
161,0.124111593925
162,0.306598415701
163,0.00933945463464
164,0.427485631547
165,0.31075119758
166,0.293200219902
167,0.467060778323
168,0.33300522955
169,0.369446675917
170,0.0181165274298
171,0.0972481881059
172,0.382910421499
173,0.235007686281
174,0.346874793061
175,0.352425237893
176,0.464087027747
177,0.576024771745
178,0.278753623777
179,0.336757746519
180,0.248132167232
181,0.520070960809
182,0.209605381201
183,0.397672618523
184,0.535606579715
185,0.381139487164
186,0.276734146321
187,0.41137959431
188,0.5394610652
189,0.222492412576
190,0.334365779409
191,0.22607344926
192,0.591743054236
193,0.0769023334557
194,0.473169882246
195,0.0
196,0.0
197,0.0
198,0.0
199,0.0
200,0.0
201,0.346283263903
202,0.201825725465
203,0.197706458514
204,0.626042257345
205,0.757675707874
206,0.687132408488
207,0.23850471914
208,0.139183798494
209,0.564717012263
210,0.0558470483915
211,0.0392156862745
212,0.526856640797
213,0.0
214,0.704995679062
215,0.150398610716
216,0.161284885056
217,0.239076249347
218,0.235204028951
219,0.161797894712
220,0.0
221,0.219987236129
222,0.4965630944
223,0.145253214371
224,0.338832132965
225,0.4161476677
226,0.65740196397
227,0.506102773476
228,0.290860393395
229,0.127349506953
230,0.530634007849
231,0.078573775563
232,0.339257687317
233,0.0798815384571
234,0.480974736544
235,0.571886648989
236,0.165552859286
237,0.0916209634297
238,0.228754773956
239,0.296439767925
240,0.255415173235
241,0.21700849884
242,0.0132164838537
243,0.203883215943
244,0.0
245,0.0887218386796
246,0.641572446174
247,0.552205621367
248,0.213478788729
249,0.30570457134
250,0.661297044265
251,0.658142065587
252,0.208932523119
253,0.0
254,0.506644339101
255,0.791939834717
256,0.213860153684
257,0.199955395779
258,0.0499565535539
259,0.0
260,0.0716703787691
261,0.302610916468
262,0.0857142857143
263,0.0286857910509
264,0.169981910511
265,0.103979918455
266,0.404733905034
267,0.645438725461
268,0.716361739585
269,0.570620274466
270,0.618395598738
271,0.0
272,0.0
273,0.0
274,0.0
275,0.672032058449
276,0.780620474039
277,0.653697528703
278,0.641412912185
279,0.668182302465
280,0.796768643007
281,0.743985470048
282,0.722791588651
283,0.560880654833
284,0.579053169263
285,0.825556667447
286,0.828135134492
287,0.689239177968
288,0.646164613002
289,0.684897133896
290,0.722798156174
291,0.155281702702
292,0.0
293,0.0
294,0.0
295,0.0
296,0.0
297,0.0
298,0.0
299,0.66937843155
300,0.619829131526
301,0.392668156281
302,0.366690990676
303,0.689502204665
304,0.781418267903
305,0.0
306,0.0
307,0.0
308,0.0
309,0.684993944134
310,0.644447197187
311,0.626748232988
312,0.250119559336
313,0.87651245027
314,0.572640517358
315,0.43911672596
316,0.832665234935
317,0.587014048192
318,0.175009468333
319,0.530828955423
320,0.685554395484
321,0.639576418193
322,0.275292291215
323,0.36353672793
324,0.527227518143
325,0.667383498752
326,0.118214240726
327,0.135883079484
328,0.0
329,0.0
330,0.0
331,0.647085033396
332,0.323823113691
333,0.0
334,0.0
335,0.0
336,0.327205514518
337,0.169265511432
338,0.15980581217
339,0.0228196602653
340,0.589045486403
341,0.0
342,0.0
343,0.549505879292
344,0.0940224442137
345,0.429746052738
346,0.266666666667
347,0.335979458414
348,0.0371996870153
349,0.304784256041
350,0.434013696967
351,0.173260510129
352,0.638647643276
353,0.14469688875
354,0.353394117621
355,0.611715832677
356,0.518599981992
357,0.0699223207504
358,0.0
359,0.102564102564
360,0.154032706791
361,0.566100586075
362,0.435747994747
363,0.548478742608
364,0.273137957757
365,0.312523429409
366,0.240911429122
367,0.34681566947
368,0.203787112896
369,0.0741609293937
370,0.203088881797
371,0.203088881797
372,0.481797226882
373,0.511534530923
374,0.424620906814
375,0.421365741326
376,0.254514295616
377,0.570614591851
378,0.139301250916
379,0.310763021587
380,0.554564133068
381,0.631514592637
382,0.0697954296857
383,0.379145074082
384,0.522308579776
385,0.4946648991
386,0.39210180705
387,0.440473949211
388,0.0
389,0.59110963252
390,0.394019535571
391,0.208215692607
392,0.395700144683
393,0.550940747034
394,0.086132322326
395,0.0
396,0.230558770468
397,0.147776722595
398,0.132641505656
399,0.0599648475037
400,0.321357448627
401,0.18272528931
402,0.289004888969
403,0.245794932194
404,0.435599157781
405,0.202974679436
406,0.244405504228
407,0.380812992668
408,0.459943059735
409,0.336657573497
410,0.156853168298
411,0.308892596721
412,0.510627437576
413,0.289796999238
414,0.111797732646
415,0.484108024393
416,0.0
417,0.232202067404
418,0.368523354072
419,0.39544931327
420,0.447777821352
421,0.181651737182
422,0.324604358252
423,0.266666666667
424,0.166666666667
425,0.462806741897
426,0.415057702849
427,0.0634655074734
428,0.221116147177
429,0.138110282552
430,0.122202343855
431,0.22667242309
432,0.0
433,0.0
434,0.0
435,0.356226426346
436,0.294857038549
437,0.532169802317
438,0.275660116983
439,0.495242184536
440,0.48510103655
441,0.681415587214
442,0.193199271862
443,0.22254749076
444,0.161765257842
445,0.0
446,0.479299797754
447,0.186823942191
448,0.0
449,0.230178759325
450,0.556530557831
451,0.381511023374
452,0.177877366417
453,0.0
454,0.147328107987
455,0.472070376873
456,0.635911709957
457,0.727161026711
458,0.58802542585
459,0.656050331178
460,0.669466134384
461,0.0240433335417
462,0.380969940509
463,0.308596238984
464,0.555255029942
465,0.279330317857
466,0.158592379427
467,0.49325770523
468,0.252053520204
469,0.331472176039
470,0.488104839932
471,0.0
472,0.0
473,0.0
474,0.0
475,0.0
476,0.0
477,0.0
478,0.0
479,0.0
480,0.0
481,0.125533995252
482,0.443049193748
483,0.1239719836
484,0.407225570705
485,0.623477957774
486,0.221939354717
487,0.482654969475
488,0.34906345329
489,0.0848029086415
490,0.400585135147
491,0.0
492,0.762381999115
493,0.198916881437
494,0.6101245845
495,0.589679655811
496,0.615723605463
497,0.560175615624
498,0.534161378019
499,0.319960400494
500,0.0863205915433
501,0.136106539054
502,0.131251195721
503,0.0
504,0.214008645602
505,0.586949224013
506,0.462839460384
507,0.116094822088
508,0.0405225844181
509,0.592075033329
510,0.41561673518
511,0.0
512,0.132428228459
513,0.34506845277
514,0.530440470017
515,0.3199550579
516,0.103836077082
517,0.386248319198
518,0.0
519,0.485183484232
520,0.0162728165833
521,0.306940747768
522,0.752934746708
523,0.066809366801
524,0.0687773946602
525,0.221053468685
526,0.679511203915
527,0.210796441906
528,0.12529496608
529,0.156071338038
530,0.115296729293
531,0.478293627946
532,0.570452531893
533,0.0686081145792
534,0.0
535,0.404127141539
536,0.305314709173
537,0.0750095393292
538,0.0
539,0.0449069915378
540,0.275603820634
541,0.0
542,0.368562602875
543,0.00475715600185
544,0.347255995692
545,0.0
546,0.315906824448
547,0.00661219950344
548,0.108176562014
549,0.355425109454
550,0.00811790580388
551,0.0285482386128
552,0.0601178360231
553,0.424710238462
554,0.0165780441917
555,0.236399746456
556,0.479074480023
557,0.336790371181
558,0.264373189354
559,0.481764711169
560,0.733646972418
561,0.546084790702
562,0.172925575318
563,0.408932417405
564,0.554769774999
565,0.173637456788
566,0.424664767036
567,0.111147087587
568,0.592359608915
569,0.379009270457
570,0.446485190613
571,0.354836366702
572,0.0729628611116
573,0.355372978152
574,0.610885374331
575,0.511553056517
576,0.603668098031
577,0.556230826189
578,0.552096519713
579,0.0940208946338
580,0.455667824045
581,0.0
582,0.0
583,0.0
584,0.21857433012
585,0.0
586,0.089402606008
587,0.117517848473
588,0.384204108063
589,0.0
590,0.0645430298646
591,0.672780591291
592,0.228320900444
593,0.487278285236
594,0.284814773641
595,0.685456341398
596,0.453621562782
597,0.310177916282
598,0.699743616192
599,0.757655437741
600,0.552320040354
601,0.216343742664
602,0.131006082723
603,0.416088550539
604,0.652675511343
605,0.519045574653
606,0.181761588717
607,0.180513391393
608,0.204210455667
609,0.521996973464
610,0.296301294889
611,0.376549202565
612,0.151654481994
