site,dnds
1,0.0
2,0.334398119667
3,0.0991143704319
4,0.339735006512
5,0.362525187055
6,0.253600234916
7,0.529567894691
8,0.564899032903
9,0.602150574836
10,0.504935355527
11,0.44099762331
12,0.395348680173
13,0.597655519223
14,0.167940043687
15,0.142309077285
16,0.137663756057
17,0.419731256087
18,0.297357167667
19,0.311899767385
20,0.425552879617
21,0.32706109077
22,0.287163785369
23,0.672526019423
24,0.581369767682
25,0.515841831197
26,0.372760257251
27,0.688755709498
28,0.578090906046
29,0.534632478838
30,0.183171090097
31,0.512376379046
32,0.343476355326
33,0.246212257872
34,0.381392641306
35,0.355694614298
36,0.212792738615
37,0.454256292837
38,0.117410945703
39,0.213176732252
40,0.274067570828
41,0.151784664401
42,0.509440063885
43,0.24386549127
44,0.41768257934
45,0.0710876224588
46,0.31700672143
47,0.325232981922
48,0.289897920411
49,0.735948031167
50,0.160403487032
51,0.173026198344
52,0.119251127838
53,0.0933700335585
54,0.394931487158
55,0.522351358914
56,0.602846814376
57,0.24830998014
58,0.240499481926
59,0.468651752243
60,0.567835876064
61,0.337436663929
62,0.588017878207
63,0.721399233122
64,0.205737011481
65,0.485593604568
66,0.471753602662
67,0.184124625698
68,0.523197577754
69,0.445469017135
70,0.450179027065
71,0.221321368284
72,0.290486895448
73,0.00637987817198
74,0.0225323318512
75,0.465094853613
76,0.0347244283323
77,0.380626717109
78,0.347220697153
79,0.306758310882
80,0.413320697488
81,0.656902413222
82,0.51772625605
83,0.334783956149
84,0.522781457871
85,0.379011398237
86,0.347039193164
87,0.484639583245
88,0.0
89,0.0252053520204
90,0.0
91,0.0
92,0.311306555474
93,0.14723205177
94,0.451392763645
95,0.107117514988
96,0.252731931269
97,0.62163647155
98,0.399985706358
99,0.446174834042
100,0.243832989692
101,0.454551728272
102,0.138221844524
103,0.396089193291
104,0.348699485724
105,0.466984119213
106,0.280716967414
107,0.538612036579
108,0.642766690999
109,0.464869955653
110,0.11972475557
111,0.071941548571
112,0.247272745253
113,0.142857142857
114,0.285097686722
115,0.18380166031
116,0.236528988255
117,0.200596907137
118,0.0
119,0.0631601546458
120,0.0756713823714
121,0.0814279969318
122,0.164553340056
123,0.225463082893
124,0.11210755234
125,0.219349303981
126,0.391285154255
127,0.399783951867
128,0.323974390244
129,0.260964392593
130,0.0881306514742
131,0.563512604925
132,0.506638954696
133,0.117965670614
134,0.390037844558
135,0.264704727175
136,0.422605388603
137,0.476351117736
138,0.281495217657
139,0.274887982826
140,0.0
141,0.355920138706
142,0.30021986517
143,0.244887271807
144,0.0665583733337
145,0.34965172895
146,0.620898517652
147,0.472575518357
148,0.508412898653
149,0.0822381563681
150,0.145442973313
151,0.147413063694
152,0.359561003105
153,0.189935059972
154,0.205566757823
155,0.133567954158
156,0.311823127034
157,0.407647263815
158,0.655009118001
159,0.337731214985
160,0.0
161,0.558656722868
162,0.606036826497
163,0.514181166349
164,0.138516838676
165,0.652478860665
166,0.170212765957
167,0.392163164518
168,0.246968205242
169,0.563749956206
170,0.528269033463
171,0.580469758324
172,0.0
173,0.0
174,0.0
175,0.0
176,0.0
177,0.0
178,0.0
179,0.0
180,0.0
181,0.0
182,0.0
183,0.0
184,0.0
185,0.0
186,0.0
187,0.0
188,0.0
189,0.0
190,0.0
191,0.0
192,0.0
193,0.0
194,0.0
195,0.0590632541135
196,0.0
197,0.580463633574
198,0.440218854715
199,0.681585748143
200,0.504822120274
201,0.26585192926
202,0.510755856173
203,0.587417755262
204,0.449650097638
205,0.633187577689
206,0.704029146959
207,0.571754411629
208,0.371772008253
209,0.414680139465
210,0.6542371326
211,0.658743099667
212,0.419600790935
213,0.259024810529
214,0.00745341614907
215,0.259121484541
216,0.0
217,0.0
218,0.0
219,0.350735687469
220,0.418232706904
221,0.411785876334
222,0.614567073859
223,0.546555098452
224,0.664486782704
225,0.314638836063
226,0.396640808507
227,0.557882127724
228,0.0
229,0.0
230,0.0
231,0.0
232,0.0
233,0.0
234,0.0
235,0.0
236,0.0
237,0.0
238,0.0
239,0.0
240,0.0
241,0.22338739644
242,0.472314137889
243,0.31588655451
244,0.524693605313
245,0.278103255458
246,0.140713224369
247,0.0929960776905
248,0.139897125167
249,0.521913695228
250,0.502459045779
251,0.541227188631
252,0.385734525447
253,0.621625823866
254,0.598667970439
255,0.61307673588
256,0.476547375307
257,0.693233535993
258,0.663864968966
259,0.618679861204
260,0.596364344963
261,0.775039330674
262,0.16582239107
263,0.479381561462
264,0.0
265,0.0
266,0.0
267,0.0
268,0.0990210257943
269,0.0
270,0.125
271,0.0
272,0.161930185564
273,0.217000364968
274,0.403976943577
275,0.137725386258
276,0.137326536084
277,0.0549517666683
278,0.0486081862354
279,0.203428563702
280,0.593933999488
281,0.355568217682
282,0.419756098255
283,0.589297130341
284,0.352290090978
285,0.573785768941
286,0.533029022629
287,0.686941416626
288,0.156267030477
289,0.0761739040444
290,0.542490815598
291,0.483294962217
292,0.250209917804
293,0.609081171473
294,0.231641739627
295,0.430552783804
296,0.284173429216
297,0.599242280148
298,0.141914420327
299,0.589106438706
300,0.750022203562
301,0.227994508805
302,0.0519480519481
303,0.609268696762
304,0.427515048326
305,0.523987638737
306,0.576487994621
307,0.495161257176
308,0.298163442229
309,0.37962299457
310,0.487453386263
311,0.488614417758
312,0.625167097062
313,0.225044236154
314,0.250600322587
315,0.0
316,0.0
317,0.0
318,0.0
319,0.0
320,0.0
321,0.166666666667
322,0.211547012926
323,0.133303597186
324,0.0
325,0.125
326,0.147871398519
327,0.0
328,0.170212765957
329,0.0
330,0.0
331,0.0
332,0.0
333,0.0
334,0.0
335,0.0
336,0.0
337,0.44859801822
338,0.50256993996
339,0.46339478702
340,0.408239799811
341,0.533735993933
342,0.443871426723
343,0.330625004038
344,0.549314937115
345,0.162866822555
346,0.161008809116
347,0.31979094665
348,0.0
349,0.0
350,0.0
351,0.106638027778
352,0.0701921195504
353,0.293037832432
354,0.189333517318
355,0.148305045201
356,0.70432677569
357,0.490780533799
358,0.0998010389816
359,0.291634740082
360,0.469409368029
361,0.748472909439
362,0.577035294134
363,0.278601506119
364,0.443737848845
365,0.74923657202
366,0.648357117812
367,0.558361710212
368,0.580827696917
369,0.532486101705
370,0.517211371243
371,0.588515877724
372,0.4046363095
373,0.322445906402
374,0.539728412724
375,0.0502289297625
376,0.19899292245
377,0.393968371244
378,0.155029973961
379,0.0849835623675
380,0.202079114308
381,0.417302730797
382,0.0411626113295
383,0.0995078823323
384,0.0
385,0.0
386,0.0
387,0.0
388,0.0
389,0.0
390,0.386686089271
391,0.39432933286
392,0.234466838213
393,0.0257210089173
394,0.0
395,0.0806444191062
396,0.25710310749
397,0.379516111062
398,0.256275796003
399,0.5159220733
400,0.257768363929
401,0.40149742468
402,0.51259197889
403,0.327995818812
404,0.568676957907
405,0.453602802855
406,0.241094671499
407,0.19090354889
408,0.459965160517
409,0.468067850464
410,0.179957939017
411,0.234935764328
412,0.460180867316
413,0.101984161877
414,0.182651780492
415,0.285825812716
416,0.227452062294
417,0.35286829544
418,0.39835300705
419,0.49476167898
420,0.644533644956
421,0.508093418451
422,0.570784566232
423,0.593881735439
424,0.422590588074
425,0.0
426,0.0
427,0.0
428,0.0
429,0.0
430,0.0
431,0.0
432,0.0
433,0.0
434,0.0
435,0.0
436,0.0
437,0.0
438,0.0
439,0.0
440,0.355985618564
441,0.298639189897
442,0.237422808371
443,0.543078997437
444,0.392480636955
445,0.332448438161
446,0.51498468011
447,0.244539880351
448,0.362682283003
449,0.498063636055
450,0.591507739983
451,0.213444188572
452,0.266409807169
453,0.101691551079
454,0.266326495252
455,0.478575423613
456,0.472372442624
457,0.588439439569
458,0.350888314519
459,0.179423882366
460,0.381485565141
461,0.510888774164
462,0.36988386225
463,0.372410903475
464,0.410509228352
465,0.52160230918
466,0.423516021719
467,0.382718226843
468,0.283625813203
469,0.183357217644
470,0.526640434265
471,0.0
472,0.0
473,0.0
474,0.0
475,0.0
476,0.0
477,0.0
478,0.0
479,0.0
480,0.0
481,0.0
482,0.0
483,0.0
484,0.0
485,0.0
486,0.0
487,0.563115167963
488,0.500138876608
489,0.649023337299
490,0.390672269566
491,0.631665598509
492,0.51386436837
493,0.142875180144
494,0.604540816112
495,0.384494897829
496,0.443049729469
497,0.440422169813
498,0.213922550469
499,0.237231043238
500,0.334821889429
501,0.0876858889118
502,0.39026028316
503,0.30284597363
504,0.391210259518
505,0.299589140772
506,0.700600796105
507,0.432566969074
508,0.382854222793
509,0.463778022553
510,0.758323826017
511,0.482074229518
512,0.473193655105
513,0.299243430658
514,0.53288674796
515,0.421825065128
516,0.330558179254
517,0.424815713655
518,0.478540111321
519,0.514977409488
520,0.253111107643
521,0.210244024742
522,0.455982247068
523,0.0604338066446
524,0.422569755888
525,0.568325580979
526,0.354877249631
527,0.3076612725
528,0.0548275761323
529,0.251049579648
530,0.519160679509
531,0.484493867805
532,0.376007894449
533,0.215814890937
534,0.523261031854
535,0.358088986829
536,0.407895903967
537,0.380283936321
538,0.191626292939
539,0.287684986947
540,0.276169902634
541,0.253868435486
542,0.323524369701
543,0.291653588565
544,0.0894383458787
545,0.159673473347
546,0.143314427081
547,0.158804230612
548,0.0
549,0.149852942358
550,0.0894383458787
551,0.0818545522055
552,0.0
553,0.160340524025
554,0.112884404915
555,0.0
556,0.162757376099
557,0.129711753087
558,0.157835678075
559,0.238656085303
560,0.378583672852
561,0.188550665871
562,0.272612318211
563,0.287660030005
564,0.434329355467
565,0.119660747159
566,0.2336709228
567,0.125579554503
568,0.175251095143
569,0.391557278174
570,0.0
571,0.195205537634
572,0.138586535236
573,0.371980405992
574,0.419292375192
575,0.288787807942
576,0.507551909532
577,0.60842171207
578,0.0
579,0.293786792033
580,0.155654103705
581,0.134625469758
582,0.167718484328
583,0.0
584,0.0
585,0.208669544847
586,0.124739196611
587,0.0619198541453
588,0.130337449961
589,0.187238843465
590,0.37534096561
591,0.308946004881
592,0.455978377546
593,0.325853527818
594,0.770744798993
595,0.634912507534
596,0.33461353485
597,0.226824923947
598,0.388325667018
599,0.474943106194
600,0.373182885821
601,0.54634654071
602,0.417152715807
603,0.388692893395
604,0.414274932948
605,0.44609431115
606,0.300192390562
607,0.135409248111
608,0.563919577872
609,0.321638750779
610,0.0506820592824
611,0.0
612,0.505179439218
613,0.21250612737
614,0.598543384835
615,0.558928325801
616,0.582549438962
617,0.281388897958
618,0.269751297289
619,0.366171367829
620,0.383176840617
621,0.405893232114
622,0.324482653246
623,0.19092294071
624,0.241116195302
625,0.322233221072
626,0.31819302092
627,0.0609137055838
628,0.383895725727
629,0.451722485441
630,0.403099106783
631,0.351939509084
632,0.123690358762
633,0.161201962416
634,0.0963239675051
635,0.474537235215
636,0.266277475872
637,0.3870693554
638,0.655802252357
639,0.381069044013
640,0.102994902063
641,0.0
642,0.0
643,0.0
644,0.0
645,0.0
646,0.0
647,0.0
648,0.0
649,0.0
650,0.0
651,0.0
652,0.0
653,0.0
654,0.0
655,0.583423014807
656,0.176014454125
657,0.345018109081
658,0.138342803915
659,0.443315404874
660,0.385474134045
661,0.334437076654
662,0.0932672298806
663,0.32720630977
664,0.27724109926
665,0.369587846622
666,0.425768889667
667,0.265155495939
668,0.413169954175
669,0.684345257254
670,0.4645351942
671,0.544633629731
672,0.421958886943
673,0.237447567838
674,0.454663025933
675,0.365448740692
676,0.412888577896
677,0.499668482552
678,0.206799119124
679,0.395285815581
680,0.259788598866
681,0.252908851042
682,0.364542323482
683,0.383842007131
684,0.402311720376
685,0.132009583729
686,0.164896746885
687,0.238685230142
688,0.423934093602
689,0.270869744953
690,0.312347191879
691,0.216758872532
692,0.300374529595
693,0.342094280509
694,0.0353273128058
695,0.106216699707
696,0.148156094786
697,0.324793209508
698,0.292012859964
699,0.360141241964
700,0.148367287021
701,0.442903736617
702,0.531435581265
703,0.146341463415
704,0.369490739786
705,0.184657359028
706,0.102994902063
707,0.0318438344541
708,0.109043697388
709,0.126026760102
710,0.134430300768
711,0.210970685386
712,0.0
713,0.0345325764881
714,0.212246261754
715,0.431595418485
716,0.221234367495
717,0.0740740740741
718,0.33573742838
719,0.141569795056
720,0.438887205389
721,0.479415267497
722,0.203497320434
723,0.100214050201
724,0.0495105128971
725,0.191197960825
726,0.311184695976
727,0.295653160878
728,0.363310682092
729,0.28103397835
730,0.195614230544
731,0.181529073688
732,0.0904393262912
733,0.152238560059
734,0.0942889479761
735,0.0
736,0.132795758243
737,0.0853104222228
738,0.0781280540017
739,0.253856415511
740,0.373602404855
741,0.0
742,0.0
743,0.0
744,0.0
745,0.0
746,0.258757376779
747,0.192540883489
748,0.178888350735
749,0.339778987762
750,0.168215670415
751,0.35100651609
752,0.365003873648
753,0.283814461109
754,0.674903661747
755,0.666261622482
756,0.625993089365
757,0.550179394126
758,0.649610909647
759,0.468276106844
760,0.650882566927
761,0.591166661844
762,0.253571951911
763,0.376606622697
764,0.57207365351
765,0.394247574285
766,0.287501462386
767,0.168857176301
768,0.549385046414
769,0.355144408814
770,0.190548780348
771,0.198155925819
772,0.243553914367
773,0.324790519747
774,0.281719480727
775,0.400444756153
776,0.495476097137
777,0.17146038049
778,0.284017946828
779,0.51452914796
780,0.395794022654
781,0.194479193353
782,0.182658225394
783,0.347905816175
784,0.216499048002
785,0.0703861928468
786,0.418982538453
787,0.371725449856
788,0.401169925429
789,0.413396655341
790,0.486814552961
791,0.479065721129
792,0.298387608964
793,0.270012081328
794,0.464165219596
795,0.307350188387
796,0.343939799111
797,0.41159028355
798,0.273850956975
799,0.52196822316
800,0.340421776398
801,0.555032778128
802,0.564493656082
803,0.606601587013
804,0.476691665114
805,0.240915930513
806,0.427213328958
807,0.0493838672991
808,0.0765688584307
809,0.249251154621
810,0.169662829547
811,0.50719095135
812,0.185412302887
813,0.322979497713
814,0.338026618947
815,0.149856164114
816,0.0
817,0.162186043243
818,0.0473503450535
819,0.0
820,0.0
821,0.0
822,0.0
823,0.0
