site,dnds
1,0.0
2,0.267990291482
3,0.267462441017
4,0.212256703898
5,0.132172952736
6,0.307866879352
7,0.25085748068
8,0.200951104094
9,0.317772091121
10,0.297918107611
11,0.50961266738
12,0.313064210875
13,0.297677341176
14,0.423945300427
15,0.402907528157
16,0.533336015183
17,0.0
18,0.32101507706
19,0.296658260213
20,0.45652263038
21,0.31473567256
22,0.228539906854
23,0.0231779396927
24,0.0988755085793
25,0.0
26,0.317744608131
27,0.0
28,0.341874379228
29,0.363396248466
30,0.351793710462
31,0.221352125141
32,0.155724783673
33,0.58126371704
34,0.520513141104
35,0.440995388712
36,0.171996142528
37,0.530848467363
38,0.495809918155
39,0.167546393415
40,0.0695428083112
41,0.581032893498
42,0.334337295518
43,0.0478220035738
44,0.361550364112
45,0.500760599821
46,0.211224293637
47,0.419945140811
48,0.381876095977
49,0.547853110976
50,0.258981833877
51,0.329547098012
52,0.0883276339074
53,0.435056549332
54,0.19173757452
55,0.216886225272
56,0.131910332958
57,0.273180146497
58,0.601558757111
59,0.527799774315
60,0.530889615457
61,0.494710767836
62,0.297535612309
63,0.534631587967
64,0.0654810918313
65,0.134623669739
66,0.204708279708
67,0.114678044172
68,0.000438423264111
69,0.150720548897
70,0.1707892546
71,0.15754317862
72,0.582639112069
73,0.161043303723
74,0.153301120253
75,0.439148525629
76,0.605887919104
77,0.131067503061
78,0.278077099605
79,0.444491752333
80,0.585656320942
81,0.0715587116028
82,0.151811804349
83,0.0
84,0.507253658853
85,0.295469288856
86,0.0381111851854
87,0.0
88,0.394951938231
89,0.322757656911
90,0.148148148148
91,0.406134502735
92,0.0
93,0.169014084507
94,0.0
95,0.0
96,0.0
97,0.0
98,0.0
99,0.0
100,0.0
101,0.0
102,0.308146239791
103,0.239306033171
104,0.373652431413
105,0.0
106,0.163839732732
107,0.363027000738
108,0.18864515922
109,0.0566582032913
110,0.277019434934
111,0.0
112,0.0
113,0.121545815109
114,0.203068303849
115,0.0539115006734
116,0.0
117,0.0
118,0.205461521765
119,0.0
120,0.149820740593
121,0.362779721355
122,0.382371087559
123,0.60634747303
124,0.457323903669
125,0.485473375448
126,0.0445975264702
127,0.402558728306
128,0.241596981077
129,0.0788495284632
130,0.244357100254
131,0.458838081908
132,0.53720529792
133,0.113585024317
134,0.258980263584
135,0.380946125065
136,0.453353408178
137,0.0
138,0.0
139,0.385112222798
140,0.0264184573274
141,0.2284585597
142,0.0
143,0.204580647774
144,0.00602133859641
145,0.273841682276
146,0.20550442013
147,0.13449448363
148,0.324446024852
149,0.286955721322
150,0.391952567787
151,0.223811523114
152,0.443925295895
153,0.181969176584
154,0.335498582471
155,0.411495587782
156,0.491274880219
157,0.570968891627
158,0.324169472487
159,0.35549742952
160,0.476830387831
161,0.243715413286
162,0.274179921882
163,0.372254396171
164,0.406569561821
165,0.28295865265
166,0.165334691726
167,0.503259972693
168,0.188239459803
169,0.218357833763
170,0.487305434205
171,0.613136696007
172,0.372685707606
173,0.175259437666
174,0.145372909162
175,0.659312877895
176,0.211628436372
177,0.135593220339
178,0.510016006561
179,0.461834907459
180,0.458417603825
181,0.0
182,0.0
183,0.0
184,0.0
185,0.332249963879
186,0.381777553076
187,0.301989704848
188,0.0
189,0.135241112827
190,0.0
191,0.209021523409
192,0.0730896314822
193,0.212657264913
194,0.235755575263
195,0.138186391403
196,0.0140613683875
197,0.408353147413
198,0.343379806371
199,0.373045053336
200,0.384708935795
201,0.275565655058
202,0.200677998137
203,0.112879517498
204,0.40339051385
205,0.0669690136087
206,0.203089520896
207,0.341687374279
208,0.372082964759
209,0.26071774406
210,0.426347106235
211,0.472083858093
212,0.0894006542541
213,0.0288619835766
214,0.144911525777
215,0.119633027014
216,0.0547034917017
217,0.142718014402
218,0.0
219,0.00677994344356
220,0.0
221,0.0063376065008
222,0.0
223,0.0206436119764
224,0.289864179508
225,0.494711309347
226,0.412273417704
227,0.0230293755822
228,0.00558302569883
229,0.131303529732
230,0.531433809434
231,0.260784475586
232,0.2428248011
233,0.365915801114
234,0.440430777518
235,0.38619240855
236,0.0187457925222
237,0.400820339447
238,0.463621438243
239,0.275860862642
240,0.207084076865
241,0.206424709243
242,0.247470420687
243,0.256385072198
244,0.353668163856
245,0.385534116573
246,0.300304883643
247,0.047800158796
248,0.218707772197
249,0.603302248146
250,0.626495863859
251,0.452945802092
252,0.111094220968
253,0.219203346239
254,0.0
255,0.16582898371
256,0.141141468196
257,0.0
258,0.0174467766371
259,0.227452760798
260,0.190527372243
261,0.353000705228
262,0.402372677622
263,0.334452018497
264,0.261505868462
265,0.129135995054
266,0.572220872162
267,0.549872223268
268,0.115657819256
269,0.326094987778
270,0.579227513183
271,0.187074568846
272,0.281710912035
273,0.310201238986
274,0.395175653969
275,0.158595660817
276,0.238144745887
277,0.0
278,0.569388997325
279,0.446293980927
280,0.0
281,0.292410352003
282,0.387748393294
283,0.298049453945
284,0.392486872728
285,0.15587086146
286,0.0914387358914
287,0.0118148802198
288,0.261436096472
289,0.0
290,0.184682196412
291,0.00303477201482
292,0.28167080637
293,0.113217385962
294,0.342985834112
295,0.499129111221
296,0.154429620291
297,0.450412473322
298,0.338965364559
299,0.454709404039
300,0.351727538532
301,0.396742878451
302,0.353387041869
303,0.0741042970887
