site,dnds
1,0.23577273087
2,0.318109918887
3,0.236200303819
4,0.27443913817
5,0.245688515687
6,0.435780021778
7,0.337785937866
8,0.305300222704
9,0.399952866311
10,0.435384049859
11,0.141819786864
12,0.0279684507593
13,0.0367542348078
14,0.164117979833
15,0.0
16,0.0630748760569
17,0.0144462939048
18,0.0
19,0.298607927618
20,0.048564852772
21,0.0
22,0.269439020162
23,0.132213518308
24,0.163031001904
25,0.0
26,0.16583405321
27,0.197718024102
28,0.122583519513
29,0.385596665642
30,0.27410877517
31,0.342193117435
32,0.0
33,0.0438135974572
34,0.143204409167
35,0.647716698751
36,0.170623301366
37,0.172141966346
38,0.0
39,0.0150287357701
40,0.0
41,0.534905109682
42,0.414473411769
43,0.645666556014
44,0.161617314383
45,0.577874282393
46,0.522248167673
47,0.15619605431
48,0.552736948939
49,0.368368037197
50,0.0481863790668
51,0.501173775703
52,0.55361488217
53,0.414032965939
54,0.00696270342655
55,0.20271055272
56,0.545381429954
57,0.184316639329
58,0.411168501966
59,0.409893622526
60,0.0629537647434
61,0.0701109210192
62,0.0
63,0.137784273527
64,0.641332297837
65,0.305752956236
66,0.437688627591
67,0.161701281322
68,0.307006189911
69,0.570515430462
70,0.764923743464
71,0.0796337541879
72,0.0
73,0.400448885119
74,0.237390416751
75,0.251520727107
76,0.263075567121
77,0.188727000561
78,0.0275143003212
79,0.248581738441
80,0.138630222703
81,0.30948839786
82,0.0100767400036
83,0.152554666102
84,0.60032622038
85,0.704191875895
86,0.347940620634
87,0.0
88,0.00266317913697
89,0.0839104451992
90,0.0
91,0.482251808987
92,0.560881065139
93,0.298654658298
94,0.0488981453851
95,0.432458039552
96,0.423009969805
97,0.406396945492
98,0.419835717697
99,0.167324557704
100,0.105223442679
101,0.337372890737
102,0.399597158346
103,0.510250144028
104,0.0
105,0.107982165224
106,0.318325400243
107,0.149906889956
108,0.0403081055039
109,0.165788778595
110,0.210891343622
111,0.269222363392
112,0.0638735668928
113,0.228240053571
114,0.170506732331
115,0.423660433748
116,0.268049188318
117,0.523307931352
118,0.212832626602
119,0.116053409133
120,0.0436507456093
121,0.133115199523
122,0.137787201241
123,0.0
124,0.199623214452
125,0.0
126,0.0
127,0.0
128,0.0
129,0.028952718662
130,0.00835061189433
131,0.0608762089744
132,0.0960791912007
133,0.136913943075
134,0.413310075968
135,0.318439001336
136,0.507253090178
137,0.358430545374
138,0.289568172052
139,0.590100341237
140,0.452615954278
141,0.326945970918
142,0.319154926005
143,0.479735259388
144,0.0425954057497
145,0.0
146,0.0300648044012
147,0.280650008708
148,0.280334369211
149,0.170985174675
150,0.0
151,0.0
152,0.40485810467
153,0.354624350355
154,0.499978268982
155,0.479584724646
156,0.315922429175
157,0.105512708687
158,0.170212765957
159,0.397720977493
160,0.0712668721891
161,0.153692757511
162,0.334513289779
163,0.331732520947
164,0.0
165,0.693587797317
166,0.114149388038
167,0.434122405244
168,0.265103386622
169,0.511661198135
170,0.18347298168
171,0.253957335262
172,0.0
173,0.0292632072318
174,0.0
175,0.0
176,0.0762004395815
177,0.0234604162153
178,0.262388298308
179,0.0756870429491
180,0.0127152418581
181,0.0171598624632
182,0.439097749622
183,0.275664841816
184,0.558214870947
185,0.0656722772186
186,0.482580730057
187,0.428818329102
188,0.410567990069
189,0.176469343177
190,0.122456232355
191,0.0249947489479
192,0.00915745398775
193,0.119082386834
194,0.26365722125
195,0.385625739505
196,0.154171855102
197,0.0
198,0.122989833414
199,0.219359898532
200,0.163178421756
201,0.0971692911041
202,0.43451538013
203,0.0415746155399
204,0.154044158469
205,0.393826586305
206,0.424564102678
207,0.578902519474
208,0.36788088384
209,0.348848235853
210,0.57763834739
211,0.346477149978
212,0.0699234561759
213,0.496012922463
214,0.479642302323
215,0.0193201221625
216,0.430111405987
217,0.436188475059
218,0.391082577333
219,0.404502676005
220,0.0683059060666
221,0.124237109166
222,0.253119554738
223,0.0
224,0.0
225,0.648189827756
226,0.175864565201
227,0.227110118763
228,0.412653492379
229,0.0525271112141
230,0.59151724161
231,0.13176299969
232,0.191477067919
233,0.385441750325
234,0.533722378964
235,0.336109198773
236,0.390965015547
237,0.506124030222
238,0.363418794274
239,0.527184691837
240,0.0
241,0.0
242,0.0
243,0.0
244,0.367286379413
245,0.601140716824
246,0.43310124903
247,0.204035563702
248,0.619320490227
249,0.259262979389
250,0.553663213704
251,0.0
252,0.0
253,0.0
254,0.0
255,0.0
256,0.378794221327
257,0.461652116354
258,0.189449091596
259,0.0615663703118
260,0.0537892658313
261,0.476867158401
262,0.49890447079
263,0.0
264,0.0
265,0.0
266,0.166666666667
267,0.558945482795
268,0.545559483835
269,0.503793197515
270,0.0
271,0.0
272,0.0
273,0.0
274,0.168512973392
275,0.220711091966
276,0.337624638407
277,0.327346939607
278,0.215612086355
279,0.644111124575
280,0.34672107296
281,0.404290503648
282,0.596471151254
283,0.531023834763
284,0.722024159514
285,0.376303437419
286,0.446357603517
287,0.645968241558
288,0.6377395109
289,0.560863998575
290,0.597252730277
291,0.0934894644665
292,0.391378752444
293,0.333033081568
294,0.763240611848
295,0.16695166875
296,0.243516203943
297,0.0695605355912
298,0.318239593278
299,0.226803398661
300,0.51334521024
301,0.423689503003
302,0.722237106064
303,0.670079487298
304,0.680682656949
305,0.700678065699
306,0.727346677855
307,0.630117589269
308,0.463567030014
309,0.668225795215
310,0.44592472607
311,0.585304056861
312,0.281042596066
313,0.379130613249
314,0.444344888614
315,0.129920110678
316,0.0
317,0.618179280204
318,0.00558567961652
319,0.00475244917214
320,0.252196490483
321,0.197115931479
322,0.0198143791749
323,0.0691099587206
324,0.168616510257
325,0.081198028949
326,0.257114883285
327,0.265781269165
328,0.255991918058
329,0.257053147597
330,0.225412688575
331,0.593267855698
332,0.386469777448
333,0.0
334,0.419349901626
335,0.297202730582
336,0.348835589472
337,0.475408140686
338,0.39249375288
339,0.533578809112
340,0.54730605913
341,0.147163908106
342,0.591689093758
343,0.545398155206
344,0.227537333037
345,0.260262721951
346,0.592199423919
347,0.62006680461
348,0.0335415527999
349,0.65468602788
350,0.0
351,0.277774695502
352,0.313982394653
353,0.0126651402998
354,0.0
355,0.0456847761019
356,0.275138742992
357,0.691868708252
358,0.36868000089
359,0.0521997902844
360,0.494996312013
361,0.581895888171
362,0.599588844775
363,0.614297815204
364,0.647034792228
365,0.0
366,0.0
367,0.0
368,0.0
369,0.0
370,0.0
371,0.0
372,0.166666666667
373,0.545788756925
374,0.252333720804
375,0.0657004746761
376,0.0929842969976
377,0.282935019612
378,0.396962569672
379,0.106666666667
380,0.16197261481
381,0.379640703514
382,0.608080892079
383,0.614890318655
384,0.356510548031
385,0.368716307673
386,0.409771343054
387,0.217286266575
388,0.0538752324842
389,0.0
390,0.0
391,0.151902001275
392,0.0
393,0.0
394,0.0
395,0.306875119819
396,0.0
397,0.312295455074
398,0.543376735864
399,0.140981479729
400,0.0484687632895
401,0.2564147297
402,0.502574363851
403,0.137994488686
404,0.176811707069
405,0.21094704676
406,0.132028034392
407,0.0
408,0.542792439912
409,0.425524113339
410,0.191144383643
411,0.235427227209
412,0.102564102564
413,0.169314718056
414,0.495600427042
415,0.248718821943
416,0.242531281786
417,0.123112973696
418,0.387226330808
419,0.137641563369
420,0.329700702935
421,0.225927538334
422,0.250217163445
423,0.335375594319
424,0.0974644707483
425,0.0
426,0.0
427,0.0582267434419
428,0.0659580511281
429,0.111251053445
430,0.198360718406
431,0.0
432,0.0122002115894
433,0.343797392379
434,0.285960648957
435,0.210118044763
436,0.299943627735
437,0.45377920846
438,0.300050516709
439,0.0127152418581
440,0.380486823323
441,0.64273723016
442,0.242047464677
443,0.285132394969
444,0.0
445,0.565906638377
446,0.608423694587
447,0.273812698558
448,0.0
449,0.0
450,0.0
451,0.0
452,0.0398135031531
453,0.565966837508
454,0.249525267106
455,0.460775385158
456,0.353146953719
457,0.31261277878
458,0.265047189746
459,0.141025892382
460,0.0153816073292
461,0.0699223207504
462,0.329771933502
463,0.0339953338623
464,0.197503426626
465,0.0
466,0.582231651012
467,0.225607833451
468,0.189579974786
469,0.531903320552
470,0.219221500413
471,0.201802035782
472,0.174386525656
473,0.260217746995
474,0.447577903064
475,0.553221076777
476,0.221506738202
477,0.362647917366
478,0.443198673076
479,0.590633275781
480,0.261418341655
481,0.290689725587
482,0.605384922527
483,0.559237630739
484,0.175858200227
485,0.541834039589
486,0.125
487,0.0
488,0.0
489,0.0
490,0.0
491,0.0
492,0.0
493,0.0
494,0.64222471704
495,0.473035737037
496,0.226388313689
497,0.486643733842
498,0.369631667264
499,0.498297657369
500,0.0667714266833
501,0.559789758302
502,0.517011531742
503,0.0
504,0.0
505,0.0
506,0.755503499046
507,0.600473562462
508,0.0
509,0.0
510,0.067577518018
511,0.299440674641
512,0.548831659027
513,0.443357972393
514,0.601905404425
515,0.67352402322
516,0.676889233875
517,0.337056604248
518,0.6193141895
519,0.218888583335
520,0.633424334146
521,0.693587672317
522,0.34812299176
523,0.501177201608
524,0.446029414025
525,0.118365559554
526,0.0074090285859
527,0.444764674512
528,0.395649180345
529,0.377192075396
530,0.197716357008
531,0.18958711669
532,0.0
533,0.0
534,0.0
535,0.153759925046
536,0.123069499591
537,0.299577806759
538,0.560375617433
539,0.391950624236
540,0.38214789916
541,0.65306213944
542,0.661035892182
543,0.348093409662
544,0.436135747985
545,0.449825914425
546,0.676654753473
547,0.0496431977837
548,0.1177084595
549,0.0
550,0.0
