site,dnds
1,0.0
2,0.0
3,0.0
4,0.491434945136
5,0.319405785543
6,0.628003124434
7,0.517766191465
8,0.315338488806
9,0.0288589368954
10,0.207187680518
11,0.241466823054
12,0.182547122065
13,0.0941042002337
14,0.177322821153
15,0.0
16,0.0342237721748
17,0.0
18,0.322329725905
19,0.254775849647
20,0.243372248966
21,0.518919331226
22,0.488819304582
23,0.0940256761711
24,0.362763470464
25,0.205857782483
26,0.416897794482
27,0.450000728562
28,0.617697089035
29,0.238117355916
30,0.453094704075
31,0.601423891835
32,0.31187711978
33,0.0448063838113
34,0.434155293267
35,0.214127747934
36,0.386658842525
37,0.1602094025
38,0.489524611479
39,0.522450385247
40,0.0
41,0.166666666667
42,0.0
43,0.0
44,0.0
45,0.0
46,0.0
47,0.469211378788
48,0.626139059139
49,0.561945053814
50,0.166666666667
51,0.702755390025
52,0.332005498345
53,0.361030467418
54,0.712788010427
55,0.729136418672
56,0.554583646125
57,0.605077477239
58,0.552041504316
59,0.702572758834
60,0.110184337332
61,0.220992433346
62,0.333113206902
63,0.464530463163
64,0.242474425408
65,0.119231223086
66,0.27964081067
67,0.0
68,0.217008751267
69,0.0
70,0.419941612073
71,0.0466487088551
72,0.139116877348
73,0.411038670668
74,0.419327534904
75,0.296341406132
76,0.548899612969
77,0.685981442136
78,0.274255709749
79,0.268701969255
80,0.508318281734
81,0.464204636471
82,0.0356229722562
83,0.345334049946
84,0.547941753754
85,0.354582299694
86,0.513926285591
87,0.00999546677419
88,0.399462947414
89,0.445050135476
90,0.1212088647
91,0.59648733592
92,0.31260122571
93,0.408918675854
94,0.0274288362462
95,0.512847959546
96,0.423454081732
97,0.385017973536
98,0.021058015761
99,0.00450510373735
100,0.402212855707
101,0.537192228927
102,0.0504257877621
103,0.164412775456
104,0.192957651512
105,0.359521344195
106,0.452710772152
107,0.0
108,0.660819295125
109,0.484242948214
110,0.0
111,0.0
112,0.0
113,0.0
114,0.0
115,0.631287005583
116,0.370129014044
117,0.0
118,0.369926947146
119,0.197992785539
120,0.592348703022
121,0.499889748748
122,0.401566855532
123,0.0
124,0.0
125,0.0
126,0.610123989365
127,0.521711209203
128,0.236088896336
129,0.566530174208
130,0.4418409512
131,0.120159547067
132,0.262098818171
133,0.116906201274
134,0.234838719968
135,0.172027013901
136,0.1701994827
137,0.0
138,0.0
139,0.0
140,0.010093941906
141,0.342259918803
142,0.490594107245
143,0.253843866124
144,0.0
145,0.0
146,0.331612335055
147,0.0
148,0.406734610393
149,0.352553463667
150,0.5928326153
151,0.499230342433
152,0.488161427789
153,0.585808693845
154,0.41057682564
155,0.323727171786
156,0.385184365264
157,0.396783956927
158,0.098855694854
159,0.0
160,0.404796093442
161,0.510705174483
162,0.313446914195
163,0.310517267418
164,0.601059661584
165,0.34517301801
166,0.331984891304
167,0.506579940883
168,0.570505804256
169,0.0
170,0.433485919117
171,0.693634590454
172,0.657176027883
173,0.480139626015
174,0.291578966483
175,0.348451057981
176,0.509128945091
177,0.658749650212
178,0.637089448935
179,0.256228454034
180,0.490763182274
181,0.615129064361
182,0.580895352403
183,0.494446245573
184,0.575512519503
185,0.27857390042
186,0.670351689311
187,0.647407753857
188,0.0
189,0.0
190,0.0
191,0.0
192,0.0
193,0.354225283402
194,0.691596195711
195,0.658772163497
196,0.391242620943
197,0.199955395779
198,0.739497477066
199,0.574192811433
200,0.0616130827164
201,0.0
202,0.20693964782
203,0.197723070149
204,0.507287590693
205,0.247825819542
206,0.820288518237
207,0.0132914884092
208,0.609964131785
209,0.422744325675
210,0.763949396006
211,0.638138184555
212,0.507167709078
213,0.744388831442
214,0.784800048854
215,0.341341590457
216,0.409609948485
217,0.839667843095
218,0.700857674556
219,0.561559629474
220,0.0111403658795
221,0.63831718782
222,0.549947643533
223,0.363516834142
224,0.35143576866
225,0.575898265559
226,0.522131081851
227,0.399015885872
228,0.387461480705
229,0.575973846662
230,0.235204028951
231,0.772405228237
232,0.54004541641
233,0.428657153499
234,0.035786655581
235,0.443223963721
236,0.261264845049
237,0.343678214193
238,0.514180738357
239,0.617276763885
240,0.318905802061
241,0.0411979608251
242,0.1
243,0.0695652173913
244,0.461693992067
245,0.293227164449
246,0.440834118758
247,0.188622925285
248,0.249654819437
249,0.22388195768
250,0.372175220763
251,0.0
252,0.214720563345
253,0.184042707529
254,0.0872213216019
255,0.0291095621323
256,0.344011531546
257,0.385200079676
258,0.16506650886
259,0.776693484976
260,0.54234684794
261,0.276122635982
262,0.369904379152
263,0.73763774963
264,0.362992544425
265,0.399722699942
266,0.43354957208
267,0.526547701317
268,0.203488173696
269,0.0
270,0.137707430887
271,0.0
272,0.167641017488
273,0.398570575312
274,0.0
275,0.26354716581
276,0.400283514992
277,0.501839788395
278,0.37813617972
279,0.223273575203
280,0.366052900978
281,0.431116095332
282,0.214713609092
283,0.0818658421246
284,0.0294708957119
285,0.613898564226
286,0.0
287,0.00619891066998
288,0.0605212606797
289,0.0387668599941
290,0.182095559404
291,0.310841112403
292,0.321079407437
293,0.0202355678234
294,0.417337088619
295,0.40814076679
296,0.357169320861
297,0.297872857957
298,0.163353776311
299,0.269138387599
300,0.500138877809
301,0.469129113161
302,0.278805950257
303,0.338959903083
304,0.491442866448
305,0.549879877766
306,0.154051512683
307,0.429263374727
308,0.528728717783
309,0.527550372056
310,0.407973134695
311,0.0585900293398
312,0.257879687616
313,0.510487968384
314,0.00661219950344
315,0.457906492425
316,0.112132488197
317,0.217686364235
318,0.0
319,0.0
320,0.0
321,0.212658641073
322,0.0
323,0.0
324,0.346997984765
325,0.228811025549
326,0.374886383787
327,0.123911454715
328,0.033565080318
329,0.483568098322
330,0.586964497881
331,0.0116471117642
332,0.524024579513
333,0.438800575401
334,0.274847654288
335,0.198412469606
336,0.0904604515907
337,0.0
338,0.431794503393
339,0.278756574522
340,0.240061532625
341,0.334459310403
342,0.30961937611
343,0.410836413532
344,0.210025348087
345,0.487579033549
346,0.47897255897
347,0.454161341077
348,0.367605536469
349,0.580761460016
350,0.42810676853
351,0.438126244285
352,0.429327219328
353,0.0358127334654
354,0.326469344375
355,0.252434463152
356,0.396097422169
357,0.528973117512
358,0.305792793725
359,0.289805073096
360,0.366963848561
361,0.15434586814
362,0.120029038668
363,0.0988340295077
364,0.24405598527
365,0.244470094737
366,0.629488278738
367,0.561890932562
368,0.381467531244
369,0.57908974693
370,0.599411870929
371,0.547127843657
372,0.390163890075
373,0.492498184498
374,0.470046584934
375,0.507947745654
376,0.0664644467029
377,0.187885285815
378,0.620048144721
379,0.491723193582
380,0.639900391964
381,0.32322308264
382,0.223231800025
383,0.203301419379
384,0.0825530076686
385,0.0
386,0.120942370141
387,0.236040991871
388,0.326768604121
389,0.271885589222
390,0.169050648619
391,0.319160042916
392,0.343317955181
393,0.115313559203
394,0.371810005238
395,0.245404914215
396,0.535191478703
397,0.229538950975
398,0.221265887448
399,0.0
400,0.592937192862
401,0.402710022794
402,0.19974695495
403,0.0
404,0.0
405,0.119599227331
406,0.0526047794112
407,0.0
408,0.0
409,0.451160060977
410,0.194867182667
411,0.131818113675
412,0.382254304343
413,0.298152147719
414,0.353140580282
415,0.219419183147
416,0.209249065271
417,0.0352643186636
418,0.0779849654872
419,0.118761678629
420,0.0
421,0.152643573098
422,0.484150151999
423,0.173532297794
424,0.365247502224
425,0.320930689584
426,0.319509009059
427,0.230619931525
428,0.352445810811
429,0.334961165272
430,0.321447531147
431,0.276917446587
432,0.485019080102
433,0.362896245482
434,0.63792397622
435,0.606737091117
436,0.213091151706
437,0.0
438,0.0
439,0.142857142857
440,0.466357055403
441,0.0473946790126
442,0.589759064976
443,0.448218280846
444,0.0
445,0.0955315033624
446,0.0
447,0.0
448,0.530067034738
449,0.395898547597
450,0.442531004831
451,0.539368816537
452,0.503584428095
453,0.568824029318
454,0.665145607989
455,0.47985297173
456,0.262398259826
457,0.664460799075
458,0.536663880142
459,0.532460424631
460,0.335797760391
461,0.0461902272272
462,0.0560528851396
463,0.142371656334
464,0.501681173788
465,0.435745078425
466,0.501262327629
467,0.544906198405
468,0.462358573411
469,0.646126220469
470,0.256114400522
471,0.49506863276
472,0.0
473,0.525996449272
474,0.44255467715
475,0.601970368634
476,0.0851498494292
477,0.697786498189
478,0.0
479,0.555166167836
480,0.423814768052
481,0.433202938046
482,0.532331708442
483,0.361914103592
484,0.37206201243
485,0.658362137171
486,0.274101249991
487,0.427463108618
488,0.638593803739
489,0.566112663692
490,0.389290431654
491,0.538501231378
492,0.546384551524
493,0.52358419724
494,0.0836084685231
495,0.094592854468
496,0.555154227567
497,0.570847361038
498,0.692292911156
499,0.398157667004
500,0.631030201055
501,0.552368156877
502,0.471434062394
503,0.26325688322
504,0.4145775524
505,0.345756132839
506,0.103153077353
507,0.0
508,0.0252353897111
509,0.61486492744
510,0.0
511,0.0
512,0.0
513,0.0
514,0.0
515,0.0
516,0.0
517,0.0
518,0.0
519,0.0
520,0.0
521,0.0
522,0.0
523,0.0
524,0.0
525,0.473969303449
526,0.733959481062
527,0.634431056053
528,0.577142003544
529,0.443266926509
530,0.425870377321
531,0.213215467953
532,0.28773490397
533,0.0
534,0.0
535,0.416899960747
536,0.0595364788384
537,0.265766615452
538,0.0
539,0.423359511996
540,0.331754634275
541,0.53085437289
542,0.394563104747
543,0.0471735134185
544,0.076273988074
545,0.295764411181
546,0.068474001338
547,0.38368866542
548,0.0
549,0.245831750387
550,0.0
551,0.0
552,0.0
553,0.133779229977
554,0.0778159087059
555,0.442579459609
556,0.398141086205
557,0.0696126415027
558,0.420871290644
559,0.0637475366155
560,0.284786316831
561,0.0
562,0.196612163982
563,0.628043374246
564,0.268031117771
565,0.583588722979
566,0.439220982909
567,0.604922589028
568,0.315289525813
569,0.596113838523
570,0.494691512116
571,0.298275366902
572,0.374655277934
573,0.639683091728
574,0.681102984149
575,0.443074441039
576,0.491606214039
577,0.623658169813
578,0.60814212777
579,0.455808662681
580,0.604344411165
581,0.537568144283
582,0.514197238484
583,0.511407285166
584,0.475069542778
585,0.545162047034
586,0.283428441566
587,0.685531044337
588,0.325157404912
589,0.194867824023
590,0.0197431560043
