site,dnds
1,0.0
2,0.116101520953
3,0.0
4,0.359339353867
5,0.409075622964
6,0.418538885576
7,0.207489671353
8,0.280566894387
9,0.491986623197
10,0.582495109912
11,0.578794019247
12,0.533528116435
13,0.51911482363
14,0.55642649407
15,0.604616444396
16,0.597601704748
17,0.744734283886
18,0.361590882548
19,0.0
20,0.0
21,0.0
22,0.0
23,0.0
24,0.0
25,0.0
26,0.286304160663
27,0.605589559267
28,0.563915742188
29,0.101369513335
30,0.150371170833
31,0.0
32,0.0
33,0.0
34,0.0
35,0.459527709797
36,0.0
37,0.352296924476
38,0.0
39,0.0
40,0.0
41,0.0646650034007
42,0.105884073186
43,0.104268293828
44,0.593618213048
45,0.358342879259
46,0.563688606487
47,0.762942445763
48,0.66305842657
49,0.699435794116
50,0.641933287142
51,0.621329345528
52,0.3032866386
53,0.453663606936
54,0.517257313466
55,0.290780109856
56,0.792109592123
57,0.738347169744
58,0.683646790013
59,0.580644243445
60,0.577429515445
61,0.67644287389
62,0.602312003946
63,0.306487166113
64,0.519595059081
65,0.592076029085
66,0.0
67,0.0
68,0.0
69,0.485072799928
70,0.631446093463
71,0.0325011909047
72,0.52325116296
73,0.783576540021
74,0.0273208978745
75,0.0172385401525
76,0.0
77,0.173885007799
78,0.694321942307
79,0.199574032895
80,0.153509149955
81,0.447158424861
82,0.227025834822
83,0.182545598125
84,0.147871398519
85,0.133303597186
86,0.244136064148
87,0.133303597186
88,0.0
89,0.0
90,0.0
91,0.0
92,0.133303597186
93,0.0990210257943
94,0.0
95,0.0
96,0.147871398519
97,0.0775491027295
98,0.142857142857
99,0.0
100,0.0
101,0.0
102,0.0
103,0.0
104,0.0
105,0.0
106,0.0
107,0.142857142857
108,0.136375522959
109,0.0
110,0.0
111,0.0
112,0.0
113,0.0571428571429
114,0.0
115,0.232305682185
116,0.0
117,0.143103212945
118,0.150481895793
119,0.0
120,0.110038051001
121,0.434924640298
122,0.287304777083
123,0.00447059898675
124,0.0697250758234
125,0.517487854746
126,0.0456887134298
127,0.700523936415
128,0.8015215458
129,0.766651944633
130,0.0
131,0.0
132,0.0
133,0.0
134,0.0
135,0.0
136,0.0
137,0.0
138,0.266772732609
139,0.243245192334
140,0.235361356549
141,0.552778653712
142,0.498648026545
143,0.170212765957
144,0.178226019006
145,0.687020098839
146,0.67181938982
147,0.593623818126
148,0.478018485316
149,0.385049945036
150,0.0892143132406
151,0.0
152,0.0
153,0.00636556305062
154,0.0693048490443
155,0.0246576333355
156,0.0460129121564
157,0.0769186556682
158,0.225432292425
159,0.25583894814
160,0.445374171274
161,0.458477266788
162,0.622820839494
163,0.753457678433
164,0.603735307099
165,0.631803501636
166,0.351899519788
167,0.0
168,0.100991387976
169,0.370783170527
170,0.280295579958
171,0.355955813531
172,0.694260554753
173,0.657872308167
174,0.0670327159111
175,0.252657965096
176,0.14914339757
177,0.105001375539
178,0.0
179,0.0
180,0.0
181,0.0
182,0.0680500880741
183,0.0
184,0.0
185,0.0
186,0.0
187,0.0958766111239
188,0.241094671499
189,0.279002638716
190,0.284088244658
191,0.15577894333
192,0.183011356434
193,0.724260830968
194,0.545931238974
195,0.48606080291
196,0.135897623971
197,0.0427200976697
198,0.204234129854
199,0.206046917872
200,0.00156274863253
201,0.0
202,0.0
203,0.0
204,0.0
205,0.0
206,0.0
207,0.032371574659
208,0.0297274155685
209,0.207589069068
210,0.452637698261
211,0.579398800026
212,0.0325712260011
213,0.543245718782
214,0.722235236569
215,0.111084600101
216,0.0318047425686
217,0.000949216896061
218,0.27657268095
219,0.0282451766965
220,0.310826680042
221,0.0513998916178
222,0.146133406223
223,0.378478886978
224,0.465039275107
225,0.395692662222
226,0.805250959295
227,0.47152910085
228,0.135615963035
229,0.140684971877
230,0.00964844831382
231,0.462051997093
232,0.0964675805458
233,0.494288601169
234,0.333911813948
235,0.504581480578
236,0.0247049019511
237,0.0
238,0.0
239,0.47286241059
240,0.292202043946
241,0.265305064147
242,0.0
243,0.0
244,0.0
245,0.0
246,0.0
247,0.0
248,0.0
249,0.0
250,0.0
251,0.0
252,0.0
253,0.0
254,0.0
255,0.0
256,0.0
257,0.0
258,0.0
259,0.0
260,0.0
261,0.0
262,0.612869720422
263,0.0724036178135
264,0.00817786651788
265,0.594486527201
266,0.455502221326
267,0.0
268,0.0112938402131
269,0.0662257315095
270,0.405183046825
271,0.723492951215
272,0.649835697789
273,0.626453384472
274,0.782970316246
275,0.731955725204
276,0.70249588158
277,0.292375062707
278,0.172690332587
279,0.608691320155
280,0.0
281,0.0
282,0.0
283,0.0
284,0.0
285,0.0
286,0.0
287,0.0
288,0.543621413347
289,0.336892156699
290,0.197316689309
291,0.0728851309516
292,0.0
293,0.149201263106
294,0.729436073725
295,0.201470654856
296,0.467112901331
297,0.654654362528
298,0.0
299,0.0
300,0.0
301,0.0
302,0.0
303,0.0
304,0.0
305,0.0
306,0.0
307,0.0
308,0.0
309,0.0
310,0.0
311,0.0
312,0.0
313,0.0
314,0.0
315,0.199394719526
316,0.638294211213
317,0.664447517684
318,0.674654778805
319,0.609900749362
320,0.401813100479
321,0.681066710331
322,0.778941214288
323,0.142857142857
324,0.0772314491635
325,0.19512195122
326,0.125418309671
327,0.193730341745
328,0.186101015552
329,0.585857639733
330,0.699553080458
331,0.498716698995
332,0.153985227493
333,0.535719897195
334,0.564787237463
335,0.0
336,0.0
337,0.0
338,0.0
339,0.0
340,0.0
341,0.0
342,0.0
343,0.0
344,0.0
345,0.0
346,0.0
347,0.0
348,0.0
349,0.0
350,0.0
351,0.0
352,0.0
353,0.0
354,0.0
355,0.0
356,0.0
357,0.0
358,0.168901329164
359,0.5990030223
360,0.364717611056
361,0.726351798943
362,0.0
363,0.119402985075
364,0.0
365,0.479543492539
366,0.632203326441
367,0.640315296841
368,0.809896346484
369,0.475778499142
370,0.701207733601
371,0.316781318379
372,0.271486701066
373,0.298811069194
374,0.281721057432
375,0.285821356525
376,0.210598938396
377,0.189578716051
378,0.123226165433
379,0.0622389554004
380,0.0512662915044
381,0.0516783536643
382,0.177404265944
383,0.38667250041
384,0.807591508804
385,0.640349415496
386,0.729420090657
387,0.537392923827
388,0.0
389,0.0
390,0.16457989752
391,0.0
392,0.540819676444
393,0.453757475439
394,0.349782238142
395,0.534001376206
396,0.72302744059
397,0.20669285362
398,0.731710570877
399,0.26690787572
400,0.586485843902
401,0.278577801316
402,0.35967729011
403,0.353671024893
404,0.160473827183
405,0.424558824179
406,0.523685668778
407,0.0
408,0.0233874868777
409,0.0
410,0.0
411,0.0
412,0.0
413,0.0
414,0.0
415,0.143901292587
416,0.26519415756
417,0.0
418,0.0
419,0.107220011834
420,0.0
421,0.184223861754
422,0.0253082407298
423,0.291226239452
424,0.194726693718
425,0.616943673748
426,0.0
427,0.0
428,0.0
429,0.0
430,0.0
431,0.0
432,0.0
433,0.0
434,0.0
435,0.0
436,0.0
437,0.0
438,0.0
439,0.0
440,0.0
441,0.570669935391
442,0.474119235891
443,0.799594624454
444,0.53117289502
445,0.560900925143
446,0.284344637999
447,0.676535939182
448,0.19831163895
449,0.472084503732
450,0.622676327055
451,0.578888521743
452,0.394462842073
453,0.505355406379
454,0.325799971894
455,0.679516261651
456,0.74014885862
457,0.762209675808
458,0.72669272372
459,0.777344065645
460,0.758499066462
461,0.641125061142
462,0.475710763014
463,0.370043130501
464,0.337343357161
465,0.336866573693
466,0.226915939603
467,0.379281525565
468,0.204000820488
469,0.388092427125
470,0.237945771831
471,0.44476260525
472,0.292293087691
473,0.715681362484
474,0.746333029962
475,0.235921037606
476,0.233053800672
477,0.0397731441196
478,0.0
479,0.0
480,0.0
481,0.142857142857
482,0.0775491027295
483,0.166666666667
484,0.0
485,0.141031341951
486,0.0628956010098
487,0.0
488,0.0
489,0.378893707126
490,0.323913763772
491,0.119167703739
492,0.0
493,0.00431112535386
494,0.0
495,0.0
496,0.0
497,0.0
498,0.0
499,0.0
500,0.0
501,0.0
502,0.0
503,0.0
504,0.0
505,0.0
506,0.0103455661726
507,0.0795183589612
508,0.0
509,0.196877634007
510,0.00235789118121
511,0.00670327873269
512,0.112756105089
513,0.00661219950344
514,0.158784188259
515,0.310042780389
516,0.135720671027
517,0.404964903258
518,0.353201709701
519,0.156584583892
520,0.572349796188
521,0.404077012582
522,0.449543015193
523,0.530226147134
524,0.495705190152
525,0.45161003226
526,0.574768196812
527,0.717600165958
528,0.142857142857
529,0.202907645146
530,0.174213662277
531,0.445057349388
532,0.596685577626
533,0.567286811167
534,0.741720836652
535,0.406834396605
536,0.167173016409
537,0.220424671008
538,0.452029560838
539,0.421744672851
540,0.41445214188
541,0.251018813536
542,0.652385023851
543,0.657455914701
544,0.405838668246
545,0.0
546,0.713773308294
547,0.250175082273
548,0.00545013129063
549,0.402484966615
550,0.482802351193
551,0.0
552,0.119067094155
553,0.115508826073
554,0.0179887573704
555,0.154042458381
556,0.356920023748
557,0.420733488829
558,0.0245303960505
559,0.0550586880613
560,0.493616349351
561,0.145043672151
562,0.239117373734
563,0.214864523308
564,0.52263971519
565,0.156482646423
566,0.403844055854
567,0.502132942518
568,0.419421129999
569,0.427793854627
570,0.509636863235
571,0.518007376422
572,0.586091325855
573,0.468472741536
574,0.43546282574
575,0.494996861425
576,0.200983703628
577,0.159635333955
578,0.0559058278449
579,0.0
580,0.154032706791
581,0.0
