site,dnds
1,0.0
2,0.0639482915543
3,0.597404308776
4,0.278412839366
5,0.229767832621
6,0.00486385873024
7,0.595936956257
8,0.40539766438
9,0.0721308184045
10,0.302209348249
11,0.512357258928
12,0.439459177948
13,0.133657391736
14,0.519064342043
15,0.592015553407
16,0.342776547775
17,0.327265993466
18,0.483127117332
19,0.509140884722
20,0.166666666667
21,0.169014084507
22,0.142857142857
23,0.0
24,0.244136064148
25,0.244136064148
26,0.0775491027295
27,0.0775491027295
28,0.0
29,0.0
30,0.0
31,0.0
32,0.0
33,0.0867325491054
34,0.0
35,0.0
36,0.0
37,0.0
38,0.0
39,0.436378252735
40,0.241637148056
41,0.53935885103
42,0.635366508904
43,0.487972874053
44,0.224894425322
45,0.177132214417
46,0.373713585793
47,0.318948057123
48,0.385107339365
49,0.589673122182
50,0.480786443822
51,0.430505060446
52,0.441434539575
53,0.752536132453
54,0.692903931028
55,0.366014723844
56,0.346192908891
57,0.378978979263
58,0.203102565327
59,0.224295664921
60,0.711980500881
61,0.345452375951
62,0.70225553092
63,0.40436419197
64,0.504656233109
65,0.557325508548
66,0.532397519975
67,0.582102512154
68,0.413777471929
69,0.385771627414
70,0.386862272513
71,0.0458279127643
72,0.199256609205
73,0.139016608494
74,0.0
75,0.133303597186
76,0.0
77,0.0
78,0.0
79,0.0
80,0.0
81,0.0
82,0.0
83,0.0
84,0.0
85,0.0
86,0.0
87,0.0
88,0.0
89,0.0
90,0.0
91,0.0
92,0.0
93,0.0
94,0.0
95,0.0
96,0.0
97,0.0
98,0.0
99,0.0
100,0.0
101,0.0
102,0.0
103,0.0
104,0.0
105,0.0
106,0.0
107,0.0
108,0.0
109,0.0
110,0.0
111,0.0
112,0.0
113,0.0
114,0.0
115,0.0
116,0.0
117,0.524186903685
118,0.187319916123
119,0.344306482502
120,0.0
121,0.0813786880495
122,0.0
123,0.133303597186
124,0.166666666667
125,0.0
126,0.100821408081
127,0.132776341132
128,0.0990210257943
129,0.0
130,0.0
131,0.166666666667
132,0.0
133,0.0
134,0.266666666667
135,0.0
136,0.142857142857
137,0.0
138,0.0
139,0.163578432584
140,0.318612372347
141,0.552864652517
142,0.227393749502
143,0.151508940294
144,0.193925709388
145,0.289179105186
146,0.250964449065
147,0.185641351528
148,0.0
149,0.0
150,0.0
151,0.105263157895
152,0.170212765957
153,0.0
154,0.552486121608
155,0.613406178261
156,0.727745465003
157,0.645355288794
158,0.403684538528
159,0.606834549021
160,0.693086044253
161,0.689678064007
162,0.699976475026
163,0.696184487969
164,0.554062924394
165,0.788085857322
166,0.578440574838
167,0.579681342057
168,0.383686700606
169,0.240721028736
170,0.242977956048
171,0.0
172,0.166930173345
173,0.0
174,0.14162104158
175,0.0863783436609
176,0.0265590507899
177,0.0
178,0.0232523402736
179,0.0
180,0.0
181,0.0
182,0.0
183,0.0444245949344
184,0.0
185,0.579114967218
186,0.128346503366
187,0.0
188,0.0
189,0.327396176451
190,0.0
191,0.0867325491054
192,0.199955395779
193,0.0
194,0.133303597186
195,0.106638027778
196,0.0
197,0.0
198,0.0
199,0.0
200,0.0
201,0.0
202,0.0
203,0.166666666667
204,0.1087289695
205,0.0
206,0.0571428571429
207,0.0
208,0.0
209,0.0867325491054
210,0.0
211,0.141031341951
212,0.0
213,0.141031341951
214,0.651080237584
215,0.521236868432
216,0.258459459274
217,0.0
218,0.0
219,0.0
220,0.353954050239
221,0.293433204481
222,0.723072906415
223,0.5817214713
224,0.122156419336
225,0.147785076847
226,0.615500863408
227,0.565105654517
228,0.0
229,0.553617352125
230,0.694189799911
231,0.31727454818
232,0.00514873930935
233,0.0380660179563
234,0.344870233712
235,0.335401612851
236,0.142661036711
237,0.0
238,0.0254946975302
239,0.0300517686924
240,0.0359876078174
241,0.258418125989
242,0.185943972403
243,0.41734252936
244,0.18240543029
245,0.00496272293192
246,0.286591000568
247,0.0
248,0.0
249,0.0
250,0.0
251,0.0
252,0.0
253,0.0
254,0.0
255,0.0
256,0.0
257,0.0
258,0.0
259,0.0
260,0.0
261,0.0
262,0.0
263,0.238495928814
264,0.459598430139
265,0.462907364468
266,0.303824198201
267,0.330033894923
268,0.699828730932
269,0.548445022329
270,0.163994070195
271,0.248527142973
272,0.514905872247
273,0.187748864952
274,0.617950401988
275,0.433565413111
276,0.666583233275
277,0.0364814305558
278,0.0
279,0.0
280,0.142857142857
281,0.225352112676
282,0.313745953624
283,0.416037800969
284,0.0
285,0.18459379152
286,0.0952598296525
287,0.0
288,0.0
289,0.0
290,0.170304975803
291,0.214374285274
292,0.412905153653
293,0.236920670172
294,0.105619357059
295,0.288492363093
296,0.0400065274496
297,0.0947892018021
298,0.0533987897206
299,0.229923746566
300,0.0506640317799
301,0.0880147190817
302,0.00225225149616
303,0.175833868176
304,0.00850304186883
305,0.338995045523
306,0.360958148845
307,0.184325217313
308,0.43626296453
309,0.136656915944
310,0.027826988843
311,0.193856744557
312,0.346684432334
313,0.263909113033
314,0.057454918925
315,0.0421779083592
316,0.502820594522
317,0.310707387557
318,0.098215211683
319,0.0267199291601
320,0.0396212879027
321,0.217549813894
322,0.152145497797
323,0.0
324,0.0342601396796
325,0.189879236428
326,0.284392339965
327,0.156647296837
328,0.258897621536
329,0.241601680544
330,0.411137714609
331,0.183740034342
332,0.163093454249
333,0.218437840416
334,0.0
335,0.0
336,0.266666666667
337,0.0
338,0.133303597186
339,0.133303597186
340,0.132776341132
341,0.0
342,0.0
343,0.0
344,0.321381218783
345,0.277839837183
346,0.541532106382
347,0.581405557914
348,0.182344164755
349,0.158338535997
350,0.527846878605
351,0.159078364887
352,0.54837244648
353,0.616297064232
354,0.191889445505
355,0.407977022112
356,0.592570405182
357,0.42211469305
358,0.203007821686
359,0.427942920929
360,0.398032957959
361,0.156434802554
362,0.236665198474
363,0.0796416019135
364,0.484462485717
365,0.245703908916
366,0.0174789030962
367,0.114982593997
368,0.0
369,0.192532703452
370,0.281804786975
371,0.196350865398
372,0.500104421806
373,0.491372204707
374,0.0399371499364
375,0.49471906228
376,0.584477733415
377,0.286340861458
378,0.100585433042
379,0.431372682199
380,0.100821408081
381,0.54613079245
382,0.20929191586
383,0.257698841849
384,0.404492685133
385,0.210034102862
386,0.441271701685
387,0.233982702979
388,0.131095627953
389,0.207679877098
390,0.256344287854
391,0.259741842593
392,0.085706443455
393,0.0
394,0.314816244105
395,0.0
396,0.0
397,0.0
398,0.0
399,0.0
400,0.0
401,0.0
402,0.0
403,0.0
404,0.202774401481
405,0.0
406,0.120802366298
407,0.0
408,0.0591884046532
409,0.0
410,0.13106433922
411,0.00479378158456
412,0.301231502032
413,0.116661410879
414,0.268820210496
415,0.405348243651
416,0.232337789629
417,0.0612198137242
418,0.416658712446
419,0.455071726071
420,0.319319394582
421,0.262960891202
422,0.692727393315
423,0.594982807036
424,0.177126150361
425,0.393701092477
426,0.499309002486
427,0.664141718525
428,0.0
429,0.0588542297501
430,0.0
431,0.149810766637
432,0.0
433,0.411868828902
434,0.403512973827
435,0.523529621658
436,0.426854315636
437,0.2335855228
438,0.285877884175
439,0.312344744532
440,0.265819344493
441,0.366080464816
442,0.414419615175
443,0.30548057488
444,0.227336663098
445,0.424910865255
446,0.634688133106
447,0.369662497073
448,0.298221091841
449,0.0909090909091
450,0.367517850758
451,0.333139307176
452,0.0
453,0.0
454,0.0
455,0.0
456,0.0
457,0.0
458,0.0
459,0.0
460,0.0
461,0.0
462,0.0
463,0.0
464,0.0
465,0.0
466,0.0
467,0.0
468,0.0
469,0.0
470,0.0
471,0.0
472,0.0
473,0.0
474,0.124371202491
475,0.0519029427717
476,0.131148927279
477,0.0
478,0.420842797583
479,0.44257307076
480,0.189819574754
481,0.252635435459
482,0.00867992447015
483,0.00298302243883
484,0.0145776394441
485,0.139841989209
486,0.586581377691
487,0.529211591801
488,0.482220566468
489,0.622708532578
490,0.222655302426
491,0.227117919935
492,0.0
493,0.490468952899
494,0.659102251921
495,0.282630471157
496,0.518982815138
497,0.0
498,0.705440960821
499,0.667206784215
500,0.123407348324
501,0.299146970691
502,0.451588104831
503,0.234638443996
504,0.224863801894
505,0.00997986680238
506,0.183169165308
507,0.0
508,0.0263512483348
509,0.315204592664
510,0.327756315446
511,0.0901574581579
512,0.0
513,0.0
514,0.0
515,0.0
516,0.0
517,0.484764356204
518,0.388567327432
519,0.0
520,0.615460355872
521,0.180323791951
522,0.12789563085
523,0.461975474412
524,0.69927882392
525,0.597952799619
526,0.200328508263
527,0.308946834285
528,0.394335197832
529,0.603568929241
530,0.329902390866
531,0.579579927145
532,0.510133547241
533,0.272532925795
534,0.296211163482
535,0.520447849957
536,0.675861135485
537,0.0
538,0.0
539,0.0
540,0.100821408081
541,0.132505915113
542,0.334204685164
543,0.227600227255
544,0.234342190492
545,0.126148581803
546,0.138337841053
547,0.350877192982
548,0.103293231441
549,0.215956338247
550,0.714722324848
551,0.737689891708
552,0.59037859668
553,0.748460877603
554,0.636042548357
555,0.714874784821
556,0.286347792791
557,0.0769707970855
558,0.133303597186
559,0.0
560,0.0
561,0.0
562,0.0
563,0.0
564,0.0
565,0.147871398519
566,0.0
567,0.0
568,0.056583443311
569,0.146083057015
570,0.0809514955398
571,0.0637376717756
572,0.160694327986
573,0.0740740740741
574,0.0789473684211
575,0.203088881797
576,0.184191071631
577,0.433189007879
578,0.582562218156
579,0.616612821301
580,0.701765309244
581,0.727012180659
582,0.79868703065
583,0.520228536503
584,0.694500198636
585,0.622888379239
586,0.645132663055
587,0.172008898407
588,0.486506044064
589,0.158104780343
590,0.0138787048425
591,0.214400817379
592,0.0136288910388
593,0.0127884372625
594,0.257846016966
595,0.221518949142
596,0.438678912485
597,0.586100951281
598,0.434260743607
599,0.289542852804
600,0.178430859146
601,0.6146588052
602,0.498029484548
603,0.229700065421
604,0.454976761202
605,0.559103241614
606,0.0928404750987
607,0.0655737704918
608,0.130242090812
609,0.0640208065434
610,0.071092018519
611,0.11090354889
612,0.0
613,0.0519029427717
614,0.15392247096
615,0.193215400876
616,0.0
617,0.0
618,0.0
619,0.0
620,0.0
621,0.0
622,0.279109328705
623,0.0192009893606
624,0.109943533414
625,0.419444395129
626,0.268491983597
627,0.255488141409
628,0.00788569912674
629,0.391835408051
630,0.138664724706
631,0.155622131504
632,0.336756809118
633,0.418876405214
634,0.557322355001
635,0.221102881269
636,0.131474215508
637,0.0427432868245
638,0.529352584851
639,0.239195803552
640,0.430615667518
641,0.77123904209
642,0.536559736654
643,0.473844225315
644,0.121915034978
645,0.513305440642
646,0.681428538444
647,0.369718400909
648,0.510843907952
649,0.629570342349
650,0.518114641449
651,0.527937723974
652,0.505864354538
653,0.639797121887
654,0.52404310219
655,0.697970890313
656,0.715594789511
657,0.55716406576
658,0.400652783745
659,0.256705643242
660,0.380134676362
661,0.415754303346
662,0.385302713761
663,0.449518282302
664,0.423901495367
665,0.643844793326
666,0.642905019801
667,0.648358784508
668,0.573179149818
669,0.663050576565
670,0.272188840145
671,0.143811476096
672,0.580037053531
673,0.68592266494
674,0.583443406943
675,0.766005876563
676,0.704447080419
677,0.748727383798
678,0.442522187092
679,0.525639074558
680,0.787922338424
681,0.660218531781
682,0.621541270178
683,0.73646012109
684,0.390444955196
685,0.609203282921
686,0.274153468466
687,0.103778871188
688,0.0753682976801
689,0.409055900542
690,0.491811982124
691,0.398951034545
692,0.437315569021
693,0.74133952652
694,0.166490557387
695,0.0357142857143
696,0.310784414965
697,0.340514951115
698,0.129849277639
699,0.233613159317
700,0.278347888745
701,0.666886651272
702,0.344872295452
703,0.406322160838
704,0.482246003947
705,0.596547171837
706,0.577585778443
707,0.642111788373
708,0.335569899007
709,0.436009943093
710,0.432859691876
711,0.279774707471
712,0.532029401014
713,0.345828445375
714,0.0589939112888
715,0.0839435795865
716,0.05634979773
717,0.0835292980965
718,0.276630972356
719,0.261189800333
720,0.466524758939
721,0.233537542146
722,0.125619417108
723,0.141756424344
724,0.0
725,0.0
726,0.0
727,0.340899194446
728,0.298680137711
729,0.606799907305
730,0.529454387455
731,0.563364040981
732,0.652984740642
733,0.316409046644
734,0.586930465854
735,0.655377328986
736,0.521282696911
737,0.227548651822
738,0.631242903323
739,0.68870521257
740,0.379293805363
741,0.528021813919
742,0.100821408081
743,0.0775491027295
744,0.110795122323
745,0.428459148335
746,0.304282462617
747,0.170961189943
748,0.0
749,0.129007339036
750,0.0470467303271
751,0.0975409540807
752,0.0589412490673
753,0.261747018413
754,0.0311317071354
755,0.098589653344
756,0.175191045636
757,0.353966090231
758,0.540533401394
759,0.10116492946
760,0.377788846006
761,0.64257542013
762,0.417705341399
763,0.19702192451
764,0.0
765,0.176527895533
766,0.134404633621
767,0.25717352183
768,0.1883335352
769,0.354843306095
770,0.0981892729026
771,0.0
772,0.129387473705
773,0.263564192395
774,0.102386255384
775,0.142580815205
776,0.111548051502
777,0.276266983728
778,0.276374497115
779,0.0
780,0.264272246287
781,0.139785787171
782,0.179447001255
783,0.0
784,0.154032706791
785,0.234716505586
786,0.22417236566
787,0.186421079435
788,0.23154517893
789,0.173954998629
790,0.312514204578
791,0.163895290367
792,0.0466511468841
793,0.139187381174
794,0.334304891279
795,0.0554517744448
796,0.615179204527
797,0.306809809368
798,0.266267033956
799,0.607579181626
800,0.608661836825
801,0.267516492994
802,0.383529236415
803,0.707092290632
804,0.610147884587
805,0.223432936263
806,0.398969924883
807,0.700767462616
808,0.488151624129
809,0.100821408081
810,0.0
811,0.0
812,0.0
813,0.0
814,0.0
815,0.0
816,0.0
817,0.0
818,0.0
819,0.0
820,0.0
821,0.0
822,0.0
823,0.132231404959
824,0.243199818938
825,0.274091018878
826,0.69355144118
827,0.223385102134
828,0.272006172998
829,0.34157246504
830,0.257432358921
831,0.451765544736
832,0.183309265325
833,0.0747362629948
834,0.211943575844
835,0.156240612369
836,0.550058880205
837,0.549456746569
838,0.293451492573
839,0.57261621813
840,0.551062823235
841,0.683801904787
842,0.558507886889
843,0.607756687606
844,0.401706401236
845,0.327653775849
846,0.398382749616
847,0.368508876926
848,0.265381883419
849,0.34011004357
850,0.168124161569
851,0.43812897064
852,0.272481650671
853,0.514602625885
854,0.469204925639
855,0.473282362291
856,0.484412134487
857,0.506427439487
858,0.587103232362
859,0.497230669936
860,0.416348266327
861,0.0775491027295
862,0.0
863,0.0
864,0.661175579445
865,0.170212765957
866,0.0
867,0.724337952089
868,0.631624170282
869,0.615591151426
870,0.708978916008
871,0.648288266796
872,0.672714477338
873,0.64730789703
874,0.506371106938
875,0.618595554059
876,0.552459848866
877,0.666270026805
878,0.812469889839
879,0.656385260759
880,0.804026353327
881,0.77092396655
882,0.5856224554
883,0.226662933854
884,0.132776341132
885,0.105263157895
886,0.410454931682
887,0.454250039819
888,0.455183690769
889,0.296733532671
890,0.356881201574
891,0.0
892,0.339952496031
893,0.415046435788
894,0.519329369685
895,0.538127042698
896,0.326543532592
897,0.0761319952296
898,0.27127280171
899,0.266271327211
900,0.0
901,0.0680500880741
902,0.0
903,0.0
904,0.0
905,0.0
906,0.0
907,0.0
908,0.0
909,0.0
910,0.0
911,0.0
912,0.0
913,0.0
914,0.252806007929
915,0.277511102149
916,0.0968850285263
917,0.0770163533955
918,0.503151797021
919,0.373069110825
920,0.668610723779
921,0.0
922,0.0
923,0.253026720894
924,0.0228165097162
925,0.479519021645
926,0.701224135677
927,0.219917384778
928,0.162447692626
929,0.130469545049
930,0.477955953011
931,0.625655921453
932,0.339790123245
933,0.539253680219
934,0.666452334834
935,0.51179849655
936,0.698048878358
937,0.637490392303
938,0.662667785573
939,0.50895109268
940,0.320696915101
941,0.372712302297
942,0.356919573228
943,0.555132820087
944,0.672421171241
945,0.763269515384
946,0.771736220789
947,0.274113484791
948,0.0
949,0.0
950,0.0
951,0.0867325491054
952,0.0
953,0.0
954,0.0
955,0.0
956,0.0
957,0.0
958,0.0
959,0.0
960,0.0
961,0.288111993729
962,0.0
963,0.19265983142
964,0.13098844357
965,0.184794435957
966,0.221568864941
967,0.193548387097
968,0.138772078569
969,0.215451774445
970,0.177354450189
971,0.219722457734
972,0.232171734802
973,0.296130532924
974,0.274804264101
975,0.153954474911
976,0.179365271619
977,0.41070173019
978,0.37843996327
979,0.244203758773
980,0.507355090169
981,0.427015069092
982,0.301667460226
983,0.408116391291
984,0.413589863664
985,0.480482834151
986,0.375127160751
987,0.436810199573
988,0.321094822831
989,0.342402636839
990,0.550353866727
991,0.227182526292
992,0.195873401911
993,0.795279870468
994,0.54268565503
995,0.514081120278
996,0.401742454021
997,0.256829963323
998,0.0652075408636
999,0.0087365103747
1000,0.0500781099257
1001,0.222698652556
1002,0.411497094389
1003,0.394554084814
1004,0.473337907096
1005,0.00755617212399
1006,0.249690470395
1007,0.706498825831
1008,0.619723516923
1009,0.178210240736
1010,0.404114358068
1011,0.515396109203
1012,0.60231512709
1013,0.486408324559
1014,0.403725199007
1015,0.12099515946
1016,0.580300151857
1017,0.368505880303
1018,0.505978418859
1019,0.657414763901
1020,0.322119275886
1021,0.29262035602
1022,0.61723139518
1023,0.161138711414
1024,0.362008238242
1025,0.0271753487009
1026,0.438951043231
1027,0.099589239012
1028,0.0573652983037
1029,0.0865266807516
1030,0.289342785281
1031,0.00896155943198
1032,0.162456674596
1033,0.0469930291905
1034,0.526296667582
1035,0.381208530426
1036,0.578632820283
1037,0.279206970058
1038,0.240148503184
1039,0.0
1040,0.532625217546
1041,0.524963561048
1042,0.24069503662
1043,0.081542110205
1044,0.518428493216
1045,0.103808009404
1046,0.124933370055
1047,0.653346765889
1048,0.671541367506
1049,0.095446018852
1050,0.39147904183
1051,0.596499889032
1052,0.466887657518
1053,0.44322498557
1054,0.26728146806
1055,0.604790023704
1056,0.525628454935
1057,0.0
1058,0.0
1059,0.0
1060,0.0
1061,0.0
1062,0.278502013085
1063,0.108995758903
1064,0.6150384789
1065,0.127642217515
