site,dnds
1,0.0
2,0.0
3,0.0867325491054
4,0.0990210257943
5,0.0
6,0.0
7,0.0701921195504
8,0.367548768925
9,0.185718270045
10,0.405172445352
11,0.238617096713
12,0.116341631071
13,0.323220621294
14,0.49653255491
15,0.147064090141
16,0.370727495754
17,0.392543789078
18,0.407764621307
19,0.517569590936
20,0.265206534486
21,0.421253468581
22,0.209841323403
23,0.35476053695
24,0.0805358458852
25,0.345293653191
26,0.297368356508
27,0.545617331144
28,0.0910848498028
29,0.210342282051
30,0.368005877024
31,0.496231017516
32,0.492363421694
33,0.691379343337
34,0.321858398711
35,0.840941798627
36,0.676134060948
37,0.129731255411
38,0.151657309437
39,0.192159972797
40,0.341895734738
41,0.331837329718
42,0.584657813891
43,0.581483883088
44,0.541970453474
45,0.538113906599
46,0.397948613579
47,0.0877698974328
48,0.298104228803
49,0.211270970607
50,0.0496207110181
51,0.106519718474
52,0.133382294335
53,0.145868467484
54,0.0
55,0.210427516364
56,0.0
57,0.0
58,0.0
59,0.0571428571429
60,0.00664876489614
61,0.0
62,0.100982810234
63,0.263037054673
64,0.400295278171
65,0.270880194075
66,0.407802815025
67,0.276918111669
68,0.4711949373
69,0.302634487767
70,0.546349154728
71,0.4515489111
72,0.197525178894
73,0.338447917552
74,0.0
75,0.0
76,0.0
77,0.0
78,0.0
79,0.0
80,0.0
81,0.0
82,0.0
83,0.0
84,0.0
85,0.0
86,0.0
87,0.0
88,0.0
89,0.0
90,0.0
91,0.0
92,0.0
93,0.0
94,0.0
95,0.0
96,0.0
97,0.0
98,0.0
99,0.0
100,0.0
101,0.0
102,0.0
103,0.0
104,0.0
105,0.0
106,0.0
107,0.0
108,0.549391490313
109,0.0
110,0.0
111,0.0
112,0.0
113,0.0
114,0.0
115,0.0
116,0.0
117,0.0
118,0.0
119,0.0
120,0.0
121,0.0
122,0.0
123,0.0
124,0.0
125,0.0
126,0.0
127,0.0
128,0.0
129,0.321057601002
130,0.0
131,0.0945903579421
132,0.097048833273
133,0.170761517811
134,0.238455540824
135,0.0
136,0.28849731479
137,0.00266317913697
138,0.081018690849
139,0.0201053171742
140,0.0
141,0.0
142,0.244114405345
143,0.215164281192
144,0.256387845173
145,0.206760095985
146,0.0364521322842
147,0.430097888388
148,0.556705697585
149,0.222073634884
150,0.223689666349
151,0.485260657976
152,0.301982562601
153,0.296356497891
154,0.128235309353
155,0.387144210046
156,0.332051138972
157,0.475593886887
158,0.394639165856
159,0.666632021988
160,0.517140084128
161,0.671379818415
162,0.284360189573
163,0.34479994857
164,0.533119142266
165,0.579556308997
166,0.284046723597
167,0.606192996114
168,0.271110629047
169,0.300473342806
170,0.0
171,0.555674665385
172,0.319488758759
173,0.197183226837
174,0.214658609954
175,0.126683106909
176,0.121582510311
177,0.0
178,0.0477589075323
179,0.113672424793
180,0.0
181,0.0501159922984
182,0.109737689701
183,0.0635993929934
184,0.00546129406696
185,0.127260916108
186,0.177135808734
187,0.609180209932
188,0.0
189,0.438881624388
190,0.558297311523
191,0.266666666667
192,0.400485108126
193,0.0
194,0.0
195,0.0
196,0.223923518848
197,0.282694681154
198,0.465524101083
199,0.596620320777
200,0.300063166237
201,0.339794042057
202,0.533579188492
203,0.253308713363
204,0.516279867432
205,0.569722757131
206,0.06503358218
207,0.537089944542
208,0.607409267916
209,0.467722270227
210,0.520839457215
211,0.469050223105
212,0.248582069956
213,0.358966227881
214,0.460313972919
215,0.450557932627
216,0.371685079741
217,0.305644930814
218,0.697762592318
219,0.663197790535
220,0.558008462901
221,0.182563164393
222,0.167813528439
223,0.690725746088
224,0.57084868132
225,0.621026920895
226,0.476788181043
227,0.391855512253
228,0.302553615729
229,0.157239314561
230,0.0427788948464
231,0.43151734418
232,0.295940221575
233,0.268965393764
234,0.518164720764
235,0.561954380838
236,0.19684293382
237,0.308773676615
238,0.617927856397
239,0.406356129023
240,0.033836105608
241,0.548396777479
242,0.607032510032
243,0.15877734106
244,0.210260865044
245,0.357936146304
246,0.0666095529683
247,0.0
248,0.0
249,0.368329156592
250,0.344449825287
251,0.505097923434
252,0.308283776693
253,0.481157163868
254,0.0744850661078
255,0.534070843832
256,0.459451674831
257,0.266046639708
258,0.0
259,0.0
260,0.0
261,0.0
262,0.0
263,0.33220616896
264,0.467139989985
265,0.604571630776
266,0.4928317433
267,0.641691550554
268,0.58979062883
269,0.333804978337
270,0.556116757598
271,0.0567317423635
272,0.469048292011
273,0.216225385724
274,0.532626649416
275,0.0833140574936
276,0.367855521391
277,0.046403793423
278,0.673713712391
279,0.32447427943
280,0.172165567921
281,0.214083811914
282,0.321089923565
283,0.0
284,0.0390281969174
285,0.205979238842
286,0.00755837543945
287,0.340003415038
288,0.0
289,0.125202116128
290,0.289185159871
291,0.57880493129
292,0.0
293,0.256048267594
294,0.298961029104
295,0.274410018965
296,0.0237478148552
297,0.299541191688
298,0.41017806709
299,0.22523772412
300,0.251687388313
301,0.0598159042287
302,0.00951035923593
303,0.376502562827
304,0.518249633779
305,0.0047532048756
306,0.0
307,0.203238721313
308,0.509216894532
309,0.0241238566072
310,0.115704237534
311,0.317282381603
312,0.36521784491
313,0.330706929163
314,0.317211906655
315,0.306272618054
316,0.114475125078
317,0.240253750799
318,0.128353907681
319,0.0244185021996
320,0.100022497062
321,0.0
322,0.0104233132288
323,0.166002435469
324,0.0335127691998
325,0.411534819585
326,0.287040696384
327,0.481101615603
328,0.0702448890054
329,0.230198463239
330,0.584901633924
331,0.439641628125
332,0.179142115775
333,0.0910713763986
334,0.517213808344
335,0.398211518681
336,0.178264960914
337,0.40055839532
338,0.356065358493
339,0.559053336546
340,0.183488326243
341,0.422190431655
342,0.606619604985
343,0.544618722303
344,0.253583773559
345,0.452046326685
346,0.135676140321
347,0.192653518358
348,0.310021435919
349,0.0
350,0.0988782329709
351,0.0
352,0.222909086059
353,0.432866389368
354,0.162435945982
355,0.119496360835
356,0.274431256652
357,0.520711002309
358,0.115367677502
359,0.0
360,0.0
361,0.0
362,0.0
363,0.0
364,0.0
365,0.0
366,0.0
367,0.0
368,0.0
369,0.0
370,0.0
371,0.0
372,0.0
373,0.0
374,0.0
375,0.0
376,0.0
377,0.0
378,0.0
379,0.0
380,0.0
381,0.0
382,0.0
383,0.0
384,0.0
385,0.0
386,0.0
387,0.0
388,0.0
389,0.0
390,0.0
391,0.0
392,0.0
393,0.403925056018
394,0.28691559625
395,0.291258755701
396,0.0309332848458
397,0.351672489
398,0.430967507837
399,0.321114773594
400,0.366134868303
401,0.0131330868636
402,0.0309960600837
403,0.324382315022
404,0.0018533609315
405,0.0552485517638
406,0.0323996961659
407,0.0
408,0.0
409,0.0
410,0.0913115896919
411,0.0432660740797
412,0.202039317628
413,0.0243886509776
414,0.202732141457
415,0.111917463379
416,0.466106799978
417,0.0980544616856
418,0.456462750898
419,0.100110221752
420,0.0541075760677
421,0.491771085762
422,0.27368604004
423,0.0
424,0.00215607452496
425,0.413611607799
426,0.287965820527
427,0.0516989294597
428,0.509100151096
429,0.250420893277
430,0.0420708604559
431,0.166196618405
432,0.577894612939
433,0.313358970252
434,0.158843390536
435,0.0153684795763
436,0.0425613488617
437,0.0556094589591
438,0.0650092749684
439,0.0197411168098
440,0.0
441,0.0119033054636
442,0.0263750501602
443,0.0
444,0.0
445,0.00335881771234
446,0.0441882205296
447,0.269174646159
448,0.0
449,0.0
450,0.208955475108
451,0.533536350771
452,0.228820148488
453,0.094483943451
454,0.0325920683661
455,0.0467087632872
456,0.0
457,0.0
458,0.0
459,0.0
460,0.390665173005
461,0.164979085226
462,0.0
463,0.0303260623226
464,0.0950596818153
465,0.00742239827102
466,0.0
467,0.129437760387
468,0.415312532562
469,0.0110426051588
470,0.0
471,0.241343544613
472,0.00363752543893
473,0.0206955845731
474,0.178891115169
475,0.0
476,0.0
477,0.0193543551157
478,0.0671039558117
479,0.0
480,0.117243208672
481,0.0789999742154
482,0.315688332144
483,0.0
484,0.507985925248
485,0.080646990274
486,0.0264191722332
487,0.465245839317
488,0.152375266878
489,0.253438556379
490,0.133531559593
491,0.503975747256
492,0.214428965454
493,0.0
494,0.325351493419
495,0.531364713746
496,0.127723965559
497,0.144745538156
498,0.565037659549
499,0.491900268242
500,0.257475524235
501,0.0393090953478
502,0.587948825496
503,0.508889845804
504,0.0
505,0.0
506,0.142857142857
507,0.0
508,0.0
509,0.0890766720542
510,0.0619819273541
511,0.151751722242
512,0.547326140988
513,0.589642073903
514,0.329446115672
515,0.724955015598
516,0.703351746095
517,0.666929383549
518,0.469549481559
519,0.623975668202
520,0.708351430059
521,0.589046311569
522,0.633057578103
523,0.839912652024
524,0.793625459663
525,0.798983153532
526,0.855007230492
527,0.799835717605
528,0.652699641879
529,0.327418638737
530,0.675821306788
531,0.783971564683
532,0.443236593339
533,0.496758428951
534,0.417096171083
535,0.415003881165
536,0.323279246207
537,0.239212339278
538,0.275960082693
539,0.572334177761
540,0.212478597833
541,0.301391873765
542,0.28095761537
543,0.519038675164
544,0.388863937237
545,0.279101889378
546,0.741051386185
547,0.460222861451
548,0.261678353318
549,0.487938998435
550,0.177246430491
551,0.456800402446
552,0.186054406857
553,0.167238059483
554,0.302145355991
555,0.311348854223
556,0.576762023613
557,0.113860831481
558,0.50058393958
559,0.179025008064
560,0.0
561,0.671629815119
562,0.207947158159
563,0.164543510666
564,0.327945946926
565,0.35606526659
566,0.330192880141
567,0.142022548128
568,0.101831057327
569,0.142899634073
570,0.0775480581722
571,0.102144188104
572,0.741769490846
573,0.31321529774
574,0.222505246713
575,0.124489902595
576,0.422696271697
577,0.114051543348
578,0.413040000919
579,0.0801567947744
580,0.0
581,0.0
582,0.0
583,0.0
584,0.0
585,0.0
586,0.0
587,0.0
588,0.0
589,0.0
590,0.0
591,0.0
592,0.0
593,0.490613564241
594,0.443541759632
595,0.465981769023
596,0.644327090057
597,0.307441362739
598,0.435718136414
599,0.217831619916
600,0.336280943177
601,0.268394889565
602,0.326202188727
603,0.228113961755
604,0.469440062782
605,0.170130028359
606,0.0185904473745
607,0.163349619981
608,0.430880875615
609,0.234987262542
610,0.596700931422
611,0.579236453042
612,0.544604555047
613,0.611491701177
614,0.0
615,0.0
616,0.0
617,0.0
618,0.0
619,0.0
620,0.0
621,0.0
622,0.0
623,0.0
624,0.0
625,0.0
626,0.0
627,0.0
628,0.0
629,0.0
630,0.0
631,0.0
632,0.0
633,0.0
634,0.0
635,0.0
636,0.0
637,0.0
638,0.0
639,0.0
640,0.0
641,0.523561572801
642,0.481355492019
643,0.413227045929
644,0.584125547703
645,0.42693870523
646,0.0793376191301
647,0.486985395344
648,0.602016574441
649,0.283642033405
650,0.793999084601
651,0.0171532452397
652,0.707139673954
653,0.704718600257
654,0.264358016105
655,0.121404888625
656,0.152947316325
657,0.537060858333
658,0.258406839864
659,0.545507906328
660,0.553132923924
661,0.678266024031
662,0.379899468322
663,0.575744614942
664,0.531315104762
665,0.745287073845
666,0.288950289832
667,0.417295118581
668,0.590060459567
669,0.0
670,0.0
671,0.0
672,0.0695083042471
673,0.0
674,0.0
675,0.0
676,0.0
677,0.0
678,0.0
679,0.69427635799
680,0.248857540204
681,0.557855365805
682,0.471900775375
683,0.535802174731
684,0.753413907532
685,0.022814692975
686,0.137778892566
687,0.668281066764
688,0.250699041899
689,0.188929269105
690,0.347270492357
691,0.299518476836
692,0.218178509587
693,0.00707571717044
694,0.285078202172
695,0.348647323384
696,0.627710950735
697,0.152307692854
698,0.458557175573
699,0.569964051143
700,0.0138348257053
701,0.342203584713
702,0.0873307559479
703,0.016327017825
704,0.314494687627
705,0.441982509198
706,0.150600550466
707,0.23303483067
708,0.390525611068
709,0.644991272088
710,0.133591754199
711,0.0
