site,dnds
1,0.0
2,0.353687991128
3,0.572632242051
4,0.677501706349
5,0.552693726597
6,0.351066923565
7,0.512591956274
8,0.396770194166
9,0.226572105816
10,0.64871571148
11,0.128097034064
12,0.650419200021
13,0.133303597186
14,0.35882125452
15,0.202335894491
16,0.424425868913
17,0.0316824732737
18,0.365080459918
19,0.0
20,0.0
21,0.0
22,0.0
23,0.0
24,0.0
25,0.0
26,0.0
27,0.0
28,0.182867847317
29,0.588087454332
30,0.0750405803652
31,0.503642177267
32,0.395188677902
33,0.723719396847
34,0.287037310875
35,0.384107355163
36,0.439725578572
37,0.483208279239
38,0.531818744104
39,0.332117567261
40,0.446616420029
41,0.267561622605
42,0.111723283593
43,0.0625395952385
44,0.445447266274
45,0.558589477787
46,0.468462877091
47,0.5907951915
48,0.566082834165
49,0.0
50,0.0
51,0.0
52,0.0
53,0.0
54,0.0
55,0.581506730853
56,0.58312629866
57,0.238499229245
58,0.435367598
59,0.422473577078
60,0.721478727931
61,0.402005636049
62,0.395990253931
63,0.589525573328
64,0.625016712901
65,0.48914258074
66,0.132537198308
67,0.113390893089
68,0.0339808397774
69,0.00546227961725
70,0.340350518034
71,0.0
72,0.0580054455425
73,0.00816983793146
74,0.240276967709
75,0.0373101973405
76,0.219094488212
77,0.468816060484
78,0.488385143598
79,0.168558725136
80,0.140503530386
81,0.664808998776
82,0.497708431926
83,0.343603026027
84,0.557148373159
85,0.0
86,0.169314718056
87,0.647713474137
88,0.478238993091
89,0.211248380347
90,0.469987953341
91,0.560865044526
92,0.443542081354
93,0.460711229923
94,0.679642984509
95,0.336246097577
96,0.226541800296
97,0.230329105719
98,0.594153490195
99,0.61789323284
100,0.76120692068
101,0.640678243907
102,0.361705397976
103,0.615317650651
104,0.768575316584
105,0.605825067425
106,0.475393279871
107,0.0
108,0.00816161483023
109,0.625227967964
110,0.445448128662
111,0.511410215849
112,0.27881039583
113,0.565772869882
114,0.186242346308
115,0.106638027778
116,0.0
117,0.0
118,0.0
119,0.0
120,0.0
121,0.0
122,0.0
123,0.0
124,0.0
125,0.0
126,0.0
127,0.426636519659
128,0.552535937033
129,0.403354892533
130,0.322443047543
131,0.723444908987
132,0.662779569926
133,0.652900169336
134,0.331526728897
135,0.10676734806
136,0.139016608494
137,0.0875554333339
138,0.687970603727
139,0.723775666545
140,0.391918558283
141,0.667123975314
142,0.606840543585
143,0.476901540569
144,0.114000166157
145,0.103896103896
146,0.0
147,0.31236906757
148,0.0504336233361
149,0.294442774115
150,0.0
151,0.604450504671
152,0.682151474647
153,0.371013181108
154,0.572870360893
155,0.124489250406
156,0.0359633560148
157,0.0914953320401
158,0.0549565636632
159,0.197455309952
160,0.0102044458408
161,0.196327712492
162,0.0458605355637
163,0.237596913614
164,0.18997805711
165,0.541533995117
166,0.412571667295
167,0.272519144569
168,0.0
169,0.0613364069813
170,0.2114630466
171,0.0
172,0.232411489747
173,0.0
174,0.0
175,0.218341877265
176,0.0697051611468
177,0.636533250659
178,0.418404159119
179,0.106886686988
180,0.326095730672
181,0.567789825677
182,0.0229504575293
183,0.12970902335
184,0.338356761447
185,0.469202598668
186,0.39109810393
187,0.120572319345
188,0.543136611
189,0.222382762548
190,0.0443827628206
191,0.123877288864
192,0.199706560303
193,0.44223004382
194,0.281900164146
195,0.13933721379
196,0.378718246283
197,0.366166954199
198,0.0
199,0.307029852907
200,0.0484781445809
201,0.146239484519
202,0.0
203,0.0
204,0.0
205,0.0
206,0.0
207,0.0
208,0.0
209,0.0
210,0.0
211,0.0
212,0.0
213,0.0
214,0.0
215,0.0
216,0.132776341132
217,0.0
218,0.147871398519
219,0.106638027778
220,0.169014084507
221,0.0
222,0.0
223,0.0
224,0.34234491924
225,0.0550218270891
226,0.0
227,0.0
228,0.0
229,0.0
230,0.23145003896
231,0.337507171422
232,0.382176768622
233,0.00634789074898
234,0.0
235,0.259561057986
236,0.11746836463
237,0.303038309358
238,0.0
239,0.106638027778
240,0.0
241,0.0
242,0.083018385513
243,0.496645826305
244,0.196195634482
245,0.251849510728
246,0.0729550380409
247,0.0987436013764
248,0.00266149591522
249,0.173853646347
250,0.400081517017
251,0.617795997858
252,0.698670137676
253,0.329027720167
254,0.266722088983
255,0.6127449778
256,0.690990844408
257,0.502566237099
258,0.419930131336
259,0.655880528843
260,0.487067329734
261,0.298183028336
262,0.170004608948
263,0.071092018519
264,0.0803779948813
265,0.148986721976
266,0.744672423866
267,0.467256016024
268,0.494521304061
269,0.463122486175
270,0.309072017489
271,0.637760276194
272,0.726050143682
273,0.54730534218
274,0.401016306105
275,0.531529218355
276,0.709050871557
277,0.550018488642
278,0.67309729349
279,0.459692316586
280,0.729996085945
281,0.609396966317
282,0.448054472594
283,0.614299192949
284,0.677459275029
285,0.675889036737
286,0.36497059638
287,0.563642423977
288,0.547460464812
289,0.550967559266
290,0.36990474244
291,0.617936863935
292,0.441764577067
293,0.160254989873
294,0.187717614447
295,0.118737538295
296,0.268683191327
297,0.1304747634
298,0.257344872271
299,0.0
300,0.0
301,0.0
302,0.574259282751
303,0.812727095837
304,0.762695098046
305,0.703310486583
306,0.662897174461
307,0.636960171845
308,0.754013397624
309,0.728887406588
310,0.635376586606
311,0.560775812275
312,0.485028899559
313,0.480788968667
314,0.435703546138
315,0.163543179552
316,0.373477834998
317,0.732695511549
318,0.503642053439
319,0.180365814264
320,0.556603954367
321,0.68260695465
322,0.415688870376
323,0.246631676722
324,0.0
325,0.126026760102
326,0.0
327,0.566261373424
328,0.427270147195
329,0.49615428742
330,0.575035360153
331,0.514065444027
332,0.703982461503
333,0.413940773585
334,0.660732519697
335,0.763990022889
336,0.408183892639
337,0.481340718273
338,0.752553807685
339,0.731068993255
340,0.337380114034
341,0.52371347265
342,0.584919749507
343,0.576465933268
344,0.383263204037
345,0.277110529159
346,0.0630069263904
347,0.143540520266
348,0.457394321878
349,0.68837124949
350,0.704199583245
351,0.66244176619
352,0.0
353,0.0
354,0.0
355,0.0
356,0.0
357,0.0
358,0.0
359,0.0
360,0.0
361,0.0
362,0.0
363,0.0
364,0.0
365,0.0
366,0.0
367,0.0
368,0.743774099514
369,0.111852443616
370,0.169134843395
371,0.0
372,0.0
373,0.562413063813
374,0.59257751524
375,0.0794824603527
376,0.350736799462
377,0.501118630374
378,0.336682834229
379,0.517803034965
380,0.586009068418
381,0.390410665306
382,0.433085425597
383,0.352738988432
384,0.175237111236
385,0.296069452338
386,0.302619249486
387,0.482710159773
388,0.262298437515
389,0.374394124164
390,0.73530601946
391,0.759654224165
392,0.795401752677
393,0.332396992503
394,0.732001869264
395,0.728769285504
396,0.780557772743
397,0.639874819963
398,0.609769620661
399,0.618062002733
400,0.55942855386
401,0.340366232678
402,0.435592690781
403,0.653778827366
404,0.550721685179
405,0.38730560174
406,0.560486193998
407,0.681108697066
408,0.429123433088
409,0.152602054336
410,0.0931738456298
411,0.338833008618
412,0.474731552067
413,0.0
414,0.364930400462
415,0.0
416,0.307042376465
417,0.268230518761
418,0.392832324433
419,0.166344659737
420,0.49365202161
421,0.380064287864
422,0.390175518297
423,0.173802806983
424,0.0047532048756
425,0.380022541069
426,0.429855483842
427,0.557410810943
428,0.0864732709355
429,0.465065095959
430,0.125264484963
431,0.0206867499675
432,0.177634977918
433,0.105475863258
434,0.323251040958
435,0.162621342946
436,0.17681912741
437,0.634298751871
438,0.090054806351
439,0.450261711585
440,0.416839276424
441,0.154343838207
442,0.0
443,0.01113910992
444,0.0
445,0.266821415058
446,0.569138032453
447,0.0
448,0.340873145507
449,0.171605590653
450,0.424593419853
451,0.0
452,0.0805175433782
453,0.0199274836107
454,0.0350915042025
455,0.257812918847
456,0.00286942857439
457,0.0406034338586
458,0.0
459,0.0368193280621
460,0.335333751251
461,0.0154598047012
462,0.148683962947
463,0.0309400589244
464,0.258440832393
465,0.0164472824904
466,0.0772376232239
467,0.0214657359323
468,0.0
469,0.0
470,0.132166333969
471,0.223199664642
472,0.297366745488
473,0.341435906008
474,0.033334849828
475,0.210786771585
476,0.429246199519
477,0.194159806274
478,0.111864158291
479,0.401855498275
480,0.463561217636
481,0.266800843912
482,0.234504569448
483,0.46936259895
484,0.174354391674
485,0.65615497314
486,0.527562654168
487,0.623686003491
488,0.0
489,0.0
490,0.0
491,0.0
492,0.0
493,0.0
494,0.0
495,0.0
496,0.0
497,0.0
498,0.0
499,0.0
500,0.0
501,0.0
502,0.0
503,0.0
504,0.0
505,0.0
506,0.0
507,0.0
508,0.0
509,0.0
510,0.520439772115
511,0.672452568611
512,0.62425236789
513,0.0
514,0.0
515,0.711530758467
516,0.464961269292
517,0.470605634738
518,0.486003575056
519,0.701835423999
520,0.383735016111
521,0.780896355331
522,0.792452348357
523,0.821720771515
524,0.614912756992
525,0.813365005737
526,0.0
527,0.0
528,0.0
529,0.0
530,0.0
531,0.0
532,0.0
533,0.0
534,0.0
535,0.156572265975
536,0.190130885158
537,0.104636156931
538,0.0
539,0.342416347632
540,0.536396002466
541,0.183919499785
542,0.414194935072
543,0.591676091022
544,0.556929243359
545,0.442396120524
546,0.510043432852
547,0.729610409692
548,0.65095651029
549,0.732183169584
550,0.759342444466
551,0.153053218567
552,0.587568164466
553,0.19393827836
554,0.128988884385
555,0.0639219043351
556,0.0
557,0.0
558,0.375502353709
559,0.483448084156
560,0.267094382825
561,0.00477028572033
562,0.561449715113
563,0.386326375613
564,0.575169995092
565,0.587443925392
566,0.487744376506
567,0.745411883289
568,0.64044416606
569,0.0
570,0.0
571,0.100821408081
572,0.192892839144
573,0.262981049621
574,0.35323889685
575,0.518183001105
576,0.420253754585
577,0.292486772818
578,0.554884490951
579,0.734010213185
580,0.772968731397
581,0.684990471293
582,0.752103230538
583,0.754795426677
584,0.491468114449
585,0.303983735248
586,0.272961929626
587,0.749992939209
588,0.723808710277
589,0.761815551967
590,0.718014689708
591,0.787919044034
592,0.678176512649
593,0.692191440871
594,0.336863090872
595,0.232588591577
596,0.305471355277
597,0.15474874883
598,0.552911398979
599,0.477825344048
600,0.218799268093
601,0.447433202428
602,0.633891274552
603,0.0
604,0.0
605,0.138785502718
606,0.672544316809
607,0.502238244561
608,0.55986849757
609,0.497466690931
610,0.775198924258
611,0.656110420823
612,0.203392164453
613,0.305133520774
614,0.101083413765
615,0.115643398807
616,0.32788909901
617,0.155679386551
618,0.403232661382
619,0.0482914724324
620,0.250623684118
621,0.544907059692
622,0.562490797775
623,0.582741991736
624,0.457983418964
625,0.612948106041
626,0.542600501508
627,0.0
628,0.0
629,0.478887150661
630,0.0
631,0.0
632,0.427346753829
633,0.521267080191
634,0.0
635,0.285757665397
636,0.600588096965
637,0.561456150533
638,0.594008255854
639,0.374079292095
640,0.61996698753
641,0.632449824697
642,0.408977268016
643,0.508230966052
644,0.549650718288
645,0.689192786387
646,0.677996079622
647,0.716795008041
648,0.486287131557
649,0.730134855349
650,0.493349037795
651,0.0037953411227
652,0.571374545388
653,0.232960220808
654,0.457865020519
655,0.058300927947
656,0.304168585711
657,0.407792379687
658,0.235800879174
659,0.596911522417
660,0.481300501698
661,0.740968183653
662,0.640066332574
663,0.430627540971
664,0.705797790362
665,0.536521389818
666,0.129412523355
667,0.317691681873
668,0.257344872271
669,0.168035680136
670,0.640575999297
671,0.522565911049
672,0.640590585416
673,0.456069311174
674,0.43630117941
675,0.405171663503
676,0.570429813296
677,0.554126236406
678,0.315220415074
679,0.60966907197
680,0.63020432296
681,0.676809160844
682,0.66318779472
683,0.639109460574
684,0.647153750838
685,0.583602630696
686,0.714850145541
687,0.362398230539
688,0.585311234027
689,0.538828990753
690,0.137117853494
691,0.278956977598
692,0.131085402561
693,0.293158796071
694,0.239814762103
695,0.268239881434
696,0.144385402202
