site,dnds
1,0.0
2,0.0
3,0.135110667094
4,0.144625601273
5,0.334612830211
6,0.270185551618
7,0.44409633263
8,0.272428182872
9,0.0203773433313
10,0.0625854478627
11,0.00870154911289
12,0.0222681136157
13,0.199175855557
14,0.387960645813
15,0.0
16,0.604737434416
17,0.348788906935
18,0.703978975592
19,0.83032923131
20,0.736926969919
21,0.0981318041125
22,0.221159306954
23,0.146183072056
24,0.315214143073
25,0.199794555371
26,0.0
27,0.232104584922
28,0.721868528602
29,0.0740740740741
30,0.133303597186
31,0.0
32,0.0
33,0.0
34,0.661913246294
35,0.450485566965
36,0.497628649749
37,0.459455367628
38,0.267604871085
39,0.410990697459
40,0.576053493406
41,0.0815111165596
42,0.0867325491054
43,0.199955395779
44,0.0519619853721
45,0.0
46,0.260853058072
47,0.128327105334
48,0.213169467437
49,0.0771826075039
50,0.442439254448
51,0.130878403465
52,0.347149814149
53,0.29996828911
54,0.242225587373
55,0.357300209647
56,0.172849375822
57,0.285090189125
58,0.247669502105
59,0.308477619852
60,0.0801516942749
61,0.0
62,0.0654255501839
63,0.0035104720997
64,0.0428861980238
65,0.413254823088
66,0.407191122716
67,0.44500974882
68,0.0
69,0.0
70,0.0
71,0.0
72,0.0
73,0.0
74,0.0
75,0.0
76,0.0
77,0.0
78,0.0
79,0.0
80,0.0918034207037
81,0.652503540242
82,0.815402391609
83,0.469562523212
84,0.358795129661
85,0.535237747379
86,0.568845919918
87,0.684000829056
88,0.655260130057
89,0.412123398229
90,0.0
91,0.0
92,0.0
93,0.0
94,0.0
95,0.0
96,0.0
97,0.0
98,0.0
99,0.0
100,0.0
101,0.0
102,0.0
103,0.0
104,0.0
105,0.0
106,0.0
107,0.0
108,0.0
109,0.0
110,0.0
111,0.0
112,0.444328649799
113,0.783839535789
114,0.0
115,0.11320754717
116,0.0909090909091
117,0.0531586591291
118,0.0821948778434
119,0.0338983050847
120,0.232305682185
121,0.0
122,0.1
123,0.0
124,0.132028034392
125,0.0723284014497
126,0.147230189614
127,0.0
128,0.0
129,0.0
130,0.0
131,0.0695083042471
132,0.0
133,0.0
134,0.0
135,0.229862073108
136,0.661922473043
137,0.0278778703101
138,0.576793737478
139,0.0577058521893
140,0.640647530392
141,0.247192335889
142,0.00663042756548
143,0.179156735133
144,0.149081125521
145,0.382443721223
146,0.323945276049
147,0.275311931413
148,0.106809775616
149,0.120470441241
150,0.533936241403
151,0.631758550602
152,0.0
153,0.0
154,0.0
155,0.0
156,0.0
157,0.0
158,0.0
159,0.0
160,0.0
161,0.0
162,0.0
163,0.0
164,0.0
165,0.0
166,0.0
167,0.0
168,0.0
169,0.0
170,0.0
171,0.0
172,0.0
173,0.0
174,0.0
175,0.337082067412
176,0.186633609743
177,0.0
178,0.0
179,0.0
180,0.0
181,0.0
182,0.0
183,0.0
184,0.0
185,0.1965577216
186,0.35146463712
187,0.212305865839
188,0.532300726754
189,0.645906627917
190,0.407216249955
191,0.533236600661
192,0.66776341174
193,0.745307281708
194,0.0
195,0.0
196,0.0
197,0.0
198,0.499373057477
199,0.441526787658
200,0.369199683198
201,0.285714285714
202,0.0
203,0.241650061886
204,0.0588542297501
205,0.126026760102
206,0.134704646729
207,0.0478295363037
208,0.0
209,0.0
210,0.270793464495
211,0.341578647795
212,0.503283449569
213,0.310744299539
214,0.135349727153
215,0.101311067984
216,0.0889018121041
217,0.0124023633292
218,0.0
219,0.0
220,0.0290598495107
221,0.0602736678748
222,0.0
223,0.416303578801
224,0.362427304542
225,0.839494777581
226,0.67136814167
227,0.0
228,0.0
229,0.0
230,0.0
231,0.0
232,0.142857142857
233,0.0
234,0.106638027778
235,0.0
236,0.0
237,0.0857310478592
238,0.0666087380718
239,0.241524826798
240,0.183561104702
241,0.243380992754
242,0.0583702888893
243,0.0877174212565
244,0.196489467815
245,0.072292104518
246,0.194259121032
247,0.287462969944
248,0.201728208277
249,0.298006570436
250,0.171819329754
251,0.268156424581
252,0.167037339101
253,0.366240846814
254,0.386604606426
255,0.469992397224
256,0.630126774154
257,0.421638328435
258,0.264097281618
259,0.110431373776
260,0.428518585273
261,0.384669033886
262,0.303174717705
263,0.277219586442
264,0.544948976079
265,0.301602637003
266,0.0
267,0.0
268,0.139787020541
269,0.154032706791
270,0.142857142857
271,0.0831747869185
272,0.0
273,0.0
274,0.486577804546
275,0.669807580179
276,0.393770716935
277,0.474934963778
278,0.50047515745
279,0.148299997109
280,0.518096446272
281,0.360374618467
282,0.0
283,0.102564102564
284,0.0
285,0.181422212808
286,0.0363636363636
287,0.154032706791
288,0.316075247661
289,0.203138338548
290,0.203126099369
291,0.287769101481
292,0.165513555083
293,0.0240949514132
294,0.340306205656
295,0.409899222021
296,0.157237687316
297,0.480554513308
298,0.125846840375
299,0.63662816652
300,0.0581301638065
301,0.537749017124
302,0.243145951674
303,0.313099329442
304,0.313729201997
305,0.651735278749
306,0.480047772461
307,0.163496591221
308,0.144716982466
309,0.255812343615
310,0.516166438388
311,0.604220889764
312,0.685764324542
313,0.559229302297
314,0.348712714832
315,0.189835448101
316,0.554215169779
317,0.655499902189
318,0.282400375806
319,0.4094300186
320,0.278553174018
321,0.472696641817
322,0.321781780708
323,0.143952766201
324,0.631325716371
325,0.5961754458
326,0.331929641497
327,0.219525035355
328,0.492899359974
329,0.629818919316
330,0.320699373458
331,0.183247719536
332,0.292100525867
333,0.622236546914
334,0.616697484666
335,0.426173166877
336,0.303385529598
337,0.424448364639
338,0.215088999777
339,0.115154618456
340,0.203112472475
341,0.535052736681
342,0.0847830645904
343,0.224477164297
344,0.431266286253
345,0.578962009805
346,0.275216190547
347,0.393472256865
348,0.391715005651
349,0.609072594821
350,0.11804896962
351,0.340306043964
352,0.241257020947
353,0.895716865998
354,0.146347207311
355,0.144146549626
356,0.672420834381
357,0.0
358,0.409031909829
359,0.410085941809
360,0.427954074317
361,0.223019446377
362,0.509852768466
363,0.260355257855
364,0.265707729778
365,0.18097387129
366,0.259950915319
367,0.0950325464342
368,0.0
369,0.106666666667
370,0.0
371,0.0
372,0.0
373,0.0
374,0.235148320283
375,0.232207398162
376,0.0754353689504
377,0.0908946479767
378,0.0
379,0.145942561555
380,0.136049426448
381,0.557819779553
382,0.250045901872
383,0.596094477055
384,0.54200256751
385,0.539338708986
386,0.245793216347
387,0.437800107689
388,0.305758869883
389,0.3682141992
390,0.499544210462
391,0.361494160133
392,0.501966059392
393,0.516110635809
394,0.588007530552
395,0.406308099217
396,0.502158205365
397,0.110819674015
398,0.272758913049
399,0.0
400,0.156862745098
401,0.171711515633
402,0.138772078569
403,0.26194642827
404,0.0695652173913
405,0.112676056338
406,0.186242346308
407,0.254007754555
408,0.611239790998
409,0.570858172883
410,0.225644403016
411,0.454855609476
412,0.439784352032
413,0.668549587889
414,0.554694389141
415,0.34995757346
416,0.692897952925
417,0.834821946401
418,0.574994133916
419,0.546474594656
420,0.520070901591
421,0.422973763607
422,0.549985639957
423,0.2772976777
424,0.464399311054
425,0.288892968207
426,0.399373902292
427,0.400630750572
428,0.274318047819
429,0.299026944291
430,0.609509887063
431,0.202607579485
432,0.241579487417
433,0.181525502513
434,0.300122258429
435,0.0724859796664
436,0.223864622579
437,0.158031103853
438,0.182188854252
439,0.0697531611853
440,0.132759120197
441,0.0533190138892
442,0.191080533756
443,0.650988149773
444,0.690802631841
445,0.311655489361
446,0.418558763854
447,0.357635485662
448,0.612782300707
449,0.399325329887
450,0.139396635819
451,0.556938516989
452,0.499508087295
453,0.509845580675
454,0.505270663772
455,0.0
456,0.309577592402
457,0.55594840139
458,0.285258581212
459,0.145152850162
460,0.273730104502
461,0.19494641605
462,0.213871705376
463,0.429245042688
464,0.275576189037
465,0.0712359717223
466,0.29371871686
467,0.465257711134
468,0.671116805093
469,0.491447633847
470,0.35662005297
471,0.673801822759
472,0.58162040926
473,0.542638852587
474,0.433859070384
475,0.49922004816
476,0.587103904623
477,0.522946176178
478,0.09478734075
479,0.656693974019
480,0.153846153846
481,0.168421052632
482,0.113166886622
483,0.203088881797
484,0.517749594615
485,0.0
486,0.0
487,0.0
488,0.0
489,0.0
490,0.0
491,0.0
492,0.0
493,0.0
494,0.0
495,0.0
496,0.0
497,0.0
498,0.0
499,0.0
500,0.630728348984
501,0.0
502,0.0
503,0.359165584809
504,0.271050770783
505,0.324864141616
506,0.0554517744448
507,0.579647763034
508,0.648589664527
509,0.67536265585
510,0.41794363689
511,0.0
512,0.0
513,0.0
514,0.0
515,0.0
516,0.0
517,0.0
518,0.0
519,0.0
520,0.0
521,0.0
522,0.0
523,0.0
524,0.0
525,0.0
526,0.0
527,0.0
528,0.0
529,0.0
530,0.0
531,0.0
532,0.0
533,0.0
534,0.0
535,0.0
536,0.0
537,0.0
538,0.0
539,0.0
540,0.0
541,0.0
542,0.0
543,0.170712091553
544,0.285481392479
545,0.202202017452
546,0.490184448736
547,0.480089359654
548,0.390036662472
549,0.339017827821
550,0.592611643798
551,0.571030009909
552,0.411079850186
553,0.538132585269
554,0.508118513934
555,0.328874288671
556,0.141722923512
557,0.119039246848
558,0.0
559,0.49857707575
560,0.578986054151
561,0.485908294886
562,0.647046109803
563,0.400852187263
564,0.740373987487
565,0.802191149015
566,0.0498750564783
567,0.473670584565
568,0.12389303138
569,0.0
570,0.242521169292
571,0.336842388014
572,0.700184446302
573,0.585914374028
574,0.0160878284299
575,0.0942357315428
576,0.762585865056
577,0.586776362487
578,0.502458800673
579,0.101591284617
580,0.633589262367
581,0.473637249014
582,0.379266659319
583,0.455534947663
584,0.594547472864
585,0.452501611071
586,0.450179362731
587,0.273240864839
588,0.655028026211
589,0.662931943659
590,0.753429316285
591,0.65784064817
592,0.6094718497
593,0.692269415
594,0.0
595,0.0
596,0.523397438045
597,0.519799030638
598,0.713195944681
599,0.660513100991
600,0.262222140247
601,0.341931527825
602,0.701845854233
603,0.584424006697
604,0.576010758012
605,0.707832243667
606,0.635065592461
607,0.508809461083
608,0.488817032981
609,0.596024243408
610,0.363041003591
611,0.437285796963
612,0.44473857058
613,0.0
614,0.0
615,0.0
616,0.0
617,0.054327143223
618,0.573408107832
619,0.0
620,0.201419118027
