site,dnds
1,0.362072224083
2,0.118835904875
3,0.171622324218
4,0.273302185463
5,0.159462841548
6,0.276072620027
7,0.38563950481
8,0.00453107520392
9,0.0731960554842
10,0.168980956783
11,0.133564982798
12,0.0191555638055
13,0.0
14,0.0
15,0.0606708065213
16,0.105400316199
17,0.206794072832
18,0.0963750831886
19,0.142086154459
20,0.00826107650177
21,0.0
22,0.28371525884
23,0.323362629455
24,0.00131870075829
25,0.00386490383853
26,0.0283491975566
27,0.0126887361142
28,0.00732166900138
29,0.103263777394
30,0.0349165054086
31,0.101529825158
32,0.0152338876776
33,0.0
34,0.0
35,0.0
36,0.0
37,0.0
38,0.0
39,0.0
40,0.0
41,0.0
42,0.0
43,0.0
44,0.0
45,0.0
46,0.0
47,0.0
48,0.252786810497
49,0.631814106812
50,0.102688471194
51,0.0
52,0.0571428571429
53,0.383326374284
54,0.552402270678
55,0.28576015424
56,0.450029288869
57,0.244373853045
58,0.551713105722
59,0.148855694223
60,0.331345574302
61,0.0525091449081
62,0.292615964892
63,0.124193345622
64,0.15711271707
65,0.260008444223
66,0.142423606189
67,0.0
68,0.0154327090146
69,0.224025701115
70,0.0822963191322
71,0.123689401736
72,0.119268655996
73,0.160343808329
74,0.098287537226
75,0.21594212166
76,0.12131562493
77,0.0251894062223
78,0.0137869608764
79,0.019841852138
80,0.293305993836
81,0.223625605483
82,0.0159912413624
83,0.0790531225521
84,0.704925401751
85,0.468429545208
86,0.0512664939665
87,0.512446932673
88,0.479639684865
89,0.54514001145
90,0.0
91,0.0
92,0.0
93,0.0
94,0.0
95,0.0
96,0.0
97,0.0
98,0.0
99,0.386435942192
100,0.242545235217
101,0.301975175002
102,0.0
103,0.0
104,0.0990210257943
105,0.0
106,0.118811881188
107,0.409706113396
108,0.579299059803
109,0.312622839924
110,0.512682303662
111,0.471654695384
112,0.71263096446
113,0.565133364264
114,0.452415765938
115,0.32989908347
116,0.686568746764
117,0.596361032732
118,0.0183189098542
119,0.304028314971
120,0.602229641404
121,0.218730961495
122,0.0334787484444
123,0.479274175825
124,0.0750767712968
125,0.0123481786075
126,0.0226504873165
127,0.47699216763
128,0.128041613087
129,0.0
130,0.0
131,0.0
132,0.0
133,0.0
134,0.0
135,0.0
136,0.0
137,0.0
138,0.0
139,0.0
140,0.0
141,0.0
142,0.0
143,0.219240940714
144,0.123787166581
145,0.153940788555
146,0.189578716051
147,0.0
148,0.0717695345691
149,0.00949234183687
150,0.0613727199201
151,0.151746797213
152,0.0
153,0.135486223677
154,0.0711789110049
155,0.0
156,0.238069773628
157,0.0
158,0.0149038434134
159,0.0163592456021
160,0.270569054028
161,0.114324400543
162,0.314444075697
163,0.21497833386
164,0.519880704101
165,0.532095835967
166,0.0540540540541
167,0.155155936651
168,0.0642298545693
169,0.0
170,0.104573043917
171,0.169957909169
172,0.168149100427
173,0.0528215131276
174,0.338882798428
175,0.371636345932
176,0.206415395354
177,0.144654407217
178,0.0442308650365
179,0.0293061524461
180,0.299910943165
181,0.241282101235
182,0.118907373613
183,0.472381220274
184,0.0
185,0.0
186,0.0
187,0.0
188,0.0
189,0.0567929675284
190,0.472963092165
191,0.247056688055
192,0.143574938302
193,0.226331941225
194,0.642356087052
195,0.531093863698
196,0.395852049306
197,0.123318120352
198,0.516012460801
199,0.510630428236
200,0.0677163252952
201,0.0835116698293
202,0.542023208143
203,0.155074883738
204,0.172069856665
205,0.230436120129
206,0.483384916323
207,0.240477100607
208,0.0566948909439
209,0.592314419177
210,0.185284265435
211,0.0326114213378
212,0.25338191558
213,0.557451283502
214,0.0285482386128
215,0.0448581346935
216,0.0344447228072
217,0.0047532048756
218,0.0372898680697
219,0.0487947105563
220,0.0
221,0.147986236541
222,0.0192786023544
223,0.0116471117642
224,0.0346567528836
225,0.0113943341797
226,0.0
227,0.0
228,0.24686488303
229,0.141277347081
230,0.0231377782443
231,0.110694268588
232,0.0
233,0.365902145919
234,0.292127062201
235,0.590237796453
236,0.225168849431
237,0.03877805814
238,0.0
239,0.433837154909
240,0.0
241,0.382266781451
242,0.0
243,0.410593070222
244,0.0140745792576
245,0.0
246,0.0
247,0.34900809409
248,0.317216392412
249,0.324076668595
250,0.18308018107
251,0.0
252,0.247261458162
253,0.0942072121166
254,0.243352022412
255,0.189060140864
256,0.331995445481
257,0.0741735433422
258,0.184900803723
259,0.136748825074
260,0.268281485641
261,0.209274045167
262,0.254796056611
263,0.0185986022852
264,0.306217491206
265,0.247073853609
266,0.119639287717
267,0.0165387009647
268,0.577444493422
269,0.397973718208
270,0.0151020413777
271,0.0794883279082
272,0.237060778998
273,0.178257807841
274,0.149553770053
275,0.0
276,0.169617076785
277,0.0203252186193
278,0.0869339637815
279,0.301001508919
280,0.0493573896014
281,0.0699275648115
282,0.149821282013
283,0.280774305
284,0.369012374511
285,0.0291095621323
286,0.177389090751
287,0.318525966427
288,0.268427285898
289,0.375018653229
290,0.11148072487
291,0.195396617893
292,0.34807771938
293,0.43683909112
294,0.226397820706
295,0.0901071001178
296,0.30814100321
297,0.29335215342
298,0.328285348249
299,0.0375512980463
300,0.422021144652
301,0.0989569061085
302,0.0058214237956
303,0.158713770673
304,0.144482913984
305,0.265018268824
306,0.246485220501
307,0.026182030576
308,0.0856187384151
309,0.0403975659452
310,0.0531740467134
311,0.0116194155083
312,0.0
313,0.0116034439969
314,0.00957003428659
315,0.061847557177
316,0.0590763724705
317,0.133478816555
318,0.0
319,0.0180917560643
320,0.0179410819447
321,0.195070409985
322,0.0
323,0.0742527144825
324,0.230092276816
325,0.0160143963826
326,0.00496719179167
327,0.0906312677507
328,0.216685731641
329,0.117532348389
330,0.0558200001777
331,0.446955238019
332,0.208515313239
333,0.262837768226
334,0.134677875132
335,0.404804933497
336,0.261070679848
337,0.420337506657
338,0.17479561553
339,0.0
340,0.0
341,0.119402985075
342,0.0531586591291
343,0.106194690265
344,0.459709957761
345,0.396992680606
346,0.230357946963
347,0.419547567663
348,0.0680500880741
349,0.0
350,0.185415906366
351,0.0063376065008
352,0.350010588642
353,0.18205158764
354,0.192588897609
355,0.293631785455
356,0.00137369464041
357,0.0
358,0.0388591313915
359,0.0265732591141
360,0.144433757515
361,0.0164345672063
362,0.402591764449
363,0.409463529615
364,0.0853553265684
365,0.0865257255943
366,0.563793969613
367,0.296252393223
368,0.140560788953
369,0.308769371955
370,0.459158265674
371,0.0347603444533
372,0.470499549043
373,0.0912024572548
374,0.02755201843
375,0.0994616679018
376,0.106051434961
377,0.0233839085167
378,0.0443364379429
379,0.0264411333074
380,0.0
381,0.0167274712362
382,0.181187769955
383,0.00811790580388
384,0.0229555977656
385,0.0
386,0.23314889725
387,0.433048453457
388,0.102708690404
389,0.246105961435
390,0.466520830628
391,0.0
392,0.119731805826
393,0.383728324641
394,0.429952849589
395,0.191265548396
396,0.333239591062
397,0.479423646973
398,0.373089609714
399,0.301286119311
400,0.00758433610788
401,0.0108015767467
402,0.163460485913
403,0.0
404,0.0
405,0.175091505661
406,0.0
407,0.0
408,0.0
409,0.0442457450627
410,0.0
411,0.0440118888168
412,0.00266345588842
413,0.240202626692
414,0.304091163197
415,0.00566199242327
416,0.587342897874
417,0.274610242568
418,0.189064408012
419,0.584896442223
420,0.0
421,0.0
422,0.340489706387
423,0.174355948628
424,0.0
425,0.0645104202731
426,0.0722006204618
427,0.0
428,0.0154327090146
429,0.180588902531
430,0.0260811218688
431,0.117121533593
432,0.211527914711
433,0.0
434,0.158548340365
435,0.204520842744
436,0.325918000091
437,0.0
438,0.0
439,0.484851344662
440,0.508785739764
441,0.710934624591
442,0.223855033392
443,0.339726096035
444,0.753549597269
445,0.225904075005
446,0.307996122488
447,0.730814919337
448,0.531496984464
449,0.353764404326
450,0.509752550382
451,0.364894039791
452,0.0916099550338
453,0.414006072116
454,0.300536305135
455,0.0638243356621
456,0.0656528130395
457,0.185618624003
458,0.0
459,0.124353675865
460,0.0
461,0.029618608192
462,0.0351496017465
463,0.0
464,0.115557403027
465,0.169380676751
466,0.186913668279
467,0.0711839923784
468,0.411631384555
469,0.430094655861
470,0.0274129248676
471,0.0384110692215
472,0.42796871729
473,0.0427840988644
474,0.00707571717044
475,0.0234409704049
476,0.582795152945
477,0.0180776933571
478,0.1734083865
479,0.133510177926
480,0.0851571344501
481,0.26365722125
482,0.257763547599
483,0.502969160883
484,0.514012099735
485,0.392827684498
486,0.229769717305
487,0.0
488,0.0
489,0.0240378350955
490,0.155972244237
491,0.133217279613
492,0.440163206631
493,0.0113014514884
494,0.191141584361
495,0.344512888878
496,0.122073874143
497,0.0154327090146
498,0.00234923812614
499,0.00387742953916
500,0.0894806925365
501,0.0705882525885
502,0.0400102981509
503,0.591699833822
504,0.131290337555
505,0.0933261537308
506,0.32052434174
507,0.0760641331429
508,0.0107899944512
509,0.122845125439
510,0.635728640878
511,0.459350419886
512,0.224442772285
513,0.0
514,0.0
515,0.0
516,0.36364243716
517,0.497802984192
518,0.582082511445
519,0.475083294037
520,0.0581818181818
521,0.273420503355
522,0.126086618367
523,0.502930765309
524,0.358939937443
525,0.374967527891
526,0.0622081582495
527,0.230357619399
528,0.312980357403
529,0.516771127951
530,0.256467118514
531,0.445839476528
532,0.0
533,0.0
534,0.0
535,0.456683754895
536,0.545093843478
537,0.489355153385
538,0.140219687442
539,0.74985213499
540,0.546553320984
541,0.433042978262
542,0.0
543,0.0
544,0.55896261898
545,0.141972452525
546,0.0640877650471
547,0.285808025848
548,0.143803933279
549,0.198490185221
550,0.477986539083
551,0.0263335947595
552,0.158299017954
553,0.0
554,0.168621108484
555,0.612639898677
556,0.00558302569883
557,0.029013564697
558,0.67229245378
559,0.22715246148
560,0.649848784076
561,0.148292133088
562,0.0
563,0.0
564,0.0
565,0.0579235868726
566,0.0
567,0.208836540592
568,0.29826299064
569,0.0389288547281
570,0.0
571,0.34696740364
572,0.298823452269
573,0.10363579127
574,0.0
575,0.0
576,0.0
577,0.304363871815
578,0.319675650443
579,0.368966178215
580,0.0321178391491
581,0.471153822251
582,0.316015398016
583,0.0
584,0.427230006456
585,0.224545479554
586,0.223926807465
587,0.306886675219
588,0.444451650769
589,0.453738714629
590,0.527307207196
591,0.333238323301
592,0.424601553819
593,0.208835328632
594,0.0314948980563
595,0.581660008665
596,0.320526228996
597,0.039811110843
598,0.0388285780744
599,0.219268547693
600,0.234802404356
601,0.0
602,0.0703770907247
603,0.0
604,0.013167372073
605,0.019347388223
606,0.0201703127541
607,0.0770105445642
608,0.0290598495107
609,0.138557400533
610,0.263852105489
611,0.121308891766
612,0.217453444041
613,0.0
614,0.0
615,0.0
616,0.0
617,0.0
618,0.0
619,0.115447734658
620,0.39079350615
621,0.44297302933
622,0.679087713163
623,0.427224860977
624,0.68135338683
625,0.557202934116
626,0.487349886103
627,0.245012731231
628,0.210260079615
629,0.200732786141
630,0.216216216216
631,0.0890766720542
632,0.275078007527
633,0.0
634,0.0646650034007
635,0.0
636,0.0897599468814
637,0.349826105746
638,0.565839865587
639,0.256083226174
640,0.260869565217
641,0.0
642,0.0
643,0.100821408081
644,0.0
645,0.0
646,0.0
647,0.203069698201
648,0.0
649,0.0
650,0.272758913049
651,0.0
652,0.0
653,0.125
654,0.166666666667
655,0.132776341132
656,0.0686632680418
657,0.296620615368
658,0.069750659679
659,0.312257942555
660,0.596650358882
661,0.542328307447
662,0.365815667512
663,0.639536381264
664,0.582690231264
665,0.358667715472
666,0.338752954867
667,0.0885175607544
668,0.58801562613
669,0.046133296681
670,0.527860560442
671,0.535687407898
672,0.202499597465
673,0.0
674,0.0279190521444
675,0.132600089728
676,0.125
677,0.154578615053
678,0.578833480319
679,0.65583692464
680,0.65786695372
681,0.100821408081
682,0.166666666667
683,0.170212765957
684,0.213091151706
685,0.100821408081
686,0.676156983589
687,0.0
688,0.182138739839
689,0.61614775745
690,0.385040422315
691,0.07417034987
692,0.103821181001
693,0.303487015473
694,0.0695083042471
695,0.0
696,0.0
697,0.170212765957
698,0.0
699,0.283999341454
700,0.544107002361
701,0.272285481698
702,0.677799576227
703,0.663002810154
704,0.288059224228
705,0.649805267489
706,0.62403186183
707,0.551868073284
708,0.64282345859
709,0.47232539177
710,0.450928739635
711,0.590201713935
712,0.225396134677
713,0.217531677925
714,0.0662760400223
715,0.410559805999
716,0.182583272945
717,0.163864925999
718,0.171279685773
719,0.223478680237
720,0.061621334527
721,0.0176771433963
722,0.0986669963137
723,0.554952973168
724,0.0
725,0.358635898897
726,0.199966715569
727,0.443368649039
728,0.0202225950823
729,0.40820841413
730,0.280698024569
731,0.10883198368
732,0.0552317366096
733,0.0676159068624
734,0.0596775389981
735,0.116332547303
736,0.027660520788
737,0.00263561147393
738,0.162936945188
739,0.0298320255362
740,0.0778376448654
741,0.371555896494
742,0.545194516558
743,0.107688956614
744,0.0
745,0.350938230866
746,0.414314047551
747,0.25198702093
748,0.367244110934
749,0.0395442135646
750,0.579034873326
751,0.1259523996
752,0.52362453698
753,0.550900058962
754,0.203822846296
755,0.1332044444
756,0.419382778952
757,0.0
758,0.00161557763054
759,0.563162424838
760,0.351015761571
761,0.174100284544
762,0.0
763,0.166666666667
764,0.100821408081
765,0.124369823097
766,0.26279458652
767,0.51233903111
768,0.158433641271
769,0.0215275506582
770,0.14047568861
771,0.0955940722664
772,0.244163583647
773,0.158189419526
774,0.59371065167
775,0.494061927619
776,0.370347643568
777,0.229160446101
778,0.224129003036
779,0.140958675663
780,0.231075541731
781,0.444200956465
782,0.106638027778
783,0.0
784,0.0
785,0.0
786,0.0
787,0.166666666667
788,0.0
789,0.133303597186
790,0.169014084507
791,0.0
792,0.0
793,0.0
794,0.0
795,0.0
796,0.166666666667
797,0.141031341951
798,0.166666666667
799,0.0488661673426
800,0.0
801,0.0
802,0.0
803,0.0
804,0.0
805,0.0
806,0.0
807,0.0
808,0.0
809,0.0
810,0.0
811,0.0
812,0.0
813,0.0
814,0.0
815,0.0
816,0.0
817,0.0
818,0.0
819,0.0
820,0.0
821,0.0
822,0.0
823,0.0
824,0.0
825,0.517644020494
826,0.401911936698
827,0.565371243336
828,0.605971719439
829,0.338028169014
830,0.069314718056
831,0.491555692465
832,0.0
833,0.0
834,0.0
835,0.0
836,0.0
837,0.0
838,0.0
839,0.0
840,0.0
841,0.0
842,0.0
843,0.0
844,0.0
845,0.0
846,0.0
847,0.0
848,0.0
849,0.0
850,0.0
851,0.0
852,0.0
853,0.393525856872
854,0.184128459797
855,0.437822389118
856,0.141369452345
857,0.0
858,0.0559596030013
859,0.264299855838
860,0.130733986682
861,0.139471038565
862,0.39768848099
863,0.0
864,0.126174636627
865,0.0
866,0.00447446796761
867,0.296988806928
868,0.184625171734
869,0.576757938503
870,0.0
871,0.220334565372
872,0.533975597788
873,0.211106874306
874,0.493799761826
875,0.482192791694
876,0.579170476363
877,0.288272137637
878,0.71187926523
879,0.482789344979
880,0.0873069368478
881,0.149833544465
882,0.221040289954
883,0.212246261754
884,0.640525924704
885,0.430685575315
886,0.277365049271
887,0.504552412956
888,0.37035326142
889,0.266056432999
890,0.209979129899
891,0.626696237988
892,0.71598418866
893,0.387609748692
894,0.454692696589
895,0.223319670157
896,0.0750777769372
897,0.407594455804
898,0.0345358774533
899,0.0
900,0.0
901,0.06998046419
902,0.215795230634
903,0.384768529196
904,0.0310805983973
905,0.391455749298
906,0.0487884962994
907,0.0750397386755
908,0.00171554992585
909,0.0
910,0.104455124491
911,0.05972437259
912,0.0112251666202
913,0.0136515590679
914,0.405159963625
915,0.102375698344
916,0.105149333453
917,0.390150859703
918,0.219251840433
919,0.186261679888
920,0.060781295445
921,0.259050263302
922,0.584654268124
923,0.200981598332
