site,dnds
1,0.106693174944
2,0.327590783087
3,0.345355341163
4,0.592982449743
5,0.559425937533
6,0.499353337224
7,0.661183562008
8,0.743975692345
9,0.53145204169
10,0.479315658109
11,0.597565444047
12,0.515934719383
13,0.0017228629723
14,0.05914612893
15,0.56017435704
16,0.764903234129
17,0.459660070419
18,0.58926690289
19,0.218996487828
20,0.604525828339
21,0.771957112842
22,0.462957828045
23,0.571202653204
24,0.547512997065
25,0.659948587049
26,0.208770033859
27,0.605585526508
28,0.431014515668
29,0.714071684237
30,0.693520356258
31,0.382885504938
32,0.469659403528
33,0.0
34,0.266185046786
35,0.0606556963345
36,0.0
37,0.0
38,0.0320044765604
39,0.186275936497
40,0.00593802775693
41,0.225770651361
42,0.0
43,0.257967833216
44,0.315157614688
45,0.346933789626
46,0.394742130562
47,0.749001454666
48,0.53838278797
49,0.740466990564
50,0.823067865432
51,0.739256245911
52,0.66004615987
53,0.0
54,0.0
55,0.0
56,0.0
57,0.0
58,0.0
59,0.0
60,0.0
61,0.0
62,0.0
63,0.0
64,0.0
65,0.0
66,0.0
67,0.434431299789
68,0.612551810981
69,0.554410533873
70,0.667632116689
71,0.730011865094
72,0.419531646213
73,0.366266522772
74,0.4816162789
75,0.517662161927
76,0.457585901052
77,0.176427014257
78,0.648380312046
79,0.652705197215
80,0.461261442513
81,0.233942545595
82,0.277353302633
83,0.495477583761
84,0.63094047574
85,0.315743087167
86,0.584546280819
87,0.35617996911
88,0.507651645571
89,0.485743663385
90,0.0754554256757
91,0.438786513562
92,0.533658941473
93,0.452230081057
94,0.607580121294
95,0.60384965138
96,0.6405900273
97,0.640799069167
98,0.71358972604
99,0.71642229168
100,0.638999318211
101,0.826044290135
102,0.736386919469
103,0.485206032553
104,0.598907862434
105,0.566650860159
106,0.122595498427
107,0.0214744069906
108,0.224184102054
109,0.0
110,0.0
111,0.0
112,0.0
113,0.292857434127
114,0.714592200432
115,0.7538884683
116,0.401165989842
117,0.491250271244
118,0.76675978946
119,0.608428576159
120,0.00945298392331
121,0.140901358546
122,0.724503311164
123,0.563037337675
124,0.0
125,0.295890799907
126,0.0
127,0.284348147995
128,0.403030842625
129,0.018687267182
130,0.445767614683
131,0.0843557003739
132,0.473671477276
133,0.59320575885
134,0.213159745687
135,0.282774588808
136,0.727739319593
137,0.668259895511
138,0.624547516408
139,0.504517696067
140,0.545269382922
141,0.426747493974
142,0.452945938515
143,0.504099897487
144,0.300633994905
145,0.310422083501
146,0.246452330866
147,0.102688471194
148,0.192632463835
149,0.0291666979292
150,0.288473728783
151,0.554311806453
152,0.39112358505
153,0.427969281344
154,0.583049804489
155,0.805437996498
156,0.723802340575
157,0.715874271833
158,0.771625664468
159,0.641827985856
160,0.693193407798
161,0.489404562076
162,0.65977657037
163,0.587276496519
164,0.444580211137
165,0.0310721556106
166,0.254975865052
167,0.296517482592
168,0.792264528723
169,0.481334396709
170,0.291935278962
171,0.625723384595
172,0.680256687679
173,0.789185538506
174,0.70878153236
175,0.690384772836
176,0.0
177,0.0621856012454
178,0.164572024905
179,0.0928404750987
180,0.132795857299
181,0.236963780428
182,0.0948554782245
183,0.0672619768572
184,0.151510753087
185,0.0813757696255
186,0.310108460205
187,0.689084087512
188,0.571718918912
189,0.529944524698
190,0.0925091404048
191,0.207044270725
192,0.356024028001
193,0.139323187283
194,0.335462231191
195,0.185332196079
196,0.270932998319
197,0.10768114017
198,0.229679978526
199,0.251149900648
200,0.743604990661
201,0.176348289397
202,0.298861803533
203,0.351714915772
204,0.566169497926
205,0.57206738088
206,0.554999132392
207,0.411403707708
208,0.778175651051
209,0.557937833213
210,0.47666757967
211,0.686480059504
212,0.637716589804
213,0.0301609053113
214,0.185893454827
215,0.0
216,0.166666666667
217,0.166666666667
218,0.652281829356
219,0.68559397222
220,0.289688483278
221,0.1087289695
222,0.239643254865
223,0.524617844278
224,0.0
225,0.406924277138
226,0.276255066245
227,0.416040378575
228,0.402619163428
229,0.488763924548
230,0.560563128276
231,0.406551019739
232,0.682867100948
233,0.108124028829
234,0.0
235,0.1087289695
236,0.119402985075
237,0.0
238,0.0813786880495
239,0.0
240,0.0
241,0.133303597186
242,0.0
243,0.0
244,0.142857142857
245,0.0
246,0.0
247,0.0
248,0.0
249,0.155679386551
250,0.0968375633172
251,0.0867699915694
252,0.250615676909
253,0.0434373525403
254,0.279489211333
255,0.459109129993
256,0.285979850329
257,0.365321215301
258,0.0660140171962
259,0.663970695794
260,0.603709544531
261,0.463428645188
262,0.0737663832194
263,0.634436148902
264,0.60085575796
265,0.241635217091
266,0.592115504212
267,0.722015780752
268,0.615028593423
269,0.261205789096
270,0.67398486338
271,0.522787984327
272,0.538949212213
273,0.196253663133
274,0.426335031013
275,0.534940976584
276,0.390342202525
277,0.420469267158
278,0.0911120074863
279,0.428489438583
280,0.479347925885
281,0.605822408276
282,0.568358446197
283,0.438517972334
284,0.386221077111
285,0.511506414021
286,0.874293838479
287,0.646619271068
288,0.610064379653
289,0.269705368182
290,0.0
291,0.0634037310116
292,0.0
293,0.0
294,0.0
295,0.0
296,0.0
297,0.597444712081
298,0.789352021256
299,0.196870205129
300,0.222293780963
301,0.253180886813
302,0.296296296296
303,0.0
304,0.113166886622
305,0.18890853713
306,0.333295906803
307,0.548048885297
308,0.629264182459
309,0.106638027778
310,0.0
311,0.0
312,0.166666666667
313,0.0
314,0.0
315,0.0
316,0.0
317,0.0
318,0.0
319,0.139016608494
320,0.0
321,0.470786026191
322,0.308015406638
323,0.113649469724
324,0.335909763349
325,0.360355725237
326,0.423765844276
327,0.375084012762
328,0.537742114506
329,0.478601369413
330,0.716960828162
331,0.580507616205
332,0.61445780353
333,0.651454933467
334,0.31460454463
335,0.195008687879
336,0.564927720981
337,0.415377504476
338,0.310046642847
339,0.285825896704
340,0.460709294406
341,0.393433483226
342,0.462536885341
343,0.325242538998
344,0.417411643172
345,0.459168337561
346,0.697390503119
347,0.564800577103
348,0.543471702068
349,0.584837081308
350,0.609851400177
351,0.375005626243
352,0.810141233966
353,0.64758668189
354,0.663242949842
355,0.499956574645
356,0.738583255453
357,0.564599361791
358,0.601178987344
359,0.498498319817
360,0.469499060369
361,0.435852929167
362,0.532503218387
363,0.436725742075
364,0.469822562773
365,0.462770963336
366,0.633964525523
367,0.793716172012
368,0.438502958711
369,0.794334037232
370,0.624441408699
371,0.503036634888
372,0.631080057448
373,0.804834365319
374,0.721642319327
375,0.627824593005
376,0.489106781968
377,0.302100950457
378,0.611313272695
379,0.653175200484
380,0.092154603932
381,0.275695825988
382,0.453132148569
383,0.158116801057
384,0.389599079367
385,0.122415780935
386,0.649787018163
387,0.489694768485
388,0.145966759896
389,0.336511416241
390,0.409435434318
391,0.580420457251
392,0.444009711314
393,0.633511739587
394,0.472963910993
395,0.430076588109
396,0.401286552689
397,0.624013062893
398,0.459492689661
399,0.610038615326
400,0.618833356409
401,0.634095135766
402,0.0223595864697
403,0.18308199887
404,0.0562011227481
405,0.383361592505
406,0.249646381606
407,0.0
408,0.106329239714
409,0.245833230166
410,0.348135853709
411,0.221444511233
412,0.0
413,0.188300992878
414,0.066809366801
415,0.1
416,0.0
417,0.069314718056
418,0.0
419,0.15466253527
420,0.0439444915467
421,0.222064257535
422,0.0851063829787
423,0.31821873189
424,0.0342646570232
425,0.461178214155
426,0.0109197273163
427,0.0775491027295
428,0.546331642722
429,0.36626517178
430,0.534937844008
431,0.48722291886
432,0.494033654645
433,0.322938690082
434,0.442003834179
435,0.64833690887
436,0.504562661175
437,0.482907578757
438,0.142232839807
439,0.363055836404
440,0.381039224027
441,0.42496182338
442,0.467951282492
443,0.656527942041
444,0.555695208825
445,0.392856319813
446,0.459392416381
447,0.762695188719
448,0.687751941434
449,0.754467040787
450,0.769433592849
451,0.790671385595
452,0.70387522188
453,0.675088911664
454,0.761742014618
455,0.506893057747
456,0.652733810979
457,0.681746734603
458,0.784902865326
459,0.688407352228
460,0.607433601983
461,0.196941335492
462,0.522983729365
463,0.592788266299
464,0.590808084126
465,0.707696569023
466,0.565352878843
467,0.571834288274
468,0.639702584239
469,0.738841279629
470,0.764248939173
471,0.642896311495
472,0.615049053681
473,0.444738016991
474,0.674415455771
475,0.538527000165
476,0.567259031823
477,0.325417386794
478,0.485994404075
479,0.678388552712
480,0.483405956439
481,0.818435792652
482,0.444286852597
483,0.584261312697
484,0.217340772176
485,0.707135025533
486,0.523731607118
487,0.481338700148
488,0.665941495237
489,0.755945593816
490,0.583737289921
491,0.570713699056
492,0.561034967053
493,0.719841397975
494,0.57317687542
495,0.61226510373
496,0.581847313845
497,0.659961592376
498,0.54115617318
499,0.591791891343
500,0.518382570741
501,0.691341325505
502,0.609681343748
503,0.619085128466
504,0.627284441035
505,0.602328840833
506,0.592442867452
507,0.651644637529
508,0.665516739793
509,0.261537772007
510,0.573107319648
511,0.329444798258
512,0.647371019588
513,0.674597264276
514,0.774911238649
515,0.796728411029
516,0.708102263712
517,0.772233185355
518,0.600031106194
519,0.758564284965
520,0.49119728371
521,0.615352385049
522,0.697793403188
523,0.487868505699
524,0.251347874119
525,0.174921181847
526,0.590808890883
527,0.447154803039
528,0.730705063785
529,0.6872300848
530,0.581185053531
531,0.75088563314
532,0.714795332689
533,0.795415084761
534,0.854380411992
535,0.781383917938
536,0.587364797206
537,0.448537422938
538,0.486238838852
539,0.476249666351
540,0.483307965936
541,0.768110470758
542,0.658936153561
543,0.682995438158
544,0.602354560715
545,0.714718609501
546,0.654771754184
547,0.814261165824
548,0.655349724844
549,0.772883107875
550,0.787460537759
551,0.876003607703
552,0.760311421822
553,0.647529254662
554,0.318262548827
555,0.329822598386
556,0.711105581403
557,0.434418561649
558,0.65018692008
559,0.54953105549
560,0.61973665498
561,0.713864436468
562,0.489924493987
563,0.62648077187
564,0.783902836051
565,0.717737527084
566,0.516029985034
567,0.804745693495
568,0.741847751505
569,0.731736516827
570,0.819075678898
571,0.802948549799
572,0.736117557873
573,0.765860329577
574,0.799013420598
575,0.668417908073
576,0.487322229142
577,0.509201112079
578,0.517235768913
579,0.529839181699
580,0.550842785981
581,0.542641190307
582,0.508515664426
583,0.528762129152
584,0.512489709059
585,0.679388410426
586,0.479396247965
587,0.44475039223
588,0.650313650323
589,0.650652594418
590,0.256504020407
591,0.188375637441
592,0.485913056877
593,0.329623712305
594,0.568567989387
595,0.576607201422
596,0.555124385449
597,0.0680500880741
598,0.0
599,0.260040501821
600,0.0740740740741
601,0.0
602,0.0742657693457
603,0.0
604,0.0699453001119
605,0.185639270847
606,0.468529973774
607,0.307577791292
608,0.413415044228
609,0.491951609076
610,0.159010018689
611,0.207273702784
612,0.563850868
613,0.20663152008
614,0.487224478461
615,0.554739051561
616,0.516366886418
617,0.436908899768
618,0.492359627943
619,0.670400283092
620,0.714556475429
621,0.74955953035
622,0.514534534412
623,0.527402066906
624,0.820404833499
625,0.706599712572
626,0.575988247145
627,0.368265386015
628,0.635407230889
629,0.472804437538
630,0.377248080123
631,0.386163879086
632,0.149968274297
633,0.477405275091
634,0.490009107316
635,0.273737270987
636,0.39657439583
637,0.379597922003
638,0.534552006639
639,0.393840442778
640,0.229405968458
641,0.147999138939
642,0.240732376637
643,0.503277679763
644,0.190842820783
645,0.117795847888
646,0.347627761311
647,0.26474703908
648,0.237154150184
649,0.182265600182
650,0.281924335996
651,0.292807127959
652,0.444353294653
653,0.417020562042
654,0.493249678375
655,0.224231981108
656,0.663061499366
657,0.75970741245
658,0.618862621371
659,0.215775342471
660,0.617473914687
661,0.457554715598
662,0.760339417841
663,0.504389015111
664,0.650464467566
665,0.715991661685
666,0.82007119843
667,0.671419062531
668,0.652877682795
669,0.605420996653
670,0.567028987864
671,0.553952547919
672,0.713372007619
673,0.668698338888
674,0.573919327392
675,0.797478166793
676,0.668411195131
677,0.562637049496
678,0.710672206357
679,0.683856088667
680,0.547224119893
681,0.441787819058
682,0.374756022294
683,0.332300169417
684,0.355362689564
685,0.410737887389
686,0.321278718602
687,0.365563387543
688,0.470557291343
689,0.547083066709
690,0.480224995367
691,0.411734608116
692,0.748696149459
693,0.655679137564
694,0.557819825027
695,0.286622903342
696,0.201154822922
697,0.365187320362
698,0.480502538853
699,0.37339098989
700,0.708756460841
701,0.443597524961
702,0.161849427534
703,0.51251208693
704,0.32615508433
705,0.172460265518
706,0.312106387782
707,0.343938425487
708,0.253053904689
709,0.264423048379
710,0.314494481524
711,0.324174244168
712,0.38882270889
713,0.203069698201
714,0.128041613087
715,0.0
716,0.245199512507
717,0.439263762687
718,0.125080988376
719,0.635131077857
720,0.327401807665
721,0.50827197001
722,0.583311126484
723,0.585132717925
724,0.519742555621
725,0.360691642082
726,0.60053690052
727,0.565662871153
728,0.530183243433
729,0.67234634769
730,0.655438793204
731,0.56703098037
732,0.556991788324
733,0.50981388118
734,0.401964292519
735,0.499813978735
736,0.387243380292
737,0.305516887517
738,0.239791705932
739,0.369451109363
740,0.275228541571
741,0.161338799937
742,0.256993582956
743,0.245671216094
744,0.233374184787
745,0.216773834512
746,0.714342063342
747,0.0150709171411
748,0.262702025383
749,0.450762174257
750,0.0
751,0.61935369591
752,0.58626936088
753,0.0275121916618
754,0.116375259747
755,0.347586805703
756,0.566437898227
757,0.668860352179
758,0.671599914843
759,0.679837574575
760,0.430917506214
761,0.0
762,0.0495105128971
763,0.0
764,0.145925722223
765,0.0
766,0.0
767,0.0
768,0.0
769,0.0657881414846
770,0.209735073291
771,0.1
772,0.274172565067
773,0.375339186231
774,0.283630860266
775,0.488013989591
776,0.594697088884
777,0.548794007366
778,0.481768775536
779,0.400357122733
780,0.590395350835
781,0.728890473852
782,0.380276488389
783,0.277282781293
784,0.184340607345
785,0.194203315326
786,0.0615384615385
787,0.678446911832
788,0.668618710978
789,0.00173906294585
790,0.774128292599
791,0.353267538383
792,0.185564738294
793,0.373587513232
794,0.0
795,0.0
796,0.0
797,0.0
798,0.0
799,0.0
800,0.0
801,0.0
