site,dnds
1,0.1935780628
2,0.0
3,0.0
4,0.0
5,0.1779864787
6,0.323030570943
7,0.257272901242
8,0.450395588706
9,0.151170276057
10,0.308867709421
11,0.272527343317
12,0.408714843718
13,0.312587836744
14,0.326086653837
15,0.0
16,0.227559313165
17,0.199852309782
18,0.660524370652
19,0.249064034074
20,0.245754842776
21,0.0
22,0.0
23,0.261463799432
24,0.0385736854172
25,0.401249265579
26,0.391954113727
27,0.333245998423
28,0.130278040196
29,0.370664757124
30,0.0780749613986
31,0.00201796997658
32,0.140905504874
33,0.0
34,0.0
35,0.235579433916
36,0.436015049759
37,0.260841158141
38,0.312847309507
39,0.0
40,0.0
41,0.299762007692
42,0.00475715600185
43,0.0
44,0.0
45,0.0
46,0.0
47,0.0
48,0.136590337862
49,0.17019351036
50,0.149251979836
51,0.0105355874787
52,0.0
53,0.31328184902
54,0.123619023097
55,0.370696264633
56,0.0853704805259
57,0.313904747769
58,0.257225920383
59,0.338784164593
60,0.453709574292
61,0.474650828827
62,0.394380001221
63,0.239610629779
64,0.140375178314
65,0.454524863208
66,0.112214525467
67,0.158905456588
68,0.0
69,0.153929349864
70,0.0
71,0.0130022482007
72,0.143916748634
73,0.0
74,0.0
75,0.088069644738
76,0.117748821699
77,0.0661166530539
78,0.0
79,0.01145102313
80,0.509874569142
81,0.330040761913
82,0.350509983664
83,0.29022815628
84,0.417889834919
85,0.458954195428
86,0.101496762345
87,0.0429685135767
88,0.126064225641
89,0.0
90,0.0
91,0.0
92,0.0
93,0.0
94,0.0250831327026
95,0.00951035923593
96,0.348243735203
97,0.00566199242327
98,0.0860300084944
99,0.23008703068
100,0.0
101,0.362149554258
102,0.289213921889
103,0.165026871338
104,0.0683667393946
105,0.00811790580388
106,0.0
107,0.0
108,0.0
109,0.0
110,0.0
111,0.0247612322415
112,0.0
113,0.012660299864
114,0.0293313652692
115,0.0
116,0.0
117,0.207235288303
118,0.493909494862
119,0.37441849802
120,0.060996632226
121,0.211896066673
122,0.0
123,0.0
124,0.0
125,0.0
126,0.0
127,0.0
128,0.0
129,0.0
130,0.0
131,0.0
132,0.101312014051
133,0.30257065469
134,0.0329260724472
135,0.247596553303
136,0.00235789118121
137,0.00598654268083
138,0.386027134393
139,0.0
140,0.218352702346
141,0.11145703413
142,0.114682118826
143,0.334517406454
144,0.132541437022
145,0.00235789118121
146,0.258072500276
147,0.243931699353
148,0.423497167979
149,0.0895500909468
150,0.366590843209
151,0.205988593745
152,0.0386566253526
153,0.00846394485347
154,0.336047766677
155,0.160471249054
156,0.202392041399
157,0.440423025487
158,0.14728966278
159,0.0442967984269
160,0.43776589672
161,0.524974474137
162,0.0677700983819
163,0.0433760062095
164,0.127619604591
165,0.00533060661615
166,0.0482003939813
167,0.260660482976
168,0.0
169,0.220326915875
170,0.0674615056187
171,0.0
172,0.0108593143648
173,0.0
174,0.33793619498
175,0.0920040907922
176,0.128279943551
177,0.15095189599
178,0.107324107442
179,0.118706379259
180,0.0866070493241
181,0.0569697249168
182,0.155901056908
183,0.174377362234
184,0.233443336608
185,0.313238687267
186,0.48223420296
187,0.14065165434
188,0.314580914871
189,0.33243230844
190,0.596673031938
191,0.0440646836541
192,0.282181375151
193,0.21258562336
194,0.201328346375
195,0.199633964789
196,0.338164029226
197,0.0342818274686
198,0.0
199,0.0326766526939
200,0.340223444828
201,0.000811964678516
202,0.222362461711
203,0.254229270162
204,0.523659777472
205,0.284378802307
206,0.0
207,0.137915928564
208,0.633395286777
209,0.490595072525
210,0.548534756805
211,0.529935820373
212,0.453888929098
213,0.372559816395
214,0.318858743127
215,0.219569094548
216,0.102179888838
217,0.22956304945
218,0.0839604652768
219,0.0116034439969
220,0.0512664939665
221,0.0
222,0.162354542832
223,0.0
224,0.0
225,0.122643889359
226,0.294588099311
227,0.202303733403
228,0.312627353909
229,0.322364738076
230,0.0168336081661
231,0.0
232,0.457510015815
233,0.402621355696
234,0.0729141641401
235,0.2761296426
236,0.478668408141
237,0.491613904198
238,0.140759868646
239,0.539102117512
240,0.458470121876
241,0.372271002056
242,0.154596633994
243,0.0357142857143
244,0.115352874031
245,0.0605164017392
246,0.184873777732
247,0.0
248,0.125390755402
249,0.122198399763
250,0.182882051671
251,0.0
252,0.0
253,0.0339223473445
254,0.10759292019
255,0.0
256,0.0
257,0.0
258,0.120402506669
259,0.176984520165
260,0.395198309118
261,0.475091195911
262,0.0109136509272
263,0.475901123843
264,0.384211855024
265,0.333275336756
266,0.192476198162
267,0.457652683664
268,0.37330585638
269,0.325516063233
270,0.48371402559
271,0.286858487864
272,0.563248526592
273,0.258112059824
274,0.0
275,0.480972221155
276,0.260086251966
277,0.0526783944141
278,0.0386566253526
279,0.0407728279313
280,0.0
281,0.0670362959408
282,0.0
283,0.0
284,0.0245569023081
285,0.0
286,0.357588811119
287,0.0353661822414
288,0.351585524411
289,0.16734923207
290,0.193213086936
291,0.352019645296
292,0.302588252673
293,0.230543117256
294,0.179373817772
295,0.435017214491
296,0.210743186601
297,0.0
298,0.234846697857
299,0.0
300,0.00431772472626
301,0.0182640001355
302,0.0
303,0.0
304,0.0
305,0.199789955002
306,0.0195248699428
307,0.0459128822988
308,0.0
309,0.176288936903
310,0.075275363645
311,0.0
312,0.0630091991671
313,0.0201703127541
314,0.187653389152
315,0.286328193318
316,0.122963474007
317,0.038171618006
318,0.457245124781
319,0.0
320,0.125
321,0.106638027778
322,0.0
323,0.0
324,0.661233408319
325,0.0
326,0.313156748317
327,0.398290684653
328,0.295377389604
329,0.255550239063
330,0.115971160417
331,0.0803667749494
332,0.110041917363
333,0.520565943217
334,0.234295288933
335,0.214081617848
336,0.500513857884
337,0.0179463660101
338,0.367383099249
339,0.624124403439
340,0.191036101211
341,0.231237347943
342,0.096110511633
343,0.294228342935
344,0.585131840206
345,0.0108648621895
346,0.211338895646
347,0.0
348,0.107586739602
349,0.128909534832
350,0.00131777030525
351,0.320853268109
352,0.152746476692
353,0.0
354,0.153605188099
355,0.18695431917
356,0.0661701233732
357,0.119589894383
358,0.0
359,0.209262798275
360,0.159785284375
361,0.0
362,0.0231235595469
363,0.471500525579
364,0.21762569973
365,0.271081923553
366,0.359442681203
367,0.0
368,0.335370039864
369,0.297478421712
370,0.127873585034
371,0.426193090397
372,0.185464449476
373,0.00962473829927
374,0.261333002398
375,0.140981399237
376,0.174298112084
377,0.00928469114797
378,0.0
379,0.10398878205
380,0.238378308641
381,0.160155610435
382,0.105132538278
383,0.261497580354
384,0.559019753865
385,0.352889435245
386,0.0361787381245
387,0.434013715302
388,0.500025659727
389,0.440921284817
390,0.0120549575805
391,0.510155623695
392,0.0541837659486
393,0.0530286452685
394,0.476831525362
395,0.463990770807
396,0.230939974564
397,0.419620188782
398,0.281572282532
399,0.586605188559
400,0.510859625067
401,0.103422158843
402,0.188065617612
403,0.621733266595
404,0.484030373965
405,0.0251302329708
406,0.373596761325
407,0.528100768424
408,0.496774222357
409,0.0631266370392
410,0.141164342903
