site,dnds
1,0.0
2,0.0
3,0.261224690781
4,0.389527038261
5,0.407197531953
6,0.639448461995
7,0.591373526821
8,0.559869496138
9,0.171569949511
10,0.604377463088
11,0.575293900598
12,0.487235489237
13,0.496435951085
14,0.169366198123
15,0.0191537510296
16,0.687047119338
17,0.249270715388
18,0.258834738039
19,0.626780133557
20,0.54122639419
21,0.152180492419
22,0.399403911464
23,0.668562734796
24,0.321718049014
25,0.0510549329478
26,0.576638139214
27,0.487617313043
28,0.101171740906
29,0.188566315064
30,0.233450651883
31,0.315629211775
32,0.0879537546349
33,0.274361916696
34,0.251937001454
35,0.0636212396322
36,0.179121013577
37,0.348111411009
38,0.280013899211
39,0.0732408192445
40,0.609590103551
41,0.46567863346
42,0.490414754963
43,0.275293698574
44,0.265068351578
45,0.165745769543
46,0.139697817087
47,0.185012094712
48,0.274198238163
49,0.126872812528
50,0.0663348227837
51,0.510285176247
52,0.328910556576
53,0.0552966391187
54,0.437894010092
55,0.0224657973907
56,0.0
57,0.0
58,0.0
59,0.0
60,0.170212765957
61,0.142857142857
62,0.0
63,0.08664339757
64,0.170212765957
65,0.28617798206
66,0.0
67,0.1087289695
68,0.170212765957
69,0.0
70,0.0
71,0.208126838546
72,0.15559026886
73,0.422169497124
74,0.278076302454
75,0.0
76,0.0808080808081
77,0.209104390445
78,0.54045934494
79,0.0
80,0.021719273511
81,0.702601868231
82,0.545055973953
83,0.638307099206
84,0.46909629703
85,0.464474890816
86,0.105724627128
87,0.432246585688
88,0.278605759846
89,0.135969599068
90,0.307236961544
91,0.0
92,0.0
93,0.0
94,0.0
95,0.0
96,0.0
97,0.0
98,0.0
99,0.0
100,0.0
101,0.0
102,0.0
103,0.0
104,0.0
105,0.0
106,0.0
107,0.0
108,0.0
109,0.0
110,0.00621529762048
111,0.276925614919
112,0.0272917626413
113,0.154848462113
114,0.0397968898989
115,0.146322684425
116,0.566311732262
117,0.217302740074
118,0.151865457189
119,0.431729744734
120,0.0
121,0.0
122,0.0
123,0.0
124,0.0
125,0.0
126,0.0
127,0.0
128,0.0
129,0.727485882586
130,0.0876681314828
131,0.106666666667
132,0.0729628611116
133,0.0
134,0.170212765957
135,0.266666666667
136,0.0
137,0.649073431809
138,0.445406833605
139,0.512771136488
140,0.123320680901
141,0.132776341132
142,0.0
143,0.0990210257943
144,0.166666666667
145,0.131904092493
146,0.362185396021
147,0.300400716035
148,0.0
149,0.171481305556
150,0.0
151,0.0
152,0.0
153,0.300176251063
154,0.263401631118
155,0.204649061709
156,0.11214953271
157,0.388453224734
158,0.279627040215
159,0.323994974274
160,0.0
161,0.0
162,0.108818362375
163,0.458263855443
164,0.520218712681
165,0.124908556284
166,0.169314718056
167,0.112676056338
168,0.0615896366747
169,0.0909090909091
170,0.559493057469
171,0.599828974238
172,0.502946451266
173,0.617954787835
174,0.446347649967
175,0.499893193942
176,0.540885141625
177,0.472350864139
178,0.0991204929374
179,0.140896110415
180,0.103593323271
181,0.724071872726
182,0.0340264794193
183,0.0217794448443
184,0.0221807500899
185,0.575903400107
186,0.0
187,0.133303597186
188,0.0
189,0.0
190,0.0
191,0.265557081191
192,0.00909307014621
193,0.588817509629
194,0.513980127554
195,0.402002131115
196,0.500311285508
197,0.344559102396
198,0.402647228827
199,0.0
