site,dnds
1,0.0
2,0.2109964248
3,0.382254535704
4,0.51521724095
5,0.452723721726
6,0.390616844573
7,0.366239498656
8,0.415788267303
9,0.000423716470121
10,0.419481101675
11,0.0240589937968
12,0.27909922287
13,0.0348776148648
14,0.402108291787
15,0.469396055077
16,0.0
17,0.0
18,0.0
19,0.0
20,0.0
21,0.29440133834
22,0.45039175722
23,0.427162628718
24,0.431863500017
25,0.230427287554
26,0.395519242305
27,0.767052664163
28,0.787709972547
29,0.799180924549
30,0.51102951096
31,0.692342840276
32,0.645238340666
33,0.653561791443
34,0.503571957315
35,0.421435634253
36,0.694353068755
37,0.587281052783
38,0.675280893695
39,0.780095528732
40,0.652234496855
41,0.748820025657
42,0.618838802746
43,0.563264866186
44,0.590762026461
45,0.71334083133
46,0.539549307058
47,0.614348864212
48,0.644270064345
49,0.530654304748
50,0.67020065076
51,0.558171588132
52,0.725460319114
53,0.40779770564
54,0.451235109867
55,0.691731209759
56,0.829473867868
57,0.595458161679
58,0.796644871492
59,0.615087083272
60,0.637051761195
61,0.739130429632
62,0.767115895994
63,0.0649355240371
64,0.35314045618
65,0.273221270979
66,0.399385358725
67,0.204742662309
68,0.456401782198
69,0.323526788106
70,0.349138091322
71,0.425868230764
72,0.0631001344259
73,0.0991922767405
74,0.204799144816
75,0.528893974221
76,0.663550455085
77,0.573826042751
78,0.720359301202
79,0.525391765578
80,0.578270391799
81,0.641712034765
82,0.523109015262
83,0.670196870185
84,0.495127251132
85,0.484187856035
86,0.433642020256
87,0.50711378787
88,0.564811801118
89,0.495583770516
90,0.610434976383
91,0.682624472357
92,0.667469316026
93,0.683551269128
94,0.780138628784
95,0.394338332124
96,0.565307377958
97,0.283656305004
98,0.483974800362
99,0.197391620738
100,0.304180672636
101,0.520379499148
102,0.522355084262
103,0.33829295356
104,0.361074177987
105,0.372836644264
106,0.686757645212
107,0.792686473595
108,0.811447997557
109,0.834729282445
110,0.826117768521
111,0.802670676454
112,0.67382129507
113,0.785509018354
114,0.755346631924
115,0.785348072116
116,0.748360926287
117,0.53826290696
118,0.557014505969
119,0.768449447468
120,0.82817868513
121,0.625298891997
122,0.808982546802
123,0.668027984051
124,0.68932267914
125,0.639093751169
126,0.722331453428
127,0.553181246242
128,0.355864702127
129,0.645168031177
130,0.733142505294
131,0.76383211589
132,0.566571330717
133,0.60418658534
134,0.431637044723
135,0.0554517744448
136,0.0445383360271
137,0.112023786757
138,0.131348354947
139,0.16200132388
140,0.0642919123998
141,0.0650406504065
142,0.129032258065
143,0.103523006325
144,0.0491472858313
145,0.608185668295
146,0.509539674489
147,0.373766734099
148,0.21534287589
149,0.323039914218
150,0.200952981886
151,0.266040845627
152,0.720744807398
153,0.553668732642
154,0.568218562704
155,0.576318842507
156,0.729484720329
157,0.668665906384
158,0.277320051934
159,0.205756877932
160,0.188300992878
161,0.101281779808
162,0.0880186895949
163,0.0986801776472
164,0.107673658529
165,0.191157297799
166,0.387721961015
167,0.680230398038
168,0.738194879799
169,0.688046789206
170,0.769990314681
171,0.601445016759
172,0.519036846203
173,0.0
174,0.0
175,0.544541117973
176,0.515324021453
177,0.522332112534
178,0.324858372332
179,0.372620463316
180,0.249840327123
181,0.210236358695
182,0.376797596159
183,0.357519174091
184,0.517123331509
185,0.329061934636
186,0.0537714176434
187,0.42959945032
188,0.236962210407
189,0.385074335677
190,0.0552349579107
191,0.065652255361
192,0.0877174212565
193,0.0
194,0.0
195,0.0
196,0.0
197,0.0
198,0.0
199,0.0
200,0.0
201,0.0
202,0.0
203,0.0
204,0.0
205,0.0
206,0.0
207,0.0
208,0.0
209,0.0
210,0.0
211,0.363365427281
212,0.461178934136
213,0.422907732224
214,0.608458431115
215,0.44792225727
216,0.410866444405
217,0.0
218,0.0
219,0.0
220,0.0
221,0.0
222,0.0
223,0.0
224,0.0
225,0.0
226,0.0
227,0.0
228,0.0
229,0.0
230,0.705580838024
231,0.14849648728
232,0.314310829676
233,0.340284248494
234,0.252370866059
235,0.514955418298
236,0.060280079231
237,0.0762803394976
238,0.189191217534
239,0.0565262665864
240,0.0667664926815
241,0.0321757537604
242,0.829820261103
243,0.831893314758
244,0.556247647486
245,0.0
246,0.0
247,0.0
248,0.0
249,0.0
250,0.0
251,0.0
252,0.0
253,0.0
254,0.0
255,0.0
256,0.0
257,0.0
258,0.0
259,0.0
260,0.0
261,0.133303597186
262,0.0
263,0.715890694271
264,0.581966820844
265,0.713836943947
266,0.726475646146
267,0.754586431981
268,0.365633936075
269,0.689363291955
270,0.639116378626
271,0.110204312826
272,0.559182557195
273,0.67559952053
274,0.61814419815
275,0.467613322638
276,0.0
277,0.293732435282
278,0.314714812366
279,0.16039808404
280,0.0418544627725
281,0.0
282,0.0
283,0.311908426137
284,0.171204503635
285,0.606279572384
286,0.476770868645
287,0.296932028671
288,0.575225905158
289,0.444686093923
290,0.525383880739
291,0.211295117516
292,0.277708000945
293,0.12510959193
294,0.166742778897
295,0.31477201206
296,0.278012422935
297,0.256520228096
298,0.458647116739
299,0.385889288361
300,0.13850745808
301,0.220116608998
302,0.514812775885
303,0.0694058794987
304,0.232434425057
305,0.409373361144
306,0.155311783168
307,0.35889046077
308,0.29019913248
309,0.0292558039781
310,0.130226341239
311,0.12867155349
312,0.217493741943
313,0.12811654726
314,0.148197782844
315,0.302326569488
316,0.275144032233
317,0.239324255172
318,0.558346312417
319,0.343560757843
320,0.386754322793
321,0.423112467461
322,0.558833414051
323,0.319329015928
324,0.629675083837
325,0.538751843283
326,0.66476512883
327,0.621231348784
328,0.671312537086
329,0.599309442944
330,0.665169553138
331,0.462548430789
332,0.547319798888
333,0.556178424499
334,0.282193173472
335,0.220636594812
336,0.538301351578
337,0.487162268294
338,0.595629504512
339,0.434442266034
340,0.498254537891
341,0.633786932702
342,0.570323057966
343,0.62145793199
344,0.161512603256
345,0.604181474139
346,0.549888854356
347,0.615840764491
348,0.269299537715
349,0.660675358424
350,0.635158745732
351,0.587277623174
352,0.564190161522
353,0.61745418549
354,0.401560576835
355,0.14001672798
356,0.0928404750987
357,0.166860828418
358,0.0625
359,0.248490022969
360,0.433425367229
361,0.0
362,0.166666666667
363,0.233481155557
364,0.210687002153
365,0.0935688711019
366,0.161232205975
367,0.0
368,0.0928404750987
369,0.215451774445
370,0.0
371,0.471715099497
372,0.489460114768
373,0.0
374,0.0
375,0.0
376,0.0
377,0.0
378,0.0
379,0.0
380,0.0
381,0.0
382,0.0919540229885
383,0.0
384,0.0
385,0.0
386,0.3247175981
387,0.0
388,0.148148148148
389,0.138629436112
390,0.215298531788
391,0.229899103192
392,0.0676241151766
393,0.0414092025302
394,0.259456247432
395,0.228184161623
396,0.425612344059
397,0.739928280338
398,0.40855320906
399,0.466974856646
400,0.342987267271
401,0.158609132816
402,0.102994902063
403,0.252021738059
404,0.0769230769231
405,0.162757376099
406,0.121604768519
407,0.375996745438
408,0.429239161125
409,0.228051742704
410,0.279173702508
411,0.257165947096
412,0.271484222888
413,0.251096539915
414,0.168850049092
415,0.246360106344
416,0.276928309535
417,0.386369589188
418,0.353901801445
419,0.222992140801
420,0.263657205627
421,0.172352824741
422,0.257184112032
423,0.422699750387
424,0.268946228635
425,0.394268273414
426,0.217883869997
427,0.383078175298
428,0.310147680385
429,0.438345547485
430,0.198206504541
431,0.377078644944
432,0.446201219294
433,0.317254569113
434,0.269159542356
435,0.411763772799
436,0.466303444003
437,0.443807166846
438,0.390118026335
439,0.278887705839
440,0.170212765957
441,0.0990210257943
442,0.244136064148
443,0.210649077603
444,0.0310087267481
445,0.621994925962
446,0.517694796713
447,0.789853850755
448,0.51091989678
449,0.545199467464
450,0.804356280185
451,0.659135402654
452,0.577910081411
453,0.7744661646
454,0.643505048514
455,0.776503495004
456,0.37901977688
457,0.128580487462
458,0.359964445233
459,0.462538575065
460,0.242708326171
461,0.334918539866
462,0.381283570402
463,0.487762534339
464,0.598474095578
465,0.808972232094
466,0.816984065896
467,0.55998246603
468,0.214093314326
469,0.670281877429
470,0.189047259922
471,0.47322174787
472,0.483542066922
473,0.2689160497
474,0.298399655641
475,0.0908237412476
476,0.261617754767
477,0.269421927385
478,0.362747883609
479,0.203610489616
480,0.241805491839
481,0.240973408161
482,0.400941995854
483,0.0685024934475
484,0.176762545268
485,0.393888254996
486,0.438964449802
487,0.237563438934
488,0.0
489,0.0
490,0.0
491,0.0
492,0.0279244448412
493,0.0168154942143
494,0.353270980156
495,0.113606366303
496,0.507659228659
497,0.505099920825
498,0.445810147312
499,0.142396462198
500,0.0570316597562
501,0.553637234086
502,0.64679693241
503,0.225378641516
504,0.721388572211
505,0.780046083317
506,0.434684176424
507,0.484838051037
508,0.856751865691
509,0.545915168152
510,0.703535798285
511,0.653087442504
512,0.692539375875
513,0.738472227218
514,0.640823319949
515,0.736226042068
516,0.664547733363
517,0.321215304589
518,0.594124851603
519,0.786345172419
520,0.445119344924
521,0.432466719281
522,0.263642500916
523,0.200195702833
524,0.24769977549
525,0.431307531518
526,0.316768020188
527,0.0316498569999
528,0.738756989985
529,0.387661030061
530,0.495115614528
531,0.65738149618
532,0.641331029262
533,0.581837595908
534,0.534362183873
535,0.639474643316
536,0.638741029265
537,0.636227074873
538,0.555235580312
539,0.561786558378
540,0.157035742396
541,0.199740939615
542,0.247479875375
543,0.0856061523637
544,0.106638027778
545,0.0
546,0.0
547,0.0
548,0.0
549,0.0
550,0.0
551,0.0
552,0.0
553,0.0
554,0.0
555,0.0
556,0.0
557,0.0
558,0.0
559,0.0
560,0.0
561,0.0
