site,dnds
1,0.0
2,0.0330831988825
3,0.0
4,0.0494156815268
5,0.41247573594
6,0.0923707235868
7,0.714793683168
8,0.350422306699
9,0.199357754212
10,0.298129782843
11,0.554830191084
12,0.39715550788
13,0.0614808356386
14,0.263959070265
15,0.530551535781
16,0.411518183359
17,0.243124929705
18,0.520096788856
19,0.337018738896
20,0.553074776021
21,0.475180070966
22,0.515602827159
23,0.309319308884
24,0.56502543985
25,0.37848190312
26,0.39316675712
27,0.0
28,0.0674933000614
29,0.0
30,0.0522493120005
31,0.0
32,0.400131227267
33,0.0538099476999
34,0.327893580622
35,0.250499295275
36,0.00677994344356
37,0.318799763967
38,0.493435178011
39,0.147871398519
40,0.307965000709
41,0.238965344461
42,0.552446414575
43,0.618673743319
44,0.388662819406
45,0.0
46,0.499571458973
47,0.514531400373
48,0.302664331987
49,0.510447130708
50,0.212405367875
51,0.327442026231
52,0.0108593143648
53,0.225105019938
54,0.0
55,0.51582203025
56,0.334069424697
57,0.0602572893344
58,0.303948346542
59,0.265001555092
60,0.317948791087
61,0.0399689859716
62,0.666348314317
63,0.256647687431
64,0.554542264422
65,0.339697079174
66,0.0
67,0.0
68,0.0
69,0.0
70,0.399875662112
71,0.245262265047
72,0.60575846129
73,0.606381492473
74,0.455807664112
75,0.369049722812
76,0.31919767256
77,0.464351634979
78,0.483966781039
79,0.286455528233
80,0.2566362129
81,0.316837596749
82,0.50530463932
83,0.0047532048756
84,0.213410118577
85,0.130305581364
86,0.258330121222
87,0.480248557038
88,0.0846914294135
89,0.465796662721
90,0.750337419861
91,0.551853415055
92,0.521749883624
93,0.600337437502
94,0.686541486139
95,0.067577518018
96,0.192771084337
97,0.0749348303308
98,0.492597113835
99,0.538991779644
100,0.294537633786
101,0.463474728087
102,0.405310555713
103,0.633215647262
104,0.585268567782
105,0.511113802566
106,0.0967512674606
107,0.269952330368
108,0.326389817939
109,0.0
110,0.0
111,0.0
112,0.668974482521
113,0.392934734893
114,0.518644546718
115,0.232998748689
116,0.222794598093
117,0.200715416625
118,0.178335995353
119,0.0
120,0.0551268660046
121,0.0
122,0.0
123,0.141411207698
124,0.0929152791454
125,0.215131022307
126,0.0735672907628
127,0.0250796521898
128,0.208604278786
129,0.359140025901
130,0.167775476439
131,0.281533669768
132,0.257985922365
133,0.41126814315
134,0.395998794942
135,0.578077091337
136,0.106666666667
137,0.655742410378
138,0.735406387469
139,0.492985843586
140,0.0644788074939
141,0.360987004981
142,0.106638027778
143,0.166666666667
144,0.415750799858
145,0.579203519456
146,0.494560918223
147,0.362026512215
148,0.120893731049
149,0.350347111254
150,0.0193793794622
151,0.46742150215
152,0.00543223414354
153,0.0289248381637
154,0.00304291060361
155,0.0252993624852
156,0.265217812108
157,0.426039710983
158,0.0
159,0.323040541034
160,0.395018604251
161,0.190261907033
162,0.584793897677
163,0.0565319258195
164,0.0
165,0.103495414457
166,0.359274585924
167,0.109427047272
168,0.407850446494
169,0.0410761883425
170,0.0183620396477
171,0.282981348218
172,0.0713405679812
173,0.192423518467
174,0.287314817378
175,0.171531766692
176,0.325420452991
177,0.0537364749629
178,0.0765483409775
179,0.193703672135
180,0.236847151189
181,0.545407923712
182,0.354160971041
183,0.492539934477
184,0.563879456616
185,0.415254065161
186,0.421146609937
187,0.559735426924
188,0.0705046535692
189,0.0763466196688
190,0.212699663131
191,0.425191127618
192,0.261840449352
193,0.0
194,0.566244622077
195,0.0
196,0.327008604088
197,0.0
198,0.326000582143
199,0.0105355874787
200,0.203903481449
201,0.0
202,0.247709711514
203,0.160177943008
204,0.32455193189
205,0.258982597133
206,0.142279463274
207,0.564971870981
208,0.169086998339
209,0.365829471624
210,0.283358742185
211,0.584552762874
212,0.631313904168
213,0.402690466817
214,0.078431372549
215,0.463777121514
216,0.324755042544
217,0.608806655809
218,0.283563297177
219,0.639063276728
220,0.156688173855
221,0.366428528005
222,0.556109886309
223,0.597389096336
224,0.272810739439
225,0.230615413753
226,0.460651454745
227,0.421203375796
228,0.326615674268
229,0.393240169385
230,0.432269478457
231,0.284536129378
232,0.00266317913697
233,0.28865257733
234,0.219031923042
235,0.0066128446439
236,0.0
237,0.0
238,0.107495088698
239,0.313196678382
240,0.46469158317
241,0.044482887442
242,0.328085256269
243,0.209076384776
244,0.518170529058
245,0.493410655016
246,0.64256549342
247,0.609345406906
248,0.722430623873
249,0.476554257319
250,0.520011853886
251,0.266247883257
252,0.0
253,0.0
254,0.0
255,0.0
256,0.700863130881
257,0.724691639327
258,0.143083261159
259,0.459550652854
260,0.683390950345
261,0.439922977577
262,0.705626476398
263,0.600322218494
264,0.523992699642
265,0.387433244541
266,0.0
267,0.0
268,0.547869533993
269,0.615083604804
270,0.297298484156
271,0.298073053577
272,0.240066748275
273,0.363882514262
274,0.379671390504
275,0.5997549252
276,0.500241278387
277,0.0
278,0.201553533278
279,0.0117962495565
280,0.36762959892
281,0.224730638451
282,0.310460057458
283,0.444350839431
284,0.386275655624
285,0.369080030452
286,0.099354903055
287,0.310220352123
288,0.594568909423
289,0.230800730107
290,0.269617113806
291,0.251306853208
292,0.574533741788
293,0.406241631201
294,0.651492915897
295,0.528210430361
296,0.593912711341
297,0.0901033573574
298,0.645730846607
299,0.192097633278
