site,dnds
1,0.0
2,0.0
3,0.0
4,0.0
5,0.0
6,0.0
7,0.0
8,0.0
9,0.0
10,0.0
11,0.106317318258
12,0.0840178400679
13,0.120948141872
14,0.0412337398076
15,0.106693174944
16,0.321548619199
17,0.0
18,0.416979529612
19,0.249814802015
20,0.244721515519
21,0.46983857209
22,0.111736725396
23,0.3155040403
24,0.255022815452
25,0.42243438736
26,0.177518711669
27,0.321494241984
28,0.210318536957
29,0.193284364284
30,0.374196839986
31,0.132035177263
32,0.138653219945
33,0.362102231988
34,0.383922862085
35,0.552196022219
36,0.379891600611
37,0.533735000193
38,0.550450408038
39,0.583077759495
40,0.597625619379
41,0.617329147555
42,0.723511019956
43,0.61576482943
44,0.766716894419
45,0.648009338226
46,0.685094822395
47,0.713534051471
48,0.324390923673
49,0.760413901579
50,0.63784449936
51,0.753424617856
52,0.266570892024
53,0.464269354565
54,0.561822837679
55,0.30238577282
56,0.417268256528
57,0.644115735867
58,0.686429413046
59,0.571637466589
60,0.416213756547
61,0.562229235091
62,0.484449601689
63,0.357479086452
64,0.451512917533
65,0.471507249747
66,0.398593469889
67,0.708569275686
68,0.474127796979
69,0.254202964445
70,0.703462679587
71,0.727454074439
72,0.48150019823
73,0.605590875107
74,0.562134409924
75,0.311028527971
76,0.312807637446
77,0.364231214301
78,0.577225062353
79,0.124812670634
80,0.189131394638
81,0.202373946119
82,0.216184981637
83,0.444084904621
84,0.232722207368
85,0.471315326593
86,0.353022967268
87,0.424102981637
88,0.126231711135
89,0.15876510238
90,0.0280417618383
91,0.0496893494001
92,0.382793227176
93,0.441758374529
94,0.321476903441
95,0.354199092401
96,0.328771335719
97,0.524185017909
98,0.600499903908
99,0.588834730844
100,0.505973049716
101,0.294367572901
102,0.405967187267
103,0.390869955136
104,0.615814281379
105,0.28935023867
106,0.214727224091
107,0.538846236439
108,0.703329539122
109,0.463604163549
110,0.165899533399
111,0.482224218562
112,0.495136306823
113,0.406996935032
114,0.482931459023
115,0.578288714539
116,0.418169121959
117,0.575631607111
118,0.507606850233
119,0.715737494171
120,0.339177880878
121,0.601361955535
122,0.573129448441
123,0.573480578035
124,0.512443353713
125,0.444700381628
126,0.479263012227
127,0.637252791732
128,0.611801561543
129,0.596070127322
130,0.436065975761
131,0.642635955924
132,0.656803660017
133,0.705226481668
134,0.491190372268
135,0.456055313175
136,0.450464022443
137,0.224610112154
138,0.394268452252
139,0.552403821534
140,0.535965254081
141,0.384082757066
142,0.206792406628
143,0.211742241426
144,0.674537131741
145,0.610764262526
146,0.229398198493
147,0.131439923528
148,0.322861505965
149,0.27963068105
150,0.595495250381
151,0.69763399903
152,0.322246233746
153,0.715443739542
154,0.873084023962
155,0.68758221389
156,0.635397906031
157,0.614184977918
158,0.756501325652
159,0.70990649724
160,0.592583634854
161,0.753312914687
162,0.822643728167
163,0.65565155246
164,0.53944804166
165,0.76097409665
166,0.678377458795
167,0.365648667149
168,0.660559207735
169,0.751498770259
170,0.677200673184
171,0.456515596841
172,0.593796906537
173,0.683798438767
174,0.339635352435
175,0.400707590754
176,0.509082308039
177,0.375075629936
178,0.0878008459226
179,0.599298891305
180,0.612331606468
181,0.125533995252
182,0.335572858769
183,0.417370814964
184,0.0
185,0.0
186,0.0
187,0.0
188,0.43818055049
189,0.0
190,0.0
191,0.0
192,0.668481586805
193,0.651848127289
194,0.49012628568
195,0.148401856988
196,0.117647058824
197,0.122063654438
198,0.279015399563
199,0.237502761582
200,0.0
201,0.0
202,0.0
203,0.0
204,0.0
205,0.0
206,0.0
207,0.0
208,0.0
209,0.0
210,0.0
211,0.0
212,0.0
213,0.0
214,0.0
215,0.0
216,0.0
217,0.0
218,0.0
219,0.0
220,0.0
221,0.0
222,0.0
223,0.0
224,0.0
225,0.0
226,0.0
227,0.597933556037
228,0.442602791014
229,0.371885786021
230,0.724990971919
231,0.642429563937
232,0.557785938025
233,0.40073434657
234,0.589653319308
235,0.578396109692
236,0.0311792104372
237,0.220445324334
238,0.650486516969
239,0.660529323727
240,0.501110786316
241,0.636549669855
242,0.542157561528
243,0.452650988742
244,0.585738782404
245,0.696601217565
246,0.246853607391
247,0.354141184795
248,0.718163682623
249,0.739151980601
250,0.558099903907
251,0.297134132774
252,0.37659715633
253,0.577449515201
254,0.376377350079
255,0.467914293089
256,0.593359013743
257,0.375664774814
258,0.0340061985795
259,0.145259463102
260,0.410321627687
261,0.448106954871
262,0.69729603425
263,0.47712279204
264,0.692381887136
265,0.522819368102
266,0.662534918069
267,0.607197653454
268,0.368629365221
269,0.39612788373
270,0.393911328521
271,0.297857678336
272,0.504012141055
273,0.652298423761
274,0.288003927695
275,0.455045573918
276,0.508408266545
277,0.498020385038
278,0.438746292147
279,0.379308197956
280,0.195248183708
281,0.377297762645
282,0.672832865279
283,0.525674624729
284,0.46439502502
285,0.624365543711
286,0.638099851559
287,0.539053102085
288,0.505707415439
289,0.111710828579
290,0.294041713786
291,0.501851571343
292,0.431559444267
293,0.0467272788253
294,0.413780829171
295,0.181239598743
296,0.228726418565
297,0.369078010479
298,0.588509128742
299,0.601532250367
300,0.417544817937
301,0.516140437732
302,0.536133122426
303,0.197114941738
304,0.534893972402
305,0.548881319262
306,0.583760623344
307,0.311591055947
308,0.399683213991
309,0.6180169206
310,0.513825341374
311,0.519265645651
312,0.262325298809
313,0.505035891714
314,0.509272298141
315,0.778353844869
316,0.523886396197
317,0.653663292754
318,0.263790541433
319,0.204266691256
320,0.688010076675
321,0.290141003707
322,0.497775513792
323,0.205994032107
324,0.47778611291
325,0.351377647015
326,0.386849847685
327,0.313395230531
328,0.39669482367
329,0.142857142857
330,0.0
331,0.0
332,0.0
333,0.54105179195
334,0.324426340196
335,0.670651031474
336,0.771064922556
337,0.568039164682
338,0.455695511706
339,0.75569342972
340,0.690476421511
341,0.695613535761
342,0.533692992863
343,0.638420873927
344,0.713076982594
345,0.0393305645036
346,0.432572329376
347,0.100847679093
348,0.05739481968
349,0.22327562914
350,0.41045992256
351,0.108098253819
352,0.154848040436
353,0.0840178400679
354,0.712961006669
355,0.603863383404
356,0.505711446317
357,0.444463928427
358,0.752261987806
359,0.248586245853
360,0.607685713536
361,0.726940266274
362,0.757434382138
363,0.624176681253
364,0.435610961431
365,0.73094804552
366,0.660428294514
367,0.815883581139
368,0.72767376666
369,0.376735625906
370,0.716472320587
371,0.747048588521
372,0.573406887031
373,0.615137421548
374,0.770738706725
375,0.666630587398
376,0.669372845831
377,0.379103006637
378,0.261154313738
379,0.270390830653
380,0.315853619696
381,0.307913714996
382,0.173621041042
383,0.278978083408
384,0.393480984443
385,0.383746388737
386,0.624942362117
387,0.634674657224
388,0.350681062488
389,0.0
390,0.120939084326
391,0.425060269036
392,0.311754858948
393,0.0
394,0.0917247466236
395,0.219176126231
396,0.212145676696
397,0.275691027799
398,0.0
399,0.0740740740741
400,0.206896551724
401,0.100821408081
402,0.141756424344
403,0.269470623017
404,0.0616130827164
405,0.0701921195504
406,0.0
407,0.0
408,0.0
409,0.745025258996
410,0.230816710007
411,0.0185976034359
412,0.0692379778664
413,0.491920868783
414,0.495510917329
415,0.3915775541
416,0.524261841964
417,0.589654045938
418,0.55058094618
419,0.32739452019
420,0.600733115467
421,0.464093580663
422,0.487648317307
423,0.513999862399
424,0.265307108964
425,0.608185994913
426,0.428310766811
427,0.47604887717
428,0.383980448851
429,0.276296574062
430,0.742646201042
431,0.638324330412
432,0.657420186504
433,0.516581611839
434,0.551882008597
435,0.584163530113
436,0.518756751258
437,0.659785171482
438,0.651370897268
439,0.638415790984
440,0.548263861717
441,0.573962682307
442,0.560223061161
443,0.585601382692
444,0.516690297015
445,0.509028939913
446,0.307529791838
447,0.494162522666
448,0.502202584077
449,0.375499771286
450,0.110811155449
451,0.039235815718
452,0.125
453,0.0214815951316
454,0.0589524114953
455,0.0
456,0.0294117647059
457,0.143070952876
458,0.268307079901
459,0.295842519367
460,0.309368565357
461,0.187463251894
462,0.0203155795294
463,0.182420765872
464,0.257486813723
465,0.356809037198
466,0.0
467,0.0
468,0.0
469,0.0
470,0.0
471,0.0
472,0.0
473,0.0
474,0.0
475,0.0
476,0.0
477,0.0
478,0.0
479,0.0
480,0.0
481,0.0
482,0.0
483,0.0775491027295
484,0.0
485,0.0
486,0.0
487,0.0
488,0.0
489,0.604218620591
490,0.5842502678
491,0.781335311663
492,0.0
493,0.0680500880741
494,0.0990210257943
495,0.614292555469
496,0.752485975833
497,0.647737874773
498,0.737298937421
499,0.850762932128
500,0.434955105868
501,0.461601739213
502,0.554662075973
503,0.221746557088
504,0.545080172746
505,0.0884651144963
506,0.0
507,0.0
508,0.0846188051704
509,0.293061413108
510,0.023262218933
511,0.0
512,0.106638027778
513,0.672852984718
514,0.459499784758
515,0.275884699841
516,0.685578458469
517,0.130307319959
518,0.606296569495
519,0.595493841621
520,0.0546718721051
521,0.0
522,0.0
523,0.0
524,0.0
525,0.0
526,0.0
527,0.0
528,0.0
529,0.498287400049
530,0.530327945254
531,0.127384495194
532,0.20013260882
533,0.393414732369
534,0.167689534149
535,0.297309828587
536,0.111302720007
537,0.411024311555
538,0.419273299745
539,0.535397311835
540,0.268263451871
541,0.763966001841
542,0.534713218898
543,0.286865201737
544,0.261541362958
545,0.205556474506
546,0.516396987183
547,0.515148144891
548,0.387719227908
549,0.578267198396
550,0.429097936557
551,0.395014577269
552,0.351470520239
553,0.138794088288
554,0.221262480877
555,0.177234045564
556,0.586948939622
557,0.297201154148
558,0.623508503362
559,0.501375022119
560,0.442310539413
561,0.152768286833
562,0.1910427187
563,0.577660236966
564,0.170606069171
565,0.0693357162141
566,0.487491555458
567,0.281450223578
568,0.409911651026
569,0.323304039946
570,0.412575034971
571,0.423563585683
572,0.15980795038
573,0.463608241395
574,0.678803963052
575,0.286765183033
576,0.415854651981
577,0.480009769226
578,0.733509070972
579,0.509931682239
580,0.506918339958
581,0.654893359035
582,0.784743129284
583,0.558440077295
584,0.237659445938
585,0.506967456661
586,0.572729267247
587,0.200671716175
588,0.356725270684
589,0.533912631292
590,0.667628683873
591,0.441557371872
592,0.366764300611
593,0.130284432334
594,0.360245963556
595,0.30166062125
596,0.305356845711
597,0.15709950454
598,0.219019769299
599,0.19665108776
600,0.122197300997
601,0.703884624667
602,0.193161847588
603,0.356884396941
604,0.138216096372
605,0.160039762416
606,0.249263391922
607,0.519774796754
608,0.0
609,0.0775491027295
610,0.170212765957
611,0.654858489711
612,0.201030923998
613,0.190605843392
614,0.372145204049
615,0.187539583662
616,0.669928476122
617,0.468958357293
618,0.538674084126
619,0.150074919831
620,0.236392073893
621,0.440987540186
622,0.0642919123998
623,0.241878168651
624,0.774310358623
625,0.764602764409
626,0.47594865808
627,0.365532799588
628,0.166666666667
629,0.0
630,0.0
631,0.493582566512
632,0.781259334811
633,0.612215131059
634,0.476917045961
635,0.754495445868
636,0.546253308173
637,0.294429266058
638,0.537895440603
639,0.718658714266
640,0.59189049421
641,0.389282934349
642,0.568429936547
643,0.357879604346
644,0.543872835298
645,0.118023859205
646,0.245661099208
647,0.344549742285
648,0.0526315789474
649,0.374748992437
650,0.369098074902
651,0.0774072768073
652,0.320045494749
653,0.261183472975
654,0.217161268439
655,0.140752869963
656,0.148279538762
657,0.420155217099
658,0.391364538025
659,0.435120743505
660,0.311435801053
661,0.233784663415
662,0.470454160052
663,0.336107522671
664,0.433957210594
665,0.335013848102
666,0.526305228738
667,0.450873817759
668,0.162509910594
669,0.400631200065
670,0.627670858818
671,0.650872792946
672,0.398001380759
673,0.524761220591
674,0.62989902602
675,0.524040993237
676,0.520374032323
677,0.442316632891
678,0.674329723706
679,0.61089184503
680,0.663561765552
681,0.288532440802
682,0.528815487093
683,0.422645359405
684,0.660122503563
685,0.572314411947
686,0.563044513294
687,0.614329013103
688,0.614082479819
689,0.59424114663
690,0.651682813104
691,0.320073350809
692,0.561748510672
693,0.462011781425
694,0.178650992568
695,0.481022701848
696,0.422796196804
697,0.458653469514
698,0.337527553365
699,0.59034073656
700,0.497298157752
701,0.609378265918
702,0.786490372469
703,0.699227995834
704,0.765484122325
705,0.836150241021
706,0.721229872054
707,0.410438996504
708,0.489096450474
709,0.722935360593
710,0.712788737421
711,0.765475994867
712,0.71496266974
713,0.835606323724
714,0.704355321976
715,0.742599876518
716,0.659152434793
717,0.727021614965
718,0.774411289593
719,0.535209150368
720,0.678975538878
721,0.751094087712
722,0.628622831687
723,0.819008093444
724,0.403850636062
725,0.553947365014
726,0.639423572824
727,0.704654697511
728,0.381741566043
729,0.790939275334
730,0.68266179715
731,0.747030268452
732,0.785860692593
733,0.694300051549
734,0.669594285855
735,0.597792971943
736,0.669094139482
737,0.729426665503
738,0.668751378362
739,0.765918971016
740,0.663337883361
741,0.709445949352
742,0.765896868055
743,0.62147620616
744,0.593231653059
745,0.773365979397
746,0.742674872449
747,0.66198947653
748,0.751106361029
749,0.566531607087
750,0.644268137694
751,0.621805293861
752,0.522704535777
753,0.623336078424
754,0.222878254874
755,0.308187478756
756,0.20120547909
757,0.231955456918
758,0.191791031493
759,0.164214784737
760,0.188976377953
761,0.120262265047
762,0.61629639289
763,0.381878771753
764,0.228453655023
765,0.44214169865
766,0.143217524785
767,0.210429462618
768,0.308460451306
769,0.492797502442
770,0.088990763143
771,0.253360480373
772,0.120193670354
773,0.0171796474103
774,0.29720771441
775,0.416774690599
776,0.28539673179
777,0.343571811067
778,0.292008903077
779,0.0732036626334
780,0.402699657155
781,0.0
782,0.0
783,0.0
784,0.215571713977
785,0.289247801348
786,0.0806169819448
787,0.0956065076634
788,0.237051516062
789,0.23176010697
790,0.0
791,0.278228174577
792,0.144874417297
793,0.0
794,0.122028625626
795,0.101265822785
796,0.0
797,0.0
798,0.0680500880741
799,0.0775491027295
800,0.0
801,0.0
802,0.0
803,0.0
