site,dnds
1,0.0
2,0.199955395779
3,0.0
4,0.141031341951
5,0.0
6,0.141031341951
7,0.166666666667
8,0.211547012926
9,0.106638027778
10,0.0
11,0.0
12,0.0
13,0.166877816
14,0.24304890115
15,0.373590811036
16,0.0643264408167
17,0.53005944752
18,0.484778889661
19,0.468322322395
20,0.434951454491
21,0.452268417684
22,0.40921625957
23,0.350503714916
24,0.465933672696
25,0.454888271573
26,0.375513729437
27,0.520184198887
28,0.548397454116
29,0.503111961577
30,0.230465928229
31,0.453935823311
32,0.494147099212
33,0.536429809061
34,0.300325090534
35,0.220708258056
36,0.54158636322
37,0.506739996188
38,0.398847773932
39,0.580013514946
40,0.583383999716
41,0.381885068544
42,0.656824220364
43,0.396240415031
44,0.222008574609
45,0.362607019797
46,0.314743010325
47,0.440747899973
48,0.313022350902
49,0.39465993901
50,0.337988559402
51,0.460522519914
52,0.383891550595
53,0.47610199845
54,0.126068721538
55,0.37113456467
56,0.466679223813
57,0.59494502688
58,0.720708160184
59,0.456512188849
60,0.420837525921
61,0.394902118569
62,0.422386727275
63,0.140533983033
64,0.581130381386
65,0.382502759721
66,0.273621170459
67,0.249121200946
68,0.14226633954
69,0.0
70,0.331405141832
71,0.0
72,0.0600807152484
73,0.255505313937
74,0.0267029543532
75,0.378507620927
76,0.517326809355
77,0.338953301415
78,0.0759441510378
79,0.397148257841
80,0.609652034284
81,0.125836099345
82,0.676663463232
83,0.404273998466
84,0.104897866967
85,0.399717353168
86,0.0973886625891
87,0.0284413126916
88,0.344226183875
89,0.611953735789
90,0.723081857353
91,0.459505027699
92,0.392407005435
93,0.345961137516
94,0.519068941845
95,0.574338947581
96,0.490863418211
97,0.488509327178
98,0.333111358869
99,0.316307811186
100,0.0427449525775
101,0.261516095563
102,0.278699274844
103,0.312512612482
104,0.0767447729328
105,0.577044381161
106,0.102183281504
107,0.0896890221209
108,0.346941595481
109,0.328203190913
110,0.381391720152
111,0.498383535544
112,0.385923568698
113,0.409235198738
114,0.699720748421
115,0.508915134822
116,0.662480872911
117,0.731323192591
118,0.640465042685
119,0.647022339188
120,0.527223986341
121,0.636088646352
122,0.697131067629
123,0.419021924027
124,0.382589783371
125,0.705473092527
126,0.479069397163
127,0.317308728183
128,0.552882438825
129,0.536521989221
130,0.59353624015
131,0.531097313616
132,0.190239607099
133,0.563367510582
134,0.418314061971
135,0.578178285714
136,0.488788834479
137,0.60135792861
138,0.495214871203
139,0.557421972389
140,0.486082229076
141,0.638656680908
142,0.683260436458
143,0.307287740151
144,0.102688471194
145,0.0
146,0.252119421622
147,0.0990695836663
148,0.106413111874
149,0.049316926706
150,0.0632109903803
151,0.0848896673364
152,0.275662812391
153,0.186674453994
154,0.280726583948
155,0.364499118768
156,0.342819550847
157,0.221007290955
158,0.100477392536
159,0.388336543727
160,0.482676395265
161,0.0571428571429
162,0.0
163,0.527315376518
164,0.142260804474
165,0.547132110601
166,0.304842887023
167,0.393493646024
168,0.655447224107
169,0.62007210681
170,0.468676976727
171,0.650296059796
172,0.665788736918
173,0.718577978102
174,0.64470474052
175,0.374696440615
176,0.524791915454
177,0.409871763184
178,0.554479844434
179,0.485811474897
180,0.422302798447
181,0.31190555678
182,0.145702560475
183,0.276495962082
184,0.506536221536
185,0.470440323827
186,0.598611231978
187,0.344131317011
188,0.16055832184
189,0.306267890335
190,0.222671612402
191,0.230617293303
192,0.203428192698
193,0.298621793555
194,0.0
195,0.0
196,0.0
197,0.158415714512
198,0.439259003805
199,0.31513954997
200,0.389254039475
201,0.548720525115
202,0.423584770494
203,0.365779143019
204,0.0
205,0.0
206,0.0
207,0.0
208,0.0
209,0.0
210,0.0
211,0.0
212,0.487011158381
213,0.218309172297
214,0.0
215,0.0596255639191
216,0.0
217,0.0
218,0.137326536084
219,0.358103199108
220,0.318227139492
221,0.433675500638
222,0.249071943614
223,0.361396409266
224,0.45946652643
225,0.349021618115
226,0.58101235472
227,0.337522330831
228,0.0
229,0.182867486478
230,0.383094609959
231,0.0
232,0.0
233,0.0
234,0.0
235,0.0
236,0.0
237,0.0
238,0.0
239,0.311782335314
240,0.46302362323
241,0.471252921335
242,0.137467387237
243,0.376783882571
244,0.141928044993
245,0.129799866327
246,0.0963654692762
247,0.255890762101
248,0.31303406922
249,0.633897042539
250,0.546317691059
251,0.571394371209
252,0.0
253,0.0
254,0.234842739199
255,0.425886298578
256,0.626651779147
257,0.414025585536
258,0.458548836715
259,0.508201685749
260,0.542652750235
261,0.49061688671
262,0.568267727562
263,0.399133181531
264,0.266666666667
265,0.166666666667
266,0.0
267,0.269243103585
268,0.316523294309
269,0.393278692421
270,0.263494411631
271,0.509892575604
272,0.5327290304
273,0.456941429615
274,0.0163824286104
275,0.29594008361
276,0.379048410008
277,0.255386045639
278,0.174473569732
279,0.516241543982
280,0.509477326205
281,0.456503119995
282,0.549371291739
283,0.10591673732
284,0.171378855172
285,0.207469102981
286,0.0
287,0.265219206455
288,0.175294986711
289,0.225882900474
290,0.0753276866313
291,0.0
292,0.25669147496
293,0.281863511483
294,0.38720607159
295,0.489854230809
296,0.660715299971
297,0.305692529337
298,0.160546252325
299,0.610642426885
300,0.565572406646
301,0.22740336236
302,0.141052232663
303,0.610002657063
304,0.599838921931
305,0.602017334778
306,0.281826201407
307,0.325894585687
308,0.620594178372
309,0.729215313924
310,0.646591871751
311,0.662290317785
312,0.609251200655
313,0.703416515191
314,0.607141840711
315,0.614993897188
316,0.665185048802
317,0.649060428314
318,0.596346005742
319,0.678334466988
320,0.679157870408
321,0.58096334004
322,0.73246646789
323,0.762739779658
324,0.754589190726
325,0.652159565256
326,0.70853700659
327,0.318856866172
328,0.37338569699
329,0.0
330,0.541494833526
331,0.0477179594598
332,0.0
333,0.241094671499
334,0.0518240882662
335,0.348784678401
336,0.233978598793
337,0.536162619757
338,0.594697960546
339,0.55319009486
340,0.558833718586
341,0.119402985075
342,0.844545704968
343,0.715354317999
344,0.641339021445
345,0.258062276287
346,0.166666666667
347,0.266666666667
348,0.0
349,0.714050336787
350,0.335067825143
351,0.308822565948
352,0.291062372237
353,0.82679315033
354,0.320100326129
355,0.748641177322
356,0.0
357,0.0958766111239
358,0.0
359,0.467438424275
360,0.59948318379
361,0.737961323758
362,0.0
363,0.0
364,0.0
365,0.0
366,0.0
367,0.561831732931
368,0.504281450724
369,0.738492547386
370,0.0
371,0.0
372,0.432744700554
373,0.8855891708
374,0.620975683832
375,0.722286478631
376,0.727721374278
377,0.749880565688
378,0.714293190625
379,0.0
380,0.0
381,0.0
382,0.0
383,0.0
384,0.0
385,0.0
386,0.0
387,0.0
388,0.0
389,0.0
390,0.0
391,0.0
392,0.0
393,0.0
394,0.0
395,0.644279500944
396,0.568175270563
397,0.37464925504
398,0.395214113862
399,0.0
400,0.285714285714
401,0.159609579273
402,0.0901654869021
403,0.215539643161
404,0.247343603857
405,0.649766204178
406,0.730499666123
407,0.537570739806
408,0.472698526312
409,0.814220349024
410,0.817967353143
411,0.543962675713
412,0.405750405161
413,0.712914161379
414,0.596792479849
415,0.38860879389
416,0.588534109675
417,0.626418130333
418,0.658070488429
419,0.527192198015
420,0.448743944888
421,0.312866688263
422,0.299678625627
423,0.699015908793
424,0.76048763906
425,0.707894422156
426,0.601183797655
427,0.206896551724
428,0.150778921457
429,0.243872372061
430,0.0501930712357
431,0.249831379178
432,0.112094771773
433,0.28208639689
434,0.549832552493
435,0.0670327159111
436,0.0
437,0.0701921195504
438,0.202884877119
439,0.0
440,0.332167953754
441,0.0
442,0.179019609833
443,0.658894390561
444,0.631560628984
445,0.743082866485
446,0.725330014026
447,0.745483680536
448,0.825527264857
449,0.678854192968
450,0.807725269196
451,0.828592852335
452,0.703053210526
453,0.690755871671
454,0.507673741726
455,0.696041013541
456,0.380213268461
457,0.608603666783
458,0.448886616695
459,0.493948104725
460,0.438023500393
461,0.468922388069
462,0.681531151356
463,0.682168586161
464,0.816965887112
465,0.367719375229
466,0.801861131819
467,0.578046247746
468,0.773881299223
469,0.817447799374
470,0.653670059132
471,0.803150867533
472,0.734421521924
473,0.840015093863
474,0.711785273669
475,0.687865907802
476,0.633379109382
477,0.780969876818
478,0.639515035079
479,0.738521083143
480,0.294040422329
481,0.147871398519
482,0.0
483,0.726143635733
484,0.648361045456
485,0.565837035416
486,0.17001750644
487,0.0
488,0.0
489,0.0
490,0.0
491,0.381178237985
492,0.0
493,0.19090354889
494,0.0
495,0.0
496,0.0
497,0.0
498,0.205989804125
499,0.0
500,0.0990210257943
501,0.0
502,0.0
503,0.0
504,0.00633059587414
505,0.624477630929
506,0.173551187598
507,0.643660247471
508,0.199579146744
509,0.532708480762
510,0.308766024246
511,0.0
512,0.64336297197
513,0.0
514,0.0
515,0.0
516,0.0
517,0.0
518,0.0
519,0.644637171385
520,0.591736650653
521,0.57839806959
522,0.203797815281
523,0.654761711947
524,0.233234122884
525,0.730764929883
526,0.213397897601
527,0.664496122848
528,0.0
529,0.288349310859
530,0.759254909064
531,0.50946322372
532,0.0116177728543
533,0.502346470324
534,0.224900877001
535,0.176414782173
536,0.158769659742
537,0.588134887124
538,0.155011702536
539,0.206506892564
540,0.290298209421
541,0.517895543972
542,0.173761562697
543,0.178892209138
544,0.55705804236
545,0.313420701635
546,0.0
547,0.0
548,0.0
549,0.0
550,0.0
551,0.0
552,0.0
553,0.0
554,0.0
555,0.0
556,0.0
557,0.0
558,0.132028034392
559,0.0
560,0.0
561,0.105263157895
562,0.0
563,0.0884651144963
564,0.0
565,0.0
566,0.0
567,0.0
568,0.0
569,0.0
570,0.0
571,0.0
572,0.0
573,0.0
574,0.417576627728
575,0.528764161328
576,0.414758628598
577,0.391924370225
578,0.0
579,0.0
580,0.0
581,0.0
582,0.24799010138
583,0.461842837396
584,0.406751810079
585,0.36438239352
586,0.262595309576
587,0.678431313447
588,0.618361293886
589,0.723048169111
590,0.757763492767
591,0.770310277799
592,0.845699890777
593,0.750507524658
594,0.773198622713
595,0.761661438145
596,0.726497329161
597,0.757625022897
598,0.651798936951
599,0.791176836901
600,0.468747049212
601,0.299795847031
602,0.571202467762
603,0.497061542502
604,0.623317555558
605,0.159772284344
606,0.635352647588
607,0.0
608,0.0
609,0.39985695414
610,0.0
611,0.17860452835
612,0.14553928948
613,0.676064609906
614,0.130617596006
615,0.00544694034725
616,0.0559634028258
617,0.424069012811
618,0.100158711791
619,0.445952587882
620,0.0
621,0.226237508143
622,0.323298783849
623,0.0
624,0.183696608687
625,0.0644422640631
626,0.38991271882
627,0.429379893369
628,0.265169065071
629,0.440789829547
630,0.555705279666
631,0.349091827769
632,0.168802067009
633,0.374737869225
634,0.488092821045
635,0.203293478935
636,0.12905972463
637,0.385361806923
638,0.16433317649
639,0.148661991756
640,0.464597893294
641,0.223478608489
642,0.148001039068
643,0.432578081653
644,0.0
645,0.275617333162
646,0.258514378123
647,0.0590886931474
648,0.207568255947
649,0.0248089623065
650,0.232788907967
651,0.301849232108
652,0.161343852625
653,0.0481560208198
654,0.204947096522
655,0.0442268968385
656,0.0
657,0.00939073232121
658,0.238487409798
659,0.0690938628071
660,0.0444273287321
661,0.117886719624
662,0.206481294116
663,0.188825967497
664,0.0214139788729
665,0.291251332485
666,0.0
667,0.0406186137178
668,0.407143463575
669,0.287179081206
670,0.128753036586
671,0.211928499162
672,0.383241287184
673,0.02700679589
674,0.49107218113
675,0.0650333660447
676,0.0
677,0.0890427809671
678,0.402504324938
679,0.0
680,0.474722135509
681,0.140129222678
682,0.551731283547
683,0.547323075956
684,0.135957503232
685,0.223087566819
686,0.345023175338
687,0.510832414938
688,0.494575068506
689,0.575139223974
690,0.526367860245
691,0.475984568174
692,0.669205241234
693,0.455748073541
694,0.726782119377
695,0.638498294802
696,0.533071120919
697,0.54394023014
698,0.487782913423
699,0.211478235779
700,0.191253687833
701,0.266329577032
702,0.25950323716
703,0.185171213608
704,0.0
705,0.123226165433
706,0.357856488209
707,0.365847137618
708,0.401547829563
709,0.188220764316
710,0.0516991505514
711,0.236076604981
712,0.355792629444
713,0.0199418348536
714,0.0578437340976
715,0.10261498064
716,0.366737180303
717,0.0375886659837
718,0.385872227174
719,0.305589773183
720,0.172952088102
721,0.301538285439
722,0.270704838803
723,0.557796651249
724,0.883972726325
725,0.811073767932
726,0.625876553255
727,0.624619935235
728,0.533619522198
729,0.615852477189
730,0.62538317119
731,0.335687318709
732,0.289487107782
733,0.0207731890095
734,0.096804001581
735,0.0
736,0.165840474822
737,0.140301047424
738,0.126762956385
739,0.0
740,0.184543103439
741,0.24699872973
742,0.432423449775
743,0.277085469193
744,0.28098096676
745,0.316671381895
746,0.319148794243
747,0.304715672658
748,0.313943152995
749,0.36876183091
750,0.0874309147986
751,0.0176324002801
752,0.44519052662
753,0.479608199174
754,0.125255604732
755,0.337547406729
756,0.0888016673904
757,0.297992932349
758,0.148821713689
759,0.142618829616
760,0.0167773193804
761,0.00540442942774
762,0.253131683812
763,0.256245732234
764,0.340457971586
765,0.0
766,0.166887613027
767,0.0
768,0.294624387582
769,0.49402966145
770,0.106483839982
771,0.15327448228
772,0.346999552969
773,0.340111971625
774,0.203970290844
775,0.043439746346
776,0.149665701526
777,0.431457107517
778,0.304642975626
779,0.307382549461
780,0.39871710001
781,0.623435888932
782,0.0901033573574
783,0.0
784,0.154032706791
785,0.132028034392
786,0.0
787,0.0
788,0.0
789,0.0
790,0.142857142857
791,0.0
792,0.0
793,0.0
794,0.0
795,0.0
796,0.0
797,0.0
798,0.0
799,0.0
800,0.0
801,0.0
802,0.0
803,0.0
804,0.0
805,0.0
806,0.0
807,0.0
808,0.0775491027295
809,0.0
810,0.0
811,0.0
812,0.0
813,0.0
814,0.0
815,0.0
816,0.0
817,0.0
818,0.0
819,0.0
820,0.0
821,0.309965191861
822,0.507834926145
823,0.397965328911
824,0.496747227961
825,0.13549937371
826,0.380579005978
827,0.609285044826
828,0.647436893061
829,0.0
830,0.0
831,0.0
832,0.0
833,0.0
834,0.0
835,0.0
836,0.0
837,0.0
838,0.0
839,0.0
840,0.0
841,0.0
842,0.0
843,0.0
844,0.0
845,0.0
846,0.0
847,0.133303597186
848,0.125533995252
849,0.358761120021
850,0.026739616293
851,0.408331570114
852,0.284963137905
853,0.140767336578
854,0.197527837775
855,0.0
856,0.580609241959
857,0.121616862174
858,0.392459779757
859,0.471001115074
860,0.00835679859656
861,0.44262730065
862,0.197599934414
863,0.345157475606
864,0.108685066998
865,0.533991723931
866,0.173626382907
867,0.223963600823
868,0.0169711364144
869,0.340762896749
870,0.160381095404
871,0.0749053833183
872,0.133765245371
873,0.223342680832
874,0.0
875,0.413724915546
876,0.111852443616
877,0.0644788074939
878,0.259136694871
879,0.16437854209
880,0.257268360161
881,0.540743715525
882,0.505718638918
883,0.48126759209
884,0.510123032766
885,0.445411773988
886,0.300281611827
887,0.675112624487
888,0.724755856563
889,0.693737081732
890,0.0607708647356
891,0.0892887383881
892,0.185794368937
893,0.141237609637
894,0.0
895,0.0723539536412
896,0.0849600516925
897,0.088594283209
898,0.177712143982
899,0.331450483539
900,0.177580628083
901,0.528740158472
902,0.417714990458
903,0.536851396725
904,0.467847767431
905,0.181505764992
906,0.480852643382
907,0.0708208528555
908,0.307698223217
909,0.210115227114
910,0.450090331633
911,0.259612309869
912,0.448418414082
913,0.298473348725
914,0.31208081787
915,0.566767853422
916,0.0261837162104
917,0.514643982041
918,0.448449849589
919,0.397732408833
920,0.0885818673841
921,0.492373115421
922,0.555962746247
923,0.0632451872118
924,0.355928828707
925,0.454648822411
926,0.550179593994
927,0.283115967679
928,0.104567215426
929,0.0
930,0.422732147846
931,0.435600481897
932,0.10521782294
933,0.142741635792
934,0.25706229863
935,0.0689768370061
936,0.290508822267
937,0.569275515524
938,0.291663868497
939,0.227572598924
940,0.0231126687541
941,0.453468126596
942,0.00989981674153
943,0.131274682825
944,0.0
945,0.0
946,0.237400668
947,0.434407556672
948,0.468955513551
949,0.0
950,0.24296011654
951,0.0511922810195
952,0.0332454160394
953,0.299843491847
954,0.0
955,0.16355959218
956,0.0694417817811
957,0.037329989239
958,0.0
959,0.0
960,0.0
961,0.384211297673
962,0.364698026529
963,0.435334066594
964,0.290526708378
965,0.413584904755
966,0.160981457457
967,0.266266230328
968,0.313747474685
969,0.09209188808
970,0.0368470009316
971,0.0
972,0.526262167942
973,0.209072265665
974,0.0898307878976
975,0.220116338553
976,0.253459030865
977,0.374465174517
978,0.162191060967
979,0.0616778491967
980,0.488782984244
981,0.601838981338
982,0.00278739676757
983,0.525515526032
984,0.562665981036
985,0.182265385333
986,0.293047155133
987,0.587663881989
988,0.0468993271131
989,0.245513239722
990,0.439660798867
991,0.413047692107
992,0.35966952127
993,0.374065119346
994,0.564649808989
995,0.482463484855
996,0.533992172936
997,0.0
998,0.0
999,0.450174003457
1000,0.428499668086
1001,0.443329230988
1002,0.442452145784
1003,0.369647786673
1004,0.0
1005,0.126840523355
1006,0.0
1007,0.0
1008,0.0546271303758
1009,0.16
1010,0.12326876957
1011,0.0
1012,0.0571532404509
1013,0.374329413672
1014,0.346330201567
1015,0.0430948896361
1016,0.181025860804
1017,0.0722945100251
1018,0.493624577057
1019,0.593662703195
1020,0.0
1021,0.0
1022,0.0
1023,0.531538674875
1024,0.159870982702
1025,0.249638440354
1026,0.465956459367
1027,0.175669214746
1028,0.282139884817
1029,0.513743822945
1030,0.705318615815
1031,0.376872202621
1032,0.40905688312
1033,0.384352366028
1034,0.514156542713
1035,0.482518297481
1036,0.440815583039
1037,0.533877915117
1038,0.0
1039,0.538546258019
1040,0.354553563239
1041,0.136713938816
1042,0.253071518137
1043,0.406696570869
1044,0.613511267624
1045,0.503286610481
1046,0.438493384472
1047,0.16396540253
1048,0.0
1049,0.271565482797
1050,0.250298269757
1051,0.424835986376
1052,0.240844987864
1053,0.360682128001
1054,0.511188202813
1055,0.3942001573
1056,0.393522198637
1057,0.390391413833
1058,0.0
1059,0.0
1060,0.0
1061,0.0
1062,0.0
1063,0.592916325478
1064,0.605109289798
1065,0.403647648108
1066,0.455202161286
1067,0.502085412274
1068,0.0571428571429
1069,0.0
1070,0.228672244243
1071,0.227087538354
1072,0.3598446438
1073,0.267143428257
1074,0.528132498144
1075,0.547837974559
1076,0.605453774956
1077,0.279360683337
1078,0.378647908022
1079,0.408546732823
1080,0.709538817361
1081,0.687312847493
1082,0.393225552613
1083,0.515001443144
1084,0.413268687233
1085,0.227162506695
1086,0.436788236059
1087,0.0026344863471
1088,0.257476109739
1089,0.346679412317
1090,0.343755809362
1091,0.198606842125
1092,0.288005494631
1093,0.0781125893898
1094,0.36769790605
1095,0.300290677514
1096,0.0
1097,0.544903519442
1098,0.0546185934156
1099,0.54747944583
1100,0.596919899516
1101,0.356273164147
1102,0.483490083927
1103,0.60769567078
1104,0.273433469255
1105,0.189419214912
1106,0.483517226946
1107,0.397648477803
1108,0.131359512893
1109,0.253871143101
1110,0.43687129022
1111,0.0
1112,0.0
1113,0.0
1114,0.0
1115,0.0
1116,0.0
1117,0.0
1118,0.0
1119,0.0
1120,0.0
1121,0.0
1122,0.0
1123,0.0
1124,0.0
1125,0.0
1126,0.0
1127,0.0
1128,0.0
1129,0.0
1130,0.0
1131,0.0
1132,0.232110799946
1133,0.135545034997
1134,0.288730877628
1135,0.333969963581
1136,0.240856548099
1137,0.49460836433
1138,0.561325475432
1139,0.515601942005
1140,0.0
1141,0.42725552665
1142,0.0
1143,0.335539867174
1144,0.0262388108323
1145,0.440918320653
1146,0.36401099059
1147,0.115642381004
1148,0.510958667946
1149,0.702130387988
1150,0.530793573929
1151,0.491338907298
1152,0.70468687735
1153,0.529032342776
1154,0.103948011942
1155,0.323172882255
1156,0.422621125528
1157,0.219568499251
1158,0.307508590096
1159,0.187864103046
1160,0.198952060031
1161,0.356366789094
1162,0.0
1163,0.302047907137
1164,0.169122596557
1165,0.122574791348
1166,0.216729082243
1167,0.563482101838
1168,0.44926771592
1169,0.318291670388
1170,0.370083471488
1171,0.4609266493
1172,0.316720596908
1173,0.451980346822
1174,0.164433318593
1175,0.55235720838
1176,0.207840953158
1177,0.401784627813
1178,0.0592866772166
1179,0.555912931839
1180,0.298608486079
1181,0.29151911985
1182,0.585226667121
1183,0.493011563356
1184,0.441324541698
1185,0.584258994548
1186,0.552510937717
1187,0.130840095805
1188,0.257695891579
1189,0.2674627317
1190,0.353278493954
1191,0.121340320224
1192,0.302729330412
1193,0.12937458695
1194,0.470132763418
1195,0.380317600873
1196,0.137107072542
1197,0.366838708927
1198,0.445908709528
1199,0.351666886385
1200,0.615134778579
1201,0.628732791721
1202,0.434285482845
1203,0.44452065174
1204,0.584858191729
1205,0.153846153846
1206,0.486122669055
1207,0.388575519514
1208,0.504405749912
1209,0.497262489596
1210,0.431666467731
1211,0.52152313417
1212,0.307287570958
1213,0.343779268169
1214,0.627774659008
1215,0.563702239093
1216,0.417344883907
1217,0.467454554467
1218,0.526329378988
1219,0.259966090175
1220,0.520674554871
1221,0.504815825659
1222,0.588274510759
1223,0.479911165057
1224,0.586528058524
1225,0.339224762383
1226,0.519194627586
1227,0.0
1228,0.473098709387
1229,0.0781194247586
1230,0.283281903915
1231,0.162985001837
1232,0.43645548148
1233,0.0
1234,0.451064886611
1235,0.00399254170366
1236,0.430018822828
1237,0.367066664376
1238,0.591774206751
1239,0.405089158775
1240,0.492252829141
1241,0.571895686509
1242,0.59750128461
1243,0.478322538097
1244,0.0
1245,0.281997529012
1246,0.0946241843154
1247,0.109472184868
1248,0.500485250498
1249,0.287544649136
1250,0.0
1251,0.0613122778834
1252,0.492527515598
1253,0.486941765331
1254,0.229455925607
1255,0.445952504336
1256,0.135066002013
1257,0.0323674351216
1258,0.385574175629
1259,0.293940928244
1260,0.0
1261,0.290085163956
1262,0.63751926531
1263,0.571711121398
1264,0.284530990167
1265,0.510651930435
1266,0.016399672931
1267,0.0942529483275
1268,0.471093127094
1269,0.418234578087
1270,0.295422827404
1271,0.480745389112
1272,0.629527334306
1273,0.555914581146
1274,0.372230349616
1275,0.446101224151
1276,0.49625401269
1277,0.288071900251
1278,0.48123604713
1279,0.301786868936
1280,0.182539965946
1281,0.436869992748
1282,0.28529284073
1283,0.528111429528
1284,0.356518067369
1285,0.182620096386
1286,0.324134342319
1287,0.529997337983
1288,0.362999802872
1289,0.271210333476
1290,0.428644913375
1291,0.316632913333
1292,0.0935688711019
1293,0.247757780457
1294,0.0523058313549
1295,0.162186043243
1296,0.0
1297,0.69968587638
1298,0.681933619988
1299,0.460949185497
1300,0.247656470792
1301,0.31249057674
1302,0.091449510898
1303,0.720929721455
1304,0.610520980389
1305,0.115782003763
1306,0.550373513409
1307,0.58427127431
1308,0.624910909155
1309,0.402311609836
1310,0.383596496879
1311,0.711267269996
1312,0.692136108445
1313,0.463288913145
1314,0.55442375314
1315,0.678613066214
1316,0.434496292294
1317,0.241804643794
1318,0.381834862773
1319,0.589544422817
1320,0.344799225295
1321,0.392362877934
1322,0.142280539238
1323,0.0
1324,0.0
1325,0.108181703802
1326,0.116197960825
1327,0.138629436112
1328,0.1177084595
1329,0.284364869197
1330,0.137326536084
1331,0.415007714977
1332,0.171927045261
1333,0.599785146338
1334,0.238557214708
1335,0.272234736904
1336,0.615150286944
1337,0.172254732015
1338,0.290180669635
1339,0.597820197059
1340,0.411473710607
1341,0.680638215365
1342,0.375113050188
1343,0.405837870957
1344,0.389036150337
1345,0.684582911639
1346,0.546251377502
1347,0.625753377425
1348,0.763963631856
1349,0.45899283866
1350,0.729089498149
1351,0.717240916082
1352,0.696298579567
1353,0.675533034247
1354,0.47905482796
1355,0.311376865863
1356,0.11231592323
1357,0.19032813531
1358,0.0
1359,0.249172656508
1360,0.292920745353
1361,0.247710317817
1362,0.0723545974852
1363,0.31858559459
1364,0.322218768265
1365,0.0913075757413
1366,0.60021927905
1367,0.614457976987
1368,0.463699093123
1369,0.198724929851
1370,0.175440980112
1371,0.254514295616
1372,0.0621856012454
1373,0.0
1374,0.753771397455
1375,0.470186287266
1376,0.710676046953
1377,0.46298824894
1378,0.703592481991
1379,0.391435394421
1380,0.466942958928
1381,0.513364582363
1382,0.657397926619
1383,0.732008373238
1384,0.370366930822
1385,0.329495485599
1386,0.0
1387,0.0
1388,0.0
1389,0.0
1390,0.0
1391,0.636507518282
1392,0.715556810162
1393,0.281371582089
1394,0.30467800189
1395,0.0318089436224
1396,0.352470702391
1397,0.450880314955
1398,0.163132084449
1399,0.354671848723
1400,0.108472508247
1401,0.54350468467
1402,0.606397258817
1403,0.0440328015587
1404,0.0477004511353
1405,0.238128694898
1406,0.238465412255
1407,0.13682829208
1408,0.0
1409,0.252573206738
1410,0.254181648329
1411,0.0
1412,0.0
1413,0.0
1414,0.498388599926
1415,0.845945103941
1416,0.578989240926
1417,0.380478228449
1418,0.807881977254
1419,0.71473729255
1420,0.110849304901
1421,0.655195694517
1422,0.655160848863
1423,0.676391851283
1424,0.623103246627
1425,0.550193691639
1426,0.809252904866
1427,0.555841560575
1428,0.360094539569
1429,0.334227025887
1430,0.111718837243
1431,0.102854670987
1432,0.71350757942
1433,0.708016953615
1434,0.676924031671
1435,0.661709661049
1436,0.0
1437,0.711563294132
1438,0.5370987282
1439,0.49739674493
1440,0.510289783376
1441,0.309058854265
1442,0.465235057433
1443,0.110023361994
1444,0.0
1445,0.0805594786123
1446,0.0543831149584
1447,0.228958402234
1448,0.0908650476306
1449,0.115353812464
1450,0.0329973142671
1451,0.0
1452,0.363268799125
1453,0.695422670798
1454,0.642421153045
1455,0.477848426724
1456,0.339380484509
1457,0.661672717875
1458,0.47977791525
1459,0.572084004007
1460,0.556730832834
1461,0.421376314932
1462,0.676997752777
1463,0.451647691889
1464,0.715724287171
1465,0.318649517563
1466,0.355236229061
1467,0.138716862134
1468,0.0
1469,0.0
1470,0.0908946479767
1471,0.0
1472,0.0
1473,0.0704149516759
1474,0.1
1475,0.0
1476,0.0
1477,0.178226019006
1478,0.3247175981
1479,0.0
1480,0.0
1481,0.128041613087
1482,0.188300992878
1483,0.0
1484,0.0
