site,dnds
1,0.0
2,0.0
3,0.0
4,0.0
5,0.0
6,0.0
7,0.139247440036
8,0.188300992878
9,0.205038811775
10,0.137880445597
11,0.0255294885472
12,0.436375513453
13,0.592797840213
14,0.738387382372
15,0.624454979017
16,0.691699980759
17,0.0999139424262
18,0.0319018051867
19,0.70707061436
20,0.355926947841
21,0.553120921498
22,0.126677947402
23,0.286767423874
24,0.730079153167
25,0.532861536295
26,0.477662996326
27,0.495490977225
28,0.313481844745
29,0.5506783158
30,0.365913396091
31,0.0583457665631
32,0.0
33,0.154032706791
34,0.0
35,0.0899795045003
36,0.169314718056
37,0.178226019006
38,0.157556557051
39,0.0
40,0.0
41,0.458535978511
42,0.0924196240747
43,0.0
44,0.581230315176
45,0.18767404845
46,0.611452722626
47,0.0579548342958
48,0.13482721376
49,0.0192804726819
50,0.144223643833
51,0.0265337365774
52,0.088527115317
53,0.062009725443
54,0.217062980771
55,0.126762956385
56,0.0
57,0.0867325491054
58,0.167079339479
59,0.423912095863
60,0.149193171445
61,0.519290402716
62,0.0924196240747
63,0.0660140171962
64,0.0
65,0.0
66,0.0
67,0.0
68,0.0
69,0.0
70,0.0
71,0.28865996833
72,0.464526701425
73,0.326960957175
74,0.11563210704
75,0.494059924458
76,0.467831537052
77,0.0879867027247
78,0.291885065697
79,0.54480624684
80,0.333181130654
81,0.142804012256
82,0.062455129086
83,0.511310025005
84,0.493892335647
85,0.312539982366
86,0.505400447856
87,0.681018699036
88,0.316421924539
89,0.24423867193
90,0.0
91,0.0
92,0.0
93,0.0
94,0.0
95,0.0
96,0.525242068811
97,0.675451238077
98,0.326389817939
99,0.33948793334
100,0.479971328455
101,0.4341222827
102,0.631508557017
103,0.292425024382
104,0.625198184842
105,0.651503675064
106,0.417594784835
107,0.456447095055
108,0.543202841548
109,0.271993514003
110,0.369315530442
111,0.404653014836
112,0.52752112156
113,0.433229005378
114,0.229714195835
115,0.325823744355
116,0.241832063616
117,0.422180903969
118,0.161189256458
119,0.589644958841
120,0.210969654554
121,0.471166692202
122,0.0529797867794
123,0.364986284699
124,0.123967603828
125,0.12211455823
126,0.369223632814
127,0.504200423291
128,0.0
129,0.0
130,0.0
131,0.0
132,0.203018600409
133,0.507052340028
134,0.378149368214
135,0.275767719345
136,0.107163809824
137,0.170449597223
138,0.170212765957
139,0.0519029427717
140,0.0
141,0.158903194291
142,0.0
143,0.175099528044
144,0.201230619377
145,0.236182143793
146,0.386754308793
147,0.410927843999
148,0.123431136322
149,0.423351412282
150,0.190338448608
151,0.218863560696
152,0.106554918195
153,0.263318405849
154,0.230301335982
155,0.369129447822
156,0.248375157781
157,0.43780148791
158,0.168893844167
159,0.539738244425
160,0.367431161608
161,0.0804228313603
162,0.338028169014
163,0.115524530093
164,0.0863046217355
165,0.0
166,0.169314718056
167,0.500240153942
168,0.170212765957
169,0.0
170,0.166666666667
171,0.0
172,0.0990210257943
173,0.582956332677
174,0.384901537738
175,0.255989060986
176,0.211633735176
177,0.554996918518
178,0.409327291002
179,0.463455321989
180,0.405469414421
181,0.595183741327
182,0.0
183,0.0
184,0.0
185,0.0
186,0.0
187,0.0
188,0.0
189,0.0
190,0.0
191,0.0
192,0.0
193,0.0
194,0.0
195,0.0
196,0.0
197,0.378454047045
198,0.240407209921
199,0.351107647121
200,0.507892754532
201,0.508176996201
202,0.417808169805
203,0.0
204,0.0
205,0.0
206,0.479886093965
207,0.554023084841
208,0.636640822181
209,0.0
210,0.0
211,0.0
212,0.0
213,0.0
214,0.0
215,0.0
216,0.0
217,0.0
218,0.443440193919
219,0.392747080748
220,0.318076588035
221,0.444253288157
222,0.303511612647
223,0.0457468698149
224,0.145693676278
225,0.0242004742423
226,0.501421325646
227,0.373167588725
228,0.196446402393
229,0.524834286495
230,0.214033904384
231,0.14027989537
232,0.261231900167
233,0.33344605516
234,0.218805434972
235,0.438962630633
236,0.419066363101
237,0.540068902476
238,0.0
239,0.0
240,0.493098128889
241,0.640274523178
242,0.590570036453
243,0.335450640552
244,0.124202669445
245,0.427150948687
246,0.0
247,0.0
248,0.0878889830934
249,0.0680500880741
250,0.0
251,0.0
252,0.165251900596
253,0.259303408214
254,0.515392970303
255,0.0
256,0.44007411215
257,0.485894429378
258,0.166395615567
259,0.170294398947
260,0.283036781273
261,0.422821304619
262,0.0826700846539
263,0.58613925156
264,0.469590892558
265,0.0507322010214
266,0.15802905815
267,0.0581952146499
268,0.116308020949
269,0.405080407214
270,0.462377408098
271,0.295670485451
272,0.443884931945
273,0.30166756966
274,0.38399692884
275,0.363184150952
276,0.458710495702
277,0.0
278,0.0
279,0.0
280,0.0
281,0.0
282,0.0
283,0.133303597186
284,0.141031341951
285,0.125
286,0.0
287,0.0924196240747
288,0.0
289,0.0860393284444
290,0.125
291,0.553833895627
292,0.325430925906
293,0.333841972656
294,0.526054539211
295,0.543412511497
296,0.54005974543
297,0.549589756035
298,0.0
299,0.0
300,0.0
301,0.105263157895
302,0.0
303,0.286179444671
304,0.53023632756
305,0.279081248789
306,0.603695474949
307,0.307888995985
308,0.326693599456
309,0.205029799465
310,0.110015826721
311,0.355837126682
312,0.619256464766
313,0.42552358539
314,0.452906558622
315,0.0
316,0.54439858499
317,0.433815632583
318,0.147266601921
319,0.379473231725
320,0.408484324532
321,0.0839195150109
322,0.295740532166
323,0.168436553314
324,0.0
325,0.430543330504
326,0.391439289811
327,0.168562298274
328,0.242675441453
329,0.516724648003
330,0.231931125764
331,0.345666980821
332,0.321179264501
333,0.366228257501
334,0.2592892898
335,0.659799268648
336,0.571763201919
337,0.327038790936
338,0.600523776279
339,0.142857142857
340,0.583713701724
341,0.330536029149
342,0.244057251252
343,0.28681952299
344,0.0666087380718
345,0.0495105128971
346,0.233537542146
347,0.0728851309516
348,0.0220706146243
349,0.28276933918
350,0.228949561687
351,0.374484596311
352,0.519972288511
353,0.587178421953
354,0.205894989868
355,0.547600718354
356,0.535753164423
357,0.446293268446
358,0.27091861728
359,0.3730205902
360,0.189462641912
361,0.193461904568
362,0.0
363,0.411366531679
364,0.33577925232
365,0.0533676295541
366,0.196932261805
367,0.393179828995
368,0.150325545046
369,0.422306349451
370,0.481275923865
371,0.0
372,0.512392451567
373,0.216053914136
374,0.228597611086
375,0.291474959878
376,0.481609107855
377,0.450566185902
378,0.0
379,0.0
380,0.0
381,0.577266536302
382,0.384855402279
383,0.507464048388
384,0.517287571099
385,0.303774925915
386,0.622699781794
387,0.245435238048
388,0.465647144217
389,0.591474697511
390,0.493442512207
391,0.556693636305
392,0.0
393,0.0
394,0.0
395,0.0
396,0.0
397,0.610628828192
398,0.263749176061
399,0.265450148542
400,0.477137408348
401,0.129484126175
402,0.405569667781
403,0.521354196138
404,0.197351316075
405,0.344935127187
406,0.549490885341
407,0.342703201528
408,0.631372538126
409,0.5636087547
410,0.553928163901
411,0.671586993961
412,0.0
413,0.0
414,0.23284031767
415,0.0
416,0.455188598122
417,0.431689106636
418,0.529567972806
419,0.479735678175
420,0.290170443343
421,0.66181979021
422,0.518381911501
423,0.38356685424
424,0.296833794986
425,0.370894463821
426,0.54685828716
427,0.401340037001
428,0.398278812518
429,0.614828625163
430,0.733093780001
431,0.759221327338
432,0.385001806131
433,0.48483175915
434,0.772069731826
435,0.594907005155
436,0.584742549858
437,0.590199242437
438,0.345177964802
439,0.305898158542
440,0.286631325799
441,0.220230834034
442,0.240303580373
443,0.495558879588
444,0.580948200264
445,0.614645773911
446,0.130782486898
447,0.410905609001
448,0.108492400276
449,0.0742657693457
450,0.0846188051704
451,0.169314718056
452,0.0
453,0.0
454,0.0803941895498
455,0.301409611741
456,0.40222287455
457,0.449779041765
458,0.307514473223
459,0.432605907805
460,0.436280593751
461,0.0732073815054
462,0.312834794874
463,0.0
464,0.457783733263
465,0.533886008252
466,0.617879211097
467,0.558065752549
468,0.54893969782
469,0.531585539709
470,0.562080212365
471,0.466963277444
472,0.438269327131
473,0.473176890638
474,0.537685159536
475,0.506442073269
476,0.207608158457
477,0.612194930274
478,0.0
479,0.0
480,0.0
481,0.0
482,0.0
483,0.0
484,0.0
485,0.0
486,0.0
487,0.0
488,0.0
489,0.0
490,0.0
491,0.0
492,0.0
493,0.0
494,0.0
495,0.0
496,0.0
497,0.0
498,0.0
499,0.0
500,0.470977133368
501,0.360245407932
502,0.526823930619
503,0.365156543428
504,0.66075426295
505,0.302275007646
506,0.442558146812
507,0.640471100693
508,0.360663568303
509,0.205570421807
510,0.432083634703
511,0.60310318662
512,0.140359561231
513,0.143028356349
514,0.0
515,0.0
516,0.0
517,0.0
518,0.0
519,0.0
520,0.346640548453
521,0.382658366952
522,0.413581353436
523,0.10030888438
524,0.273668783974
525,0.2725303494
526,0.297427939256
527,0.223748517711
528,0.386466137186
529,0.382052924765
530,0.638944552289
531,0.108124028829
532,0.156307163208
533,0.0887774714018
534,0.426358103983
535,0.193960398882
536,0.128041613087
537,0.0
538,0.0860393284444
539,0.175440980112
540,0.0
541,0.135783664111
542,0.0
543,0.190476190476
544,0.0749348303308
545,0.0
546,0.0
547,0.211547012926
548,0.576520874101
549,0.206963453282
550,0.0
551,0.0
552,0.170212765957
553,0.0
554,0.139016608494
555,0.0616130827164
556,0.266666666667
557,0.266666666667
558,0.212901302131
559,0.373721363459
560,0.717203898933
561,0.613851911183
562,0.417674830967
563,0.413921933972
564,0.174272068977
565,0.315362145312
566,0.453473834368
567,0.222115231386
568,0.541519289415
569,0.530181097663
570,0.582648616537
571,0.588262076667
572,0.586824264864
573,0.58736842174
574,0.618121668795
575,0.637305286301
576,0.129284704967
577,0.538459491426
578,0.343571398535
579,0.518623696607
580,0.172171113739
581,0.272828995017
582,0.209470295306
583,0.638499586101
584,0.552300356555
585,0.534225203274
586,0.582871869013
587,0.0
588,0.418797156124
589,0.237294995977
590,0.0
591,0.0
592,0.489884148922
593,0.528233002093
594,0.531785545518
595,0.614544294285
596,0.671657869446
597,0.486084970389
598,0.422223613009
599,0.550078459419
600,0.543688168646
601,0.373344769054
602,0.446319884434
603,0.433900627935
604,0.407266624464
605,0.391528094957
606,0.644204421907
607,0.128884741799
608,0.414561080354
609,0.517480230383
610,0.242936100607
611,0.335239662112
612,0.471805364555
613,0.539997537834
614,0.647392273232
615,0.470676839923
616,0.566468274785
617,0.385824184561
618,0.469985579798
619,0.521639554491
620,0.439638960595
621,0.69691249551
622,0.0
623,0.0
624,0.125
625,0.463265431934
626,0.210824132569
627,0.123226165433
628,0.111111111111
629,0.125533995252
630,0.214363373399
631,0.108108108108
632,0.0
633,0.0
634,0.0
635,0.0
636,0.0
637,0.616376262998
638,0.0
639,0.0
640,0.0
641,0.0
642,0.0
643,0.593371894829
644,0.688124717621
645,0.618535020086
646,0.633681583676
647,0.438583752803
648,0.600174634763
649,0.355949378692
650,0.170596394831
651,0.0
652,0.391996762644
653,0.514102771828
654,0.190156609623
655,0.380786466965
656,0.409684529377
657,0.678925167064
658,0.351976072188
659,0.476783452263
660,0.521550720171
661,0.369796947562
662,0.415573603861
663,0.384938364038
664,0.309533286432
665,0.0
666,0.47959452777
667,0.562017474231
668,0.571425063917
669,0.605504495755
670,0.494062416904
671,0.565685279817
672,0.159167166249
673,0.224794774695
674,0.586752423998
675,0.172726396539
676,0.37520524897
677,0.127459367315
678,0.221601882559
679,0.454802175737
680,0.345385223633
681,0.0117488658208
682,0.579408610242
683,0.416272156688
684,0.39192630147
685,0.171689657712
686,0.535865305832
687,0.444463992891
688,0.228750692685
689,0.563972905356
690,0.690323933742
691,0.478519299476
692,0.42026929637
693,0.556603941978
694,0.593288993578
695,0.607592325925
696,0.166344659737
697,0.100821408081
698,0.0
699,0.170212765957
700,0.0990210257943
701,0.0318688358878
702,0.595047365527
703,0.464660250593
704,0.502748868135
705,0.428197154881
706,0.504979969045
707,0.249229074898
708,0.16973248511
709,0.354235472646
710,0.429454390239
711,0.339137859177
712,0.353327139448
713,0.429934555149
714,0.452154016751
715,0.406575567584
716,0.60544127362
717,0.383047703069
718,0.338690658586
719,0.111224462579
720,0.442255304618
721,0.0
722,0.437715563626
723,0.148606185258
724,0.357251333855
725,0.522291013693
726,0.480893470181
727,0.482433542203
728,0.155082302155
729,0.510630041509
730,0.332050786739
731,0.380055799636
732,0.106323288203
733,0.341636713463
734,0.0640694233289
735,0.212321099704
736,0.524446633773
737,0.134342895705
738,0.0
739,0.258749047063
740,0.00266345588842
741,0.0
742,0.0497605203747
743,0.0
744,0.155728889164
745,0.371812810209
746,0.132707165395
747,0.00804847009882
748,0.189292897604
749,0.28805608649
750,0.239355366423
751,0.304275051608
752,0.297011910301
753,0.186980907817
754,0.131514665107
755,0.332444599513
756,0.512532811251
757,0.0617190118264
758,0.468047385211
759,0.434734371752
760,0.346600305491
761,0.18400319034
762,0.622424386175
763,0.0
764,0.0
765,0.0
766,0.0
767,0.0
768,0.25496796637
769,0.0414364464033
770,0.246633232752
771,0.391150889306
772,0.227266966099
773,0.0346581410918
774,0.157838250917
775,0.0
776,0.0
777,0.11328989534
778,0.111174179758
779,0.152345067347
780,0.241367363891
781,0.331119157577
782,0.412070920315
783,0.367559116188
784,0.0563199606687
785,0.649474283611
786,0.0449415201657
787,0.179035140214
788,0.577362421905
789,0.530200405778
790,0.381702770236
791,0.375469659462
792,0.58561723269
793,0.19524095836
794,0.383240144833
795,0.364914171167
796,0.434556658375
797,0.31851774511
798,0.0778096339947
799,0.0972876583762
800,0.218445211362
801,0.278159172689
802,0.0735993291296
803,0.377466372837
804,0.241178450204
805,0.130153138443
806,0.271051049904
807,0.0
808,0.0
809,0.0227849184147
810,0.224566736181
811,0.0653333538969
812,0.107021658525
813,0.0
814,0.0
815,0.308360586624
816,0.640414130852
817,0.0
818,0.115727554022
819,0.51658126223
820,0.269460511748
821,0.0160967210398
822,0.39779796679
823,0.323654643889
824,0.463087697781
825,0.458279087123
826,0.00387742953916
827,0.163019766248
828,0.046953136758
829,0.0637866831924
830,0.0145541412966
831,0.160514319655
832,0.0
833,0.037304536103
834,0.142071187146
835,0.32629189723
836,0.154404361471
837,0.290994134209
838,0.26310921416
839,0.218357364737
840,0.0231235595469
841,0.262747737377
842,0.540911481092
843,0.386762023424
844,0.281733742428
845,0.0595318025009
846,0.0981541948362
847,0.438234846872
848,0.451720551006
849,0.583256913515
850,0.349418049036
851,0.307494697922
852,0.269357499911
853,0.116467986737
854,0.538976662088
855,0.0
856,0.17233425955
857,0.0
858,0.0
859,0.0
860,0.0
861,0.0394221010032
862,0.0
863,0.168425784627
864,0.120424849544
865,0.091264868068
866,0.173891843731
867,0.393708770384
868,0.116909845948
869,0.0574499494521
870,0.104387987051
871,0.0117819092417
872,0.330479648761
873,0.0841536735122
874,0.125653374709
875,0.405879533984
876,0.327807329126
877,0.256400398497
878,0.497252663816
879,0.239160293041
880,0.340514303986
881,0.0123272515146
882,0.019505879727
883,0.114905379624
884,0.25750796263
885,0.0
886,0.0741962134941
887,0.280074306
888,0.173654118851
889,0.00682929276579
890,0.0377206762738
891,0.0
892,0.0
893,0.327835093843
894,0.138684614222
895,0.0800271711268
896,0.0
897,0.261938136026
898,0.193824712619
899,0.242722849153
900,0.0175989081105
901,0.0
902,0.0
903,0.0
904,0.0
905,0.0
906,0.0
907,0.0
908,0.0
909,0.0
910,0.0
911,0.0272297677253
912,0.28949177047
913,0.030589415986
914,0.166188844514
915,0.0
916,0.252268813251
917,0.0
918,0.488495943479
919,0.451269484361
920,0.265920732243
921,0.0535584226344
922,0.00235789118121
923,0.334193487796
924,0.0
925,0.274745244432
926,0.396978929083
927,0.391912116186
928,0.425969926068
929,0.31634345941
930,0.371977667677
931,0.341578833786
932,0.11980356563
933,0.630446476093
934,0.204654890764
935,0.276355443151
936,0.34062433591
937,0.428530884717
938,0.0473558934523
939,0.00575368141529
940,0.0
941,0.176040883678
942,0.152133594183
943,0.0555811928029
944,0.288628260036
945,0.491346917837
946,0.678102408992
947,0.292272864275
948,0.423224406552
949,0.55266407722
950,0.492904882144
951,0.746554558011
952,0.655303037981
953,0.471169305804
954,0.472578432402
955,0.420352708664
956,0.42950075362
957,0.0
958,0.213091151706
959,0.0
960,0.0
961,0.601942354986
962,0.0149429419123
963,0.0
964,0.237196772886
965,0.28884704995
966,0.1536242105
967,0.308467775279
968,0.292804617183
969,0.0477637497597
970,0.202629293766
971,0.0635860452755
972,0.0624837523934
973,0.0047532048756
974,0.0370662278308
975,0.0809486593588
976,0.0063376065008
977,0.116798275787
978,0.00487067308711
979,0.234246004338
980,0.0046642579657
981,0.215670998592
982,0.227470610657
983,0.0
984,0.145485981625
985,0.430165297622
986,0.0273435958781
987,0.385736912218
988,0.118347521216
989,0.123113528228
990,0.475261739425
991,0.0
992,0.0
993,0.486370567216
994,0.444503610858
995,0.439424864824
996,0.56142291284
997,0.609837960201
998,0.613672408818
999,0.384793602978
1000,0.124750898638
1001,0.53210689036
1002,0.0806663567028
1003,0.298841930276
1004,0.444932629172
1005,0.540593463273
1006,0.24824710153
1007,0.195064184357
1008,0.511534404203
1009,0.0
1010,0.0
1011,0.0
1012,0.0
1013,0.0
1014,0.351373378802
1015,0.388571994484
1016,0.265780474688
1017,0.199388074467
1018,0.345031745698
1019,0.290934170221
1020,0.453440490115
1021,0.123769075998
1022,0.0116521503587
1023,0.0047532048756
1024,0.0440256731555
1025,0.276739276145
1026,0.164503444645
1027,0.269622743642
1028,0.0754182334443
1029,0.264083337341
1030,0.455481068269
1031,0.262954579046
1032,0.595980400681
1033,0.0
1034,0.0
1035,0.0
1036,0.0
1037,0.0
1038,0.147871398519
1039,0.105263157895
1040,0.0
1041,0.220080765984
1042,0.449126626941
1043,0.275423697328
1044,0.676175512142
1045,0.246313004686
1046,0.149599155567
1047,0.56125369916
1048,0.220637009144
1049,0.342456871751
1050,0.00748364534818
1051,0.5198721228
1052,0.503569048965
1053,0.526932013749
1054,0.450603077773
1055,0.346852004154
1056,0.291486836949
1057,0.56140711052
1058,0.571959427257
1059,0.427857292685
1060,0.484250801658
1061,0.0390409354501
1062,0.166666666667
1063,0.141031341951
