site,dnds
1,0.0
2,0.0769023334557
3,0.1
4,0.0810930216216
5,0.163635115754
6,0.133027335181
7,0.454311192924
8,0.524068852109
9,0.133833949034
10,0.333938885106
11,0.536348250829
12,0.429187865426
13,0.139262393858
14,0.480935553363
15,0.502184492342
16,0.167682112791
17,0.20339212523
18,0.432949676165
19,0.458398141158
20,0.0784839793597
21,0.354295516098
22,0.678323924167
23,0.434978792076
24,0.218503792423
25,0.516091265823
26,0.454576928985
27,0.509877531784
28,0.375792405932
29,0.698152183781
30,0.341115723031
31,0.669296991799
32,0.619518303185
33,0.414547251437
34,0.66984046785
35,0.548570825163
36,0.430121126894
37,0.484364542294
38,0.26388494264
39,0.496891051455
40,0.484641822747
41,0.463313604389
42,0.391176399289
43,0.335572369955
44,0.141031341951
45,0.0
46,0.219082647426
47,0.419141562794
48,0.345381686831
49,0.492275873956
50,0.0
51,0.0
52,0.0867325491054
53,0.503755520187
54,0.170823628663
55,0.458409757141
56,0.660756106075
57,0.588347919618
58,0.524520373755
59,0.396674640822
60,0.0
61,0.0990210257943
62,0.0
63,0.0
64,0.0
65,0.0
66,0.694761460252
67,0.631180985209
68,0.00131808353803
69,0.495555885788
70,0.278159641763
71,0.0
72,0.557017123352
73,0.130040978786
74,0.14439267836
75,0.0402920823234
76,0.0549620378761
77,0.45182002689
78,0.366690758673
79,0.00617842476665
80,0.335622320851
81,0.453614266368
82,0.222715021493
83,0.282152461865
84,0.359982843241
85,0.450958779233
86,0.169711943671
87,0.491544956885
88,0.662583124946
89,0.0
90,0.0
91,0.626109966024
92,0.208073210679
93,0.0
94,0.0
95,0.0
96,0.559120649084
97,0.581790074441
98,0.492207380651
99,0.246111394998
100,0.0
101,0.125863665189
102,0.496799438736
103,0.340014262732
104,0.629548660151
105,0.460183305733
106,0.140458219014
107,0.411008902731
108,0.369215458924
109,0.350057111673
110,0.00544796342097
111,0.0108892386077
112,0.44890499917
113,0.435453355283
114,0.658341231606
115,0.712108598782
116,0.519327910104
117,0.353343019161
118,0.568742302339
119,0.684758762445
120,0.410389538984
121,0.393597717075
122,0.267974129485
123,0.00765390517858
124,0.513147374178
125,0.364190514248
126,0.502941551823
127,0.0
128,0.0
129,0.439737134545
130,0.213627098798
131,0.492521425872
132,0.49126292912
133,0.560451417562
134,0.364223372492
135,0.672538655162
136,0.672075906221
137,0.0
138,0.5377419078
139,0.505486555541
140,0.554301687587
141,0.572529121473
142,0.240095716934
143,0.369349843759
144,0.623421894428
145,0.375831931457
146,0.277149200816
147,0.490257441799
148,0.626100195991
149,0.630099765162
150,0.204412895761
151,0.543576518609
152,0.731797230521
153,0.556280786783
154,0.60052928761
155,0.597051402274
156,0.628918899222
157,0.549860608517
158,0.646473018928
159,0.62569550036
160,0.552439600623
161,0.458754074546
162,0.309759853053
163,0.488403545257
164,0.614875702284
165,0.578794470127
166,0.238660937765
167,0.559214807014
168,0.195184629036
169,0.460113502297
170,0.384379093634
171,0.526359050168
172,0.286872938831
173,0.0
174,0.254514295616
175,0.188976377953
176,0.0
177,0.0
178,0.0
179,0.0
180,0.0
181,0.0
182,0.0
183,0.0
184,0.0
185,0.0
186,0.0
187,0.0
188,0.0
189,0.0
190,0.0
191,0.0
192,0.0
193,0.0
194,0.0
195,0.0
196,0.0
197,0.0
198,0.12911411937
199,0.154032706791
200,0.272727272727
201,0.458149753144
202,0.335397007742
203,0.206169512297
204,0.521905396642
205,0.327262482786
206,0.137434490718
207,0.711618268103
208,0.515087789864
209,0.496049281924
210,0.485068755272
211,0.635833678064
212,0.580993291811
213,0.354247432521
214,0.585262822273
215,0.693571502549
216,0.330549160415
217,0.460097828691
218,0.425323342833
219,0.243078128686
220,0.438119798478
221,0.298839711622
222,0.253994146296
223,0.213642200766
224,0.0645733267901
225,0.0760738071875
226,0.36443878007
227,0.146403881536
228,0.109553556981
229,0.0
230,0.0
231,0.406979746773
232,0.352536914162
233,0.717496428594
234,0.538549650436
235,0.522214360236
236,0.392802770397
237,0.538580672794
238,0.557486808886
239,0.379547001061
240,0.0754790029646
241,0.0780791532376
242,0.676694447804
243,0.0860806230226
244,0.454752505457
245,0.100967101503
246,0.258733536883
247,0.63139528915
248,0.231830315129
249,0.353517922096
250,0.278442940703
251,0.0821507769553
252,0.259300778312
253,0.305832515086
254,0.194020492073
255,0.0869117046963
256,0.23682168255
257,0.168622723454
258,0.503586516367
259,0.260404676899
260,0.451828414915
261,0.173695050187
262,0.194714256632
263,0.63536584565
264,0.53622922489
265,0.203681048516
266,0.0
267,0.0
268,0.0
269,0.0
270,0.0
271,0.0
272,0.0
273,0.0
274,0.0
275,0.0
276,0.0
277,0.0
278,0.0
279,0.469475827439
280,0.292495825994
281,0.308910240701
282,0.434973149938
283,0.00467512990251
284,0.422100128555
285,0.447236714211
286,0.0047532048756
287,0.0
288,0.292361963041
289,0.0047593697347
290,0.0
291,0.0
292,0.406093451532
293,0.0886405603785
294,0.0502804603039
295,0.423631699298
296,0.267864532158
297,0.221890039856
298,0.0
299,0.163276024796
300,0.536046152647
301,0.327501713553
302,0.370978024191
303,0.15644802408
304,0.211827581782
305,0.132538478493
306,0.300882753251
307,0.227656464627
308,0.1514887344
309,0.33222030134
310,0.528769680992
311,0.467336835405
312,0.472700117954
313,0.0
314,0.0
315,0.0
316,0.0
317,0.0
318,0.0
319,0.0883438170997
320,0.0
321,0.0
322,0.0
323,0.0
324,0.0
325,0.0
326,0.447208331075
327,0.336302999802
328,0.407538989449
329,0.418652761791
330,0.16502912329
331,0.115380379254
332,0.419553027877
333,0.132616913832
334,0.166777185761
335,0.0125373645943
336,0.324502066894
337,0.0
338,0.498015109903
339,0.360785026896
340,0.728029181652
341,0.640325573206
342,0.589234987702
343,0.657954544606
344,0.63641615456
345,0.565651081399
346,0.549617190643
347,0.69508363098
348,0.714981248502
349,0.640548364662
350,0.641169459746
351,0.272918816295
352,0.692011554772
353,0.664513005221
354,0.538948534472
355,0.397606543964
356,0.443557721686
357,0.630002366109
358,0.507439662789
359,0.474273095554
360,0.220321914806
361,0.300689203229
362,0.0
363,0.0
364,0.0
365,0.124261679428
366,0.0491454025845
367,0.0
368,0.0
369,0.0
370,0.0
371,0.0
372,0.0
373,0.67808394368
374,0.496037686357
375,0.730834353392
376,0.709376649681
377,0.503798365343
378,0.841877497826
379,0.547412346544
380,0.194357735704
381,0.464183137839
382,0.386050613008
383,0.229277937795
384,0.477573621963
385,0.0
386,0.144279953766
387,0.0
388,0.0
389,0.0
390,0.0618556701031
391,0.131917679821
392,0.416398495419
393,0.410320075633
394,0.0769990648776
395,0.575097796999
396,0.00544528695459
397,0.292942638729
398,0.242389787019
399,0.343696511023
400,0.576890293326
401,0.451075671983
402,0.56139069616
403,0.692678922154
404,0.0990210257943
405,0.372286134119
406,0.567956802413
407,0.441754474844
408,0.448174922979
409,0.66564877125
410,0.635295336695
411,0.579391632428
412,0.757235303804
413,0.731767983849
414,0.691190110398
415,0.611185147169
416,0.79652413189
417,0.769336260727
418,0.661770192127
419,0.0701921195504
420,0.622597916921
421,0.539691762388
422,0.399132061584
423,0.663252708956
424,0.470335931753
425,0.1087289695
426,0.428391358406
427,0.72317186036
428,0.815071815588
429,0.795015516057
430,0.585810805935
431,0.631999248042
432,0.569529591427
433,0.439196154958
434,0.0620522629891
435,0.415118490246
436,0.198120757082
437,0.577850713208
438,0.651051239562
439,0.640337667365
440,0.163839630595
441,0.570347791772
442,0.235707618026
443,0.12864381051
444,0.0999131071077
445,0.169628674038
446,0.132818621425
447,0.183588128222
448,0.321663802627
449,0.522604118663
450,0.224535882161
451,0.3112744162
452,0.0
453,0.11769417896
454,0.256083226174
455,0.0
456,0.205376942388
457,0.0
458,0.0
459,0.205376942388
460,0.0
461,0.249386287186
462,0.0
463,0.0
464,0.444892960271
465,0.547319261246
466,0.523853727801
467,0.513111018421
468,0.453698601253
469,0.551397235408
470,0.489761573132
471,0.252302928536
472,0.377407144605
473,0.559905778878
474,0.475941206628
475,0.643020916126
476,0.597990840561
477,0.596796823987
478,0.0
479,0.542384376021
480,0.626822778127
481,0.0
482,0.0235297487036
483,0.127475343551
484,0.0
485,0.549446585646
486,0.587312845217
487,0.731681122743
488,0.629770415576
489,0.487934520163
490,0.393511950619
491,0.674220231134
492,0.6270869899
493,0.648592168325
494,0.661123690204
495,0.463143283532
496,0.485768429576
497,0.751447105759
498,0.764424349062
499,0.0
500,0.552747690783
501,0.490164327707
502,0.601207923771
503,0.610322300843
504,0.450096559306
505,0.23808539543
506,0.551364614606
507,0.0888174501432
508,0.189711288309
509,0.245363791451
510,0.102612472851
511,0.275962881338
512,0.0918900306206
513,0.170012682854
514,0.239777103515
515,0.384829215705
516,0.346019597851
517,0.1024133228
518,0.408563510487
519,0.0
520,0.0289706590253
521,0.440857784284
522,0.509868007698
523,0.273412047177
524,0.433210620998
525,0.178651238481
526,0.474511103588
527,0.145155598307
528,0.564167810382
529,0.0384049396205
530,0.270900349001
531,0.223074824074
532,0.453770318284
533,0.158741764099
534,0.626459489048
535,0.530711496576
536,0.449280634881
537,0.0
538,0.0
539,0.0
540,0.183766403674
541,0.563504162005
542,0.0
543,0.174553062561
544,0.292205121118
545,0.178717943635
546,0.0
547,0.0296536876269
548,0.174375233973
549,0.100989607621
550,0.192278645844
551,0.110572279558
552,0.591638249244
553,0.306117558692
554,0.31294000598
555,0.353981532129
556,0.397785349311
557,0.0385787076007
558,0.132020988359
559,0.0
560,0.0
561,0.118670775419
562,0.613478847599
563,0.243400079668
564,0.381244955609
565,0.0773452176972
566,0.0960271539291
567,0.555425841339
568,0.0
569,0.0
570,0.0
571,0.0
572,0.0
573,0.0
574,0.0
575,0.0
576,0.0
577,0.0
578,0.0
579,0.0
580,0.0
581,0.0
582,0.0
583,0.0
584,0.809234671107
585,0.0692102842873
586,0.547934271738
587,0.55434676445
588,0.431253899479
589,0.435627914085
590,0.378870408959
591,0.627756596887
592,0.62349592096
593,0.0
594,0.0
595,0.0806449938779
596,0.208392574918
597,0.388313735409
598,0.42484415825
599,0.248710799377
600,0.165367119339
601,0.671024004234
602,0.65235983675
603,0.0
604,0.0
605,0.368454682596
606,0.527573745817
607,0.178719068897
608,0.410596099625
609,0.288597046689
610,0.174247213182
611,0.508392311858
612,0.385296334989
613,0.29729941802
614,0.32042357409
615,0.518629398402
616,0.747887201011
617,0.438757746293
618,0.248646445454
619,0.2631930407
620,0.614869510515
621,0.647782617407
622,0.504299886476
623,0.431806522374
624,0.575061270629
625,0.512063728503
626,0.47379021728
627,0.470072580406
628,0.468187299874
629,0.520778319522
630,0.459464365518
631,0.550860567981
632,0.308111998468
633,0.338323157875
634,0.0
635,0.132028034392
