site,dnds
1,0.315289760443
2,0.523785059311
3,0.645398706989
4,0.458265693769
5,0.363228621722
6,0.00458270026796
7,0.393108453422
8,0.118968940513
9,0.0608865311026
10,0.47850067897
11,0.51945667821
12,0.51499197098
13,0.504251776777
14,0.0
15,0.0
16,0.575346473191
17,0.424874458797
18,0.578487521238
19,0.453752158347
20,0.727739010303
21,0.229791952396
22,0.144005090883
23,0.753034565822
24,0.666294566601
25,0.143954024051
26,0.310080161241
27,0.613865981747
28,0.541139539555
29,0.507543905235
30,0.0813786880495
31,0.0
32,0.0
33,0.0803862650245
34,0.284932158906
35,0.503557461907
36,0.694771541935
37,0.613299397493
38,0.462506032727
39,0.545002804844
40,0.517112884438
41,0.508018953662
42,0.301875354128
43,0.642853069406
44,0.581548288346
45,0.0448318294749
46,0.120938674225
47,0.46602599731
48,0.535844902417
49,0.255703947177
50,0.0
51,0.16955943534
52,0.0675273791625
53,0.337246949262
54,0.0
55,0.0
56,0.0
57,0.0
58,0.333705855181
59,0.338697962775
60,0.146478872455
61,0.0
62,0.0
63,0.0
64,0.0
65,0.0
66,0.0
67,0.0
68,0.0127550472929
69,0.135118975342
70,0.202320297643
71,0.34378302047
72,0.779272317339
73,0.552762114559
74,0.465880047395
75,0.466487217576
76,0.620774660139
77,0.643208224997
78,0.388548007382
79,0.592684141586
80,0.65726301362
81,0.631341975683
82,0.454584237227
83,0.437647995151
84,0.59796593835
85,0.0487399160829
86,0.0850069382884
87,0.20177492389
88,0.606222253762
89,0.0
90,0.38326328113
91,0.182612925801
92,0.651222766902
93,0.270115590698
94,0.31828020603
95,0.0434888324652
96,0.490538130645
97,0.357152499956
98,0.0
99,0.0472716977391
100,0.49488289946
101,0.549267568051
102,0.509209795774
103,0.613373615197
104,0.030803821814
105,0.0905551246456
106,0.327609754276
107,0.662167390856
108,0.552587579668
109,0.740119204892
110,0.54008933562
111,0.588969363014
112,0.748290821327
113,0.556897780988
114,0.18896487208
115,0.217815714382
116,0.498325118366
117,0.646379015659
118,0.584252044428
119,0.681115596438
120,0.673902388868
121,0.559337086045
122,0.570432387818
123,0.620220035398
124,0.0273347263893
125,0.166258833003
126,0.134924650378
127,0.399026161438
128,0.249016324947
129,0.495442916879
130,0.609872091207
131,0.540047687016
132,0.0701921195504
133,0.147871398519
134,0.0
135,0.104625989518
136,0.213091151706
137,0.0666517985931
138,0.61292823109
139,0.517033261136
140,0.562274033488
141,0.289415039908
142,0.176698053343
143,0.367502515543
144,0.251626787508
145,0.443051831575
146,0.370821582714
147,0.466173368591
148,0.498064613078
149,0.661455911192
150,0.74603275553
151,0.356795371312
152,0.637146684479
153,0.204811142328
154,0.260539989212
155,0.15066682816
156,0.0441048484733
157,0.17808211391
158,0.0632258251735
159,0.0350224330702
160,0.0566612636278
161,0.0294710504039
162,0.0
163,0.073732718894
164,0.0
165,0.200282874392
166,0.134533957191
167,0.327844257864
168,0.206265048285
169,0.471265791835
170,0.667502591718
171,0.412469341348
172,0.591540306679
173,0.127624937423
174,0.706598115376
175,0.651188773978
176,0.761531484557
177,0.428598972036
178,0.497209141012
179,0.585656094195
180,0.50609515014
181,0.59529002569
182,0.664242690149
183,0.0
184,0.0478032538317
185,0.0
186,0.0
187,0.0
188,0.0
189,0.0
190,0.382645692415
191,0.236905557629
192,0.15329434466
193,0.626199546105
194,0.423336849819
195,0.360728188971
196,0.535914358314
197,0.737966938518
198,0.468072386341
199,0.64652325553
200,0.177428443287
201,0.0361149677228
202,0.517736954188
203,0.643254751483
204,0.653075133926
205,0.0
206,0.153049399616
207,0.473113347756
208,0.592361065032
209,0.627404786374
210,0.565757525875
211,0.313076156782
212,0.0660140171962
213,0.273115090051
214,0.283846255665
215,0.483036648816
216,0.579113832666
217,0.52090935297
218,0.437877961935
219,0.547201763988
220,0.491858657921
221,0.135858533098
222,0.521990841834
223,0.0
224,0.0
225,0.74098745251
226,0.610906275653
227,0.411847575191
228,0.596241970428
229,0.639043179174
230,0.201169023717
231,0.407618727807
232,0.681457454987
233,0.617557534493
234,0.0
235,0.373124048901
236,0.338359837641
237,0.518919748091
238,0.470992348163
239,0.485208644983
240,0.337482456628
241,0.402114194829
242,0.393494465963
243,0.1780102403
244,0.152770355985
245,0.309704924969
246,0.391158703881
247,0.453276663823
248,0.568688661005
249,0.0
250,0.0
251,0.0
252,0.0
253,0.405696385008
254,0.38264986855
255,0.616127728893
256,0.555051577888
257,0.273461284269
258,0.30884579194
259,0.516431507597
260,0.0
261,0.0
262,0.0
263,0.0
264,0.0
265,0.358527454316
266,0.172541526663
267,0.0452151227538
268,0.112676056338
269,0.18435811821
270,0.553417682494
271,0.630290296782
272,0.556417774447
273,0.58273790874
274,0.260967331233
275,0.645791835726
276,0.412109876703
277,0.666487172892
278,0.500884931961
279,0.280942733403
280,0.528078664342
281,0.0
282,0.217497080049
283,0.329395887509
284,0.0150646872796
285,0.0
286,0.0
287,0.0
288,0.0
289,0.0994433537156
290,0.0403028859844
291,0.368761072651
292,0.140735358887
293,0.158029216835
294,0.375970312243
295,0.547418328697
296,0.295854043616
297,0.495919713637
298,0.214927835771
299,0.165870317025
300,0.262480429976
301,0.138506504677
302,0.287265686887
303,0.607799732018
304,0.513227829964
305,0.0952286103101
306,0.0467463367303
307,0.408150713282
308,0.340072781327
309,0.505551039014
310,0.45292750692
311,0.065638786242
312,0.533305744775
313,0.495152262957
314,0.453938027436
315,0.0
316,0.312909164523
317,0.0
318,0.386304575233
319,0.277667487884
320,0.545679603106
321,0.429743697511
322,0.106122066723
323,0.497105606232
324,0.114057416878
325,0.468287438274
326,0.269833126784
327,0.194628303315
328,0.583881815949
329,0.491832503591
330,0.0
331,0.0621856012454
332,0.217460206432
333,0.395499576022
334,0.0398836207752
335,0.0363643277901
336,0.0967295038101
337,0.317349688809
338,0.376533975719
339,0.136825150258
340,0.19246931209
341,0.188613557231
342,0.610099699631
343,0.372106130087
344,0.0
345,0.719722939156
346,0.695037348808
347,0.502387756616
348,0.355926833123
349,0.567371760622
350,0.00921933134414
351,0.408106810092
352,0.438228863233
353,0.0
354,0.0
355,0.0
356,0.0
357,0.0
358,0.0
359,0.0
360,0.0
361,0.246968993081
362,0.554646572632
363,0.113243686193
364,0.480070789933
365,0.316246515001
366,0.319660457558
367,0.399832122358
368,0.279975394435
369,0.230043162923
370,0.243539630101
371,0.0831541931397
372,0.312713642359
373,0.0317656163488
374,0.0531135174193
375,0.40938755592
376,0.472537891879
377,0.256554297279
378,0.355901160685
379,0.251744353894
380,0.222112723964
381,0.015040991608
382,0.246978261041
383,0.328433661999
384,0.165387497891
385,0.251497111294
386,0.105612649677
387,0.337826504973
388,0.456210152097
389,0.0
390,0.0688414889709
391,0.317122510671
392,0.442278776498
393,0.295156530932
394,0.350066095316
395,0.55511325196
396,0.0
397,0.0
398,0.0
399,0.166666666667
400,0.106638027778
401,0.0
402,0.0
403,0.0
404,0.199955395779
405,0.0
406,0.0
407,0.583525338829
408,0.571141266231
409,0.197644618947
410,0.312327286618
411,0.25018714501
412,0.147230189614
413,0.224839843965
414,0.516263621282
415,0.242418424031
416,0.0
417,0.459532739156
418,0.0345127025165
419,0.396941446225
420,0.189498122525
421,0.363431799881
422,0.00523043833351
423,0.454024708729
424,0.355689171686
425,0.132226299969
426,0.593654227066
427,0.546832106465
428,0.39051054142
429,0.46281549282
430,0.570940782561
431,0.247140151997
432,0.0
433,0.503122748737
434,0.0624678110151
435,0.432836840577
436,0.441497028812
437,0.470214832988
438,0.15196157703
439,0.452131571807
440,0.585894442171
441,0.459508979892
442,0.178414531673
443,0.553181549387
444,0.526991530274
445,0.0
446,0.257286682866
447,0.635062029393
448,0.396054740357
449,0.417559518756
450,0.337378848363
451,0.612931217316
452,0.555466147532
453,0.207072080295
454,0.0
455,0.0
456,0.0
457,0.133303597186
458,0.169314718056
459,0.424620648751
460,0.382227214362
461,0.242840776884
462,0.403034122106
463,0.19669193131
464,0.295153258631
465,0.321819910569
466,0.411048212307
467,0.423959717714
468,0.388037784058
469,0.267862922422
470,0.635263375694
471,0.393317098951
472,0.226060714297
473,0.540370182253
474,0.601489742857
475,0.60033815067
476,0.391046375985
477,0.487334583448
478,0.543132881299
479,0.531321148814
480,0.538116239396
481,0.616132399931
482,0.528671001727
483,0.436197698252
484,0.573365257191
485,0.365376375118
486,0.292508671151
487,0.276507892403
488,0.411494534705
489,0.176470588235
490,0.0
491,0.0
492,0.0
493,0.0
