site,dnds
1,0.0
2,0.0
3,0.0
4,0.0
5,0.0
6,0.0
7,0.1
8,0.253217534065
9,0.396672902617
10,0.400528023832
11,0.389049646497
12,0.417573354383
13,0.264385714961
14,0.567337096292
15,0.585647358018
16,0.509643432918
17,0.386010643032
18,0.0699842055972
19,0.0636511838317
20,0.172307244885
21,0.615155446896
22,0.286846094279
23,0.538610877944
24,0.0952380952381
25,0.0
26,0.0680500880741
27,0.125
28,0.211547012926
29,0.23367777877
30,0.15595713284
31,0.0
32,0.647042377225
33,0.604837859041
34,0.155452699722
35,0.444053653472
36,0.225178271798
37,0.237886761675
38,0.526780595871
39,0.0594738071622
40,0.350174833522
41,0.657891090511
42,0.567118288335
43,0.569649806691
44,0.436323950407
45,0.631493423276
46,0.628410856803
47,0.435964078713
48,0.425689727157
49,0.549218804452
50,0.618365880427
51,0.643250518365
52,0.83256443431
53,0.68687910509
54,0.555358060597
55,0.704557011783
56,0.60877489625
57,0.699249452479
58,0.553150866663
59,0.665703911775
60,0.403325537475
61,0.397330534421
62,0.656465902414
63,0.446126463117
64,0.500102255008
65,0.594777219141
66,0.562430754563
67,0.379468320968
68,0.0
69,0.288627734662
70,0.608692461836
71,0.34489091716
72,0.195631824905
73,0.396317084865
74,0.171444228997
75,0.630748322373
76,0.106317318258
77,0.101366277027
78,0.0
79,0.105225167857
80,0.0
81,0.520141289832
82,0.472790656968
83,0.285984038467
84,0.390006987266
85,0.643696166739
86,0.558260363424
87,0.577417220277
88,0.477214953357
89,0.476153599155
90,0.171457942335
91,0.0
92,0.0
93,0.536372510468
94,0.352089498805
95,0.426239739677
96,0.374889731082
97,0.448349914712
98,0.340666752869
99,0.362325461089
100,0.560303821442
101,0.418668565984
102,0.713669498761
103,0.0655887933533
104,0.0460252913293
105,0.317133227277
106,0.54137770485
107,0.253227206576
108,0.450735620665
109,0.17006627388
110,0.481244780773
111,0.345495243327
112,0.0770168343317
113,0.604795403643
114,0.702481316844
115,0.701889784406
116,0.559327395416
117,0.41781998493
118,0.556588338867
119,0.584967019998
120,0.366576658875
121,0.669804956549
122,0.585226457858
123,0.49612004517
124,0.345938424386
125,0.0
126,0.1
127,0.590488929487
128,0.496247556313
129,0.593031257642
130,0.4766243587
131,0.579480000752
132,0.661816007652
133,0.358484180156
134,0.531024320254
135,0.425774955592
136,0.39444576412
137,0.350560578753
138,0.509360998679
139,0.157402485034
140,0.511116878504
141,0.0361972566559
142,0.274801843272
143,0.333573532731
144,0.0240072695671
145,0.389731630065
146,0.0885593320044
147,0.0447521857181
148,0.0577622650467
149,0.00724537591238
150,0.347706074705
151,0.212247202354
152,0.421362718615
153,0.222420168279
154,0.0745281250745
155,0.326857650026
156,0.0755371638633
157,0.119616527782
158,0.363359518628
159,0.636953145903
160,0.616349389538
161,0.512365132284
162,0.429503158242
163,0.420554688291
164,0.163812311831
165,0.353632876682
166,0.309526423655
167,0.106638027778
168,0.0
169,0.266666666667
170,0.0
171,0.0
172,0.0
173,0.0
174,0.0
175,0.0
176,0.0
177,0.0
178,0.0
179,0.0
180,0.0
181,0.0
182,0.0
183,0.0
184,0.0
185,0.0
186,0.0
187,0.0
188,0.0
189,0.0
190,0.0
191,0.0
192,0.0
193,0.0
194,0.0
195,0.727546043849
196,0.545660437209
197,0.596216670223
198,0.00393021055734
199,0.296492636032
200,0.651668198615
201,0.233080368231
202,0.07413322745
203,0.183131101379
204,0.0
205,0.0
206,0.0
207,0.0
208,0.0
209,0.0544331990652
210,0.169014084507
211,0.0
212,0.271332413322
213,0.742398938646
214,0.35275169525
215,0.300391971557
216,0.585386738205
217,0.453461230414
218,0.48404878071
219,0.0
220,0.0
221,0.0
222,0.0
223,0.0
224,0.0
225,0.0
226,0.0
227,0.0
228,0.0
229,0.0
230,0.0
231,0.0
232,0.0
233,0.0
234,0.0
235,0.0
236,0.0
237,0.503488473639
238,0.510691377169
239,0.0
240,0.236335628018
241,0.236275222035
242,0.13384338782
243,0.491817639752
244,0.124029966281
245,0.169750329933
246,0.403908409257
247,0.666629265423
248,0.544214191659
249,0.397916758602
250,0.442866469634
251,0.484483265764
252,0.0
253,0.0
254,0.0
255,0.0
256,0.256538983616
257,0.348486959252
258,0.00553899441685
259,0.0462087745332
260,0.017851713536
261,0.0
262,0.0
263,0.0
264,0.0
265,0.0
266,0.0
267,0.307371772019
268,0.269090959466
269,0.343817895537
270,0.30501100663
271,0.382957596229
272,0.319091631167
273,0.118138662288
274,0.14113021069
275,0.528211452836
276,0.383421010662
277,0.279047247218
278,0.410169279787
279,0.708233921242
280,0.272030703515
281,0.440603322266
282,0.494931543481
283,0.0771340399309
284,0.0
285,0.438551681262
286,0.0
287,0.0
288,0.0
289,0.0
290,0.0
291,0.0
292,0.0
293,0.0
294,0.0
295,0.0
296,0.430902264412
297,0.457813590217
298,0.0150284200961
299,0.0
300,0.0
301,0.0
302,0.0
303,0.0
304,0.361724520278
305,0.183279713773
306,0.444098599785
307,0.673049425116
308,0.581146825264
309,0.426286663148
310,0.0
311,0.199955395779
312,0.0
313,0.0
314,0.0293107307066
315,0.0
316,0.321933744277
317,0.0888888888889
318,0.165219439687
319,0.283999341454
320,0.0878889830934
321,0.508134249468
322,0.545396667731
323,0.54936694657
324,0.281701727069
325,0.631721322166
326,0.610029199371
327,0.330654233408
328,0.19586043042
329,0.0652092449244
330,0.486320674717
331,0.10162956084
332,0.431497998437
333,0.504102539342
334,0.0
335,0.0
336,0.0
337,0.0
338,0.0
339,0.0
340,0.0
341,0.361885046885
342,0.501069746268
343,0.615831137204
344,0.317955562818
345,0.121647504385
346,0.0
347,0.489658283851
348,0.639160824543
349,0.497572575906
350,0.32358195574
351,0.597967019979
352,0.657040961759
353,0.744858549189
354,0.448977309857
355,0.342937890126
356,0.245021033561
357,0.283199197484
358,0.462741359254
359,0.374788943432
360,0.0237988521591
361,0.52963984118
362,0.0252360580087
363,0.204497514472
364,0.168258533745
365,0.139093857377
366,0.407866529844
367,0.0
368,0.428444404497
369,0.0107356307887
370,0.246971230423
371,0.0445420579919
372,0.0264782335046
373,0.382870846375
374,0.0990210257943
375,0.166666666667
376,0.0
377,0.0
378,0.0
379,0.0
380,0.642265123422
381,0.324984128783
382,0.653863539914
383,0.716072812452
384,0.339687457114
385,0.460238991297
386,0.207287151846
387,0.524533538702
388,0.580562734
389,0.0
390,0.0
391,0.0
392,0.0
393,0.0
394,0.0
395,0.0
396,0.0
397,0.0
398,0.0
399,0.0
400,0.0
401,0.0
402,0.0
403,0.0
404,0.0
405,0.0
406,0.476732339783
407,0.360203707545
408,0.596896599041
409,0.538142145262
410,0.335700243241
411,0.63861861799
412,0.601462661738
413,0.390061222363
414,0.181829223567
415,0.164988920615
416,0.0871848224899
417,0.0
418,0.0
419,0.166666666667
420,0.0680500880741
421,0.300338104771
422,0.383331439538
423,0.0795007518922
424,0.067853115644
425,0.129639708107
426,0.50674636309
427,0.642460537312
428,0.68210574663
429,0.312553293714
430,0.454339193262
431,0.306053697611
432,0.495871140538
433,0.303778501064
434,0.020118655881
435,0.320259111537
436,0.373725422769
437,0.353343922784
438,0.0343772204646
439,0.124778732304
440,0.20006044679
441,0.0479175848529
442,0.192241657755
443,0.449082824083
444,0.633482233017
445,0.36166790668
446,0.75763710845
447,0.312136886053
448,0.59133608092
449,0.299901639448
450,0.350324179958
451,0.253727271394
452,0.412326600692
453,0.315505380904
454,0.359861578451
455,0.0775491027295
456,0.0680500880741
457,0.133303597186
458,0.0
459,0.0
460,0.196328018979
461,0.0775491027295
462,0.338475161085
463,0.275326344281
464,0.156202181535
465,0.0873741971338
466,0.0196125786688
467,0.220524111497
468,0.0
469,0.0
470,0.540757202309
471,0.263797096348
472,0.168583540413
473,0.135595537464
474,0.113830584795
475,0.517956538029
476,0.406191273328
477,0.314861608395
478,0.281295323074
479,0.248145111416
480,0.332032363483
481,0.203872992481
482,0.132089578168
483,0.595097035294
484,0.486372886371
485,0.380672705753
486,0.0
487,0.0
488,0.0900523776452
489,0.0291375630122
490,0.38929578198
491,0.126296478062
492,0.679414805299
493,0.709561136211
494,0.228291763523
495,0.103505608818
496,0.135652570972
497,0.469401608956
498,0.0
499,0.612418089777
500,0.0
501,0.0
502,0.0
503,0.0
504,0.0
505,0.0
506,0.147871398519
507,0.0579235868726
508,0.0
509,0.166666666667
510,0.133303597186
511,0.0
512,0.0
513,0.132776341132
514,0.1087289695
515,0.147871398519
516,0.147871398519
517,0.551689196449
518,0.566045317422
519,0.551212079734
520,0.649657460027
521,0.0
522,0.0
523,0.584197563789
524,0.411886872264
525,0.631997437887
526,0.565130041266
527,0.586163747562
528,0.0900636813083
529,0.383319252598
530,0.583903804743
531,0.402241841344
532,0.507110478292
533,0.278104892755
534,0.273639948373
535,0.106638027778
536,0.235863627582
537,0.152920757055
538,0.181054251829
539,0.149810766637
540,0.113160120812
541,0.142669874548
542,0.0841996309615
543,0.106747752745
544,0.176559498766
545,0.200979955632
546,0.0
547,0.108390459628
548,0.112665548369
549,0.0815467271247
550,0.170212765957
551,0.0
552,0.0
553,0.071092018519
554,0.0803941895498
555,0.0716703787691
556,0.0
557,0.0739356992597
558,0.102564102564
559,0.154032706791
560,0.251188880118
561,0.0
562,0.154032706791
563,0.17656268925
564,0.188127464507
565,0.0950325464342
566,0.306314646133
567,0.0
568,0.0
569,0.0
570,0.0
571,0.0
572,0.105263157895
573,0.0
574,0.0
575,0.154032706791
576,0.1
577,0.106638027778
578,0.0571428571429
579,0.0
580,0.169014084507
581,0.269234588297
582,0.0887809817158
583,0.157377182792
584,0.342079331688
585,0.224184435573
586,0.0413863702949
587,0.163966680594
588,0.152383438626
589,0.187072740154
590,0.0
591,0.138054210236
592,0.18320610687
593,0.167459253412
594,0.0762913783298
595,0.294364174197
596,0.267102818886
597,0.308288731987
598,0.127193114968
599,0.103417957631
600,0.320788332152
601,0.517117895277
602,0.380977133562
603,0.114828964687
604,0.128884496308
605,0.302134086291
606,0.272276092209
607,0.0258014781211
608,0.0204344282095
609,0.11889057955
610,0.00765176271362
611,0.0815658999299
612,0.079170490558
613,0.38725476342
614,0.240329398196
615,0.364877505903
616,0.634877081696
617,0.568429139349
618,0.413623594891
619,0.211462518687
620,0.564210505997
621,0.54397835181
622,0.241664584307
623,0.0845086375899
624,0.285757187604
625,0.552874777523
626,0.425569026706
627,0.255902098511
628,0.209407887031
629,0.348855573937
630,0.252732800139
631,0.38057095121
632,0.129543450517
633,0.12039267583
634,0.23646048279
635,0.435162408007
636,0.251498793267
637,0.120595610938
638,0.399064557963
639,0.342923361388
640,0.559106947384
641,0.378313359915
642,0.723519853553
643,0.508247261207
644,0.70534707541
645,0.311540746659
646,0.488724010347
647,0.0336897980129
648,0.00654549891205
649,0.121119574342
650,0.0796571406046
651,0.0655210465053
652,0.0
653,0.0
654,0.0
655,0.0
656,0.0
657,0.0
658,0.0
659,0.0
660,0.0
661,0.0
662,0.0
663,0.0
664,0.0
665,0.0
666,0.300109738008
667,0.728961913838
668,0.153567549504
669,0.197687619014
670,0.0
671,0.214722170533
672,0.489729999786
673,0.00738518197999
674,0.641150968385
675,0.0990210257943
676,0.0
677,0.41247592218
678,0.114957762365
679,0.389192502743
680,0.514051760399
681,0.59891319534
682,0.292562477264
683,0.513197222897
684,0.560640038093
685,0.212374988969
686,0.48307095246
687,0.349197421267
688,0.537302457649
689,0.117534779194
690,0.129232252614
691,0.559055663241
692,0.466178240075
693,0.42322073516
694,0.0
695,0.0803862650245
696,0.0364814305558
697,0.0
698,0.0
699,0.0
700,0.0
701,0.170212765957
702,0.110125736703
703,0.0950979092878
704,0.327172299016
705,0.38592714426
706,0.00583660831316
707,0.346981055839
708,0.080271927678
709,0.417332706278
710,0.0700508919548
711,0.042060697181
712,0.163569099549
713,0.170612106569
714,0.0178869547371
715,0.0024395890753
716,0.507038056286
717,0.288188245647
718,0.405202650626
719,0.310677283933
720,0.181363839853
721,0.421176865589
722,0.531480744112
723,0.171345263139
724,0.162268441256
725,0.244212925071
726,0.0593067106361
727,0.0
728,0.0
729,0.197451122989
730,0.474001949738
731,0.409063083366
732,0.223628212935
733,0.362809199011
734,0.0
735,0.274125266577
736,0.175876075785
737,0.0
738,0.602414993837
739,0.17704425824
740,0.0
741,0.0
742,0.0
743,0.0
744,0.0
745,0.0
746,0.0
747,0.0
748,0.0
749,0.0
750,0.0
751,0.0
752,0.0680500880741
753,0.0
754,0.31848789589
755,0.406471793499
756,0.282337063907
757,0.513252176498
758,0.573773066522
759,0.130280464526
760,0.211883014576
761,0.196963931752
762,0.43889142272
763,0.25127769957
764,0.600663555236
765,0.258961310687
766,0.0177003125192
767,0.229908750383
768,0.236741220983
769,0.347713382137
770,0.302416486477
771,0.275412371185
772,0.26035202614
773,0.220354962162
774,0.519911755532
775,0.47210308331
776,0.334123849994
777,0.375488190011
778,0.0695083042471
779,0.133303597186
780,0.0
781,0.0
782,0.0
783,0.0
784,0.0
785,0.159289955053
786,0.731123144751
787,0.0
788,0.161252534463
789,0.0
790,0.0
791,0.0
792,0.0
793,0.0
794,0.0
795,0.0
796,0.545797861885
797,0.00800434533345
798,0.219090393589
799,0.543741768111
800,0.438536687945
801,0.273368096301
802,0.0589150761921
803,0.534595729239
804,0.517559863295
805,0.0813271636893
806,0.441246916194
807,0.634581077091
808,0.148708759086
809,0.0
810,0.0
811,0.0
812,0.0990210257943
813,0.166666666667
814,0.0
815,0.0
816,0.0475513698495
817,0.448936355195
818,0.0560231140395
819,0.454150230363
820,0.473557199636
821,0.344720399829
