site,dnds
1,0.0
2,0.430995565181
3,0.12328110339
4,0.361374473422
5,0.553522457334
6,0.609386549364
7,0.600383452979
8,0.64163272746
9,0.36375875587
10,0.490073767083
11,0.58484881771
12,0.424389473022
13,0.229493047726
14,0.170212765957
15,0.405009500414
16,0.130869434914
17,0.0809556731201
18,0.50957057112
19,0.342616020792
20,0.472736510601
21,0.216147212644
22,0.465058845021
23,0.625143065868
24,0.52482113707
25,0.521805076154
26,0.0224064610716
27,0.352758486561
28,0.207847094531
29,0.514129645185
30,0.183107534093
31,0.219071232073
32,0.270043366659
33,0.321047203236
34,0.196306706407
35,0.234306197277
36,0.353115126425
37,0.148053644104
38,0.2973155967
39,0.481881218655
40,0.499557285536
41,0.480724837233
42,0.602647863283
43,0.36355924809
44,0.670203668041
45,0.241162182614
46,0.601528176085
47,0.494178444497
48,0.410395902396
49,0.705455397397
50,0.569457830614
51,0.630158578759
52,0.642820027375
53,0.531043066902
54,0.659126306426
55,0.711328921219
56,0.547281964132
57,0.469578480666
58,0.43220136922
59,0.286785000224
60,0.369541130607
61,0.410197670366
62,0.280095913598
63,0.320779618935
64,0.603222494594
65,0.502472534453
66,0.576294486686
67,0.359932969632
68,0.496773132661
69,0.459925422364
70,0.521958726739
71,0.711731121124
72,0.700187362792
73,0.643487194737
74,0.536626778739
75,0.720469744939
76,0.55544634601
77,0.688413758066
78,0.583834909707
79,0.529450217789
80,0.423790943723
81,0.446608355081
82,0.0
83,0.0
84,0.0
85,0.0
86,0.244136064148
87,0.0616130827164
88,0.26946288429
89,0.236208065572
90,0.397037442392
91,0.271455651216
92,0.165483634178
93,0.0118391172883
94,0.288616995628
95,0.0
96,0.247964183942
97,0.0
98,0.349177587467
99,0.130456617802
100,0.0
101,0.258954602569
102,0.256942438019
103,0.179415399348
104,0.351771636825
105,0.393990180531
106,0.426633108816
107,0.0648759183605
108,0.186091098621
109,0.576054201606
110,0.604930461744
111,0.639201952789
112,0.0
113,0.0
114,0.404852967432
115,0.333479934283
116,0.0
117,0.0
118,0.56402253329
119,0.148423247219
120,0.20655809537
121,0.419148013226
122,0.187878108922
123,0.258807515938
124,0.0
125,0.0
126,0.0
127,0.0775491027295
128,0.262712590435
129,0.418145234649
130,0.474707942821
131,0.192766734641
132,0.393107171682
133,0.351474696273
134,0.283939855893
135,0.306516623383
136,0.381037328611
137,0.778520329412
138,0.133303597186
139,0.0
140,0.489656112317
141,0.174969552799
142,0.742714310292
143,0.545233423289
144,0.36413390275
145,0.358352552003
146,0.584190484947
147,0.232358781614
148,0.264823457292
149,0.0201450096249
150,0.360161801047
151,0.197917360603
152,0.307525875268
153,0.110983089858
154,0.425902241074
155,0.420710570472
156,0.210907324512
157,0.226221580536
158,0.46053427407
159,0.331570420193
160,0.0101442861911
161,0.127900556875
162,0.624789937307
163,0.0
164,0.0878889830934
165,0.550391190292
166,0.433912015146
167,0.683222319381
168,0.499722655046
169,0.675153025843
170,0.607523790867
171,0.281289095809
172,0.672622511863
173,0.212564175495
174,0.0
175,0.0
176,0.0
177,0.0
178,0.0
179,0.0
180,0.0
181,0.0
182,0.0
183,0.0
184,0.0
185,0.0
186,0.0
187,0.0
188,0.0
189,0.0
190,0.0
191,0.0
192,0.0
193,0.0
194,0.0
195,0.0
196,0.0
197,0.0
198,0.0
199,0.0
200,0.0
201,0.0
202,0.0
203,0.0
204,0.0
205,0.0
206,0.0
207,0.0
208,0.0
209,0.0
210,0.0
211,0.0
212,0.0
213,0.0
214,0.0
215,0.0
216,0.0
217,0.0
218,0.0
219,0.593971087362
220,0.376687952592
221,0.362171276824
222,0.586519761172
223,0.0
224,0.299444139106
225,0.273584745687
226,0.614364430062
227,0.422083181183
228,0.110973740488
229,0.240276173607
230,0.287546267114
231,0.0692382421052
232,0.331595470723
233,0.0
234,0.431752736272
235,0.205140935427
236,0.0509362911023
237,0.194655492456
238,0.0219882639132
239,0.222237578456
240,0.025501422344
241,0.304595552446
242,0.0890213696919
243,0.0547896612181
244,0.034680852401
245,0.433053343642
246,0.484009057381
247,0.279029187227
248,0.190867189125
249,0.52375578406
250,0.328892663645
251,0.492930063563
252,0.275357708486
253,0.200972230788
254,0.0215949263475
255,0.419486906231
256,0.451152337162
257,0.360904323296
258,0.00664876489614
259,0.357958706663
260,0.481415735313
261,0.225201226135
262,0.450357843815
263,0.568826221582
264,0.544759754019
265,0.434448173606
266,0.269577803478
267,0.0776238453121
268,0.598141238575
269,0.408088835616
270,0.396800792208
271,0.41266404568
272,0.0704895437858
273,0.0
274,0.147871398519
275,0.181830604105
276,0.487928798313
277,0.457780114023
278,0.332321703216
279,0.00369748127804
280,0.295071186053
281,0.128219420745
282,0.00477217945133
283,0.215895988082
284,0.00604250583872
285,0.0
286,0.221747989943
287,0.216608715796
288,0.56572123168
289,0.381089326254
290,0.300810670318
291,0.227396883755
292,0.373968050332
293,0.378753863226
294,0.357775304922
295,0.0520877462868
296,0.381897528846
297,0.508925254992
298,0.288312711167
299,0.101151369162
300,0.0
301,0.332007455031
302,0.462540195238
303,0.425242317152
304,0.445367948012
305,0.514729940049
306,0.285306201216
307,0.0
308,0.0
309,0.293163431336
310,0.0810469732532
311,0.459072844577
312,0.19653223165
313,0.103391219768
314,0.0858642225876
315,0.103169096951
316,0.209557799535
317,0.0860044545229
318,0.22454008892
319,0.148019893357
320,0.0271820184207
321,0.180821003624
322,0.0973635334222
323,0.200873934751
324,0.0
325,0.220849109285
326,0.0343451569738
327,0.484854672623
328,0.341950832404
329,0.234403489502
330,0.663962721999
331,0.657061962886
332,0.264768473563
333,0.582206526715
334,0.169014084507
335,0.685674208847
336,0.621274998982
337,0.387184429981
338,0.154032706791
339,0.0401824452499
340,0.199368464171
341,0.120948141872
342,0.0
343,0.170212765957
344,0.222222222222
345,0.0
346,0.207371131752
347,0.0
348,0.0
349,0.0
350,0.199955395779
351,0.0
352,0.0
353,0.0
354,0.0
355,0.0
356,0.0
357,0.0
358,0.0
359,0.0
360,0.0
361,0.0
362,0.0
363,0.0
364,0.0
365,0.679691461143
366,0.393648662308
367,0.292508134277
368,0.120750139429
369,0.522237878944
370,0.0
371,0.492059772174
372,0.336399605341
373,0.439534387988
374,0.435572322716
375,0.445733925129
376,0.170826943308
377,0.606152107716
378,0.711076810027
379,0.463229215944
380,0.0
381,0.0
382,0.210430603947
383,0.103648176532
384,0.149833544465
385,0.250425997364
386,0.387218418057
387,0.145292103323
388,0.328998359597
389,0.377952755906
390,0.627836936015
391,0.670240736042
392,0.533994257763
393,0.513607458187
394,0.445855167149
395,0.255950500397
396,0.287118569992
397,0.293637932041
398,0.442501357112
399,0.269550750774
400,0.266578927696
401,0.314395090533
402,0.143105332273
403,0.129965096355
404,0.0770163533955
405,0.117251637519
406,0.135971231138
407,0.134649151017
408,0.159493449134
409,0.269763026089
410,0.371473021143
411,0.213769631809
412,0.636382361061
413,0.161886083503
414,0.34371471245
415,0.28780361924
416,0.477710961187
417,0.0
418,0.0
419,0.217770419159
420,0.17239328027
421,0.148962720156
422,0.0556498338641
423,0.0843815020699
424,0.413946083692
425,0.128181297821
426,0.280495655117
427,0.268730879401
428,0.260449633579
429,0.440332335218
430,0.519972254561
431,0.0
432,0.221127375277
433,0.58136794836
434,0.22795160256
435,0.0390363737992
436,0.0291357834975
437,0.0507649333998
438,0.309255290733
439,0.0994164071866
440,0.207054000417
441,0.190713335454
442,0.0
443,0.015699655913
444,0.0
445,0.12800658696
446,0.20555423212
447,0.122021086149
448,0.192566169044
449,0.14318755349
450,0.278080615398
451,0.123086809681
452,0.328097115592
453,0.0566242931096
454,0.0654708988823
455,0.288734624427
456,0.487798190767
457,0.599268760385
458,0.265175493608
459,0.493339600375
460,0.734891705563
461,0.267686676163
462,0.609518216566
463,0.276747985042
464,0.527111328344
465,0.404569237338
466,0.323430712406
467,0.558951368641
468,0.187823724418
469,0.529741388876
470,0.453461893491
471,0.0949741577478
472,0.0884118580899
473,0.0492845816179
474,0.475857711895
475,0.453892740375
476,0.267933250108
477,0.434861829431
478,0.557467057428
479,0.809476258466
480,0.494946330192
481,0.617225434943
482,0.452114945338
483,0.589511207492
484,0.482518156584
485,0.0569852914044
486,0.349209925221
487,0.624084579775
488,0.564496944473
489,0.333191771052
490,0.214028511216
491,0.371982432054
492,0.132028034392
493,0.0495614566316
494,0.0
495,0.400336483397
496,0.65742917531
497,0.567374734477
498,0.381382628237
499,0.0
500,0.0
501,0.0
502,0.0
503,0.0
504,0.0
505,0.614811357009
506,0.584163357627
507,0.471267716042
508,0.44817404909
509,0.752303096711
510,0.654112767646
511,0.376733674384
512,0.403082231051
513,0.689995478476
514,0.624940590751
515,0.288860313921
516,0.0
517,0.0
518,0.0
519,0.0
520,0.0
521,0.0775491027295
522,0.505201880562
523,0.403451079662
524,0.401945387779
525,0.391283265968
526,0.0
527,0.0
528,0.0
529,0.0
530,0.0
531,0.0
532,0.0
533,0.0
534,0.423575148139
535,0.383336405309
536,0.441264074549
537,0.395693825053
538,0.309585805295
539,0.0058719781066
540,0.100253384989
541,0.301083606717
542,0.00479466659908
543,0.0271893518162
544,0.0102466647444
545,0.0280394821976
546,0.0
547,0.0572841613711
548,0.139258495099
549,0.0991747079867
550,0.335666109204
551,0.39336878126
552,0.205115061798
553,0.534687244379
554,0.684621225443
555,0.457158279633
556,0.770374536869
557,0.535975295077
558,0.0
559,0.0
560,0.0
561,0.0
562,0.0
563,0.0
564,0.0
565,0.0
566,0.0
567,0.0
568,0.0
569,0.0
570,0.0
571,0.0
572,0.0
573,0.0
574,0.0
575,0.0
576,0.0
577,0.0
578,0.0
579,0.0
580,0.0
581,0.0
582,0.0
583,0.0
584,0.0
585,0.0
586,0.0
587,0.0
588,0.0
589,0.150961348106
590,0.473243841277
591,0.307296700114
592,0.137803470828
593,0.185355569584
594,0.581302909648
595,0.221428445322
596,0.288631661293
597,0.295573842187
598,0.354218141049
599,0.379965209103
600,0.285215496731
601,0.0
602,0.0
603,0.0
604,0.0
605,0.0
606,0.0
607,0.0
608,0.0
609,0.0
610,0.0
611,0.0
612,0.509677971692
613,0.289264066792
614,0.481446199716
615,0.105049437013
616,0.478844271711
617,0.592864914628
618,0.593325198161
619,0.255753876495
620,0.34768325253
621,0.432904208508
622,0.069750659679
623,0.170004608948
624,0.281093021622
625,0.345891645955
626,0.0871944646596
627,0.236789839828
628,0.078161948551
629,0.0646650034007
630,0.198724929851
631,0.1
632,0.0
633,0.0
634,0.0
635,0.0
636,0.0
637,0.0
638,0.0
639,0.0
640,0.0579235868726
641,0.0
642,0.0
643,0.230769230769
644,0.133868566349
645,0.667039114964
646,0.518937295595
647,0.488279718906
648,0.55029291572
649,0.384955201558
650,0.524907499087
651,0.434349208811
652,0.526561492591
653,0.150332280799
654,0.286729201389
655,0.150212806175
656,0.360605869168
657,0.556481204836
658,0.351149820086
659,0.0533627946648
660,0.35569195555
661,0.569239822371
662,0.482656494403
663,0.358871330645
664,0.199024465294
665,0.0909090909091
666,0.12063424704
667,0.0621856012454
668,0.0
669,0.211547012926
670,0.15392247096
671,0.0544331990652
672,0.0
673,0.0
674,0.125
675,0.0
676,0.0990210257943
677,0.199955395779
678,0.260484181625
679,0.549380617343
680,0.58066014469
681,0.609323426975
682,0.787176082613
683,0.702742108364
684,0.688226725071
685,0.759699078462
686,0.673838859271
687,0.798049684417
688,0.779533843085
689,0.704658686408
690,0.399215054862
691,0.323062925836
692,0.37592952906
693,0.479143577759
694,0.359063164074
695,0.104625989518
696,0.255491060174
697,0.197107198721
698,0.123226165433
699,0.0377222955407
700,0.526935492169
701,0.0926436346743
702,0.404699812402
703,0.436248877968
704,0.16507791188
705,0.338307053851
706,0.463867772692
707,0.412463693871
708,0.362401830557
709,0.424838959794
710,0.343671739077
711,0.228604695755
712,0.450742185099
713,0.448939261169
714,0.512465187976
715,0.0
716,0.0364814305558
717,0.0
718,0.0
719,0.141031341951
720,0.119402985075
721,0.0
722,0.170212765957
723,0.0
724,0.0
725,0.0
726,0.0
727,0.0
728,0.169014084507
729,0.0
730,0.0
731,0.0
732,0.0
733,0.0
734,0.0
735,0.0775491027295
736,0.0
737,0.0
738,0.0
739,0.0
740,0.0695083042471
741,0.0
742,0.0
743,0.0
744,0.266666666667
745,0.0
746,0.0
747,0.147871398519
748,0.0
749,0.108124028829
750,0.341431264494
751,0.543388962811
752,0.0
753,0.0
754,0.0
755,0.291804887562
756,0.0796337541879
757,0.102386255384
758,0.0
759,0.0
760,0.0
761,0.0
762,0.125
763,0.423293276781
764,0.292065684825
765,0.557265216148
766,0.360780080196
767,0.185321165961
768,0.00650593073435
769,0.12672037683
770,0.19096352963
771,0.240619994582
772,0.122133128159
773,0.257027532068
774,0.278248889225
775,0.0
776,0.0
777,0.0
778,0.0
779,0.0
780,0.0
781,0.0
782,0.0
783,0.0
784,0.0
785,0.0
786,0.0
787,0.0
788,0.0
789,0.0
790,0.0
791,0.0
792,0.0
793,0.0
794,0.0
795,0.0
796,0.0
797,0.0
798,0.0
799,0.0
800,0.0
801,0.0
802,0.0
803,0.0
804,0.0
805,0.0
806,0.0
807,0.0
808,0.0
809,0.0
810,0.0
811,0.0
812,0.0
813,0.0
814,0.0
815,0.0
816,0.0
817,0.0
818,0.0
819,0.0
820,0.0
821,0.0
822,0.0
823,0.0
824,0.0
825,0.0
826,0.0
827,0.0
828,0.0
829,0.0
830,0.0
831,0.0
832,0.0
833,0.0
834,0.577048043569
835,0.677387324646
836,0.0
837,0.0
838,0.0
839,0.15091347258
840,0.179368036467
841,0.108299044136
842,0.0699223207504
843,0.0
844,0.0
845,0.126601107674
846,0.221427004315
847,0.101616495583
848,0.197457856746
849,0.174574946551
850,0.0
851,0.505908784723
852,0.500495447363
853,0.0
854,0.12872582981
855,0.0
856,0.120561358276
857,0.172109080713
858,0.00309830631749
859,0.172174604407
860,0.0
861,0.17459438217
862,0.152104731337
863,0.147042548263
864,0.155771828018
865,0.196774945029
866,0.242623260374
867,0.493952380403
868,0.514897635037
869,0.0
870,0.483906227562
871,0.426342408861
872,0.510716466452
873,0.0659725058132
874,0.649576299379
875,0.462778112762
876,0.25622619124
877,0.566041614355
878,0.598007900232
879,0.273455740576
880,0.292749312738
881,0.635943194514
882,0.358266342411
883,0.290305713892
884,0.382079743697
885,0.0
886,0.0
887,0.0
888,0.0
889,0.0
890,0.0
891,0.0
892,0.0
893,0.376505552408
894,0.525887498953
895,0.469252748392
896,0.166140552822
897,0.554380760323
898,0.464259235616
899,0.787593453417
900,0.718153963187
901,0.800737687107
902,0.775502609795
903,0.77529642362
904,0.779519495886
905,0.0
906,0.0
907,0.0
908,0.0
909,0.0
910,0.0
911,0.0
912,0.0
913,0.0
914,0.0
915,0.0775491027295
916,0.214285714286
917,0.866156768513
918,0.709893706508
919,0.71683107616
920,0.780315282204
921,0.670400984618
922,0.779891819962
923,0.690914764661
924,0.433087382153
925,0.378987838515
926,0.232000491248
927,0.454019971525
928,0.762268222269
929,0.727500187049
930,0.713156214714
931,0.6866543364
932,0.783017963904
933,0.73434003388
934,0.550630183043
935,0.364498165191
936,0.669346836572
937,0.627278658132
938,0.339211593696
939,0.644167955262
940,0.857895893884
941,0.318118492944
942,0.319185770333
943,0.0
944,0.0
945,0.0
946,0.0
947,0.0
948,0.0
949,0.0
950,0.0
951,0.0
952,0.0
953,0.0
954,0.0
955,0.0
956,0.0
957,0.0
958,0.0
959,0.0
960,0.0
961,0.0
962,0.503133457779
963,0.503506323711
964,0.412727009402
965,0.251836263866
966,0.540712758399
967,0.318911793424
968,0.0138188459477
969,0.00720121446258
970,0.0
971,0.0142639441534
972,0.145638772618
973,0.282692345127
974,0.324211833136
975,0.0
976,0.119337195832
977,0.221747511741
978,0.20429748954
979,0.0
980,0.517363883827
981,0.456096254465
982,0.0313047578398
983,0.487493699135
984,0.645964041042
985,0.113399509151
986,0.112141213781
987,0.686671130814
988,0.71833453055
989,0.510989610837
990,0.206454324859
991,0.700632595369
992,0.696921710278
993,0.378285964725
994,0.590204754022
995,0.142411984651
996,0.0770163533955
997,0.152759709214
998,0.101410365108
999,0.190807109698
1000,0.154194226363
1001,0.278095731541
1002,0.180506442849
1003,0.808718990396
1004,0.7447635903
1005,0.512021216392
1006,0.658578821694
1007,0.730291320033
1008,0.695740016612
1009,0.586314713206
1010,0.16503504299
1011,0.0877174212565
1012,0.675699328669
1013,0.713334828595
1014,0.475080603667
1015,0.444670692329
1016,0.0
1017,0.0
1018,0.770201527155
1019,0.266447791379
1020,0.25532833537
1021,0.341378004448
1022,0.179616872446
1023,0.311180663085
1024,0.183962114065
1025,0.196216548259
1026,0.130960405272
1027,0.154297456755
1028,0.774229446771
1029,0.356614219297
1030,0.546271253534
1031,0.736438495461
1032,0.233947290817
1033,0.100321263862
1034,0.138579365064
1035,0.0840178400679
1036,0.0
1037,0.207165167735
1038,0.21823342913
1039,0.206896551724
1040,0.164943349965
1041,0.116768771073
1042,0.0
1043,0.0958766111239
1044,0.0
1045,0.0
1046,0.0867325491054
1047,0.0
1048,0.0
1049,0.0
1050,0.0
1051,0.0775491027295
1052,0.0775491027295
1053,0.0
1054,0.0
1055,0.51232032142
1056,0.49661166091
1057,0.471235815295
1058,0.489728474455
1059,0.423044883834
1060,0.0418518967112
1061,0.153846153846
1062,0.210526315789
1063,0.0637376717756
1064,0.268315037636
1065,0.211391195057
1066,0.254062014414
1067,0.132906099692
1068,0.127397225864
1069,0.235313114541
1070,0.125375252212
1071,0.300659622436
1072,0.321083948658
1073,0.220480822493
1074,0.529727047923
1075,0.667242704549
1076,0.43125288459
1077,0.311487358516
1078,0.537409823424
1079,0.460915256469
1080,0.0
1081,0.0
1082,0.544001977546
1083,0.793983216575
1084,0.723084549611
1085,0.690112935369
1086,0.799969553248
1087,0.578515576685
1088,0.42715869668
1089,0.677229825627
1090,0.476206005069
1091,0.487845641094
1092,0.250045136243
1093,0.528684692541
1094,0.637183250449
1095,0.368813038211
1096,0.408759398531
1097,0.298423047686
1098,0.0601979336256
1099,0.0869565217391
1100,0.139794389357
1101,0.166355323334
1102,0.343970864673
1103,0.15363102755
1104,0.225174920329
1105,0.0909090909091
1106,0.292845015227
1107,0.126426191318
1108,0.718330085756
1109,0.762555365413
1110,0.73118374276
1111,0.613591969845
1112,0.632647136282
1113,0.35165278976
1114,0.624891015421
1115,0.529289397776
1116,0.343162154986
1117,0.357775185825
1118,0.56942381979
1119,0.239793477129
1120,0.0419323847438
1121,0.613078147755
1122,0.503558808189
1123,0.407852534091
1124,0.343920127098
1125,0.467461230516
1126,0.389602548926
1127,0.242673368755
1128,0.0
1129,0.0
1130,0.0
1131,0.0
1132,0.0
1133,0.0
1134,0.0
1135,0.0
1136,0.0
1137,0.0
1138,0.0
1139,0.0
1140,0.0
1141,0.0
1142,0.0
1143,0.0
1144,0.51780648339
1145,0.257968650592
1146,0.559723905102
1147,0.418535658703
1148,0.287380992662
1149,0.640011255323
1150,0.572385249429
1151,0.148637606961
1152,0.0990210257943
1153,0.0
1154,0.24532935429
1155,0.133303597186
1156,0.239111122307
1157,0.392782289729
1158,0.22738831244
1159,0.0868169978033
1160,0.0
1161,0.327105749346
1162,0.198422050997
1163,0.449594093261
1164,0.44110777532
1165,0.355219505328
1166,0.575691058064
1167,0.626573074021
1168,0.504695627931
1169,0.00982808065036
1170,0.611677575663
1171,0.405484393935
1172,0.0
1173,0.322300299614
1174,0.115129401864
1175,0.535929816644
1176,0.346147480015
1177,0.592068644137
1178,0.154830113923
1179,0.599508232653
1180,0.673868975999
1181,0.443348715603
1182,0.59797485935
1183,0.828521095709
1184,0.708037912586
1185,0.584855613235
1186,0.613663712357
1187,0.754525740243
1188,0.615829465468
1189,0.652708723859
1190,0.735267544325
1191,0.537252216423
1192,0.575660069803
1193,0.365216998511
1194,0.551299406077
1195,0.361665842872
1196,0.619334616856
1197,0.486949105611
1198,0.286172612934
1199,0.660944336874
1200,0.497959584648
1201,0.496506826146
1202,0.628343498325
1203,0.588181081796
1204,0.535901952476
1205,0.475213062313
1206,0.47838353557
1207,0.435389430248
1208,0.364155576266
1209,0.374732242198
1210,0.138635267427
1211,0.253482623376
1212,0.613944473939
1213,0.799071665483
1214,0.427726760638
1215,0.511266189746
1216,0.510777075501
1217,0.241854730515
1218,0.00669574533712
1219,0.34340873015
1220,0.252258080754
1221,0.0
1222,0.509297011621
1223,0.0
1224,0.0
1225,0.0
1226,0.0
1227,0.0
1228,0.0
1229,0.0
1230,0.0
1231,0.0
1232,0.0
1233,0.0
1234,0.0
1235,0.0
1236,0.0
1237,0.0
1238,0.0
1239,0.297380906164
1240,0.712179249828
1241,0.461890967137
1242,0.732390370522
1243,0.397305587353
1244,0.544360128738
1245,0.0
1246,0.0
1247,0.1
1248,0.490498600179
1249,0.26690869962
1250,0.587066069065
1251,0.446353321498
1252,0.562547101248
1253,0.0
1254,0.0
1255,0.0
1256,0.0
1257,0.0
1258,0.0
1259,0.0
1260,0.0
1261,0.0
1262,0.0
1263,0.0
1264,0.0
1265,0.0
1266,0.0
1267,0.0
1268,0.0
1269,0.0
1270,0.0
1271,0.0
1272,0.441198464054
1273,0.116889659759
1274,0.530498510208
1275,0.68699889391
1276,0.40750847986
1277,0.422770107743
1278,0.577449627301
1279,0.37505359033
1280,0.569788540833
1281,0.191927520469
1282,0.486491865964
1283,0.0
1284,0.0
1285,0.0
1286,0.0
1287,0.0
1288,0.0
1289,0.0593844480361
1290,0.272727272727
1291,0.0
1292,0.126473970966
1293,0.0555555555556
1294,0.239777966187
1295,0.15845786273
1296,0.334081379501
1297,0.478445846603
1298,0.532989885386
1299,0.445441560896
1300,0.509958534326
1301,0.181324603364
1302,0.408024535462
1303,0.304070089909
1304,0.780865741438
1305,0.687325272098
1306,0.690982265214
1307,0.679082088002
1308,0.605253527043
1309,0.455788954736
1310,0.316818864412
1311,0.409130597077
1312,0.685541375019
1313,0.207494827145
1314,0.607404041387
1315,0.229344589948
1316,0.446680593969
1317,0.316995263758
1318,0.396279220398
1319,0.500717214092
1320,0.250884569993
1321,0.382877091102
1322,0.741993840326
1323,0.292906066742
1324,0.563412345143
1325,0.485716076048
1326,0.655819954494
1327,0.403950416825
1328,0.716451914167
1329,0.0
1330,0.0
1331,0.0
1332,0.0
1333,0.147871398519
1334,0.0
1335,0.0867325491054
1336,0.0813786880495
1337,0.133303597186
1338,0.0
1339,0.0
1340,0.169014084507
1341,0.0
1342,0.0571428571429
1343,0.0
1344,0.0680500880741
1345,0.0
1346,0.0571428571429
1347,0.106638027778
1348,0.169014084507
1349,0.0
1350,0.166877816
1351,0.0867325491054
1352,0.0
1353,0.0
1354,0.0
1355,0.0
1356,0.0
1357,0.0
1358,0.0
1359,0.0
1360,0.269079671857
1361,0.733411477477
1362,0.67863429798
1363,0.411078133567
1364,0.695143742044
1365,0.100616229449
1366,0.493282837642
1367,0.277719269422
1368,0.0451120911045
1369,0.151021747041
1370,0.0
1371,0.0
1372,0.0
1373,0.0
1374,0.0
1375,0.0
1376,0.0
1377,0.0
1378,0.0
1379,0.0
1380,0.0
1381,0.0
1382,0.0
1383,0.0
1384,0.0
1385,0.0
1386,0.0
1387,0.0
1388,0.506046480591
1389,0.580034219374
1390,0.512853091945
1391,0.555159444697
1392,0.537290757254
1393,0.630219323804
1394,0.724939504186
1395,0.712301942528
1396,0.772974245923
1397,0.0571428571429
1398,0.0
1399,0.0
1400,0.0
1401,0.100821408081
1402,0.0
1403,0.125
1404,0.0
1405,0.650566619759
1406,0.374711482002
1407,0.241917852935
1408,0.656462725331
1409,0.524841734367
1410,0.462949138311
1411,0.597032484975
1412,0.421277115039
1413,0.324119209929
1414,0.406495819429
1415,0.283778527928
1416,0.174069554106
1417,0.472101194365
1418,0.242441005065
1419,0.392745311941
1420,0.277660226605
1421,0.408648338663
1422,0.455345564279
1423,0.576513044601
1424,0.526503965983
1425,0.704558849769
1426,0.55608090034
1427,0.6647105621
1428,0.827704011761
1429,0.657468811798
1430,0.802998127352
1431,0.831386057515
1432,0.631886147355
1433,0.755263347721
1434,0.721117372563
1435,0.679925390395
1436,0.457865981271
1437,0.533921557043
1438,0.341445292479
1439,0.684807923062
1440,0.179040047485
1441,0.753272222124
1442,0.330192008315
1443,0.0
1444,0.0
1445,0.691856791245
1446,0.601344873422
1447,0.484650410595
1448,0.190716994316
1449,0.374116271661
1450,0.502153320859
1451,0.0
1452,0.130938619074
1453,0.513646515419
1454,0.641974161549
1455,0.565906273333
1456,0.0
1457,0.0
1458,0.101265822785
1459,0.098855694854
1460,0.0
1461,0.237261746891
1462,0.592568233276
1463,0.0
1464,0.0
1465,0.0
1466,0.0
1467,0.0
1468,0.0
1469,0.0
1470,0.0
1471,0.0
1472,0.0
1473,0.407694806481
1474,0.74378748662
1475,0.77001268057
1476,0.636019666201
1477,0.0
1478,0.0
1479,0.0775491027295
1480,0.266666666667
1481,0.100821408081
1482,0.125
1483,0.211547012926
1484,0.0
1485,0.474326463897
1486,0.634950745349
1487,0.549265934468
1488,0.439334259782
1489,0.475801813669
1490,0.622474846736
1491,0.556398073341
1492,0.39445873367
1493,0.497845768965
1494,0.519413304679
1495,0.662901665108
1496,0.658282241762
1497,0.629095067519
1498,0.689451220179
1499,0.560648568035
1500,0.582505714353
1501,0.64698403037
1502,0.826298312587
1503,0.686324033312
1504,0.720377155467
1505,0.811203637005
1506,0.839151729201
1507,0.903493561424
1508,0.85063744321
1509,0.863080768134
1510,0.800636641881
1511,0.78376309685
1512,0.888985415273
1513,0.880995452534
1514,0.865036535644
1515,0.769343868243
1516,0.734121788152
1517,0.737919321229
1518,0.753242377682
1519,0.831878982646
1520,0.875665996639
1521,0.847049713528
1522,0.757808776999
1523,0.867311611889
1524,0.776977095419
1525,0.690082225888
1526,0.700003567116
1527,0.785188527459
1528,0.555015756701
1529,0.678754075527
1530,0.614696195342
1531,0.79535352363
1532,0.701977011935
1533,0.72242474301
1534,0.808507144095
1535,0.464203353903
1536,0.725967793941
1537,0.747781211542
1538,0.731592468621
1539,0.800994032774
1540,0.787991508401
1541,0.617113433584
1542,0.670653969825
1543,0.728675167773
1544,0.703168037789
1545,0.73780376462
1546,0.675240597784
1547,0.768279466565
1548,0.749818079838
1549,0.571462721318
1550,0.70128193391
1551,0.706699676279
1552,0.545010326286
1553,0.710448518125
1554,0.662873478507
1555,0.607361522097
1556,0.617254368427
1557,0.676269264345
1558,0.769282993098
1559,0.673011648634
1560,0.652087965822
1561,0.785256621685
1562,0.81367213473
1563,0.69812604094
1564,0.653780419061
1565,0.585763169648
1566,0.693727804049
1567,0.56165977476
1568,0.338464117971
1569,0.463577051167
1570,0.283707046697
1571,0.667732265832
1572,0.225352112676
1573,0.0357142857143
1574,0.0636347441368
1575,0.0660140171962
1576,0.168183999367
1577,0.717442518696
1578,0.0
1579,0.0
1580,0.0
1581,0.0
1582,0.0
1583,0.0
1584,0.0
1585,0.0
1586,0.0
1587,0.0
1588,0.0
1589,0.0
1590,0.0
1591,0.0
1592,0.0
1593,0.0
1594,0.0
1595,0.0
1596,0.0
1597,0.0
1598,0.0
1599,0.0
1600,0.0
1601,0.0
1602,0.0
1603,0.0
1604,0.568268231602
1605,0.058823233334
1606,0.305528808633
1607,0.131507832806
1608,0.0
1609,0.181198176468
1610,0.0
1611,0.581494013227
1612,0.508023573319
1613,0.769315114386
1614,0.332910940216
1615,0.263417782927
1616,0.752763929876
1617,0.686679829146
1618,0.294132755583
1619,0.381661714751
1620,0.343928895238
1621,0.0
1622,0.271814908814
1623,0.197488948185
1624,0.448813366585
1625,0.36820658025
1626,0.167811502466
1627,0.348730871582
1628,0.249622135764
1629,0.116543376891
1630,0.498199287835
1631,0.101750165487
1632,0.654132644334
1633,0.382389925104
1634,0.578556949235
1635,0.532013008802
1636,0.467747427751
1637,0.579192076889
1638,0.472698874506
1639,0.524583308049
1640,0.597233358367
1641,0.431960658061
1642,0.761975397785
1643,0.5534783933
1644,0.476873068588
1645,0.701027337026
1646,0.638831524923
1647,0.244342379777
1648,0.0
1649,0.106845324039
1650,0.189638299633
1651,0.0
1652,0.651379603146
1653,0.228298230832
1654,0.206370900942
1655,0.29199685207
1656,0.212920756699
1657,0.157669833611
1658,0.307017786812
1659,0.179583103182
1660,0.23812818672
1661,0.223489519857
1662,0.185636711789
1663,0.690754807461
1664,0.0577622650467
1665,0.094172541238
1666,0.146092051476
1667,0.50185398028
1668,0.2801264834
1669,0.564146841146
1670,0.541853829916
1671,0.441625939154
1672,0.592991694015
1673,0.0947893580253
1674,0.681710591393
1675,0.285073944411
1676,0.614705391404
1677,0.300779967746
1678,0.713481885934
1679,0.47534942333
1680,0.0979069451029
1681,0.726301778282
1682,0.468067554284
1683,0.65449081061
1684,0.725838714272
1685,0.438072633596
1686,0.655811905631
1687,0.397269507284
1688,0.254683788857
1689,0.234359528625
1690,0.185944861795
1691,0.29045450508
1692,0.242572596982
1693,0.291649508058
1694,0.329866382177
1695,0.383562700724
1696,0.423443419033
1697,0.0
1698,0.190476190476
1699,0.0
1700,0.0
1701,0.0
1702,0.132028034392
1703,0.0
1704,0.0
1705,0.0
1706,0.0
1707,0.0
1708,0.0
1709,0.0
1710,0.0
1711,0.100821408081
1712,0.119402985075
1713,0.169014084507
1714,0.106638027778
1715,0.106638027778
1716,0.0
1717,0.0
1718,0.0840178400679
1719,0.0917247466236
1720,0.172732794863
1721,0.0
1722,0.0660140171962
1723,0.0
1724,0.106638027778
1725,0.0
1726,0.119402985075
1727,0.0
1728,0.0
1729,0.0
1730,0.338213024596
1731,0.632501091957
1732,0.603095125717
1733,0.635008150315
1734,0.525092934623
1735,0.521915605593
1736,0.244977812109
1737,0.0
1738,0.0
1739,0.0
1740,0.0
1741,0.640722668017
1742,0.121512526178
1743,0.170062435029
1744,0.214315359185
1745,0.00467987182042
1746,0.484761622143
1747,0.0911880961717
1748,0.444705103336
1749,0.0
1750,0.28235784061
1751,0.448770911795
1752,0.510279046493
1753,0.624067405376
1754,0.664220451492
1755,0.623998822981
1756,0.757781163758
1757,0.780100332187
1758,0.757627202193
1759,0.67075153809
1760,0.729302016069
1761,0.752873168639
1762,0.702425200154
1763,0.676091237425
1764,0.721515665174
1765,0.460726784623
1766,0.263172062914
1767,0.707965200202
1768,0.475139448345
1769,0.433722385842
1770,0.644078817453
1771,0.598257488497
1772,0.740073243229
1773,0.599541020558
1774,0.716326956875
1775,0.360003482148
1776,0.70214140471
1777,0.576637380015
1778,0.495953475979
1779,0.744879173744
1780,0.772875735368
1781,0.557163133661
1782,0.732019324787
1783,0.604709107942
1784,0.502324690781
1785,0.398505221977
1786,0.315904007627
1787,0.301094835751
1788,0.239824160046
1789,0.23578679514
1790,0.234063749258
1791,0.132795857299
1792,0.0
1793,0.223845060102
1794,0.444104122096
1795,0.502097990583
1796,0.576885521792
1797,0.229601393488
1798,0.366735488118
1799,0.173656121083
1800,0.300949635393
1801,0.182723732952
1802,0.215220664225
1803,0.364811711362
1804,0.423758227504
1805,0.128383924024
1806,0.244903655835
1807,0.343123403316
1808,0.0136515449609
1809,0.580844744932
1810,0.543890931538
1811,0.53748808488
1812,0.53640947435
1813,0.453343210183
1814,0.320871673582
1815,0.453128703232
1816,0.344528722808
1817,0.700891223301
1818,0.535852647916
1819,0.706748105539
1820,0.561143944671
1821,0.401096426514
1822,0.494274183082
1823,0.282452334779
1824,0.412489213981
1825,0.576619758865
1826,0.334626262518
1827,0.351786371234
1828,0.246317993768
1829,0.0
1830,0.0
1831,0.142857142857
1832,0.0
1833,0.0
1834,0.0
1835,0.0
1836,0.493798427887
1837,0.2619212639
1838,0.622080110938
1839,0.667190409062
1840,0.516053733395
1841,0.385060295339
1842,0.498903691107
1843,0.639260576652
1844,0.284348117256
1845,0.502461297372
1846,0.444701774411
1847,0.305504867571
1848,0.518249688692
1849,0.359008053969
1850,0.352368325367
1851,0.687077171127
1852,0.411903486047
1853,0.299429812003
1854,0.323681776475
1855,0.337410128993
1856,0.371462757127
1857,0.297375888889
1858,0.0
1859,0.0
1860,0.0
1861,0.15392247096
1862,0.0701921195504
1863,0.0909090909091
1864,0.2438527586
1865,0.2438527586
1866,0.0840178400679
1867,0.0
1868,0.139787020541
1869,0.0
1870,0.0
1871,0.0
1872,0.0
1873,0.0
1874,0.678416698291
1875,0.461016914667
1876,0.668388473684
1877,0.610905410936
1878,0.629803089838
1879,0.690163850337
1880,0.555221862578
1881,0.666764190972
1882,0.563550130427
1883,0.472643685316
1884,0.754427996997
1885,0.694066130438
1886,0.466335017151
1887,0.326023534641
1888,0.482950649316
1889,0.441478139689
1890,0.254841186099
1891,0.669052912082
1892,0.242829654934
1893,0.350132693813
1894,0.253944913536
1895,0.366504782129
1896,0.273339287375
1897,0.658709711517
1898,0.616758134127
1899,0.604208324105
1900,0.595447797748
1901,0.166666666667
1902,0.0
1903,0.0
1904,0.0
1905,0.0
1906,0.0
1907,0.0
1908,0.133303597186
1909,0.0
1910,0.334634927421
1911,0.515884278592
1912,0.696019557858
1913,0.267991653067
1914,0.0
1915,0.0
1916,0.0
1917,0.0
1918,0.0878889830934
1919,0.154032706791
1920,0.190476190476
1921,0.19512195122
1922,0.0
1923,0.273250547662
1924,0.41388808048
1925,0.157110375444
1926,0.535731456643
1927,0.528224069569
1928,0.469265356608
1929,0.354593864352
1930,0.467994952281
1931,0.668031571666
1932,0.235245603318
1933,0.466937352983
1934,0.632412275767
1935,0.0
1936,0.0
1937,0.0
1938,0.549034921346
1939,0.581337590579
1940,0.584589695353
1941,0.0787795688415
1942,0.135784651593
1943,0.313629436112
1944,0.192598827301
1945,0.0
1946,0.236760034683
1947,0.0477004511353
1948,0.120939084326
1949,0.0
1950,0.0
1951,0.0
1952,0.0
1953,0.148531538691
1954,0.129916159696
1955,0.187196386651
1956,0.266440061271
1957,0.277441037103
1958,0.115786900175
1959,0.333844891401
1960,0.187832646583
1961,0.0
1962,0.56873683728
1963,0.57369764663
1964,0.683516058976
1965,0.0
1966,0.0
1967,0.169014084507
1968,0.0
1969,0.569876933258
1970,0.210150208209
1971,0.149762357039
1972,0.149511213271
1973,0.0223242626118
1974,0.359295913594
1975,0.121829581049
1976,0.0298862626828
1977,0.393879317918
1978,0.0
1979,0.0
1980,0.0
1981,0.0
1982,0.0
1983,0.0
1984,0.0
1985,0.0
1986,0.0
1987,0.0
1988,0.0
1989,0.0
1990,0.0
1991,0.0
1992,0.0
1993,0.0
1994,0.0
1995,0.0
1996,0.0
1997,0.0
1998,0.0
1999,0.0
2000,0.0
2001,0.0
2002,0.0
2003,0.0
2004,0.0
2005,0.0
2006,0.0
2007,0.0
2008,0.0
2009,0.0
2010,0.0
2011,0.0
2012,0.0
2013,0.0
2014,0.0
2015,0.306729477774
2016,0.477857906521
2017,0.461113920005
2018,0.38762118594
2019,0.021266527917
2020,0.621910576294
2021,0.430846162689
2022,0.677021898762
2023,0.603961984586
2024,0.459443959511
2025,0.603397239394
2026,0.404702726596
2027,0.278137750449
2028,0.568449761941
2029,0.407333399346
2030,0.150007769517
2031,0.520585582313
2032,0.3387545015
2033,0.0577216549863
2034,0.507898160894
2035,0.483955711589
2036,0.602738637204
2037,0.517698833944
2038,0.538525099939
2039,0.164461438673
2040,0.519626694218
2041,0.195428616473
2042,0.24786169045
2043,0.0
2044,0.0720720720721
2045,0.478131996422
2046,0.386289108801
2047,0.369018882517
2048,0.0573549532514
2049,0.138306146366
2050,0.124259599781
2051,0.00962647497159
2052,0.388341612833
2053,0.373735377446
2054,0.493698160372
2055,0.604137050203
2056,0.42737337416
2057,0.364176939678
2058,0.41525643471
2059,0.457102697794
2060,0.234078705553
2061,0.319813399688
2062,0.196519864376
2063,0.0
2064,0.139016608494
2065,0.0848380985387
2066,0.0519029427717
2067,0.106666666667
2068,0.120948141872
2069,0.598096293728
2070,0.681008743098
2071,0.617302785401
2072,0.547777144517
2073,0.155884802043
2074,0.259580451138
2075,0.23340922819
2076,0.24762601007
2077,0.682912776726
2078,0.46968246334
2079,0.583224241945
2080,0.430087221408
2081,0.339245361987
2082,0.312284925493
2083,0.687412581401
2084,0.356626561384
2085,0.526403709383
2086,0.388692583507
2087,0.416992080529
2088,0.340723531636
2089,0.269331266529
2090,0.166666666667
2091,0.0
2092,0.0
2093,0.125
2094,0.310944097871
2095,0.314124794594
2096,0.302140402201
2097,0.471628787828
2098,0.0311087285557
2099,0.35870333892
2100,0.376257757394
2101,0.231439826152
2102,0.377610239786
2103,0.672672218868
2104,0.363083715321
2105,0.0
2106,0.132321201189
2107,0.443636916321
2108,0.0
2109,0.0
2110,0.0
2111,0.465505477383
2112,0.0992173877766
2113,0.0
2114,0.0
2115,0.0
2116,0.0
2117,0.0
2118,0.0
2119,0.0
2120,0.0
2121,0.0
2122,0.0
2123,0.0
2124,0.0
2125,0.0
2126,0.0
2127,0.0
2128,0.0
2129,0.0
2130,0.0
2131,0.0
2132,0.0
2133,0.0
2134,0.0
2135,0.0
2136,0.0
2137,0.0
2138,0.0
2139,0.0
2140,0.0
2141,0.512971318086
2142,0.216901005767
2143,0.413291262097
2144,0.207182099211
2145,0.0619706851118
2146,0.280254239473
2147,0.412743421309
2148,0.733051849971
2149,0.627052428638
2150,0.0
2151,0.0
2152,0.0
2153,0.0
2154,0.0
2155,0.161094250706
2156,0.0506287152695
2157,0.427268955165
2158,0.0
2159,0.588818338256
2160,0.457274338474
2161,0.195399267395
2162,0.0
2163,0.0
2164,0.0
2165,0.308283897298
2166,0.412739778848
2167,0.219623613777
2168,0.448461937185
2169,0.415074006978
2170,0.412063170913
2171,0.0
2172,0.0
2173,0.0
2174,0.0
2175,0.0
2176,0.0
2177,0.0
2178,0.0
2179,0.160787455929
2180,0.0945872485199
2181,0.0845383080155
2182,0.271134326502
2183,0.280056781486
2184,0.56240569446
2185,0.559601372355
2186,0.60865330844
2187,0.292461747431
2188,0.153846153846
2189,0.148986721976
2190,0.0575539568345
2191,0.0543644847498
2192,0.189013414742
2193,0.051344235597
2194,0.0644447853947
2195,0.422706650607
2196,0.490045485628
2197,0.678867312228
2198,0.508926398755
2199,0.527140759536
2200,0.0814474599258
2201,0.3157771881
2202,0.136961298259
2203,0.294076735951
2204,0.191213015327
2205,0.0
2206,0.178006359602
2207,0.690521547933
2208,0.0110885714712
2209,0.188822099476
2210,0.346583803629
2211,0.0831723298683
2212,0.0593844480361
2213,0.0824674796152
2214,0.125555690133
2215,0.208126838546
2216,0.066809366801
2217,0.0
2218,0.254514295616
2219,0.147230189614
2220,0.116197960825
2221,0.215441245214
2222,0.169560739087
2223,0.193864056525
2224,0.0770163533955
2225,0.322870635251
2226,0.0769230769231
2227,0.553636455923
2228,0.644145553355
2229,0.346624215643
2230,0.594981898017
2231,0.394152249636
2232,0.469533534259
2233,0.43501841295
2234,0.701756570727
2235,0.550384067482
2236,0.46846712933
2237,0.650735562182
2238,0.78381309742
2239,0.762749145299
2240,0.628782479659
2241,0.593959233566
2242,0.567892726879
2243,0.719569321342
2244,0.717207536766
2245,0.76784130671
2246,0.763320097498
2247,0.659383909219
2248,0.801073818384
2249,0.724899979388
2250,0.741162699944
2251,0.623955386109
2252,0.320079656588
2253,0.0838353049387
2254,0.496685895823
2255,0.0990210257943
2256,0.0
2257,0.0695083042471
2258,0.0
2259,0.142857142857
2260,0.0867325491054
2261,0.100821408081
2262,0.0
2263,0.0
2264,0.106638027778
2265,0.139016608494
2266,0.0680500880741
2267,0.0
2268,0.266666666667
2269,0.0990210257943
2270,0.0
2271,0.0990210257943
2272,0.266666666667
2273,0.139016608494
2274,0.0
2275,0.0
2276,0.170212765957
2277,0.0
2278,0.0789961887101
2279,0.0740184884586
2280,0.339718561617
2281,0.302503059388
2282,0.140041174965
2283,0.166666666667
2284,0.0
2285,0.0
2286,0.255753270981
2287,0.432335666771
2288,0.289930323428
2289,0.0551357476391
2290,0.0
2291,0.0775491027295
2292,0.142857142857
2293,0.0
2294,0.0680500880741
2295,0.0
2296,0.0
2297,0.154032706791
2298,0.247411571087
2299,0.0
2300,0.0
2301,0.166666666667
2302,0.0
2303,0.0
2304,0.0
2305,0.375753947587
2306,0.433707857362
2307,0.532042421739
2308,0.503225161987
2309,0.290040416163
2310,0.14842406852
2311,0.446234132045
2312,0.592034119801
2313,0.132776341132
2314,0.0
2315,0.52167186686
2316,0.54768734968
2317,0.83627721212
2318,0.723517024534
2319,0.548448347933
2320,0.548767894951
2321,0.593533868256
2322,0.570852028066
2323,0.49532841406
2324,0.700962531372
2325,0.188256562654
2326,0.65429500553
2327,0.643789034151
2328,0.582239055467
2329,0.392205336007
2330,0.0
2331,0.0
2332,0.0867325491054
2333,0.0
2334,0.0
2335,0.522521127967
2336,0.653836125592
2337,0.697901789364
2338,0.697396029785
2339,0.713148277072
2340,0.746720472836
2341,0.0878889830934
2342,0.0
2343,0.166666666667
2344,0.78082565389
2345,0.813346078995
2346,0.502177561991
2347,0.683818334733
2348,0.712011604056
2349,0.792772905454
2350,0.806644707823
2351,0.853872630744
2352,0.758768677054
2353,0.685669326604
2354,0.653685433851
2355,0.806303243862
2356,0.756370577638
2357,0.686754640689
2358,0.612097542499
2359,0.760738022652
2360,0.746621683289
2361,0.603915998653
2362,0.528333729969
2363,0.648151221643
2364,0.518202879957
2365,0.61423168404
2366,0.746895830617
2367,0.733026706756
2368,0.661327141324
2369,0.691380172968
2370,0.316462060569
2371,0.197088851621
2372,0.372552336437
2373,0.354493585243
2374,0.076884930739
2375,0.0
2376,0.0
2377,0.0
2378,0.0
2379,0.0
2380,0.0
2381,0.0
2382,0.0
2383,0.0
2384,0.0
2385,0.0
2386,0.0
2387,0.0
2388,0.0
2389,0.0
2390,0.0
2391,0.0
2392,0.0
2393,0.0
2394,0.0
2395,0.0
2396,0.0
2397,0.0
2398,0.0
2399,0.0
2400,0.0
2401,0.0
2402,0.1
2403,0.15392247096
2404,0.283242442181
2405,0.349009058822
2406,0.199270911669
2407,0.378867120081
2408,0.340631038959
2409,0.772323867016
2410,0.535112160809
2411,0.452324495934
2412,0.669491132248
2413,0.656783103555
2414,0.487547707758
2415,0.572835340921
2416,0.446730746999
2417,0.699407308584
2418,0.45484818844
2419,0.540210798819
2420,0.532464025527
2421,0.568616494049
2422,0.367192650889
2423,0.26293556403
2424,0.274644645241
2425,0.378825794415
2426,0.577643974566
2427,0.497294440476
2428,0.531976417558
2429,0.391106855991
2430,0.0
2431,0.503709199845
2432,0.190476190476
2433,0.323869110109
2434,0.46786781244
2435,0.384660944763
2436,0.408383872309
2437,0.527750408223
2438,0.38050468945
2439,0.448974795621
2440,0.38602677593
2441,0.259969906209
2442,0.26337643479
2443,0.616818404225
2444,0.422959300148
2445,0.731738108369
2446,0.642321253413
2447,0.470087555379
2448,0.678960850671
2449,0.586494870455
2450,0.355437808825
2451,0.593987131465
2452,0.451435783562
2453,0.208690347166
2454,0.287251302736
2455,0.27317831503
2456,0.366088875188
2457,0.300268933375
2458,0.293550820795
2459,0.467187458573
2460,0.58013619837
2461,0.758266410839
2462,0.674015700457
2463,0.746222211289
2464,0.689796222836
2465,0.642992715047
2466,0.704006761119
2467,0.440213535019
2468,0.617631695507
2469,0.624640250474
2470,0.804019799356
2471,0.518728646236
2472,0.609715424709
2473,0.474645639138
2474,0.405219828447
2475,0.505411732323
2476,0.0447931680071
2477,0.627598531034
2478,0.420909812784
2479,0.0
2480,0.0
2481,0.166877816
2482,0.0
2483,0.0
2484,0.119402985075
2485,0.0
2486,0.147871398519
2487,0.0990210257943
2488,0.266666666667
2489,0.0
2490,0.266666666667
2491,0.0
2492,0.454708539625
2493,0.180981139409
2494,0.219847034229
2495,0.104716351947
2496,0.41098440072
2497,0.574604554617
2498,0.496362039502
2499,0.600831275195
2500,0.0
2501,0.0
2502,0.19937507011
2503,0.308367691267
2504,0.174120136588
2505,0.281788412501
2506,0.166347864068
2507,0.19658974321
2508,0.289066174263
2509,0.464576121676
2510,0.416080627107
2511,0.339453868179
2512,0.13550929587
2513,0.199056646991
2514,0.137594466079
2515,0.124960078692
2516,0.0908469702479
2517,0.211156544894
2518,0.0531586591291
2519,0.146882637396
2520,0.561060711757
2521,0.367690709545
2522,0.401343491471
2523,0.513846476553
2524,0.460892032604
2525,0.234911874646
2526,0.557533644228
2527,0.766318046599
2528,0.571857112867
2529,0.357051537237
2530,0.381103225334
2531,0.718220706057
2532,0.591882342744
2533,0.725656795251
2534,0.666995341697
2535,0.611389664768
2536,0.606905722247
2537,0.729339752021
2538,0.614472529869
2539,0.712254227911
2540,0.644494705905
2541,0.554618045139
2542,0.529513498936
2543,0.532738890004
2544,0.0
2545,0.0
2546,0.0
2547,0.0
2548,0.0
2549,0.0
2550,0.0
2551,0.0
2552,0.0
2553,0.0
2554,0.0775491027295
2555,0.0
2556,0.0775491027295
2557,0.0
2558,0.820259925208
2559,0.679402280362
2560,0.609897847112
2561,0.381556159785
2562,0.651471680282
2563,0.504432690949
2564,0.263650976703
2565,0.740686881498
2566,0.310622648903
2567,0.795637604212
2568,0.664715915732
2569,0.784961373016
2570,0.647842881902
2571,0.635381396874
2572,0.713900748442
2573,0.623468377211
2574,0.56675081676
2575,0.826789162687
2576,0.653461349601
2577,0.556814195852
2578,0.624084005547
2579,0.317998482342
2580,0.382334862943
2581,0.431376104497
2582,0.105379631225
2583,0.378750608769
2584,0.242798553263
2585,0.222752063372
2586,0.553000025767
2587,0.64284731014
2588,0.535555026314
2589,0.634883887992
2590,0.547132096894
2591,0.46537529274
2592,0.492919413898
2593,0.339344039719
2594,0.457180727646
2595,0.322802280272
2596,0.352027078378
2597,0.343738215104
2598,0.217833536688
2599,0.168847286172
2600,0.220065533561
2601,0.248763650822
2602,0.199976768864
2603,0.233169856875
2604,0.457787158335
2605,0.0539766781841
2606,0.448148017003
2607,0.496039036148
2608,0.57722647133
2609,0.511308507921
2610,0.517449290722
2611,0.490228179621
2612,0.515676584686
2613,0.723899591688
2614,0.589920125077
2615,0.741007440483
2616,0.795839466578
2617,0.661781379194
2618,0.480387616005
2619,0.566618857153
2620,0.497506162153
2621,0.652530060602
2622,0.440284897277
2623,0.380814105355
2624,0.38951330564
2625,0.613500044891
2626,0.29883094642
2627,0.195549734904
2628,0.683158889764
2629,0.0
2630,0.733723583598
2631,0.460120788851
2632,0.537169176069
2633,0.461882675849
2634,0.564239492308
2635,0.265231724128
2636,0.0884049077916
2637,0.37919520625
2638,0.388600046594
2639,0.299619205151
2640,0.58586163348
2641,0.0956379755949
2642,0.534756698772
2643,0.0280001755013
2644,0.337269403354
2645,0.482079929429
2646,0.245354090732
2647,0.162186043243
2648,0.0
2649,0.301395800315
2650,0.08664339757
2651,0.144116415463
2652,0.247379363967
2653,0.152112717011
2654,0.0
2655,0.0
2656,0.106638027778
2657,0.141031341951
2658,0.0
2659,0.0990210257943
2660,0.0
2661,0.0
2662,0.692551456064
2663,0.766234839116
2664,0.847005082771
2665,0.807424681883
2666,0.681085011123
2667,0.753391168066
2668,0.725196536529
2669,0.731207607423
2670,0.575619853352
2671,0.673132544604
2672,0.324678775373
2673,0.585989425425
2674,0.348965085198
2675,0.132776341132
2676,0.722518605848
2677,0.0746408115359
2678,0.155634899084
2679,0.299319054115
2680,0.178321943425
2681,0.379760537604
2682,0.194099248707
2683,0.155262036482
2684,0.564633940094
2685,0.405157052613
2686,0.572714992805
2687,0.222986535615
2688,0.313544730142
