site,dnds
1,0.0
2,0.0
3,0.0
4,0.0
5,0.0
6,0.0
7,0.0
8,0.0
9,0.0
10,0.0
11,0.0
12,0.0
13,0.0
14,0.0
15,0.0
16,0.15578888217
17,0.328649806077
18,0.356231174777
19,0.0833436298387
20,0.429681554204
21,0.417207135453
22,0.531006602079
23,0.545146152563
24,0.242293928051
25,0.489341592186
26,0.65695787492
27,0.556908857575
28,0.682594137907
29,0.620742173929
30,0.302822655547
31,0.350158493678
32,0.578088083517
33,0.486855444179
34,0.55120436726
35,0.600851803547
36,0.0
37,0.47412698001
38,0.356001914792
39,0.0893416289361
40,0.746595850916
41,0.415151887807
42,0.316889875712
43,0.415122946881
44,0.110255818172
45,0.106316472082
46,0.352228863502
47,0.084744704238
48,0.13216111044
49,0.189183967226
50,0.553023845777
51,0.218018901207
52,0.227782660234
53,0.0263586388022
54,0.0688118594451
55,0.516638841816
56,0.017610833982
57,0.543135709806
58,0.331139290826
59,0.629093562555
60,0.312405810715
61,0.374539786824
62,0.140373833331
63,0.0903050921924
64,0.522845017828
65,0.223039073327
66,0.449454808263
67,0.52107799981
68,0.601587630419
69,0.300077401172
70,0.179461769865
71,0.600377505676
72,0.0
73,0.0823281905673
74,0.705743985323
75,0.685659855928
76,0.228072365483
77,0.535066638591
78,0.362644746721
79,0.628197107024
80,0.307773587187
81,0.413827256206
82,0.688892699263
83,0.510482324286
84,0.0
85,0.460052367449
86,0.330246737003
87,0.722511762155
88,0.383705595368
89,0.30683148571
90,0.431879877283
91,0.530300238795
92,0.647641654576
93,0.630357969979
94,0.726283126035
95,0.106638027778
96,0.0
97,0.747974452143
98,0.743299229016
99,0.695035392214
100,0.036866359447
101,0.124056400441
102,0.133915081577
103,0.0491454025845
104,0.066809366801
105,0.133303597186
106,0.0
107,0.0
108,0.0
109,0.0
110,0.0
111,0.0
112,0.0
113,0.0
114,0.0
115,0.0
116,0.0
117,0.0
118,0.0
119,0.0
120,0.0
121,0.0
122,0.0
123,0.0
124,0.0
125,0.0
126,0.0
127,0.0
128,0.0
129,0.0
130,0.0
131,0.0
132,0.0
133,0.0
134,0.0
135,0.0
136,0.0
137,0.0
138,0.0
139,0.0
140,0.0
141,0.0
142,0.0
143,0.0
144,0.0
145,0.0
146,0.0
147,0.0
148,0.0
149,0.0
150,0.0
151,0.650119286298
152,0.781967186913
153,0.707567976953
154,0.564327405271
155,0.490282935123
156,0.763335831976
157,0.0
158,0.0
159,0.0
160,0.0
161,0.516003823526
162,0.437253230014
163,0.252540107067
164,0.319635261696
165,0.103358134751
166,0.204125919183
167,0.119134843309
168,0.231387939404
169,0.208215174836
170,0.0869565217391
171,0.0
172,0.0680500880741
173,0.200211832703
174,0.336957378646
175,0.311305778298
176,0.510877533504
177,0.402868164233
178,0.110188347423
179,0.521524697069
180,0.298657325248
181,0.30779512927
182,0.140375052798
183,0.145989431842
184,0.51505222624
185,0.112955189748
186,0.66200752152
187,0.569664340391
188,0.388082619356
189,0.233754271248
190,0.465425164907
191,0.50327905258
192,0.118529475819
193,0.734990711428
194,0.601108076925
195,0.109442840561
196,0.414452378478
197,0.609616890694
198,0.606783836194
199,0.637090131247
200,0.284601557187
201,0.60094248859
202,0.65713736838
203,0.0
204,0.430744648501
205,0.542975367251
206,0.0
207,0.510435042058
208,0.255321346675
209,0.530220319031
210,0.339015832749
211,0.571016482152
212,0.760148767383
213,0.19090354889
214,0.0
215,0.0
216,0.0441048484733
217,0.409746350686
218,0.421192760568
219,0.434669608536
220,0.164085251671
221,0.643260811715
222,0.599049999032
223,0.701855611803
224,0.568619607186
225,0.00907607772006
226,0.460692532205
227,0.649424615648
228,0.487979940736
229,0.59326710796
230,0.518120817205
231,0.291459559427
232,0.572501207224
233,0.513910771341
234,0.0549960403293
235,0.525049027966
236,0.483556425017
237,0.643513199825
238,0.755069462435
239,0.52999494293
240,0.571887888593
241,0.424325042225
242,0.774137222625
243,0.568066574359
244,0.664395161952
245,0.137917519772
246,0.450347553707
247,0.815407624793
248,0.843915834344
249,0.0
250,0.27160300347
251,0.56059520382
252,0.762854018216
253,0.665419734232
254,0.677983892496
255,0.0
256,0.0
257,0.0
258,0.0
259,0.125
260,0.0990210257943
261,0.0
262,0.0
263,0.0
264,0.0
265,0.475302263769
266,0.413628830449
267,0.652370835433
268,0.557646443426
269,0.311684244904
270,0.250584672377
271,0.467778236269
272,0.555742318369
273,0.0047532048756
274,0.487773453417
275,0.280005442352
276,0.229249628902
277,0.283227107507
278,0.449835060738
279,0.51201414853
280,0.372329036478
281,0.489819327833
282,0.560047792896
283,0.534775135365
284,0.59725355235
285,0.433585631256
286,0.0
287,0.0501679748945
288,0.481179929337
289,0.254049989706
290,0.194940643236
291,0.324153977475
292,0.152260370526
293,0.0700598054629
294,0.0672619768572
295,0.0680500880741
296,0.367741821006
297,0.182564788926
298,0.273118312452
299,0.161292144063
300,0.0849826081216
301,0.475876247177
302,0.600107382974
303,0.596206319713
304,0.401338158677
305,0.0646650034007
306,0.45769895705
307,0.651907879968
308,0.0
309,0.0
310,0.0
311,0.0
312,0.0
313,0.468251317537
314,0.630943466252
315,0.58706121775
316,0.601974172539
317,0.350659971979
318,0.612853874222
319,0.247573511204
320,0.0836783866675
321,0.680706583953
322,0.668848776536
323,0.251161021504
324,0.373347913362
325,0.562970613354
326,0.501260711085
327,0.402436221489
328,0.421343372437
329,0.680811581695
330,0.311231507402
331,0.319462011323
332,0.1825336615
333,0.495221623412
334,0.246429839156
335,0.440226026195
336,0.261992405604
337,0.470816222551
338,0.0
339,0.186515777892
340,0.60784173402
341,0.111111111111
342,0.154032706791
343,0.457203242479
344,0.700722118174
345,0.660497845726
346,0.652699241616
347,0.110390842481
348,0.269695534616
349,0.12054733575
350,0.255768726932
351,0.252787137378
352,0.329674428494
353,0.395694178393
354,0.415989702389
355,0.235510377927
356,0.400860664141
357,0.125
358,0.0616130827164
359,0.581716290012
360,0.616252039694
361,0.68567141777
362,0.0
363,0.239548541016
364,0.600480388975
365,0.656831358006
366,0.283698821087
367,0.49792690545
368,0.580524330105
369,0.417549073757
370,0.0364633561082
371,0.378044576975
372,0.504188196413
373,0.255486480688
374,0.0498585339732
375,0.511837168273
376,0.462768616418
377,0.421277710413
378,0.475289146312
379,0.441715546561
380,0.598694338986
381,0.0
382,0.0
383,0.0
384,0.0
385,0.0
386,0.0
387,0.0
388,0.388516733697
389,0.496076897512
390,0.0
391,0.2341658496
392,0.383579705421
393,0.155371611512
394,0.145890183748
395,0.671056300084
396,0.590685389287
397,0.343387414306
398,0.59690159306
399,0.0772570187046
400,0.194679381093
401,0.327015794042
402,0.389379499158
403,0.520904929303
404,0.672321976442
405,0.672525816819
406,0.0
407,0.141031341951
408,0.139016608494
409,0.447885290475
410,0.346816210272
411,0.564297020499
412,0.635297062386
413,0.604944143831
414,0.535708866449
415,0.263231032009
416,0.375367856357
417,0.374533216833
418,0.387048143098
419,0.0547221458337
420,0.069314718056
421,0.133303597186
422,0.0
423,0.0
424,0.0701921195504
425,0.0
426,0.0
427,0.0
428,0.0
429,0.0
430,0.166666666667
431,0.0
432,0.169014084507
433,0.106638027778
434,0.0990210257943
435,0.0878889830934
436,0.0
437,0.0
438,0.098855694854
439,0.0
440,0.098855694854
441,0.0803862650245
442,0.0
443,0.141031341951
444,0.0
445,0.0
446,0.133303597186
447,0.0
448,0.0775491027295
449,0.119402985075
450,0.0
451,0.360159029306
452,0.205885006987
453,0.0702900855785
454,0.146155679658
455,0.695408770812
456,0.195316344354
457,0.28973047384
458,0.246852834918
459,0.137510980448
460,0.289465545086
461,0.159430932627
462,0.0533190138892
463,0.220791395476
464,0.115524530093
465,0.166666666667
466,0.0
467,0.435964981723
468,0.304369625709
469,0.166666666667
470,0.0716435505356
471,0.0
472,0.756063047125
473,0.791353197043
474,0.264350150063
475,0.537926864477
476,0.651913367049
477,0.639507628559
478,0.582651064384
479,0.525063277636
480,0.793990405078
481,0.640331721122
482,0.459496215129
483,0.300456937051
484,0.230050585657
485,0.204195890034
486,0.4208970393
487,0.662993379477
488,0.099173553719
489,0.0
490,0.0636347441368
491,0.0764429588102
492,0.645718455149
493,0.707024688991
494,0.475658505874
495,0.705319538629
496,0.501474857831
497,0.0863046217355
498,0.650073954406
499,0.652981759646
500,0.225352112676
501,0.166666666667
502,0.68169953106
503,0.494286138491
504,0.655024602706
505,0.449949256067
506,0.315061656698
507,0.360208237334
508,0.659722953195
509,0.383955914968
510,0.310073181278
511,0.582087038539
512,0.186439807797
513,0.503450487007
514,0.608710653892
515,0.605997164958
516,0.506008920271
517,0.598711664505
518,0.695174206144
519,0.520944732342
520,0.474754145905
521,0.36160444412
522,0.291243137539
523,0.0210855921997
524,0.146396650261
525,0.32371683001
526,0.653193224245
527,0.676226377218
528,0.449901158691
529,0.376475967918
530,0.54800418978
531,0.587736524693
532,0.499341975133
533,0.306546971662
534,0.0
535,0.0
536,0.0
537,0.0
538,0.0
539,0.0
540,0.0
541,0.0
542,0.0
543,0.0
544,0.0
545,0.0
546,0.0
547,0.0
548,0.0
549,0.0
550,0.0
551,0.0
552,0.455101110814
553,0.385643886349
554,0.0324185122719
555,0.398781742172
556,0.716080776
557,0.111741944668
558,0.0
559,0.475930603094
560,0.580308515225
561,0.471020124101
562,0.664740065804
563,0.628905746795
564,0.529992205731
565,0.408512496468
566,0.56534736342
567,0.684458440901
568,0.142812321547
569,0.436587031792
570,0.515761169995
571,0.530024555678
572,0.338904101035
573,0.525675762772
574,0.559450982415
575,0.387855173444
576,0.59455918968
577,0.327883449868
578,0.0
579,0.0
580,0.0
581,0.0
582,0.0
583,0.0
584,0.0
585,0.0
586,0.0
587,0.0
588,0.0
589,0.0
590,0.0
591,0.0
592,0.0
593,0.547488087386
594,0.170357262311
595,0.24066943455
596,0.583908626787
597,0.34948540312
598,0.456044178667
599,0.265145315747
600,0.526349079153
601,0.011948106786
602,0.50948427036
603,0.533898546474
604,0.430618540709
605,0.527460873037
606,0.521781530363
607,0.480661516126
608,0.249061304015
609,0.0568247735518
610,0.0686986641536
611,0.281771047866
612,0.431350479474
613,0.21754961293
614,0.318457351435
615,0.535092010182
616,0.671005993349
617,0.306817077777
618,0.321580185503
619,0.54382977983
620,0.627702169157
621,0.416575025091
622,0.129271087645
623,0.305130634154
624,0.311693311674
625,0.390863943712
626,0.0201577075353
627,0.340748314125
628,0.483926867273
629,0.121959484213
630,0.111453235723
631,0.451749416587
632,0.427684581643
633,0.328856426423
634,0.00954305741565
635,0.549924360891
636,0.471722950047
637,0.528907163986
638,0.270571308816
639,0.0319946193781
640,0.606001111847
641,0.563457311246
642,0.170600340185
643,0.522226622434
644,0.552980104174
645,0.157896344723
646,0.192980834875
647,0.644107505392
648,0.44541999968
649,0.281440967648
650,0.458042345852
651,0.632594586158
652,0.295911579454
653,0.22968876287
654,0.654006189024
655,0.660088240549
656,0.543494840659
657,0.338072665664
658,0.603397020911
659,0.59407627798
660,0.0
661,0.0
662,0.0
663,0.0
664,0.0
665,0.0
666,0.0
667,0.0
668,0.0
669,0.0
670,0.0
671,0.105622427514
672,0.310135411768
673,0.53460077742
674,0.0
675,0.0498787001058
676,0.162925746858
677,0.467769048671
678,0.522301687839
679,0.0608762089744
680,0.0875757656473
681,0.594748688488
682,0.491922998599
683,0.00853216378102
684,0.523021803871
685,0.0
686,0.450979576928
687,0.0
688,0.244040844747
689,0.542251430318
690,0.485710946438
691,0.24923341137
692,0.738188025842
693,0.582078928315
694,0.289217944316
695,0.0865476631612
696,0.0539352524504
697,0.0992527038587
698,0.00452510234822
699,0.311564409856
700,0.431445613015
701,0.186303554824
702,0.442908382189
703,0.352185005564
704,0.45822712122
705,0.149117324307
706,0.188383863182
707,0.662060885063
708,0.393815228758
709,0.197890845946
710,0.376777400317
711,0.463974726432
712,0.397293576102
713,0.0525049314187
714,0.548112645207
715,0.59185163315
716,0.170212765957
717,0.0
718,0.0
719,0.0
720,0.0
721,0.0
722,0.0
723,0.0
724,0.0
725,0.0
726,0.0
727,0.0
728,0.0
729,0.0
730,0.0
731,0.0
732,0.0
733,0.0
734,0.0
735,0.0
736,0.0
737,0.0
738,0.0
739,0.0
740,0.0
741,0.0
742,0.0
743,0.0
744,0.0
745,0.325356058399
746,0.580654952243
747,0.365126134152
748,0.236557967124
749,0.312518617469
750,0.146909342611
751,0.209251979037
752,0.603861310288
753,0.566310086526
754,0.39288316112
755,0.649000703323
756,0.249473356175
757,0.290692621924
758,0.43894371145
759,0.510498498516
760,0.0852668825482
761,0.636978933693
762,0.624697857244
763,0.352591310354
764,0.61614480778
765,0.6645338987
766,0.567550330311
767,0.242475990045
768,0.566713899559
769,0.616742959025
770,0.569419630277
771,0.578695625514
772,0.440421495816
773,0.532331716163
774,0.590360067777
775,0.0867325491054
776,0.266342785436
777,0.281314827615
778,0.35850087072
779,0.428359670909
780,0.178997255723
781,0.19696203022
782,0.140835049793
783,0.226992151055
784,0.438602812153
785,0.362994829684
786,0.0
787,0.0
788,0.579651051176
789,0.196073406507
790,0.0
791,0.234609306117
792,0.448339210642
793,0.101679482035
794,0.220007814419
795,0.208504164905
796,0.0706908992222
797,0.00476631048223
798,0.0
799,0.143375079124
800,0.0482362296067
801,0.263292220322
802,0.233149477892
803,0.552766120633
804,0.451311184158
805,0.00476631048223
806,0.354603746688
807,0.103975182496
808,0.166465207476
809,0.0
810,0.0
811,0.0
812,0.0
813,0.0
814,0.0
815,0.0
816,0.0
817,0.0
818,0.0
819,0.0
820,0.0
821,0.0
822,0.0
823,0.0
824,0.0
825,0.0
826,0.0
827,0.0
828,0.0
829,0.0
830,0.0
831,0.0
832,0.0
833,0.0147322054593
834,0.0
835,0.00804847009882
836,0.174279498627
837,0.035816514589
838,0.0168779599395
839,0.0258747504432
840,0.325639885963
841,0.197754457832
842,0.0666155379392
843,0.111782188561
844,0.0601646739003
845,0.298312948178
846,0.590538352794
847,0.629996666236
848,0.269361129187
849,0.14090112546
850,0.318915743128
851,0.13994414495
852,0.538849186235
853,0.00723805046091
854,0.131057228936
855,0.00661219950344
856,0.18528912442
857,0.14368554134
858,0.0
859,0.336411579198
860,0.0949861639594
861,0.166078068375
862,0.0116471117642
863,0.0
864,0.0108593143648
865,0.367709106499
866,0.152428450563
867,0.0
868,0.0950625602743
869,0.0292352870129
870,0.0
871,0.0207008107386
872,0.289430399725
873,0.0
874,0.237596889557
875,0.396100242555
876,0.207123011119
877,0.0588569336194
878,0.350336417666
879,0.507559556947
880,0.0
881,0.140130522168
882,0.32098970068
883,0.0
884,0.0
885,0.0
886,0.606211581924
887,0.0
888,0.0
889,0.0
890,0.0
891,0.0
892,0.0
893,0.0
894,0.0
895,0.325158462971
896,0.0
897,0.0
898,0.351155200514
899,0.449237807386
900,0.555322263325
901,0.120698084036
902,0.527027800414
903,0.528386497396
904,0.426088144796
905,0.0589686969079
906,0.651062466551
907,0.573559450706
908,0.272806673216
909,0.431239558684
910,0.461684446314
911,0.236098351752
912,0.49226551495
913,0.36070734329
914,0.535234314244
915,0.113090711154
916,0.0965001611561
917,0.332540960741
918,0.50294724777
919,0.244286790585
920,0.442747753335
921,0.100048972635
922,0.360116541252
923,0.0
924,0.0
925,0.0
926,0.0
927,0.0
928,0.0
929,0.0
930,0.0
931,0.0
932,0.0
933,0.0
934,0.0
935,0.0
936,0.0
937,0.490352204836
938,0.557726321303
939,0.0
940,0.0
941,0.0
942,0.0
943,0.0
944,0.0
945,0.270116589677
946,0.0
947,0.270173254643
948,0.0
949,0.0
950,0.0
951,0.0
952,0.660308255897
953,0.580942849093
954,0.342083496084
955,0.42750373267
956,0.355693378589
957,0.22374398437
958,0.507947323374
959,0.266666666667
960,0.28969519986
961,0.221007290955
962,0.473769733561
963,0.189040140153
964,0.406215085212
965,0.123241682825
966,0.0186703417782
967,0.565771016535
968,0.420972484504
969,0.0207321139004
970,0.327670169164
971,0.0221922009531
972,0.0
973,0.0183029202067
974,0.109455307069
975,0.161806154693
976,0.0
977,0.147783586224
978,0.102991055143
979,0.0
980,0.370465320185
981,0.562279266253
982,0.395854044392
983,0.126501013402
984,0.273433548014
985,0.601703155904
986,0.0638977064956
987,0.15070143181
988,0.522578085735
989,0.591861052065
990,0.350127272345
991,0.515008450289
992,0.0
993,0.0
994,0.213121211552
995,0.506582443482
996,0.543173818639
997,0.381175313663
998,0.352579735491
999,0.0677200429315
1000,0.355832957417
1001,0.393156207916
1002,0.0
1003,0.0
1004,0.0
1005,0.0
1006,0.0
1007,0.0
1008,0.0
1009,0.0
1010,0.260234931807
1011,0.0
1012,0.0
1013,0.201334398509
1014,0.0964635180294
1015,0.289501773779
1016,0.458067673691
1017,0.567421085977
1018,0.268617831574
1019,0.0
1020,0.0990210257943
1021,0.0
1022,0.213091151706
1023,0.106638027778
1024,0.0922664026551
1025,0.425442794624
1026,0.598908878929
1027,0.244898327031
1028,0.495232543378
1029,0.510019953946
1030,0.0610591020474
1031,0.105263157895
1032,0.179777136943
1033,0.266989979923
1034,0.436451265781
1035,0.294583983283
1036,0.374836324936
1037,0.0
1038,0.0
1039,0.0
1040,0.0
1041,0.0
1042,0.1087289695
1043,0.241150776712
1044,0.475900372919
1045,0.192964050266
1046,0.24238241639
1047,0.206254050255
1048,0.463954357107
1049,0.20056244978
1050,0.245833225538
1051,0.0
1052,0.0
1053,0.0
1054,0.0
1055,0.0
1056,0.0
1057,0.0
1058,0.0
1059,0.0
1060,0.0
1061,0.0
1062,0.0
1063,0.0
1064,0.0
1065,0.387707740751
1066,0.186250898518
1067,0.376349077179
1068,0.586741704271
1069,0.0469307453834
1070,0.26091801472
1071,0.153819762646
1072,0.0302234809254
1073,0.522071212486
1074,0.211773684166
1075,0.11683128133
1076,0.191752188135
1077,0.196348223716
1078,0.0
1079,0.383051058751
1080,0.0180044236452
1081,0.194701354251
1082,0.546521245003
1083,0.434999251684
1084,0.602599023836
1085,0.199103360065
1086,0.319317503193
1087,0.261325670207
1088,0.536796092857
1089,0.460183545768
1090,0.615820155839
1091,0.537084032483
1092,0.472790527259
1093,0.448420799587
1094,0.587633275356
1095,0.378067295589
1096,0.106765353941
1097,0.222769701564
1098,0.0
1099,0.120649426238
1100,0.0663895007474
1101,0.461058886523
1102,0.548568561411
1103,0.225366294701
1104,0.0147983229331
1105,0.0
1106,0.0
1107,0.254409697426
1108,0.393777936475
1109,0.123758578926
1110,0.504578433433
1111,0.477368469472
1112,0.453182038985
1113,0.0508975596874
1114,0.473130706256
1115,0.530312548605
1116,0.480704611371
1117,0.0111404104413
1118,0.296938099234
1119,0.519165057486
1120,0.311132912716
1121,0.0822178560445
1122,0.520239257006
1123,0.14288761486
1124,0.45537350411
1125,0.475078610805
1126,0.289904664421
1127,0.170537004788
1128,0.500782035718
1129,0.0876839865967
1130,0.259381870532
1131,0.504369915177
1132,0.469236590761
1133,0.271642344909
1134,0.0
1135,0.653951193789
1136,0.552982809637
1137,0.164819813319
1138,0.0551689281786
1139,0.465440535678
1140,0.229338933028
1141,0.0
