site,dnds
1,0.0
2,0.0
3,0.244136064148
4,0.0
5,0.0
6,0.1466065171
7,0.0
8,0.0
9,0.0
10,0.0
11,0.157351677855
12,0.122804304253
13,0.273443622186
14,0.494977841535
15,0.621464738634
16,0.440078689218
17,0.311068539025
18,0.311458282652
19,0.531856792489
20,0.476658364212
21,0.624593649559
22,0.669154899171
23,0.611974115216
24,0.563168864003
25,0.309649198014
26,0.542427939732
27,0.396310444127
28,0.673398991701
29,0.44716719411
30,0.254538801
31,0.411300970594
32,0.284261392416
33,0.0141541168052
34,0.287575396752
35,0.295947498751
36,0.623954470255
37,0.367662952497
38,0.0155902755415
39,0.145875915505
40,0.390002174772
41,0.14344061758
42,0.573470893686
43,0.524109384365
44,0.417295984374
45,0.254706304557
46,0.0111236326036
47,0.0134646262241
48,0.714951271406
49,0.278030527926
50,0.671460281505
51,0.589095820439
52,0.56902865035
53,0.0
54,0.0
55,0.0
56,0.0
57,0.0
58,0.0
59,0.0
60,0.0
61,0.0860583798717
62,0.243743220111
63,0.209918572412
64,0.488448464587
65,0.29009417739
66,0.419310833156
67,0.622037815335
68,0.626255326077
69,0.339129213878
70,0.391147001682
71,0.704388201754
72,0.278116179616
73,0.0915464761723
74,0.624601932834
75,0.551261374967
76,0.192742763018
77,0.353150675953
78,0.649374454698
79,0.726405712181
80,0.249349415203
81,0.0
82,0.613839526884
83,0.0
84,0.0
85,0.0
86,0.0
87,0.0
88,0.0
89,0.0
90,0.0
91,0.0
92,0.0
93,0.73914237449
94,0.678143763722
95,0.268355892683
96,0.116717720378
97,0.402753714937
98,0.0
99,0.0
100,0.0
101,0.0
102,0.0
103,0.376385440208
104,0.597507928855
105,0.274842098595
106,0.415023765846
107,0.408795044109
108,0.208720159908
109,0.0231779396927
110,0.208349195376
111,0.0804538817293
112,0.0
113,0.0111351666666
114,0.539582043397
115,0.575065652433
116,0.290561268724
117,0.0429387034441
118,0.474378369999
119,0.603379184895
120,0.18401951528
121,0.345946782789
122,0.511123321109
123,0.0
124,0.349236759112
125,0.534996534301
126,0.334700396261
127,0.577461948616
128,0.591506421946
129,0.528019459297
130,0.388441238511
131,0.52696238171
132,0.538431648157
133,0.687830138568
134,0.675901171216
135,0.215827051241
136,0.321345457194
137,0.349468296379
138,0.597656662056
139,0.585212760966
140,0.391158883217
141,0.16133559206
142,0.567689059485
143,0.57998811597
144,0.395447222134
145,0.289465306808
146,0.327432013392
147,0.59051015364
148,0.547210683517
149,0.517485729219
150,0.38670122453
151,0.773602428773
152,0.611114734426
153,0.394025228646
154,0.337554137411
155,0.658039031373
156,0.531108308159
157,0.653340991993
158,0.165297527856
159,0.165128397606
160,0.261809805494
161,0.618261587342
162,0.138003737226
163,0.387488916068
164,0.821913498525
165,0.639697213234
166,0.308414112527
167,0.53566877866
168,0.379685205176
169,0.0
170,0.0
171,0.154032706791
172,0.0571667777781
173,0.407444955302
174,0.219386065091
175,0.670154654972
176,0.00475715600185
177,0.234459244981
178,0.160112476722
179,0.0160967210398
180,0.572705337669
181,0.227794105425
182,0.316034938821
183,0.0
184,0.341332717683
185,0.196009843151
186,0.261920918356
187,0.528227121712
188,0.460741906956
189,0.576815137597
190,0.756932187057
191,0.670552357833
192,0.350208663342
193,0.189578716051
194,0.17175687133
195,0.152841379496
196,0.0
197,0.194473056598
198,0.273731877195
199,0.150007769517
200,0.08664339757
201,0.289247801348
202,0.0666666666667
203,0.0
204,0.249545266269
205,0.0
206,0.740972164058
207,0.205010967874
208,0.125533995252
209,0.338028169014
210,0.10980549395
211,0.083889332712
212,0.13283773947
213,0.241650061886
214,0.0935894927338
215,0.0
216,0.0
217,0.599587927998
218,0.631413877389
219,0.262765970388
220,0.266648948309
221,0.339227375187
222,0.0644788074939
223,0.0661962605157
224,0.192185153433
225,0.428632267483
226,0.461762841679
227,0.142530280045
228,0.338698072912
229,0.209957900406
230,0.0
231,0.287819174763
232,0.251231648446
233,0.179995809466
234,0.420106635913
235,0.521502786391
236,0.519330676286
237,0.170466616397
238,0.284823812945
239,0.196085746672
240,0.29161313459
241,0.306982883949
242,0.285164004523
243,0.385621684665
244,0.29458670818
245,0.01975702107
246,0.031908197087
247,0.254578835765
248,0.546661011398
249,0.238793713498
250,0.0142793711459
251,0.477314475392
252,0.265968733743
253,0.395950919686
254,0.610797951542
255,0.513754939973
256,0.134274969649
257,0.312714027595
258,0.472705496538
259,0.458071306065
260,0.548216261851
261,0.0
262,0.0
263,0.0
264,0.0
265,0.0
266,0.0
267,0.0
268,0.195842700023
269,0.455949258199
270,0.555370769678
271,0.652822465952
272,0.684980070742
273,0.636977306209
274,0.615745788087
275,0.491559844133
276,0.607844761182
277,0.577133941347
278,0.27858195515
279,0.369283610704
280,0.559802348365
281,0.653300671715
282,0.643263708782
283,0.818008440133
284,0.558892368518
285,0.357785933826
286,0.536435747209
287,0.33359747294
288,0.594686627902
289,0.741211186411
290,0.700020490697
291,0.343231781918
292,0.573432453406
293,0.497264301738
294,0.17514763421
295,0.0563974758431
296,0.594832408499
297,0.546680002941
298,0.0196889170098
299,0.639959639495
300,0.733583861752
301,0.460917242241
302,0.0335038849113
303,0.673237449564
304,0.651592318981
305,0.0
306,0.533340373375
307,0.028311265307
308,0.0587163792753
309,0.694391515822
310,0.558402760927
311,0.400450364842
312,0.65030511779
313,0.670444934726
314,0.0
315,0.0
316,0.0
317,0.0145434162967
318,0.131530180102
319,0.438181102875
320,0.37984450389
321,0.595329475716
322,0.416748469663
323,0.218993764449
324,0.462955005016
325,0.459281694728
326,0.280572511055
327,0.48233772042
328,0.541355445265
329,0.627425415537
330,0.263249852606
331,0.580517338404
332,0.31845809903
333,0.315048746947
334,0.14119596391
335,0.112970489576
336,0.116927704478
337,0.154386454329
338,0.174515256775
339,0.270993483348
340,0.0
