site,dnds
1,0.0
2,0.0
3,0.139016608494
4,0.229044134308
5,0.393706202296
6,0.03543597822
7,0.165668421578
8,0.35219333319
9,0.379141953749
10,0.372810131174
11,0.0651022266131
12,0.0
13,0.390148926794
14,0.68036801147
15,0.591515023013
16,0.395111963121
17,0.653592676436
18,0.0
19,0.0
20,0.244136064148
21,0.0
22,0.0
23,0.487048425387
24,0.774631629788
25,0.595822392909
26,0.12894035267
27,0.752705873542
28,0.800914316046
29,0.371169160731
30,0.645787768561
31,0.675571270294
32,0.664661859508
33,0.268417661634
34,0.0
35,0.61509964067
36,0.619241417796
37,0.627692642113
38,0.0745094844083
39,0.0
40,0.0
41,0.0
42,0.0
43,0.0
44,0.208520678638
45,0.320567274212
46,0.511742145446
47,0.301043709949
48,0.43254994434
49,0.106317318258
50,0.313889225334
51,0.571760918936
52,0.397455585291
53,0.46516920151
54,0.570498851246
55,0.576362279098
56,0.400449227198
57,0.26864479861
58,0.0
59,0.0
60,0.244136064148
61,0.0
62,0.527236055142
63,0.444710442341
64,0.652381359038
65,0.50322395179
66,0.430751087814
67,0.416282196577
68,0.309066873373
69,0.188678929509
70,0.0680500880741
71,0.170212765957
72,0.244136064148
73,0.492048718449
74,0.450844684475
75,0.477570895754
76,0.722988334385
77,0.395364023984
78,0.605721228879
79,0.553630014684
80,0.677750032909
81,0.576058063932
82,0.647581245223
83,0.604908744334
84,0.634058083869
85,0.727658488787
86,0.49857544884
87,0.719335935447
88,0.758460316977
89,0.631208365999
90,0.386956015165
91,0.319682158859
92,0.679396496882
93,0.65299483068
94,0.389228248055
95,0.704406231904
96,0.674960560469
97,0.524757621018
98,0.392520661049
99,0.533891059126
100,0.622665451192
101,0.407393178616
102,0.0445383360271
103,0.456291505928
104,0.632511841504
105,0.553948609815
106,0.0
107,0.142857142857
108,0.0
109,0.0
110,0.0
111,0.123076923077
112,0.377042882765
113,0.480222123093
114,0.727617242914
115,0.335379029701
116,0.0849835623675
117,0.61238091235
118,0.0593844480361
119,0.1263858107
120,0.125533995252
121,0.190476190476
122,0.0
123,0.653140581702
124,0.43129887607
125,0.375344577288
126,0.28289705482
127,0.517701511912
128,0.214100653407
129,0.224142085586
130,0.0502941731438
131,0.0
132,0.160636371834
133,0.0
134,0.0
135,0.128544644191
136,0.547722549119
137,0.528296459648
138,0.581647627195
139,0.212204375675
140,0.366432588968
141,0.181639998461
142,0.0448413179048
143,0.254084072371
144,0.502411967919
145,0.0
146,0.0
147,0.462501055721
148,0.637551988186
149,0.554522994136
150,0.494562100674
151,0.236131883228
152,0.230467015711
153,0.29319086437
154,0.387612520982
155,0.329280026123
156,0.0
157,0.0
158,0.630142513752
159,0.138629436112
160,0.315607338812
161,0.341870555484
162,0.213799582305
163,0.0252053520204
164,0.166347852431
165,0.316114913302
166,0.737920508052
167,0.393539168448
168,0.632144731146
169,0.57444953141
170,0.25586571914
171,0.606645742369
172,0.607130872587
173,0.525851390615
174,0.256578251264
175,0.329142742806
176,0.390886149384
177,0.287953543902
178,0.0
179,0.0
180,0.0
181,0.0
182,0.0
183,0.0
184,0.492850167946
185,0.290043378196
186,0.233971195238
187,0.0
188,0.523950361909
189,0.022451241695
190,0.27915353103
191,0.0
192,0.0
193,0.0
194,0.139016608494
195,0.299082343604
196,0.323646620044
197,0.254925544843
198,0.21043876841
199,0.0395378070908
200,0.0718112154633
201,0.102396622747
202,0.363282344357
203,0.332343326478
204,0.174122136445
205,0.398594293448
206,0.0
207,0.0
208,0.0
209,0.138629436112
210,0.408474011333
211,0.660317701854
212,0.659744134734
213,0.388736821175
214,0.534798003363
215,0.603111184741
216,0.708829056147
217,0.566891391991
218,0.367483242068
219,0.766903840516
220,0.655909185716
221,0.597378580026
222,0.748400644176
223,0.668783613361
224,0.363535136166
225,0.229318683128
226,0.398233586714
227,0.378746243082
228,0.371949701827
229,0.0
230,0.610675533136
231,0.77210778668
232,0.533512675595
233,0.702528403193
234,0.688773478138
235,0.734489191973
236,0.732549039064
237,0.773034506794
238,0.686367679394
239,0.72510817528
240,0.818443023978
241,0.817504660035
242,0.732303116181
243,0.673283726332
244,0.644411712901
245,0.425011703372
246,0.462722083007
247,0.741472401853
248,0.269783060621
249,0.124385146229
250,0.669955927084
251,0.599844951052
252,0.0
253,0.0
254,0.0
255,0.0
256,0.0
257,0.0
258,0.0
259,0.0867325491054
260,0.427646965878
261,0.243748665093
262,0.305519055582
263,0.203167107959
264,0.226776059948
265,0.288210228824
266,0.330680567561
267,0.655324347015
268,0.386053721196
269,0.477731460259
270,0.536557246594
271,0.619353550716
272,0.0
273,0.0
274,0.3432178891
275,0.468680005261
276,0.655111485513
277,0.527118211948
278,0.546746003865
279,0.408195939352
280,0.579136604946
281,0.637383102907
282,0.3957535254
283,0.567513187082
284,0.278938175326
285,0.0469864522963
286,0.0167727066972
287,0.277351367233
288,0.0570123204703
289,0.380113820406
290,0.334993866848
291,0.186148247136
292,0.198086923445
293,0.0777722227071
294,0.377560160496
295,0.535376979326
296,0.444141540136
297,0.712961382688
298,0.0
299,0.121639532432
300,0.478297442059
301,0.196752187358
302,0.359032182706
303,0.443183766093
304,0.152691710085
305,0.270810544584
306,0.301505278462
307,0.385269551423
308,0.447732535005
309,0.201028169094
310,0.288002246756
311,0.524642538024
312,0.0413846645753
313,0.137293587605
314,0.0667363872057
315,0.0
316,0.0
317,0.337411347887
318,0.391805014305
319,0.298048627545
320,0.157010755343
321,0.0226205965931
322,0.0
323,0.215664144753
324,0.159901095588
325,0.703984300463
326,0.596457976349
327,0.624384891718
328,0.523734481142
329,0.588778104964
330,0.585544716218
331,0.546792793554
332,0.521023754566
333,0.48095393047
334,0.613901408417
335,0.355889712029
336,0.535167277373
337,0.411396876138
338,0.225150223313
339,0.730222872074
340,0.486425188804
341,0.0793423824998
342,0.667675891593
343,0.409789030613
344,0.795254050082
345,0.508352865869
346,0.353661452505
347,0.554942078825
348,0.363449627286
349,0.519303023735
350,0.278242872276
351,0.670578939783
352,0.777389510973
353,0.0348686352638
354,0.644304116602
355,0.517710945709
356,0.337824547351
357,0.655144315356
358,0.0244501712697
359,0.628567677526
360,0.665407816526
361,0.563879511696
362,0.517777359643
363,0.702717577658
364,0.613036277281
365,0.0
366,0.0
367,0.0
368,0.0
369,0.0
370,0.0
371,0.0
372,0.0
373,0.0
374,0.0
375,0.0
376,0.0
377,0.0
378,0.0
379,0.0
380,0.0
381,0.726242040716
382,0.543721298616
383,0.265275192927
384,0.383914007004
385,0.440414876993
386,0.418665667073
387,0.534995744717
388,0.651889844541
389,0.627063361094
390,0.37614707842
391,0.281116969124
392,0.472276764942
393,0.754914368971
394,0.46142167382
395,0.596838116519
396,0.220157975014
397,0.405254383687
398,0.75914117801
399,0.510469000826
400,0.663600125465
401,0.0
402,0.24125689499
403,0.651201584215
404,0.143154011065
405,0.336823490795
406,0.672994575955
407,0.202014870586
408,0.686817777596
409,0.702918870547
410,0.588366410314
411,0.243279070672
412,0.0
413,0.147871398519
414,0.0
415,0.0
416,0.812703501252
417,0.518817867997
418,0.421999918516
419,0.589431301777
420,0.159489722471
421,0.695395939102
422,0.295797973714
423,0.671693791823
424,0.796955947154
425,0.358415075159
426,0.664401939713
427,0.717676564816
428,0.631436569656
429,0.302162993279
430,0.570554355377
431,0.57204219114
432,0.507896398142
433,0.131194715247
434,0.623746016718
435,0.700373285249
436,0.540206641928
437,0.768264185075
438,0.394085404848
439,0.331670463783
440,0.631192676919
441,0.229039937924
442,0.498680128054
443,0.399502180542
444,0.438117292067
445,0.221611583757
