site,dnds
1,0.167777044488
2,0.238575133787
3,0.368705444898
4,0.608365821798
5,0.279459562875
6,0.477612941864
7,0.253357587603
8,0.0660091943301
9,0.449446936053
10,0.384778426674
11,0.214379975543
12,0.052938070737
13,0.368863706281
14,0.283916611475
15,0.571618433488
16,0.709457381618
17,0.201047537727
18,0.206115129965
19,0.292449463005
20,0.409221916605
21,0.554653604957
22,0.582579624693
23,0.522474917622
24,0.583460353017
25,0.0
26,0.0
27,0.0
28,0.561887892422
29,0.605959675288
30,0.714766449034
31,0.294262208982
32,0.0
33,0.195654806551
34,0.0
35,0.693392989966
36,0.0
37,0.198504085672
38,0.0802403235582
39,0.248125261376
40,0.0
41,0.54956054016
42,0.558849868597
43,0.385719768626
44,0.0
45,0.655595244872
46,0.427022771683
47,0.3176106338
48,0.743269875568
49,0.484123408102
50,0.657649951516
51,0.609751447394
52,0.146199917437
53,0.24079067363
54,0.611211823441
55,0.00978639945889
56,0.0472154376755
57,0.534891642215
58,0.547820091779
59,0.0864910058592
60,0.0365635183138
61,0.0211574396491
62,0.339201718608
63,0.187479320953
64,0.398237832619
65,0.500531218204
66,0.0
67,0.0
68,0.496901458263
69,0.697863207244
70,0.0
71,0.495746985753
72,0.227475188625
73,0.41839668113
74,0.466837532391
75,0.333659897876
76,0.0
77,0.549095967072
78,0.2908860309
79,0.585719553756
80,0.477647565152
81,0.46062093177
82,0.611351894743
83,0.0308811057183
84,0.15887944396
85,0.54059249589
86,0.21657751845
87,0.437679484975
88,0.498065567289
89,0.694282908177
90,0.710420730138
91,0.113017500463
92,0.135909022228
93,0.232854612245
94,0.415039021881
95,0.269215319829
96,0.118085486046
97,0.249175120382
98,0.596500559462
99,0.0849159338826
100,0.673274229572
101,0.468672980512
102,0.710331686636
103,0.356257125176
104,0.661589977708
105,0.428275409011
106,0.175179797099
107,0.452035800212
108,0.0031219817541
109,0.500911740206
110,0.37572713028
111,0.375813647011
112,0.473628655289
113,0.118469105985
114,0.444472281801
115,0.396557847794
116,0.441146232491
117,0.0
118,0.0
119,0.0
120,0.0
121,0.0
122,0.0869493270093
123,0.546729079164
124,0.349799025263
125,0.27482696441
126,0.407320235935
127,0.0
128,0.63335699932
129,0.00647670443126
130,0.0
131,0.0
132,0.550623913548
133,0.480588243484
134,0.550592955126
135,0.734760457354
136,0.653653932592
137,0.497128782802
138,0.4113537102
139,0.550149109013
140,0.212406854398
141,0.345439846684
142,0.233046922669
143,0.220541131976
144,0.0
145,0.341506685235
146,0.243898439031
147,0.489699284863
148,0.319363289138
149,0.373416600233
150,0.30613064137
151,0.405636992872
152,0.0760115196067
153,0.314107885039
154,0.235736440177
155,0.536704986047
156,0.10818977517
157,0.250113540146
158,0.216389728588
159,0.256603439057
160,0.0
161,0.0328809931183
162,0.0172790703998
163,0.286726810647
164,0.10342241121
165,0.52458562314
166,0.385843103304
167,0.305134704319
