site,dnds
1,0.0
2,0.00403862783326
3,0.141104782883
4,0.00962716853713
5,0.00943332662306
6,0.0232185924409
7,0.0537164791351
8,0.0023836131785
9,0.00334803394988
10,0.011173743639
11,0.0754148670291
12,0.0142167806592
13,0.0496028892155
14,0.0123392700699
15,0.017878962023
16,0.0469386757555
17,0.00206460083659
18,0.00301885645377
19,0.00223395395489
20,0.00903485920296
21,0.0
22,0.00380705345812
23,0.000821397544141
24,0.00223139325686
25,0.0
26,0.0
27,0.00167270171233
28,0.0
29,0.00204434209476
30,0.0
31,0.0
32,0.0
33,0.00383183826872
34,0.0
35,0.0
36,0.00383183826872
37,0.00614871227559
38,0.00381964330142
39,0.00134760721032
40,0.0
41,0.0
42,0.00222843132033
43,0.0
44,0.0
45,0.0030129741201
46,0.00182827185561
47,0.00758767554655
48,0.00167132349024
49,0.00291994586106
50,0.0
51,0.0
52,0.120822819472
53,0.0938948112669
54,0.0
55,0.00422771733995
56,0.0
57,0.00134760721032
58,0.0
59,0.0
60,0.0583273257558
61,0.00291994586106
62,0.00733420619418
63,0.0
64,0.0748898926281
65,0.00222843132033
66,0.0
67,0.00520031274693
68,0.023406821303
69,0.0
70,0.0
71,0.0271963192371
72,0.0
73,0.0129540750109
74,0.0434473300244
75,0.0
76,0.0
77,0.00080043738021
78,0.0170887555347
79,0.0
80,0.0
81,0.0
82,0.0
83,0.00613007269776
84,0.0
85,0.0204164227946
86,0.030129300975
87,0.0
88,0.0752240362135
89,0.0387973748726
90,0.0173467528931
91,0.0259073476614
92,0.0054179400441
93,0.0
94,0.00182884201757
95,0.00222771730837
96,0.00772049230694
97,0.0763981042635
98,0.0320393357856
99,0.151695046797
100,0.00904529733552
101,0.0152105758331
102,0.0249722708764
103,0.0453154779404
104,0.0
105,0.0
106,0.00222843132033
107,0.0
108,0.0
109,0.0
110,0.0
111,0.199641400876
112,0.0
113,0.0166010746416
114,0.0105219162887
115,0.0
116,0.00437074056967
117,0.0
118,0.0
119,0.00728198775716
120,0.0
121,0.0106223762309
122,0.0
123,0.00736451540034
124,0.0
125,0.0164859930029
126,0.0
127,0.00511198624382
128,0.00193500643114
129,0.0107643509643
130,0.00351645359033
131,0.0
132,0.0
133,0.00853913112379
134,0.0
135,0.0
136,0.00191008398885
137,0.102544291426
138,0.0178067750966
139,0.00204267421656
140,0.0
141,0.00586769345642
142,0.0401680139048
143,0.0016717253473
144,0.0120587934156
145,0.0211036596234
146,0.013526391064
147,0.0269646868368
148,0.0
149,0.00563763405351
150,0.101158078372
151,0.0131264717154
152,0.0163867725219
153,0.0
154,0.0133873625686
155,0.0123269852543
156,0.0314196188916
157,0.0
158,0.160121694728
159,0.0352521151885
160,0.0010213769239
161,0.0
162,0.0
163,0.0716794690207
164,0.0
165,0.0
166,0.0228380310118
167,0.0
168,0.0
169,0.0
170,0.108049317695
171,0.00134761651689
172,0.0137964244715
173,0.00119654868323
174,0.012441851137
175,0.0
176,0.0
177,0.0472846929098
178,0.00904247610354
179,0.0155357202988
180,0.0767087414615
181,0.00182827185561
182,0.0
183,0.143005862758
184,0.000918831347689
185,0.0316177687722
186,0.00348055341769
187,0.0403036192727
188,0.0
189,0.00572867599212
190,0.00605833202648
191,0.0
192,0.0047897982272
193,0.0262919237574
194,0.0
195,0.0023252224303
196,0.0151766177214
197,0.0
198,0.024814538355
199,0.0015717954435
200,0.0653934549679
201,0.0371509394581
202,0.0568734638984
203,0.101647299696
204,0.0978744414723
205,0.00104998477127
206,0.184421713057
207,0.125402977174
208,0.0935722864704
209,0.0
210,0.0412217488441
211,0.0809761284371
212,0.0155872003131
213,0.0124269801409
214,0.00563695645327
215,0.00785348315619
216,0.00941336577111
217,0.0126363878793
218,0.0
219,0.0464723159728
220,0.00182827185561
221,0.00795956824606
222,0.00964658320688
223,0.0
224,0.0229297487275
225,0.0104274360957
226,0.0889019899151
227,0.0
228,0.0234742851771
229,0.00346387036147
230,0.0
231,0.00993767210457
232,0.0325750137427
233,0.0142527852698
234,0.0
235,0.00157196338382
236,0.0
237,0.00817679629538
238,0.00198970854994
239,0.0346015861657
240,0.00344342765937
241,0.0203245329973
242,0.0
243,0.0
244,0.0355808191797
245,0.00559543546365
246,0.0
247,0.00424208923372
248,0.0
249,0.00454336975811
250,0.00291994586106
251,0.0213935893152
252,0.00535182661412
253,0.00405956207429
254,0.0287115142411
255,0.00609997329082
256,0.00784474807736
257,0.00353683938407
258,0.0296858950205
259,0.00360723842541
260,0.00191008398885
261,0.00418951536873
262,0.0
263,0.0
264,0.0
265,0.0
266,0.0
267,0.0232061546305
268,0.00291414430103
269,0.0
270,0.0
271,0.0116386666588
272,0.00996054928494
273,0.0
274,0.110506493793
275,0.134312404642
276,0.0
277,0.0
278,0.00996054928494
279,0.0185437866289
280,0.0174805496048
281,0.00820127540007
282,0.00702188153585
283,0.0257396713492
284,0.014422489132
285,0.00378661186422
286,0.00246234849623
287,0.00140124766622
288,0.000700559604307
289,0.135884500795
290,0.0
291,0.0209389363887
292,0.0168812786127
293,0.0637734593017
294,0.0101019530332
295,0.0
296,0.0
297,0.0
298,0.080244468236
299,0.17704365937
300,0.0
301,0.0136855313131
302,0.0301432894781
303,0.00804166050943
304,0.00190982165071
305,0.0
306,0.0
307,0.0
308,0.0275438783238
309,0.0
310,0.0039297662182
311,0.00853913112379
312,0.0
313,0.0214803889358
314,0.0032309506574
315,0.00614871227559
316,0.0
317,0.0
318,0.0
319,0.0
320,0.0182708756097
321,0.0
322,0.0
323,0.0106440859075
324,0.00477676174131
325,0.0
326,0.00246030155938
327,0.00105002083463
328,0.0
329,0.0
330,0.00455668640006
331,0.00326269304239
332,0.00213648051168
333,0.0141071396751
334,0.0
335,0.128777608035
336,0.00134760721032
337,0.0
338,0.00398093752021
339,0.00387655559995
340,0.0545504441123
341,0.00200766747044
342,0.0
343,0.00229001139699
344,0.0
345,0.000644950449459
346,0.0168263872262
347,0.00200766747044
348,0.00204267421656
349,0.00760140998422
350,0.00104998477127
351,0.00548578042202
352,0.0
353,0.0
354,0.00614871227559
355,0.00487311732842
356,0.0
357,0.0
358,0.00149174092541
359,0.0
360,0.0
361,0.0
362,0.00322623254837
363,0.0
364,0.00209485520301
365,0.0
366,0.0
367,0.00620468023324
368,0.0
369,0.000622681224613
370,0.0907145450636
371,0.0
372,0.0
373,0.0
374,0.0
375,0.0
376,0.0
377,0.00334304878924
378,0.0
379,0.0
380,0.0
381,0.00191047703647
382,0.00191008398885
383,0.0
384,0.00396781604016
385,0.00209450502454
386,0.0
387,0.0
388,0.0
389,0.0
390,0.0212667762929
391,0.00437566511907
392,0.0
393,0.0
394,0.0
395,0.00193519603357
396,0.00222843132033
397,0.0
398,0.0393718971707
399,0.00628422840972
400,0.00269952592768
401,0.0
402,0.00883652286963
403,0.0
404,0.00178798861737
405,0.00167132349024
406,0.0054179400441
407,0.0368967249879
408,0.00149174092541
409,0.0100545581136
410,0.0
411,0.0
412,0.0
413,0.00620468023324
414,0.0
415,0.0
416,0.0
417,0.0
418,0.0
419,0.00372980907144
420,0.00104998477127
421,0.00334159104612
422,0.00193500643114
423,0.0185335439353
424,0.022060693316
425,0.0
426,0.0
427,0.0157815308621
428,0.0
429,0.0142391791509
430,0.00191008398885
431,0.00748748831853
432,0.0
433,0.00476125339137
434,0.0123030018389
435,0.000737058801568
436,0.00235794507573
437,0.0
438,0.0
439,0.00209485520301
440,0.0
441,0.150755280948
442,0.0
443,0.0462262742409
444,0.0
445,0.0
446,0.0
447,0.0
448,0.0
449,0.0
450,0.00362309223981
451,0.0
452,0.00213648051168
453,0.0
454,0.0
455,0.0
456,0.0
457,0.00483430331604
458,0.0
459,0.0043639416248
460,0.0
461,0.00334353436119
462,0.0123677188612
463,0.0
464,0.0103474274787
465,0.000722809618403
466,0.00244899778577
467,0.00786693436301
468,0.00455668640006
469,0.00880058197231
470,0.0
471,0.0
472,0.00572867599212
473,0.0
474,0.0
475,0.00527702387276
476,0.106080603229
477,0.0
478,0.0
479,0.00593566755598
480,0.0
481,0.0
482,0.0
483,0.0
484,0.0
485,0.00322623254837
486,0.0
487,0.0030129741201
488,0.00445894134646
489,0.0
490,0.000644950449459
491,0.0
492,0.00193663812427
493,0.0
494,0.000645546041424
495,0.0
496,0.0
497,0.019295189367
498,0.102808149205
499,0.00361602501682
500,0.0
501,0.00235211414013
502,0.0
503,0.0
504,0.00213822983921
505,0.00244482255954
506,0.00167270171233
507,0.00209655198584
508,0.0
509,0.0
510,0.00334856798512
511,0.0
512,0.00376128546028
513,0.00573970219193
514,0.0
515,0.0
516,0.0255788905792
517,0.0
518,0.00897641963585
519,0.0061917843048
520,0.0
521,0.0559139931741
522,0.00974197540018
523,0.00806321758528
524,0.0238394518897
525,0.0
526,0.0101528264717
527,0.00209995444977
528,0.0081562030226
529,0.00690783370681
530,0.0114852140359
531,0.00111457124746
532,0.00387179647122
533,0.00503204912533
534,0.019302217055
535,0.0234647964294
536,0.00425105020813
537,0.00499516907891
538,0.0
539,0.0
540,0.00236333449511
541,0.0
542,0.0
543,0.0
544,0.0
545,0.00938675961163
546,0.0023716946859
547,0.0
548,0.0
549,0.00173247955372
550,0.00228486276054
551,0.00656551078678
552,0.00656620857815
553,0.00866489166701
554,0.00327619643274
555,0.0
556,0.0
557,0.0
558,0.00407529262471
559,0.00542795707889
560,0.00209458792877
561,0.000436053039135
562,0.0
563,0.0
564,0.00399446841096
565,0.0
566,0.0
567,0.0
568,0.0
569,0.0
570,0.0
571,0.0
572,0.0
573,0.00226413590741
574,0.000899435298776
575,0.00295022210499
576,0.000951128115051
577,0.0149286221995
578,0.0
579,0.00165670222091
580,0.00201611784024
581,0.136375522959
582,0.125
583,0.0
584,0.0
585,0.0
586,0.0
587,0.0
588,0.0
589,0.0
590,0.0
