site,dnds
1,0.0
2,0.035207475838
3,0.103593731359
4,0.0347141468444
5,0.374360918127
6,0.386893856087
7,0.691636040596
8,0.14336563893
9,0.242819461627
10,0.0
11,0.185833074035
12,0.414167016419
13,0.192131248905
14,0.160485474268
15,0.0886316609145
16,0.0
17,0.0
18,0.144814483009
19,0.0165137925472
20,0.191189778299
21,0.00319514689973
22,0.0
23,0.0
24,0.0
25,0.0
26,0.10986026848
27,0.0
28,0.0
29,0.0187955384168
30,0.0372898680697
31,0.226962775026
32,0.401239934979
33,0.131739259546
34,0.363672346506
35,0.307858865178
36,0.357822244854
37,0.505814162443
38,0.138756998049
39,0.194100697698
40,0.114880431775
41,0.192107066871
42,0.224532349231
43,0.338891971571
44,0.175691240983
45,0.0521476825885
46,0.176222160575
47,0.398466142782
48,0.39821553787
49,0.305024060016
50,0.0822771129462
51,0.19354660664
52,0.686465675483
53,0.660640354106
54,0.0
55,0.0120398747958
56,0.0
57,0.0
58,0.0
59,0.0208558577469
60,0.0
61,0.0
62,0.164507765852
63,0.208971239854
64,0.0631898322315
65,0.244631160186
66,0.0789740598086
67,0.474651418693
68,0.150637021818
69,0.0375843894171
70,0.315541577853
71,0.402193277219
72,0.0250442332786
73,0.0
74,0.0
75,0.0
76,0.0
77,0.0
78,0.0
79,0.0
80,0.294924141005
81,0.373712649075
82,0.293933843376
83,0.0675772242214
84,0.73091102681
85,0.132111016314
86,0.563802314905
87,0.264038804744
88,0.3034473165
89,0.159837211545
90,0.0
91,0.0
92,0.232117114602
93,0.0
94,0.166346269227
95,0.320612294224
96,0.313493724789
97,0.0836568961261
98,0.246891868248
99,0.266621354592
100,0.407608212276
101,0.0666392214045
102,0.0
103,0.312851118105
104,0.356946660117
105,0.17616671076
106,0.0
107,0.115316839292
108,0.134611913301
109,0.224084318278
110,0.0700812959785
111,0.0
112,0.234936869835
113,0.180625811538
114,0.193281810873
115,0.401512274981
116,0.150796314426
117,0.309077504398
118,0.0937934228479
119,0.0445850833922
120,0.0960938479181
121,0.0
122,0.481356291535
123,0.173409241146
124,0.00811790580388
125,0.0
126,0.323181475201
127,0.301375058473
128,0.0690179518274
129,0.187356196644
130,0.561515358157
131,0.242470926852
132,0.613644056269
133,0.564694332001
134,0.64547201895
135,0.222894160256
136,0.0
137,0.00664688998199
138,0.184245824406
139,0.536761065894
140,0.228802910897
141,0.567154631886
142,0.0215530953104
143,0.502807032945
144,0.0
145,0.0712585101376
146,0.0517947493191
147,0.0121137363021
148,0.0
149,0.290054161064
150,0.0201276005185
151,0.105269783244
152,0.421390427199
153,0.228639125838
154,0.0
155,0.0435508729159
156,0.221915093177
157,0.0345633848037
158,0.0
159,0.441023809201
160,0.0
161,0.0
162,0.179032195361
163,0.601389272608
164,0.185653847621
165,0.329508883907
166,0.581979794649
167,0.39778925356
168,0.531453381424
169,0.404793785286
170,0.311514259794
171,0.303499831417
172,0.230038665362
173,0.355925559741
174,0.493399452939
175,0.415341122024
176,0.0137702927828
177,0.519973429994
178,0.0525296610924
179,0.0948464120946
180,0.350059712163
181,0.365696750973
182,0.197898510842
183,0.205522144488
184,0.0
