site,dnds
1,0.0
2,0.0
3,0.0
4,0.0
5,0.0
6,0.166666666667
7,0.299632228587
8,0.222765195878
9,0.340632793981
10,0.176880316259
11,0.248221326762
12,0.528686094287
13,0.588548359497
14,0.521608656683
15,0.633684323273
16,0.764531938525
17,0.690886989301
18,0.841849656435
19,0.781175470487
20,0.676084401748
21,0.70869495442
22,0.767756603564
23,0.6420838936
24,0.771855423591
25,0.665699547408
26,0.772585298968
27,0.689382420604
28,0.505584148565
29,0.227127857187
30,0.329583238646
31,0.181555694165
32,0.368980524721
33,0.444828286061
34,0.619317769539
35,0.405819019456
36,0.206285852273
37,0.503057471742
38,0.409523918565
39,0.627463355976
40,0.665715048951
41,0.558322062363
42,0.425677291945
43,0.457577191059
44,0.309871543402
45,0.620171690292
46,0.138655329378
47,0.586236016245
48,0.507311998211
49,0.760994454554
50,0.522886659517
51,0.394010626967
52,0.681009902571
53,0.569229299939
54,0.360782811941
55,0.275761252134
56,0.110501724437
57,0.0
58,0.645958892482
59,0.309776508268
60,0.362955090844
61,0.599812146602
62,0.635333533036
63,0.138652162753
64,0.238213036444
65,0.545008636743
66,0.0
67,0.0
68,0.0
69,0.0
70,0.0
71,0.0
72,0.0
73,0.0
74,0.0
75,0.0
76,0.0
77,0.0775491027295
78,0.649991676053
79,0.785531560033
80,0.641969423105
81,0.428140790928
82,0.698356978258
83,0.396049124204
84,0.325403776516
85,0.038525588021
86,0.362029542396
87,0.207792207792
88,0.415012158263
89,0.413425488825
90,0.251697965789
91,0.59329151032
92,0.142857142857
93,0.473317833271
94,0.514850813523
95,0.0
96,0.0
97,0.0
98,0.0
99,0.0
100,0.0
101,0.0
102,0.0
103,0.0
104,0.0
105,0.0
106,0.0
107,0.0
108,0.0
109,0.0
110,0.0
111,0.0
112,0.559000114334
113,0.0278076966464
114,0.447197283395
115,0.424615972926
116,0.0778090487278
117,0.831507409281
118,0.719284206026
119,0.766800503252
120,0.695930537887
121,0.709035931317
122,0.63464794624
123,0.662421346506
124,0.290728486665
125,0.313621500675
126,0.479269420485
127,0.247922710786
128,0.32445160044
129,0.159649218821
130,0.294448593627
131,0.227290238138
132,0.283031766354
133,0.105603752885
134,0.0
135,0.653072575674
136,0.561797087411
137,0.625754507878
138,0.624401033213
139,0.738651177864
140,0.438919788734
141,0.68842661016
142,0.411225845026
143,0.353244389271
144,0.261669517403
145,0.383684628962
146,0.55262942053
147,0.530974586157
148,0.398735755796
149,0.633106174769
150,0.461733493809
151,0.376038406896
152,0.21405231943
153,0.37963734103
154,0.364837110422
155,0.33752937456
156,0.45867916003
157,0.849614403295
158,0.711069082044
159,0.643110931374
160,0.416182275768
161,0.183298379748
162,0.476566710554
163,0.0792168206354
164,0.166893317249
165,0.0543644847498
166,0.0722726508596
167,0.0796337541879
168,0.0
169,0.130960405272
170,0.0399495377697
171,0.129804388779
172,0.0821948778434
173,0.24532935429
174,0.0639293494337
175,0.203088881797
176,0.668768047557
177,0.265143817902
178,0.14629857421
179,0.189490065736
180,0.205499126793
181,0.310918268043
182,0.127450565322
183,0.667687588917
184,0.668968328653
185,0.539969293548
186,0.512212633332
187,0.287603345906
188,0.605938260864
189,0.540343437036
190,0.693324767479
191,0.475745025718
192,0.410226886383
193,0.785766709188
194,0.432458072695
195,0.445468880933
196,0.265327955803
197,0.512916553021
198,0.386527471341
199,0.700949008208
200,0.380385088985
201,0.476506462885
202,0.0751551166297
203,0.210448791725
204,0.148606733789
205,0.679324186496
206,0.0
207,0.0
208,0.0
209,0.266666666667
210,0.125
211,0.0
212,0.508135503071
213,0.653389531885
214,0.606680571125
215,0.625710079616
216,0.62330688012
217,0.712812061123
218,0.792566751459
219,0.435480577512
220,0.430716938349
221,0.482495075934
222,0.1500113753
223,0.0494618635401
224,0.307773258186
225,0.564571504041
226,0.349954992655
227,0.460375998268
228,0.315487019086
229,0.12028906723
230,0.0349781581202
231,0.208414321529
232,0.362784155609
233,0.601148212153
234,0.565053686593
235,0.68230232482
236,0.652938745204
237,0.404991719888
238,0.391289546807
239,0.45816429573
240,0.523285135959
241,0.476904958907
242,0.520785557074
243,0.481102820578
244,0.721582448997
245,0.487466207166
246,0.689468583094
247,0.677418347686
248,0.677433778733
249,0.795007539083
250,0.436154522258
251,0.767143565191
252,0.798935268986
253,0.201933177089
254,0.410764675766
255,0.724048891628
256,0.831658278303
257,0.713274760377
258,0.754432110889
259,0.80511255432
260,0.752801069321
261,0.774160844384
262,0.753804148795
263,0.677529450468
264,0.703814914337
265,0.656725773552
266,0.711699259114
267,0.0
268,0.0680500880741
269,0.142857142857
270,0.0
271,0.166666666667
272,0.170212765957
273,0.266666666667
274,0.0
275,0.0
276,0.0
277,0.0
278,0.0
279,0.0
280,0.0990210257943
281,0.0
282,0.0
283,0.106638027778
284,0.08664339757
285,0.0
286,0.169014084507
287,0.0
288,0.0
289,0.0990210257943
290,0.0
291,0.0
292,0.0
293,0.106666666667
294,0.225352112676
295,0.171457942335
296,0.0
297,0.0
298,0.0918034207037
299,0.139016608494
300,0.254538065186
301,0.125418309671
302,0.0644629024259
303,0.158696597175
304,0.711632424762
305,0.808453984058
306,0.553841556915
307,0.54451977063
308,0.455767827364
309,0.313857676034
310,0.199794555371
311,0.0
312,0.45160274403
313,0.201660379035
314,0.164541332526
315,0.125150890965
316,0.0
317,0.215526872601
318,0.0879120879121
319,0.253870946643
320,0.0880186895949
321,0.263468784637
322,0.0841702070598
323,0.238746912584
324,0.0
325,0.15777185078
326,0.0792168206354
327,0.307883073838
328,0.10261498064
329,0.155206137309
330,0.0850988608719
331,0.0714285714286
332,0.208215174836
333,0.125418309671
334,0.102688471194
335,0.241878168651
336,0.0523129947592
337,0.0887340054218
338,0.278662268766
339,0.043509397571
340,0.16652184518
341,0.368934342254
342,0.126026760102
343,0.0560118933786
344,0.235568303382
345,0.0
346,0.192831867565
347,0.63687585732
348,0.463748317222
349,0.613065055834
350,0.193856336395
351,0.504527075059
352,0.47641021186
353,0.452977154006
354,0.674792401073
355,0.480950780849
356,0.108124028829
357,0.0338600214657
358,0.111723283593
359,0.181818181818
360,0.13731892887
361,0.237736780628
362,0.236253094962
363,0.29740812695
364,0.279988698749
365,0.305623604925
366,0.345736619452
367,0.455191998757
368,0.273669472365
369,0.377101259735
370,0.466323179001
371,0.401411730855
372,0.337045300861
373,0.533035148792
374,0.593836206808
375,0.546117953516
376,0.581260250161
377,0.653978155275
378,0.392672373192
379,0.45379184368
380,0.519991135468
381,0.733624381969
382,0.467799610636
383,0.467494091323
384,0.631584867694
385,0.589513989617
386,0.653042035665
387,0.609343613328
388,0.624760051028
389,0.484296802402
390,0.593005602749
391,0.764011315208
392,0.590796226447
393,0.605581693804
394,0.690015575653
395,0.712048187345
396,0.669916056486
397,0.68608962968
398,0.584248196729
399,0.61254645744
400,0.486052866368
401,0.664858620704
402,0.553854296752
403,0.471064851077
404,0.834016202185
405,0.791182534527
406,0.828006248829
407,0.733810140068
408,0.711588610923
409,0.72885362504
410,0.858397918008
411,0.807488755713
412,0.245195983844
413,0.508633564353
414,0.61784174318
415,0.767737780591
416,0.700886931593
417,0.293782269659
418,0.542738492084
419,0.366563137334
420,0.495804029809
421,0.510955214464
422,0.404020605467
423,0.453894070727
424,0.433847582101
425,0.395368061935
426,0.499489089531
427,0.531771841067
428,0.359622957939
429,0.479810008477
430,0.475020236939
431,0.403371693512
432,0.36467247501
433,0.443918523354
434,0.520428968394
435,0.57178909357
436,0.544400643689
437,0.489918118017
438,0.566873607069
439,0.605331882167
440,0.781317305878
441,0.427511021508
442,0.613407001715
443,0.690013021494
444,0.644376736937
445,0.655077041589
446,0.509009898605
447,0.611676949552
448,0.538506874402
449,0.427976444243
450,0.339457969162
451,0.24819693352
452,0.356137137126
453,0.191153777563
454,0.288502859966
455,0.380472956287
456,0.510345629383
457,0.319716215384
458,0.420213527777
459,0.266134322185
460,0.321716664725
461,0.465247938145
462,0.354648593759
463,0.34831825537
464,0.434142681671
465,0.31818293645
466,0.445882929439
467,0.383138577815
468,0.629760939686
469,0.437050922764
470,0.451468088085
471,0.377859128369
472,0.477397414294
473,0.297242143459
474,0.40409691903
475,0.568196163514
476,0.462815100317
477,0.536474798912
478,0.535478702992
479,0.632049138081
480,0.551480423097
481,0.538042502508
482,0.576250095544
483,0.658158959868
484,0.658297194695
485,0.579257327152
486,0.683006131021
487,0.604807756747
488,0.547913970222
489,0.623171953771
490,0.679532539016
491,0.449843378503
492,0.495061176169
493,0.459537224191
494,0.329974473242
495,0.739167629351
496,0.500081062596
497,0.446370005536
498,0.581279377377
499,0.48646699468
500,0.711675540022
501,0.660713175025
502,0.714921461411
503,0.561264744086
504,0.394670470496
505,0.650156377157
506,0.584158578546
507,0.595012791839
508,0.662499823221
509,0.637852802058
510,0.532623658142
511,0.600362309189
512,0.416351562251
513,0.312573117583
514,0.479302121504
515,0.535221677127
516,0.527574625176
517,0.371799511633
518,0.585989395284
519,0.659981802389
520,0.518140704769
521,0.663742388058
522,0.423643725445
523,0.438649654899
524,0.492264514501
525,0.14820889504
526,0.0
527,0.0
528,0.105263157895
529,0.0666701197852
530,0.0621856012454
531,0.154032706791
532,0.0
533,0.0
534,0.0
535,0.0
536,0.0
537,0.0538366742182
538,0.0
539,0.373425271277
540,0.319025281144
541,0.230620226408
542,0.319348891883
543,0.442282178762
544,0.305884424678
545,0.31238877511
546,0.444972482851
547,0.250649176043
548,0.447552078947
549,0.359060175222
550,0.561069873784
551,0.379211866125
552,0.439580008483
553,0.43828255793
554,0.260820251378
555,0.412804108198
556,0.492261963935
557,0.597587903072
558,0.565389146866
559,0.481782942895
560,0.549716660351
561,0.706260988905
562,0.76694755233
563,0.612889455758
564,0.515082910726
565,0.47368441143
566,0.0674680506649
567,0.470544949417
568,0.621632289825
569,0.572390892222
570,0.433678002749
571,0.566394284905
572,0.651931861741
573,0.626827389015
574,0.416497937315
575,0.560311138566
576,0.42990643066
577,0.377019990285
578,0.329828293293
579,0.451050005952
580,0.305567529417
581,0.375830179357
582,0.0444763932605
583,0.289936144321
584,0.429623621113
585,0.282415652776
586,0.701179190844
587,0.574294318619
588,0.573327360436
589,0.629122778877
590,0.7821887293
591,0.35449745765
592,0.284276702436
593,0.434900660255
594,0.395311594393
595,0.516447608979
596,0.343088827345
597,0.344898920495
598,0.58647799466
599,0.237179782245
600,0.610643261364
601,0.326996529918
602,0.188371192137
603,0.400576530849
604,0.411225513075
605,0.269144641621
606,0.384782727221
607,0.152801977388
608,0.382864450604
609,0.225921136087
610,0.102639902343
611,0.467467321714
612,0.167703961967
613,0.157431519351
614,0.280529673063
615,0.462989784036
616,0.433778650321
617,0.506140437589
618,0.218602450492
619,0.161941931632
620,0.180157594114
621,0.451891488532
622,0.426549618317
623,0.270294760297
624,0.334916517028
625,0.436511083058
626,0.220036593106
627,0.11835015488
628,0.305427750324
629,0.292114037669
630,0.364631248214
631,0.234448444142
632,0.676664184257
633,0.377663228438
634,0.268072158547
635,0.19105288745
636,0.248096439044
637,0.211080689813
638,0.0978990200664
639,0.28130568165
640,0.208574872703
641,0.440606241896
642,0.307762265047
643,0.193982697064
644,0.138528224493
645,0.274730445769
646,0.340241401107
647,0.451869815678
648,0.377720895254
649,0.74573054752
650,0.644163469078
651,0.600013140989
652,0.698718923756
653,0.575817041573
654,0.630423294679
655,0.595036468701
656,0.698989365893
657,0.601626367081
658,0.665616904893
659,0.174529233988
660,0.25396169308
661,0.3889385105
662,0.403675737215
663,0.287703868144
664,0.65854885487
665,0.477372139609
666,0.0751483076834
667,0.641273322553
668,0.458357523692
669,0.744151152217
670,0.469601631244
671,0.476363864611
672,0.646686612425
673,0.51285316815
674,0.479922377635
675,0.367193240067
676,0.444126908328
677,0.60088706232
678,0.392868439935
679,0.451499708231
680,0.490288130313
681,0.454708381378
682,0.498649716455
683,0.336363864263
684,0.385010323895
685,0.390711077443
686,0.597814043901
687,0.478254237432
688,0.640455906836
689,0.458897713103
690,0.614705565227
691,0.15813847533
692,0.610885857575
693,0.666001495992
694,0.726165216095
695,0.313800447288
696,0.65138265464
697,0.682774713109
698,0.631803887869
699,0.619538567351
700,0.57572426294
701,0.618372727192
702,0.663369313282
703,0.306374897066
704,0.448135738675
705,0.324783196181
706,0.442882674844
707,0.550633979377
708,0.35081236006
709,0.357195599225
710,0.426136581326
711,0.469353205652
712,0.50635029264
713,0.458238673386
714,0.365768881047
715,0.244809826277
716,0.226046585023
717,0.370406482206
718,0.442757511658
719,0.391457945316
720,0.548722081365
721,0.37642576834
722,0.399164732675
723,0.449202995797
724,0.352964560136
725,0.205147529528
726,0.368126856829
727,0.3794005192
728,0.230047630103
729,0.0955101836025
730,0.277158859184
731,0.50310902218
732,0.526881823288
733,0.297441442765
734,0.695102802961
735,0.640032569578
736,0.560659220066
737,0.6062649954
738,0.630711114396
739,0.732194674443
740,0.62612338963
741,0.677661188324
742,0.572491344751
743,0.735985811415
744,0.389255212995
745,0.57023073483
746,0.596519439713
747,0.538697347399
748,0.746262920689
749,0.142156123178
750,0.131502197224
751,0.323406850121
752,0.250473695336
753,0.532215090217
754,0.45687053096
755,0.612399788061
756,0.391599734013
757,0.271030165384
758,0.603654829897
759,0.500469288403
760,0.39137689631
761,0.403575563456
762,0.349591372414
763,0.487658424866
764,0.428468119622
765,0.50241866346
766,0.349141623172
767,0.491690797678
768,0.536977458658
769,0.495658074396
770,0.349213027309
771,0.558872433052
772,0.382594230912
773,0.472232132618
774,0.556144297146
775,0.463560781831
776,0.381887715056
777,0.221273611695
778,0.320471970937
779,0.376508700578
780,0.439562761621
781,0.398618742992
782,0.523258536117
783,0.312595627166
784,0.490289497883
785,0.263182724048
786,0.346215446301
787,0.444185574227
788,0.321667506664
789,0.360802811156
790,0.239698581091
791,0.510790048386
792,0.21799787838
793,0.393218655531
794,0.18380872755
795,0.329635399434
796,0.410740294318
797,0.277819334679
798,0.246642870541
799,0.616243834032
800,0.17476466737
801,0.620502940714
802,0.322478638933
803,0.376834994493
804,0.180129190916
805,0.379755389395
806,0.361726753675
807,0.415591072876
808,0.497272412074
809,0.357493007828
810,0.151151818959
811,0.166349573837
812,0.164640679321
813,0.126094802524
814,0.117841696845
815,0.262617948009
816,0.173834927398
817,0.176910963032
818,0.23781884692
819,0.201261011395
820,0.0328117008549
821,0.106238135611
822,0.179947246278
823,0.129530706524
824,0.333343101687
825,0.125212245065
826,0.0645161290323
827,0.522232674663
828,0.380015405954
829,0.828479009197
830,0.52097522954
831,0.670772224449
832,0.422228238871
833,0.387033672611
834,0.374646349198
835,0.376912689704
836,0.105263157895
837,0.381102134948
838,0.155168247476
839,0.153673277604
840,0.120942197483
841,0.164528086124
842,0.113086176717
843,0.12924270435
844,0.197842421779
845,0.241650061886
846,0.0405225844181
847,0.146336396229
848,0.3898928321
849,0.0907508610233
850,0.121151137228
851,0.214408439134
852,0.590652470601
853,0.398452700657
854,0.443824542932
855,0.293853998993
856,0.438521722851
857,0.343939813141
858,0.339626293918
859,0.295935567313
860,0.52872352515
861,0.67991548859
862,0.641923594172
863,0.658543240828
864,0.644457577052
865,0.684201252337
866,0.548594254474
867,0.578383533874
868,0.66762200884
869,0.67069416948
870,0.69155187281
871,0.691445118247
872,0.66845846891
873,0.725204716674
874,0.627014388469
875,0.654156372343
876,0.743835427694
877,0.778879344844
878,0.50683031854
879,0.501590743151
880,0.377891945502
881,0.556579978641
882,0.469031265213
883,0.17098241776
884,0.466679542352
885,0.480186186838
886,0.514999033589
887,0.625885462864
888,0.187164668857
889,0.332232620425
890,0.649361235546
891,0.831223600798
892,0.545584462383
893,0.414752056659
894,0.547009270105
895,0.437635690463
896,0.594452729662
897,0.59034851714
898,0.482703803829
899,0.648928348913
900,0.403376629833
901,0.383033707819
902,0.442294220706
903,0.336168462222
904,0.274173527057
905,0.260067099383
906,0.147834371298
907,0.192887972893
908,0.158586261264
909,0.561169779816
910,0.0609360158734
911,0.0695652173913
912,0.1
913,0.0
914,0.0
915,0.0
916,0.1
917,0.260869565217
918,0.0
919,0.0
920,0.120948141872
921,0.0749348303308
922,0.0
923,0.0
924,0.166666666667
925,0.0
926,0.0990210257943
927,0.0
928,0.0689655172414
929,0.178414531673
930,0.426351772441
931,0.331639940681
932,0.187607209876
933,0.602320924931
934,0.141031341951
935,0.0
936,0.0
937,0.199955395779
938,0.125
939,0.0616130827164
940,0.166666666667
941,0.354306033005
942,0.744650817134
943,0.639155686683
944,0.677301087627
945,0.456566020197
946,0.165259924089
947,0.0
948,0.199973718142
949,0.0
950,0.0
951,0.0
952,0.0
953,0.0
954,0.0
955,0.0
956,0.447720503826
957,0.552375707295
958,0.0460924000007
959,0.299265574828
960,0.556320469755
961,0.589337115712
962,0.55990037358
963,0.562933017154
964,0.685549859815
965,0.82178109819
966,0.669531708818
967,0.833242168343
968,0.570106124248
969,0.530738039386
970,0.46231365387
971,0.572567860279
972,0.449185497699
973,0.223497798941
974,0.34575908698
975,0.50322677085
976,0.593273806579
977,0.505926860877
978,0.305338786911
979,0.31587659368
980,0.519183445337
981,0.513590453666
982,0.673507152759
983,0.559445729444
984,0.592607920789
985,0.569624292123
986,0.42636077957
987,0.661004748901
988,0.586526545013
989,0.688522621184
990,0.558302506684
991,0.614425575083
992,0.896868568474
993,0.776792517617
994,0.729112437657
995,0.709296678089
996,0.591915570773
997,0.269960833468
998,0.561424070671
999,0.133303597186
1000,0.108124028829
1001,0.170212765957
1002,0.0
1003,0.0
1004,0.0
1005,0.0
1006,0.0
1007,0.0
1008,0.166877816
1009,0.0
1010,0.453786406914
1011,0.629724929465
1012,0.358944352557
1013,0.207587300409
1014,0.573447515332
1015,0.65336230338
1016,0.685620364535
1017,0.55772320971
1018,0.447469701221
1019,0.764763485543
1020,0.56676076294
1021,0.700557152128
1022,0.481036887694
1023,0.652379395847
1024,0.695793557554
1025,0.504562227332
1026,0.561913792868
1027,0.64199771545
1028,0.697762520915
1029,0.615591871853
1030,0.527942619119
1031,0.664179706819
1032,0.554400989873
1033,0.644557516567
1034,0.416259065464
1035,0.636545314083
1036,0.59224129089
1037,0.605392029696
1038,0.646413384842
1039,0.610817429342
1040,0.63247340972
1041,0.505949201228
1042,0.684656904999
1043,0.101167814828
1044,0.292273597228
1045,0.0827638424549
1046,0.0795007518922
1047,0.0940928363456
1048,0.498305748348
1049,0.559483035321
1050,0.682437332808
1051,0.760247124128
1052,0.564520031601
1053,0.61731695344
1054,0.108017558761
1055,0.264191022669
1056,0.461244988608
1057,0.633984938983
1058,0.394228525811
1059,0.605208633669
1060,0.606352688057
1061,0.391037365975
1062,0.599930912536
1063,0.740424876833
1064,0.54165198106
1065,0.527117186361
1066,0.559982937901
1067,0.416815366245
1068,0.652323117856
1069,0.704578538354
1070,0.739858795098
1071,0.429998768177
1072,0.722102778023
1073,0.62283589583
1074,0.751309608505
1075,0.388740034912
1076,0.316262418502
1077,0.395517517342
1078,0.43100809734
1079,0.466710911179
1080,0.665812560302
1081,0.30658041097
1082,0.0479758467363
1083,0.225701655069
1084,0.0835598553765
1085,0.18632802711
1086,0.0943041526452
1087,0.1532826621
1088,0.286971497097
1089,0.177007741514
1090,0.122248452976
1091,0.211053914531
1092,0.213309881015
1093,0.216760988294
1094,0.127834251086
1095,0.0840178400679
1096,0.0
1097,0.131961899101
1098,0.251599719226
1099,0.14126027375
1100,0.250751424033
1101,0.367100084784
1102,0.10612232923
1103,0.177151000821
1104,0.136614999627
1105,0.153781135933
1106,0.112016302034
1107,0.279108493925
1108,0.319141298397
1109,0.332604971096
1110,0.366785672172
1111,0.323744683431
1112,0.237686794095
1113,0.200816715662
1114,0.159490567957
1115,0.139508272074
1116,0.201137388571
1117,0.170123272488
1118,0.386007437699
1119,0.34155068732
1120,0.221270441744
1121,0.0875912408759
1122,0.229968211553
1123,0.278889468848
1124,0.131461127649
1125,0.24630308851
1126,0.176973748228
1127,0.111943642385
1128,0.304945403153
1129,0.159677599679
1130,0.441581384457
1131,0.420433880453
1132,0.709906636951
1133,0.602015244012
1134,0.541494394285
1135,0.614325589303
1136,0.4938673555
1137,0.47241796851
1138,0.625033774799
1139,0.63339440465
1140,0.759376787348
1141,0.172775382667
1142,0.395842200705
1143,0.719872137542
1144,0.437166756173
1145,0.768232747834
1146,0.733351985569
1147,0.760948447212
1148,0.722629035917
1149,0.593500072906
1150,0.745655554444
1151,0.641490870079
1152,0.665764639472
1153,0.745411576561
1154,0.655948788968
1155,0.510828092849
1156,0.672361994354
1157,0.791517413909
1158,0.65853576433
1159,0.902640337658
1160,0.599427213475
1161,0.75430106517
1162,0.579040271144
1163,0.740009082938
1164,0.8092291786
1165,0.612650040309
1166,0.729722128205
1167,0.666924523972
1168,0.795032605103
1169,0.77945734987
1170,0.672249517409
1171,0.773033477632
1172,0.735574607002
1173,0.672236259437
1174,0.795009634083
1175,0.515759662513
1176,0.255825130063
1177,0.740253612351
1178,0.713948061326
1179,0.717301956018
1180,0.828907847589
1181,0.475492395507
1182,0.797513996517
1183,0.859205791793
1184,0.811050478832
1185,0.742524775576
1186,0.737502790918
1187,0.845735097876
1188,0.894315168592
1189,0.862477171614
1190,0.806303078047
1191,0.848880047389
1192,0.850682241353
1193,0.811499882645
1194,0.877992110732
1195,0.824628083649
1196,0.728315011256
1197,0.759335362302
1198,0.699152824341
1199,0.83320657237
1200,0.748580377283
1201,0.777793613808
1202,0.696211548575
1203,0.795188837369
1204,0.754046813569
1205,0.6077621356
1206,0.665658538355
1207,0.611941581328
1208,0.489861798301
1209,0.732336958463
1210,0.724236124687
1211,0.649094983015
1212,0.675430815054
1213,0.85622894779
1214,0.815808981325
1215,0.698938861177
1216,0.646534386722
1217,0.63976968577
1218,0.815023266108
1219,0.797655559367
1220,0.748394852655
1221,0.586808907238
1222,0.714140771367
1223,0.773590165155
1224,0.813872144662
1225,0.63269566327
1226,0.916805660402
1227,0.602447106865
1228,0.816051405543
1229,0.716031893811
1230,0.778551685375
1231,0.667059684015
1232,0.741180644778
1233,0.579027027617
1234,0.767932145937
1235,0.629984753776
1236,0.667022670099
1237,0.701610550207
1238,0.618283446214
1239,0.790680954386
1240,0.794363724272
1241,0.809600084081
1242,0.629345782762
1243,0.776895910384
1244,0.685318985494
1245,0.695557453191
1246,0.722133037101
1247,0.775210742657
1248,0.757257072387
1249,0.660097577189
1250,0.615906036091
1251,0.616755473161
1252,0.587620117681
1253,0.739723344906
1254,0.729780938928
1255,0.726613867367
1256,0.723463809274
1257,0.822945524804
1258,0.73350419155
1259,0.784098317238
1260,0.813083869546
1261,0.479273771572
1262,0.699842588392
1263,0.702085802706
1264,0.564383087664
1265,0.747957953457
1266,0.685009746943
1267,0.801247230316
1268,0.722104221307
1269,0.703644156637
1270,0.569993756351
1271,0.653571325636
1272,0.730160285937
1273,0.523450537111
1274,0.423479403107
1275,0.764798246196
1276,0.452747586967
1277,0.620129031747
1278,0.518526773196
1279,0.683883839114
1280,0.494319626411
1281,0.687512166569
1282,0.622923819465
1283,0.546722102626
1284,0.449577017263
1285,0.520360070194
1286,0.391426078502
1287,0.595820437473
1288,0.677087436597
1289,0.436266597577
1290,0.350597655149
1291,0.459710696081
1292,0.338870966706
1293,0.723107612883
1294,0.533715977618
1295,0.297622007331
1296,0.354136763473
1297,0.517602935643
1298,0.313964140197
1299,0.544702374365
1300,0.233296481735
1301,0.634303058551
1302,0.199475645142
1303,0.474738417099
1304,0.683302231693
1305,0.581453906973
1306,0.716298740383
1307,0.781570218168
1308,0.68386571715
1309,0.813949088167
1310,0.778310035171
1311,0.696742423577
1312,0.661638752997
1313,0.337795632401
1314,0.49532199131
1315,0.597565199913
1316,0.202437396101
1317,0.095530079556
1318,0.558097523294
1319,0.471719421574
1320,0.497251713086
1321,0.658249392021
1322,0.67383326025
1323,0.447432515071
1324,0.397641426407
1325,0.412015907195
1326,0.694339929727
1327,0.364625669652
1328,0.58060301309
1329,0.604291492484
1330,0.558947052553
1331,0.554406799517
1332,0.623771910336
1333,0.552792533117
1334,0.53350557998
1335,0.500811390226
1336,0.565990009247
1337,0.245969214739
1338,0.553341637009
1339,0.55444943039
1340,0.665736197612
1341,0.395112573441
1342,0.384293040278
1343,0.497145283824
1344,0.449487762797
1345,0.246688021715
1346,0.69356757944
1347,0.0738308988101
1348,0.518584209413
1349,0.285497174192
1350,0.217287523017
1351,0.0291841519111
1352,0.109162338494
1353,0.0410597577831
1354,0.20929443612
1355,0.0801470843765
1356,0.0426049027618
1357,0.129755265835
1358,0.191228469535
1359,0.399363346938
1360,0.0677319061017
1361,0.198931695703
1362,0.242382158734
1363,0.0
1364,0.0
