site,dnds
1,0.0978360925531
2,0.200975658059
3,0.184171869949
4,0.188788455911
5,0.0472622153825
6,0.0290428895013
7,0.0
8,0.0184456471033
9,0.0356133793401
10,0.221473744905
11,0.0183142507126
12,0.110413451955
13,0.224300021205
14,0.51474979574
15,0.265189773758
16,0.0405080603994
17,0.559675943142
18,0.306403203861
19,0.145333952958
20,0.427096300605
21,0.532355634968
22,0.47280094843
23,0.380901779978
24,0.250751424033
25,0.187839456182
26,0.430752788193
27,0.186120110143
28,0.390105399797
29,0.20165657852
30,0.0548763648397
31,0.292381930206
32,0.0990649322373
33,0.0373787573183
34,0.0343805787631
35,0.0
36,0.089086167105
37,0.0805755530884
38,0.16197388441
39,0.0
40,0.0
41,0.0147502805457
42,0.0203589438748
43,0.362408184773
44,0.325985715301
45,0.333892179092
46,0.412587793721
47,0.235577873015
48,0.326184388167
49,0.0812515435694
50,0.0301144669903
51,0.0346965484514
52,0.457896178399
53,0.50014759518
54,0.0
55,0.345610170381
56,0.443802331469
57,0.34746310637
58,0.280420797803
59,0.197825786262
60,0.195342285231
61,0.0667388247003
62,0.359824389998
63,0.0829282843458
64,0.0
65,0.570110902308
66,0.338459435752
67,0.52825693419
68,0.1276138352
69,0.0
70,0.0
71,0.0
72,0.0
73,0.0
74,0.154032706791
75,0.383477800192
76,0.2477278775
77,0.627221080759
78,0.523078503153
79,0.0815467271247
80,0.289247801348
81,0.311870519759
82,0.385585401121
83,0.422177062311
84,0.443367204946
85,0.551044510041
86,0.476182408318
87,0.455876236076
88,0.53519417874
89,0.335106427352
90,0.539373106122
91,0.200430138013
92,0.110544609988
93,0.477643119611
94,0.312627986076
95,0.10915866128
96,0.0116778474197
97,0.216823329359
98,0.0
99,0.151682606915
100,0.00418653971276
101,0.223497333329
102,0.12864978499
103,0.111656845548
104,0.089970661622
105,0.411401050162
106,0.526671186112
107,0.313811596326
108,0.035817911032
109,0.392489326848
110,0.470952089365
111,0.0827377396236
112,0.311254448321
113,0.343447630719
114,0.0417619345144
115,0.0469492952148
116,0.221068494802
117,0.00602605352532
118,0.173252877325
119,0.0
120,0.221116614955
121,0.0
122,0.115726124863
123,0.0
124,0.0
125,0.221270598246
126,0.0480767958289
127,0.0
128,0.0
129,0.123660312895
130,0.0557745823301
131,0.011165040001
132,0.0880943767913
133,0.253215523186
134,0.192844966096
135,0.20357636271
136,0.267772920472
137,0.25360745024
138,0.294788478497
139,0.0100795762011
140,0.286647232685
141,0.593971496896
142,0.267423891564
143,0.173012385736
144,0.0
145,0.159560879737
146,0.0462526297254
147,0.182172621508
148,0.00584615911834
149,0.25092803526
150,0.0427633035825
151,0.348921206986
152,0.408405461181
153,0.0919259229623
154,0.122204479538
155,0.0
156,0.12770568864
157,0.0
158,0.0638697831386
159,0.16137674384
160,0.251377980692
161,0.503177155396
162,0.274912889345
163,0.639387029026
164,0.533133229781
165,0.28942555272
166,0.381563056519
167,0.0961141614184
168,0.542190788308
169,0.464775275751
170,0.5389706446
171,0.254784563868
172,0.106808598707
173,0.456861353447
174,0.346753567997
175,0.273916263263
176,0.177001064697
177,0.190669367238
178,0.305784971779
179,0.16476292959
180,0.0
181,0.0744752132309
182,0.132345702658
183,0.68086047834
184,0.45035677558
185,0.0533335202977
186,0.323491269351
187,0.6562480698
188,0.240077253127
189,0.257058037872
190,0.538461644442
191,0.550191830843
192,0.180349282332
193,0.323522015204
194,0.652052489314
195,0.613943534322
196,0.357385702659
197,0.617127100635
198,0.0
199,0.55842848038
200,0.140464431329
201,0.53769000509
202,0.393515730227
203,0.623469790549
204,0.342087849491
205,0.301594709295
206,0.250933135553
207,0.0
208,0.0
209,0.261364060283
210,0.389269028997
211,0.491979016127
212,0.500192533451
213,0.348315079606
214,0.325724593183
215,0.131919277445
216,0.10935878991
217,0.529199744414
218,0.320773381547
219,0.250085825126
220,0.440582081975
221,0.0789546741701
222,0.322801440404
223,0.361700546461
224,0.298526284783
225,0.588638387432
226,0.296857305879
227,0.134539031624
228,0.0
229,0.531381161039
230,0.438616113734
231,0.353471849707
232,0.176066890861
233,0.670912201263
234,0.503580302728
235,0.262467384411
236,0.340321065816
237,0.0828725329141
238,0.363966382162
239,0.129444645569
240,0.0238229220177
241,0.185358424956
242,0.306135238054
243,0.283623554823
244,0.0558340825482
245,0.0146554374115
246,0.02930155342
247,0.364438185528
248,0.257617512222
249,0.228283975025
250,0.246961335195
251,0.648228187168
252,0.552659322606
253,0.184890144049
254,0.561411213615
255,0.0
256,0.284417674931
257,0.33167137803
258,0.0859457751537
259,0.0463311940251
260,0.0
261,0.31485183555
262,0.478416251076
263,0.0
264,0.0867325491054
265,0.139016608494
266,0.0
267,0.679821310979
268,0.539609308132
269,0.0346006617747
270,0.322477453703
271,0.109965242549
272,0.539242535784
273,0.378496333656
274,0.61919907175
275,0.437004615354
276,0.211085268983
277,0.310287476346
278,0.0252554549119
279,0.389015226284
280,0.574171898465
281,0.253180886813
282,0.071782232291
283,0.737392276527
284,0.715989477611
285,0.377517987635
286,0.764520563035
287,0.783770751541
288,0.701705553691
289,0.698586619692
290,0.634888438885
291,0.710599970926
292,0.576415947364
293,0.566413385164
294,0.467205779292
295,0.496250630265
296,0.683087294433
297,0.441164092761
298,0.437185263808
299,0.457863056716
300,0.529115065489
301,0.525153402817
302,0.384138567554
303,0.418004251706
304,0.378904604416
305,0.345389251544
306,0.185497448024
307,0.28228972774
308,0.284519815307
309,0.343111951776
310,0.14162526639
311,0.367005063241
312,0.132140258271
313,0.150740063092
314,0.0
315,0.052314870889
316,0.1087289695
317,0.0775491027295
318,0.169014084507
319,0.0
320,0.106638027778
321,0.0
322,0.0
323,0.692959138894
324,0.177036291317
325,0.176762545268
326,0.0600689049049
327,0.0
328,0.247396289211
329,0.168999483682
330,0.0695083042471
331,0.472860242659
332,0.626642131525
333,0.448756307923
334,0.483109279451
335,0.306938061831
336,0.525133336473
337,0.601507784334
338,0.342220563441
339,0.385399088221
340,0.67985028022
341,0.150960941744
342,0.209711304025
343,0.0741880334778
344,0.230072289075
345,0.0
346,0.540977418362
347,0.227654189785
348,0.659550734243
349,0.412628087612
350,0.242309897092
351,0.61551708879
352,0.362809166724
353,0.524838240042
354,0.374315955864
355,0.37970510844
356,0.0118173423117
357,0.482382308247
358,0.332103660596
359,0.0323734919869
360,0.0756728775917
361,0.0922560760661
362,0.33794892235
363,0.11350793251
364,0.544886011795
365,0.409005921849
366,0.592599645447
367,0.296869468072
368,0.345333369129
369,0.285522572072
370,0.0973058441352
