site,dnds
1,0.0
2,0.0
3,0.0
4,0.0
5,0.0
6,0.314679957866
7,0.0178482460556
8,0.218881711241
9,0.0
10,0.0
11,0.0
12,0.0
13,0.0
14,0.0
15,0.0
16,0.0
17,0.0
18,0.0
19,0.0
20,0.0
21,0.0
22,0.0
23,0.0
24,0.0
25,0.0
26,0.0
27,0.0
28,0.0
29,0.0
30,0.30131472521
31,0.250071195366
32,0.254467761432
33,0.284797588647
34,0.0701921195504
35,0.106638027778
36,0.0
37,0.217786175105
38,0.0666666666667
39,0.215057947102
40,0.109978781986
41,0.226356666664
42,0.384517308089
43,0.404462177701
44,0.554074658593
45,0.451682488105
46,0.0924196240747
47,0.689380959119
48,0.764687428348
49,0.630360832607
50,0.516397350266
51,0.36286139883
52,0.817802537779
53,0.233309544688
54,0.631302808319
55,0.358571444956
56,0.439469864722
57,0.239624824118
58,0.550270010003
59,0.309685830702
60,0.289752905838
61,0.420532108322
62,0.503326715422
63,0.368912034821
64,0.453190703024
65,0.286387647214
66,0.191089459638
67,0.114818707008
68,0.227617800727
69,0.383080346103
70,0.0711464676126
71,0.299326622662
72,0.0758596677305
73,0.0
74,0.183274289967
75,0.220842613589
76,0.559351277986
77,0.154032706791
78,0.20894669378
79,0.338163067948
80,0.607084441943
81,0.21398022948
82,0.442227916989
83,0.0
84,0.0
85,0.0
86,0.0
87,0.0
88,0.0
89,0.0
90,0.0
91,0.0
92,0.0
93,0.0
94,0.0
95,0.0
96,0.0
97,0.0
98,0.211461674783
99,0.0
100,0.664501583795
101,0.354520253226
102,0.278522711977
103,0.392660423581
104,0.616452992456
105,0.261483388759
106,0.133895645286
107,0.715509180888
108,0.489465323945
109,0.400407794198
110,0.395741815518
111,0.441898628808
112,0.335046786291
113,0.40661083504
114,0.654556885944
115,0.511224952716
116,0.170177832458
117,0.338509946952
118,0.242706211226
119,0.0
120,0.0
121,0.385988760232
122,0.293279382288
123,0.381968829897
124,0.373604310462
125,0.652481828335
126,0.422862572751
127,0.0743864211827
128,0.0
129,0.306314646133
130,0.403296435387
131,0.0
132,0.0
133,0.0990210257943
134,0.125
135,0.0
136,0.133303597186
137,0.567000125318
138,0.364142539465
139,0.370837481546
140,0.662121468156
141,0.0
142,0.0
143,0.266666666667
144,0.106638027778
145,0.0990210257943
146,0.0
147,0.166666666667
148,0.0
149,0.0
150,0.0
151,0.0
152,0.376033268161
153,0.419464414405
154,0.136193512598
155,0.0
156,0.0
157,0.0
158,0.0
159,0.149522573146
160,0.00588093180878
161,0.0
162,0.0047532048756
163,0.186892024985
164,0.0
165,0.0
166,0.0
167,0.12167031325
168,0.322209420415
169,0.0
170,0.131053669486
171,0.338411393672
172,0.0814890634823
173,0.218254188515
174,0.0209571647165
175,0.331112748732
176,0.414412143027
177,0.0771558579241
178,0.00317509230824
179,0.604064192169
180,0.276879218241
181,0.213494156583
182,0.495555731142
183,0.409404682118
184,0.347175454104
185,0.172417807674
186,0.0352264519811
187,0.0983542118134
188,0.00188875113538
189,0.063267862528
190,0.0
191,0.0
192,0.153578166429
193,0.0
194,0.0
195,0.0
196,0.0
197,0.187125369229
198,0.197483423626
199,0.00287722955748
200,0.311526069139
201,0.0
202,0.154234782832
203,0.257944220186
204,0.405794244952
205,0.103216422387
206,0.0840552431248
207,0.484747708283
208,0.190903156069
209,0.282733079731
210,0.00797480323935
211,0.323400511201
212,0.0
213,0.0
214,0.0
215,0.0
216,0.0
217,0.0
218,0.0
219,0.0
220,0.0
221,0.0
222,0.0
223,0.0
224,0.0
225,0.0
226,0.0
227,0.292367645098
228,0.217185850532
229,0.0975597195442
230,0.49396162645
231,0.37115602162
232,0.350138778758
233,0.114719738065
234,0.277869849606
235,0.31545549801
236,0.0
237,0.00707571717044
238,0.0
239,0.0
240,0.0
241,0.289108144978
242,0.234242433798
243,0.249757093565
244,0.266017874342
245,0.111747479443
246,0.204890525774
247,0.349394178134
248,0.0902969004385
249,0.170212765957
250,0.0275593838522
251,0.0
252,0.0
253,0.11468526781
254,0.152698452489
255,0.0
256,0.0280174386502
257,0.31034262673
258,0.221969930938
259,0.0547138514311
260,0.179392399613
261,0.0260818181394
262,0.184568822273
263,0.549698672249
264,0.456091510585
265,0.441723961748
266,0.1207288061
267,0.289218879305
268,0.474216740388
269,0.134887741769
270,0.30215064801
271,0.306457212286
272,0.429538606931
273,0.0247612322415
274,0.211764123694
275,0.349050513655
276,0.171504724905
277,0.194523241458
278,0.317990308575
279,0.351664987908
280,0.186950811359
281,0.331288195678
282,0.232182806058
283,0.361239262097
284,0.0
285,0.199955395779
286,0.0
287,0.0
288,0.0
289,0.0
290,0.0
291,0.106638027778
292,0.0
293,0.166666666667
294,0.170212765957
295,0.0
296,0.166666666667
297,0.0
298,0.0
299,0.0680500880741
300,0.133303597186
301,0.0
302,0.0
303,0.0909090909091
304,0.466073617566
305,0.294632755201
306,0.177012260486
307,0.232830967887
308,0.0859992761407
309,0.310703081812
310,0.0
311,0.0
312,0.0
313,0.0238041848098
314,0.0
315,0.115426478067
316,0.0459684260156
317,0.202211584864
318,0.316428378958
319,0.379772585434
320,0.587009969322
321,0.376129393108
322,0.0
323,0.231916430295
324,0.179086351749
325,0.380806407155
326,0.143466319875
327,0.122086688747
328,0.648259516358
329,0.325718679292
330,0.347858916106
331,0.0195932421719
332,0.533814011643
333,0.385081540169
334,0.110853610472
335,0.271646425747
336,0.29451003484
337,0.0704263935469
338,0.0227883697221
339,0.345793716398
340,0.461361101338
341,0.0
342,0.0
343,0.0
344,0.0
345,0.0
346,0.0
347,0.0
348,0.0
349,0.0
350,0.0
351,0.0
352,0.0
353,0.0
354,0.0
355,0.00581559221236
356,0.361155193503
357,0.156032478997
358,0.0571971031473
359,0.197660211455
360,0.164404328913
361,0.115680199518
362,0.0
363,0.19798680722
364,0.170212765957
365,0.0
366,0.0
367,0.0
368,0.0
369,0.0
370,0.0
371,0.0
372,0.0
373,0.0
374,0.0
375,0.00476554866149
376,0.0
377,0.342443883276
378,0.262122857265
379,0.289894333517
380,0.647376617908
381,0.041322879873
382,0.615779033201
383,0.0897184944116
384,0.113436149875
385,0.251208891978
386,0.467854184965
387,0.0691135597326
388,0.102714323611
389,0.0660140171962
390,0.0958766111239
391,0.0
392,0.0
393,0.0
394,0.3247175981
395,0.0
396,0.0
397,0.0
398,0.0
399,0.00624260501399
400,0.0
401,0.194382867082
402,0.121664847105
403,0.401738097444
404,0.17414281318
405,0.306624488374
406,0.0
407,0.00754754439364
408,0.470260423306
409,0.123204893774
410,0.200739288849
411,0.328371411193
412,0.54716125987
413,0.0
414,0.0
415,0.0
416,0.0
417,0.0
418,0.0
419,0.0
420,0.515068534067
421,0.0206693219159
422,0.0
423,0.0
424,0.10359780115
425,0.495124906239
426,0.704810563852
427,0.114769075869
428,0.286791955421
429,0.292950228094
430,0.380505369817
431,0.257003650354
432,0.176058156825
433,0.230180452559
434,0.0
435,0.136126257612
436,0.0
437,0.137155860149
438,0.259531661453
439,0.097136991846
440,0.172684193576
441,0.340200984156
442,0.0
443,0.0971645841668
444,0.289935038053
445,0.292818863383
446,0.374322237206
447,0.150751237446
448,0.0
449,0.413794132335
450,0.481714936117
451,0.522564947389
452,0.154032706791
453,0.0
454,0.0
455,0.0
456,0.0
457,0.0
458,0.24777561884
459,0.283519274393
460,0.00635508064297
461,0.0
462,0.0
463,0.0
464,0.0
465,0.0
466,0.0
467,0.0
468,0.0
469,0.0
470,0.0
471,0.0
472,0.0
473,0.0
474,0.0
475,0.0
476,0.0
477,0.0
478,0.0
479,0.213691538298
480,0.0
481,0.00863052212294
482,0.0
483,0.0
484,0.0924943610388
485,0.0
486,0.0139719115398
487,0.169632300381
488,0.282624981349
489,0.18966772162
490,0.270382068689
491,0.0
492,0.338618649707
493,0.17532883179
494,0.117905260341
495,0.404222098651
496,0.342803379171
497,0.359311628684
498,0.513391262657
499,0.543682220528
500,0.327121716947
501,0.266582735012
502,0.345083391707
503,0.517436160884
504,0.0
505,0.0
506,0.0
507,0.268032510925
508,0.578272982141
509,0.505378927154
510,0.291251084687
511,0.171786693532
512,0.0346930196422
513,0.189578716051
514,0.144405662617
515,0.283126847593
516,0.143105332273
517,0.189578716051
518,0.0
519,0.0
520,0.592174999127
521,0.126436339378
522,0.56603311111
523,0.247347519068
524,0.208869195907
525,0.430005326451
526,0.259752757867
527,0.245293895519
528,0.164419531076
529,0.195476916482
530,0.37538837099
531,0.585114040795
532,0.562877198655
533,0.453693524339
534,0.26578927678
535,0.324112696804
536,0.417167668732
537,0.358557861007
538,0.289938018488
539,0.545483689882
540,0.362324936343
541,0.609795057975
542,0.585874785917
543,0.41279394557
544,0.295848981145
545,0.323437032622
546,0.197789930834
547,0.0886627510604
548,0.0
