site,dnds
1,0.0
2,0.0
3,0.0
4,0.0
5,0.166666666667
6,0.0
7,0.0869565217391
8,0.226326098051
9,0.108086674797
10,0.19974875217
11,0.447478065054
12,0.547274877664
13,0.162429286433
14,0.0182389346857
15,0.281956837122
16,0.555667229572
17,0.728320193731
18,0.0
19,0.668049494773
20,0.080376379989
21,0.115786900175
22,0.0728851309516
23,0.215425095134
24,0.044389271611
25,0.0
26,0.0
27,0.0934950277549
28,0.0
29,0.0950325464342
30,0.0
31,0.0
32,0.0
33,0.0
34,0.0
35,0.0
36,0.0
37,0.29333504972
38,0.552220079615
39,0.374027572783
40,0.0
41,0.46335096276
42,0.653945238134
43,0.0
44,0.0
45,0.0
46,0.363416878652
47,0.080032220455
48,0.281158058666
49,0.0680500880741
50,0.0
51,0.0680500880741
52,0.1087289695
53,0.0
54,0.578975436815
55,0.558892697509
56,0.20244659466
57,0.355530017201
58,0.210575006511
59,0.686810334126
60,0.460515734191
61,0.442311378617
62,0.24064613877
63,0.587692794656
64,0.660251686971
65,0.584430424356
66,0.41487632671
67,0.182948561798
68,0.652951447811
69,0.507482987473
70,0.346513093002
71,0.265578958168
72,0.414394950822
73,0.133549092178
74,0.105465892796
75,0.121226877835
76,0.342617906687
77,0.0047532048756
78,0.134314209744
79,0.0
80,0.263075762437
81,0.257952642844
82,0.340460051736
83,0.0
84,0.135749882904
85,0.105368122431
86,0.757080802122
87,0.638035155813
88,0.123624471908
89,0.0
90,0.0
91,0.0
92,0.0
93,0.0
94,0.0
95,0.0
96,0.317767306974
97,0.220760474374
98,0.281210713459
99,0.233258110371
100,0.0
101,0.524248599024
102,0.484298095325
103,0.0290323426413
104,0.547336877086
105,0.446138231785
106,0.0
107,0.271911373698
108,0.0
109,0.480739902684
110,0.238252804996
111,0.0
112,0.118961529248
113,0.0
114,0.0367253709513
115,0.123812709167
116,0.0216831372763
117,0.139168358501
118,0.250115767704
119,0.100063342775
120,0.192419624075
121,0.191616766467
122,0.232564526596
123,0.108862955032
124,0.191610212568
125,0.0499827701067
126,0.191022592861
127,0.0
128,0.101081126256
129,0.0
130,0.105272044924
131,0.0
132,0.0734610515494
133,0.124791513896
134,0.133182792925
135,0.0
136,0.0
137,0.703583471782
138,0.375220276185
139,0.25284574404
140,0.494444951936
141,0.705207696051
142,0.562969831757
143,0.791503179193
144,0.0938090328532
145,0.226402085131
146,0.342323114499
147,0.462222614794
148,0.51864629336
149,0.492440953503
150,0.402033979386
151,0.413959048742
152,0.247963192154
153,0.286695059001
154,0.0
155,0.184807159033
156,0.506793048559
157,0.584843257163
158,0.0
159,0.213091151706
160,0.0680500880741
161,0.0
162,0.0
163,0.0
164,0.0
165,0.0
166,0.0
167,0.0
168,0.0
169,0.0
170,0.0
171,0.0
172,0.0
173,0.506229469138
174,0.156202181535
175,0.0
176,0.146312537494
177,0.214583437235
178,0.364095400862
179,0.21721720383
180,0.718075197262
181,0.0
182,0.715911724113
183,0.646881215867
184,0.754585195745
185,0.692048460078
186,0.617443743415
187,0.581506329506
188,0.783207841951
189,0.570658131841
190,0.476565909931
191,0.462273502349
192,0.53845351384
193,0.767331605269
194,0.0468766707418
195,0.662226280954
196,0.430000812788
197,0.143032943694
198,0.508998497834
199,0.361353257862
200,0.143743232501
201,0.0
202,0.0116471117642
203,0.0167321010372
204,0.0812759106877
205,0.112923982713
206,0.0965294301336
207,0.0726898968738
208,0.227375095223
209,0.18369394919
210,0.194702758565
211,0.165326480723
212,0.740083243738
213,0.551829150514
214,0.414965751908
215,0.229964655939
216,0.527448580963
217,0.135451774445
218,0.0
219,0.733129858235
220,0.0402359592759
221,0.467300524422
222,0.0357142857143
223,0.0723284014497
224,0.0
225,0.443372697633
226,0.543875104573
227,0.139016608494
228,0.00872844945241
229,0.308368576018
230,0.178489002834
231,0.201315813166
232,0.616511700339
233,0.0651029504396
234,0.0589767429976
235,0.303067423241
236,0.0
237,0.0
238,0.581206059822
239,0.298770613818
240,0.329249944223
241,0.374783065515
242,0.375468791634
243,0.111173747298
244,0.0
245,0.0
246,0.237811578613
247,0.332030105925
248,0.339660604608
249,0.190476190476
250,0.0680500880741
251,0.12063424704
252,0.0
253,0.178226019006
254,0.272485848718
255,0.315036303827
256,0.386356803724
257,0.664158603179
258,0.613725217363
259,0.167266476387
260,0.415475231358
261,0.100821408081
262,0.199955395779
263,0.616903334687
264,0.145099736239
265,0.142106599013
266,0.524653304786
267,0.664622445079
268,0.508320766116
269,0.0
270,0.0
271,0.462611873275
272,0.233481155557
273,0.239656477777
274,0.0
275,0.370669458981
276,0.307523035963
277,0.554455867755
278,0.195130325506
279,0.30223994386
280,0.534169342779
281,0.0752064577242
282,0.160718313252
283,0.391604260591
284,0.0
285,0.0
286,0.150807242875
287,0.0849835623675
288,0.155452762124
289,0.184839248149
290,0.403232703858
291,0.230215827338
292,0.123914579765
293,0.282697458715
294,0.168097693183
295,0.493029722987
296,0.460087457765
297,0.336744312063
298,0.267524972587
299,0.0
300,0.0846188051704
301,0.138629436112
302,0.102564102564
303,0.242720895536
304,0.354503283803
305,0.161022466227
306,0.292828783236
307,0.0678106746239
308,0.229861035732
309,0.0
310,0.334006613647
311,0.0
312,0.0488661673426
313,0.0
314,0.100821408081
315,0.142857142857
316,0.0924530922607
317,0.427389422012
318,0.549536037987
319,0.713727017736
320,0.42522198675
321,0.676497154596
322,0.747694819886
323,0.434534344287
324,0.516537016446
325,0.628915712491
326,0.154394933527
327,0.296193847994
328,0.236132464253
329,0.0423295988128
330,0.293009422946
331,0.185214671158
332,0.339212333445
333,0.144223543538
334,0.339637962214
335,0.65703135054
336,0.291185647668
337,0.257915229976
338,0.322283125981
339,0.167037651599
340,0.263222029361
341,0.258744843746
342,0.744039676102
343,0.417684922284
344,0.0
345,0.620643313803
346,0.533729034585
347,0.173337706743
348,0.381468375073
349,0.535121605285
350,0.424886626323
351,0.12113242579
352,0.356288471162
353,0.655156934584
354,0.509888599351
355,0.545892386966
356,0.136062176111
357,0.0
358,0.456750402781
359,0.478670756114
360,0.541904968318
361,0.226845531929
362,0.311506507172
363,0.100656231768
364,0.194806478005
365,0.00658746830246
366,0.0
367,0.524173674565
368,0.0
369,0.0
370,0.0
371,0.0
372,0.0
373,0.0
374,0.0
375,0.125041497171
376,0.546572209777
377,0.518034756374
378,0.304057805204
379,0.44813625334
380,0.628730706604
381,0.717357310419
382,0.65406595249
383,0.416474506466
384,0.138784173082
385,0.452574948442
386,0.648757047727
387,0.0
388,0.637337105297
389,0.673511878873
390,0.596988920781
391,0.645676157265
392,0.555139897381
393,0.778298450662
394,0.330663327146
395,0.525460037521
396,0.633684166436
397,0.270604364017
398,0.0884651144963
399,0.00462310136047
400,0.19342259687
401,0.527336623859
402,0.0
403,0.0
404,0.0
405,0.0
406,0.0
407,0.31617645675
408,0.0896690488694
409,0.326221735307
410,0.464936917643
411,0.59166900535
412,0.413593923289
413,0.387438144324
414,0.366801211122
415,0.0494598129504
416,0.2805671559
417,0.115910325665
418,0.371529687978
419,0.241541391397
420,0.700927267043
421,0.0
422,0.542172067838
423,0.407886571968
424,0.701115575416
425,0.322504224869
426,0.138629436112
427,0.0363636363636
428,0.574099756057
429,0.364816605287
430,0.0925295780223
431,0.625883341717
432,0.155497076552
433,0.0
434,0.0
435,0.0
436,0.0
437,0.0797636278246
438,0.0714285714286
439,0.109315747318
440,0.08664339757
441,0.0
442,0.0301827981356
443,0.22193099885
444,0.0
445,0.266666666667
446,0.0
447,0.132776341132
448,0.0
449,0.0
450,0.0
451,0.0
452,0.0990210257943
453,0.0
454,0.0
455,0.0
456,0.487110811997
457,0.101608636385
458,0.0
459,0.0
460,0.0
461,0.0573363030153
462,0.0
463,0.0544331990652
464,0.0
465,0.0
466,0.0
467,0.0
468,0.0
469,0.0
470,0.0
471,0.0
472,0.0
473,0.0728851309516
474,0.622700195361
475,0.693543995855
476,0.193548387097
477,0.539819251232
478,0.490181723672
479,0.0
480,0.0
481,0.089775281138
482,0.353630669641
483,0.45281040559
484,0.0
485,0.0999131071077
486,0.584860868304
487,0.193072538963
488,0.225614648221
489,0.265698418502
490,0.396596448059
491,0.466671333624
492,0.0111094825616
493,0.00833181747309
494,0.0
495,0.0
496,0.0
497,0.0
498,0.0
499,0.0
500,0.0
501,0.0
502,0.199955395779
503,0.108124028829
504,0.119402985075
505,0.0
506,0.0246510453843
507,0.126266848365
508,0.350378802258
509,0.229707430281
510,0.434792303708
511,0.195203587731
512,0.4247268597
513,0.289843438882
514,0.458609201433
515,0.325631264332
516,0.103575087302
517,0.0
518,0.0
519,0.0
520,0.0
521,0.0
522,0.0
523,0.0
524,0.509222308145
525,0.495105381051
526,0.241369745998
527,0.56192136031
528,0.265813676141
529,0.234538420536
530,0.60742065765
531,0.287430960374
532,0.541944650715
533,0.721139594658
534,0.725104840623
535,0.678389438495
536,0.586478295957
537,0.309588385348
538,0.660561120696
539,0.746301219864
540,0.430407067135
541,0.274578110793
542,0.59785891909
543,0.610305653456
544,0.417737341137
545,0.63912401026
546,0.42030523462
547,0.660964547913
548,0.29905197686
549,0.397582858922
550,0.159102533793
551,0.0410570896029
552,0.34966143503
553,0.432009263859
554,0.15744270991
555,0.736299637602
556,0.751902837542
557,0.0
558,0.0
559,0.0
560,0.0
561,0.0
562,0.0
563,0.0
564,0.0
565,0.0
566,0.0
567,0.0
568,0.0
569,0.199955395779
570,0.100821408081
571,0.0
572,0.0
573,0.0
574,0.0
575,0.0
576,0.517355030987
577,0.0759613348559
578,0.0
579,0.170886693345
580,0.308345662242
581,0.0058214237956
582,0.00677994344356
583,0.0
584,0.0491008335005
585,0.0686535772987
586,0.372335016571
587,0.0742347242599
588,0.196713005872
589,0.0838480436404
590,0.254052050838
591,0.0826161163732
592,0.472416272878
593,0.2931750342
594,0.131964745428
595,0.249048630966
596,0.444538763614
597,0.444287338856
598,0.277246969881
599,0.265445477876
600,0.111723283593
601,0.102564102564
602,0.164570469221
603,0.0
604,0.170212765957
605,0.106638027778
606,0.170212765957
607,0.0680500880741
608,0.0
609,0.0
610,0.0
611,0.169014084507
612,0.170212765957
613,0.0
614,0.0
615,0.0
616,0.0
617,0.0
618,0.0
619,0.34236826456
620,0.0406870988983
621,0.153948212021
622,0.532961721564
623,0.295036315371
624,0.294251079081
625,0.0473503450535
626,0.592542182758
627,0.0724859796664
628,0.0
629,0.253288026612
630,0.213091151706
631,0.592039529637
632,0.332353610845
633,0.0
634,0.434253717112
635,0.509366706923
636,0.746482478582
637,0.23364009579
638,0.162765284657
639,0.0719205181129
640,0.0695083042471
641,0.520206203934
642,0.187616841237
643,0.322075619922
644,0.237005487399
645,0.369062729658
646,0.41150250686
647,0.354408551504
648,0.463776201164
649,0.643108982087
650,0.545006250219
651,0.282783865306
652,0.692316599592
653,0.67162047092
654,0.375246279718
655,0.279054418355
656,0.207165167735
657,0.626000189618
658,0.490830357407
659,0.544520551338
660,0.236054401604
661,0.122021019561
662,0.287765664118
663,0.403694839622
664,0.736114926048
665,0.654740367535
666,0.432808606269
667,0.681280241154
668,0.372302571541
669,0.284584240127
670,0.090907231171
671,0.533936565851
672,0.19297678349
673,0.713841112643
674,0.0824674796152
675,0.111111111111
676,0.0739356992597
677,0.173913043478
678,0.120948141872
679,0.158433641271
680,0.639637813805
681,0.307751704952
682,0.067664537
683,0.476176280217
684,0.0139299690606
685,0.484533337247
686,0.378666144255
687,0.169640397473
688,0.439409197502
689,0.758304726958
690,0.487323325916
691,0.115014855442
692,0.408961902744
693,0.335718815414
694,0.220510353604
695,0.155881020807
696,0.188976377953
697,0.0519029427717
698,0.0
699,0.1
700,0.0588542297501
701,0.0
702,0.154032706791
703,0.0
