site,dnds
1,0.0
2,0.0
3,0.0
4,0.0
5,0.0
6,0.0
7,0.166666666667
8,0.0
9,0.423226257294
10,0.254301448704
11,0.48440534138
12,0.397258502459
13,0.464731510834
14,0.384001455135
15,0.527249990049
16,0.323048205575
17,0.342467621929
18,0.477501124109
19,0.426409343129
20,0.535357052759
21,0.612963486866
22,0.427215263218
23,0.367609214605
24,0.46536936032
25,0.479991983816
26,0.455310894385
27,0.390998330381
28,0.434000424381
29,0.286644780574
30,0.465078905957
31,0.400800968168
32,0.577370251663
33,0.669085559704
34,0.606195953557
35,0.567726947938
36,0.44258629199
37,0.59697405922
38,0.30359878596
39,0.474913930286
40,0.354747981065
41,0.60858171204
42,0.622612498775
43,0.634101094309
44,0.572909137003
45,0.334990004115
46,0.470701638661
47,0.3782956808
48,0.161869793334
49,0.184712399306
50,0.449458105162
51,0.543220846633
52,0.532333427253
53,0.0
54,0.244136064148
55,0.132776341132
56,0.0
57,0.0
58,0.0
59,0.0
60,0.0
61,0.0
62,0.0
63,0.0
64,0.0
65,0.0
66,0.0
67,0.0
68,0.0
69,0.0
70,0.0
71,0.0
72,0.0
73,0.0
74,0.0
75,0.0
76,0.0
77,0.0
78,0.0
79,0.0
80,0.0680500880741
81,0.0
82,0.0
83,0.0
84,0.125
85,0.496272199587
86,0.194668144322
87,0.365091625765
88,0.579909541409
89,0.403220663967
90,0.210225930013
91,0.447503320205
92,0.176697474223
93,0.270162284402
94,0.434330096281
95,0.533160453889
96,0.575349948891
97,0.627065707982
98,0.558403634051
99,0.460370434056
100,0.360101449039
101,0.456927988167
102,0.480073743378
103,0.239847207767
104,0.313752175068
105,0.296037282442
106,0.433875462709
107,0.272053708984
108,0.306773819378
109,0.406980338259
110,0.486524151476
111,0.684460597638
112,0.562833534415
113,0.50257648216
114,0.438341276956
115,0.437855111909
116,0.521602958437
117,0.668942157542
118,0.397917636711
119,0.454598227883
120,0.344234487272
121,0.645053948429
122,0.570599084415
123,0.593080728318
124,0.435623739351
125,0.585120515949
126,0.552974997455
127,0.588906190118
128,0.59363649163
129,0.565706145578
130,0.408258897495
131,0.251790561048
132,0.517448136723
133,0.153819187097
134,0.574050680261
135,0.469474708734
136,0.570103350764
137,0.676076479838
138,0.397411481424
139,0.369363501348
140,0.630913008488
141,0.580845492762
142,0.513315883833
143,0.421326655118
144,0.627877125048
145,0.488782022484
146,0.480933792936
147,0.15624788832
148,0.416774690599
149,0.145028544675
150,0.306885584117
151,0.560052298595
152,0.346568005358
153,0.265668531196
154,0.446889325033
155,0.4921244738
156,0.411890530868
157,0.396159893354
158,0.383118326966
159,0.356678348488
160,0.246799778302
161,0.613761142492
162,0.545813262481
163,0.0988306956019
164,0.296216450793
165,0.293871432341
166,0.233376284912
167,0.494348050188
168,0.302572917494
169,0.436015258108
170,0.243451073228
171,0.488748419057
172,0.282676864399
173,0.210675611886
174,0.583824877072
175,0.375981471199
176,0.383790325814
177,0.392759068182
178,0.428393075032
179,0.371594066114
180,0.260119784302
181,0.291419439354
182,0.323760290989
183,0.301948978903
184,0.358820196416
185,0.200230301888
186,0.310015282494
187,0.315502260373
188,0.474662791762
189,0.472756319281
190,0.140149076532
191,0.286664916156
192,0.143326529134
193,0.118372983647
194,0.472505740098
195,0.468240003278
196,0.386700149483
197,0.521400841937
198,0.328168997279
199,0.655044702281
200,0.432563204844
201,0.551561643476
202,0.575509440146
203,0.510515030721
204,0.276809580383
205,0.353099023042
206,0.279822125051
207,0.513051648644
208,0.532281819046
209,0.540884857981
210,0.279635316299
211,0.167481004375
212,0.294140908638
213,0.355504174987
214,0.571920133466
215,0.298032531028
216,0.50507564461
217,0.268611599708
218,0.648010437776
219,0.580160687718
220,0.371180048451
221,0.341973729553
222,0.361986572211
223,0.327893038614
224,0.128424007
225,0.187329981727
226,0.264056975272
227,0.16116837749
228,0.0868853803089
229,0.0863734804436
230,0.169620245393
231,0.12307531677
232,0.365375962227
233,0.304346794722
234,0.202060127906
235,0.11567076067
236,0.257743981584
237,0.634259254839
238,0.302318107129
239,0.4325364258
240,0.17931214922
241,0.213595146285
242,0.0795007518922
243,0.166370355153
244,0.296173003775
245,0.22229621127
246,0.163549167329
247,0.25807476971
248,0.425961865184
249,0.250836619342
250,0.203722498576
251,0.387101395131
252,0.196682142149
253,0.301348667173
254,0.18973847199
255,0.181577851657
256,0.192218239837
257,0.434076494134
258,0.35265015822
259,0.339342820478
260,0.34469847424
261,0.53316741606
262,0.35704220017
263,0.44676233504
264,0.422240750089
265,0.320475027571
266,0.370959296726
267,0.383727627169
268,0.494986899689
269,0.508113224656
270,0.530847911072
271,0.390553783748
272,0.521628625839
273,0.424067628819
274,0.530174289884
275,0.442170932339
276,0.514929816857
277,0.643190504915
278,0.465730123288
279,0.38321748114
280,0.476966312018
281,0.56757811914
282,0.617036883363
283,0.47061687294
284,0.47495471771
285,0.406794331417
286,0.553276878547
287,0.396119212896
288,0.611828124958
289,0.454200495929
290,0.609673374468
291,0.341568522889
292,0.262365820082
293,0.527464363768
294,0.689860416627
295,0.538256626123
296,0.677697330057
297,0.534815001613
298,0.335349232287
299,0.596848648757
300,0.413840272846
301,0.583113806601
302,0.755149425331
303,0.658083347068
304,0.629105457064
305,0.483729465134
306,0.705727215682
307,0.361024570691
308,0.586499731792
309,0.414423890189
310,0.65764099403
311,0.552958865294
312,0.662182169696
313,0.629027008541
314,0.711260282445
315,0.733046568291
316,0.596042190048
317,0.443127920626
318,0.585437169045
319,0.752697064376
320,0.563432433459
321,0.442147483168
322,0.639701030895
323,0.513253215047
324,0.64134297452
325,0.497019646859
326,0.652300998617
327,0.67722316064
328,0.700369817748
329,0.819839148717
330,0.474386466354
331,0.587304049595
332,0.585924865639
333,0.505108000888
334,0.59352260973
335,0.716021150405
336,0.884120822973
337,0.586189731791
338,0.756424766211
339,0.710511915219
340,0.729341164867
341,0.802327318004
342,0.802019083297
343,0.511739806319
344,0.644431227455
345,0.621313201112
346,0.636590317903
347,0.580348566545
348,0.5779131804
349,0.642294268222
350,0.554890565955
351,0.69656290351
352,0.585617101013
353,0.526122737825
354,0.613106874794
355,0.589999426162
356,0.737483890171
357,0.650731256514
358,0.536480655551
359,0.778112069941
360,0.763805913348
361,0.768353532005
362,0.570565253627
363,0.543617343863
364,0.634938230617
365,0.554763687922
366,0.633138013239
367,0.608804565186
368,0.787400658661
369,0.590959745524
370,0.584370852292
371,0.710104827198
372,0.55978382466
373,0.675295134116
374,0.664673539606
375,0.533568099965
376,0.710965233286
377,0.589599096296
378,0.68497304524
379,0.566171500459
380,0.751273751788
381,0.695126333411
382,0.594896575545
383,0.594551788787
384,0.759448238834
385,0.775388337131
386,0.661911787671
387,0.837736663067
388,0.652712675151
389,0.790156583295
390,0.802491280535
391,0.571191087983
392,0.803436520725
393,0.559441649187
394,0.723947266851
395,0.695878136906
396,0.557244151436
397,0.709001950672
398,0.731790594408
399,0.806120392799
400,0.256076045787
401,0.220896576798
402,0.308694186148
403,0.300682231854
404,0.547528258469
405,0.307584309856
406,0.281727632475
407,0.636214549743
408,0.317995831971
409,0.260956616644
410,0.629449475765
411,0.477005958808
412,0.409494812695
413,0.399226387963
414,0.383617127605
415,0.281986869749
416,0.575914080926
417,0.654069975687
418,0.530539495217
419,0.590609344747
420,0.602237725574
421,0.400155530248
422,0.623293185877
423,0.690279959899
424,0.123486224838
425,0.376298949429
426,0.672512419195
427,0.508232977516
428,0.231244073666
429,0.3394712087
430,0.726313232237
431,0.326633035922
432,0.44315536815
433,0.457962029186
434,0.502677163494
435,0.40184290244
436,0.406358213196
437,0.379606233662
438,0.465730660651
439,0.494380556046
440,0.28483306309
441,0.558577844193
442,0.464730123858
443,0.418596476049
444,0.422499187817
445,0.558902211765
446,0.330669485489
447,0.276553489825
448,0.681599668433
449,0.588212206369
450,0.32714226544
451,0.436343723635
452,0.631204276308
453,0.471423406759
454,0.368223162392
455,0.337487410336
456,0.368615544447
457,0.105107529432
458,0.408913761891
459,0.148413166152
460,0.193767288391
461,0.148994839918
462,0.194036996211
463,0.128292273488
464,0.0838471726965
465,0.16118658438
466,0.066809366801
467,0.0296369930399
468,0.123092945896
469,0.174257896241
470,0.221848532104
471,0.117960089987
472,0.0996919200212
473,0.114458403105
474,0.243450463478
475,0.210309988247
476,0.0377222955407
477,0.376437995482
478,0.347297897239
479,0.27159423009
480,0.254540850494
481,0.29535930149
482,0.278718600298
483,0.0870921457486
484,0.0580059838408
485,0.332181806095
486,0.0741782668254
487,0.186229599597
488,0.221108290906
489,0.542610661356
490,0.176198263715
491,0.49015188273
492,0.29307195147
493,0.341036504244
494,0.272476262455
495,0.251964582325
496,0.154459209068
497,0.0773677470641
498,0.149685637608
499,0.314964766927
500,0.169960556628
501,0.460078586438
502,0.318236183443
503,0.196040444221
504,0.142460614748
505,0.418678844446
506,0.128127320064
507,0.328547583661
508,0.19163814066
509,0.288310542002
510,0.349418996842
511,0.0666336741385
512,0.195089809708
513,0.38410538339
514,0.283861165359
515,0.236151510177
516,0.431831301836
517,0.304921888954
518,0.296978537669
519,0.235862194649
520,0.357335500034
521,0.385357187696
522,0.680559031487
523,0.66765571765
524,0.3845959482
525,0.650882166607
526,0.529840393159
527,0.516580615606
528,0.611225031354
529,0.528221399351
530,0.442205095108
531,0.668103094716
532,0.52161645109
533,0.514267327719
534,0.571031335904
535,0.478627174742
536,0.493963998545
537,0.470742021679
538,0.551085112014
539,0.563427798043
540,0.60112696674
541,0.607358147889
542,0.580152004546
543,0.639147268738
544,0.587020249844
545,0.396770337592
546,0.737739539517
547,0.707308515822
548,0.508575625492
549,0.743489727427
550,0.687685491078
551,0.66976002596
552,0.762332252717
553,0.703051732225
554,0.526342036015
555,0.652966965129
556,0.68076845626
557,0.534499671535
558,0.643212767503
559,0.77222779888
560,0.629505084241
561,0.643419880975
562,0.657621231993
563,0.698355723611
564,0.732939979639
565,0.511996982653
566,0.61185215585
567,0.796948280977
568,0.546584604395
569,0.520463637587
570,0.496844693683
571,0.530934326621
572,0.654912492063
573,0.624704146568
574,0.679160504797
575,0.751407535839
576,0.49188226215
577,0.741971334259
578,0.698206268072
579,0.764478440803
580,0.58380715951
581,0.74161006845
582,0.721314257081
583,0.718539037315
584,0.529057924509
585,0.66889608892
586,0.589777692219
587,0.572940943333
588,0.740792305313
589,0.713681273932
590,0.802283472368
591,0.700351920451
592,0.72963166203
593,0.60012854751
594,0.545142514755
595,0.489540453432
596,0.61107959004
597,0.481790003314
598,0.541541655732
599,0.609984356087
600,0.509811801262
601,0.569005100906
602,0.527131040138
603,0.487819352184
604,0.607298873566
605,0.546987771003
606,0.790551649133
607,0.648170698696
608,0.756359404519
609,0.399474026091
610,0.499835299186
611,0.153835794465
612,0.692291098476
613,0.535513102582
614,0.584307151167
615,0.592686166021
616,0.520456398207
617,0.621934648365
618,0.637195551061
619,0.246547223892
620,0.687655415205
621,0.390864938367
622,0.784563139171
623,0.587323408216
624,0.626222814653
625,0.574785688637
626,0.69845102549
627,0.573314183082
628,0.648393684789
629,0.546772230787
630,0.557547793548
631,0.66778719831
632,0.613166029399
633,0.277760109035
634,0.528034308695
635,0.577088190447
636,0.63481193322
637,0.460785573764
638,0.445912940705
639,0.556979899241
640,0.438661300885
641,0.390839200149
642,0.350887608452
643,0.458677656088
644,0.461044799871
645,0.441255570363
646,0.317125534944
647,0.316817231078
648,0.36994345807
649,0.433376210326
650,0.452879490053
651,0.39197131402
652,0.309539931799
653,0.205926855462
654,0.298990594817
655,0.279664404785
656,0.239605196923
657,0.439134771241
658,0.30192825812
659,0.0998290094334
660,0.179947246278
661,0.0897277903637
662,0.116936783519
663,0.190362905356
664,0.0336071360271
665,0.354603824136
666,0.357227388744
667,0.18055131581
668,0.107213184521
669,0.14045680888
670,0.106638027778
671,0.0616130827164
672,0.331433638651
673,0.198946786517
674,0.0584553828026
675,0.0
676,0.0955386349189
677,0.459206400627
678,0.124029966281
679,0.115154443608
680,0.2365241564
681,0.157338089744
682,0.288111993729
683,0.0259497669189
684,0.0666666666667
685,0.0708782121721
686,0.107012210222
687,0.0852572320297
688,0.223998431404
689,0.119679872599
690,0.236472600251
691,0.288240041226
692,0.171549562437
693,0.107663292558
694,0.179501268117
695,0.411782640912
696,0.164637111508
697,0.160225593094
698,0.204804558911
699,0.325493657511
700,0.253126075518
701,0.0
702,0.21176624383
703,0.151036491198
704,0.128618024039
705,0.126328070118
706,0.267938609952
707,0.1698732418
708,0.213309881015
709,0.247018488211
710,0.357500968316
711,0.180100375191
712,0.121212121212
713,0.178153344108
714,0.285714285714
715,0.236054401604
716,0.253511251728
717,0.194708842404
718,0.123076923077
719,0.437356871296
720,0.0625
721,0.179121568805
722,0.14914339757
723,0.275472699378
724,0.0350620943192
725,0.254233581941
726,0.211053914531
727,0.251968503937
728,0.287872331412
729,0.217270038205
730,0.219979104649
731,0.310194903309
732,0.08664339757
733,0.209752725872
734,0.696598882983
735,0.572822338928
736,0.0577062656397
737,0.266876836383
738,0.187234786205
739,0.160339219721
740,0.127945762803
741,0.221879190613
742,0.247238881314
743,0.417100844083
744,0.347968744098
745,0.467305106807
746,0.526430791604
747,0.441120384663
748,0.234283747911
749,0.312950365695
750,0.129032258065
751,0.220977119915
752,0.238211894156
753,0.200489859496
754,0.160896359717
755,0.27054888251
756,0.0645161290323
757,0.275313267884
758,0.370380014266
759,0.287670310674
760,0.346571824796
761,0.457018675627
762,0.224299264494
763,0.265088899546
764,0.391073646402
765,0.340942261006
766,0.2062762098
767,0.646330649581
768,0.609978188824
769,0.678261747218
770,0.622782707576
771,0.364837240271
772,0.258881771277
773,0.641840219006
774,0.164236195698
775,0.426027935708
776,0.0611992553551
777,0.132323100914
778,0.256453244348
779,0.0666517985931
780,0.148015095442
781,0.150807242875
782,0.229392060999
783,0.0263817345162
784,0.20422809703
785,0.0740740740741
786,0.0769230769231
787,0.190120369525
788,0.148015095442
789,0.0
790,0.175878692149
791,0.464576121676
792,0.263796227183
793,0.122028625626
794,0.325579921017
795,0.0740740740741
796,0.316526423108
797,0.0814553770234
798,0.352590549769
799,0.145802381617
800,0.324910693416
801,0.279002638716
802,0.191197960825
803,0.14391498407
804,0.124776333772
805,0.106638027778
806,0.0852025251477
807,0.148148148148
808,0.0
809,0.186095355021
810,0.371982432054
811,0.150094994323
812,0.254699805556
813,0.0754716981132
814,0.131939097189
815,0.0423295988128
816,0.120670134075
817,0.0536912751678
818,0.111111111111
819,0.0
820,0.219566990224
821,0.112936608207
822,0.320746077143
823,0.151081134977
824,0.12767970787
825,0.358504026121
826,0.589189491765
827,0.182795490666
828,0.142498196721
829,0.302503059388
830,0.276844436033
831,0.287740076129
832,0.115847173745
833,0.142488884287
834,0.317375005443
835,0.180776915278
836,0.379052762579
837,0.23484983569
838,0.389076137177
839,0.180671033348
840,0.370028747055
841,0.357008858271
842,0.268349901207
843,0.323268548632
844,0.221004765413
845,0.343363560195
846,0.185826145111
847,0.348146092623
848,0.508003868358
849,0.264426786755
850,0.462569884226
851,0.442627981568
852,0.349092350687
853,0.0
854,0.598521174567
855,0.67595130829
856,0.649399122194
857,0.701177621524
858,0.601497951075
859,0.686938362012
860,0.784013117161
861,0.58986190766
862,0.714416075131
863,0.537192668307
864,0.716556516475
865,0.615748116635
866,0.603953152421
867,0.741544059794
868,0.744480423604
869,0.725441694327
870,0.661993027941
871,0.672882829468
872,0.517020392602
873,0.643547680592
874,0.614580894059
875,0.567162649877
876,0.659332867624
877,0.560679607579
878,0.567403207006
879,0.531932553398
880,0.56700996578
881,0.561947364996
882,0.496442086289
883,0.320314588099
884,0.394900103647
885,0.197804372694
886,0.220688597726
887,0.276917162463
888,0.408050823088
889,0.340900313603
890,0.226628798245
891,0.279433957453
892,0.245311508021
893,0.184691119694
894,0.0662862154763
895,0.344652499554
896,0.45661900646
897,0.407165336876
898,0.306819485628
899,0.310404357846
900,0.107291718618
901,0.30892303344
902,0.150928301039
903,0.184726211037
904,0.180944173805
905,0.318417866478
906,0.35555861734
907,0.348922990533
908,0.298091966811
909,0.220735263482
910,0.295777170243
911,0.253563005205
912,0.252922548955
913,0.218258865525
914,0.124959701864
915,0.13004375992
916,0.212776300064
917,0.202191384193
918,0.173474811707
919,0.127833715442
920,0.048114406803
921,0.132418909598
922,0.336600957563
923,0.0393274996062
924,0.214349028087
925,0.336443045914
926,0.202990826391
927,0.263145630935
928,0.39040616497
929,0.137311625946
930,0.213276055557
931,0.207679877098
932,0.1
933,0.15640358079
934,0.108953284827
935,0.0854118609676
936,0.250142978263
937,0.125552128287
938,0.1099540709
939,0.163002227261
940,0.184201338
941,0.162035837403
942,0.480764463179
943,0.39212915616
944,0.665859166155
945,0.605190675184
946,0.474770349584
947,0.165979992235
948,0.329593075508
949,0.620637461925
950,0.216146003173
951,0.233096944937
952,0.27402345655
953,0.47883954563
954,0.259528554648
955,0.261204359716
956,0.380329616175
957,0.230360679748
958,0.313545774178
959,0.281851703684
960,0.302927874917
961,0.434492752882
962,0.0615536371923
963,0.178519249463
964,0.270928393298
965,0.114110863404
966,0.0
967,0.451407332462
968,0.43694623524
969,0.320970776706
970,0.436610267578
971,0.155796381125
972,0.155075995028
973,0.469127931312
974,0.634859407314
975,0.279584193137
976,0.388620899181
977,0.270348739697
978,0.320302974166
979,0.16951808488
980,0.194048827358
981,0.449489070489
982,0.210406708291
983,0.321797609838
984,0.513378127551
985,0.581759171745
986,0.605134297122
987,0.536750633661
988,0.576845332217
989,0.604332734601
990,0.803640546833
991,0.61315140156
992,0.701777193984
993,0.426943022135
994,0.554792453165
995,0.691046645387
996,0.490232861023
997,0.255714676809
998,0.142700070689
999,0.446577140687
1000,0.449808656009
1001,0.581150860655
1002,0.385191315906
1003,0.252442262933
1004,0.482181692742
1005,0.391179120034
1006,0.619692954892
1007,0.536930610533
1008,0.24024676931
1009,0.586599450357
1010,0.556626249932
1011,0.36142077768
1012,0.502298966518
1013,0.763805825334
1014,0.517693843008
1015,0.431347680128
1016,0.315486380569
1017,0.561402168288
1018,0.586629615816
1019,0.50679966093
1020,0.542154908626
1021,0.572742429774
1022,0.628472229647
1023,0.678744097398
1024,0.0
1025,0.0
1026,0.0
1027,0.0
1028,0.0
1029,0.0
1030,0.0
1031,0.0
1032,0.0
1033,0.0
1034,0.0
1035,0.0
1036,0.0
1037,0.0
1038,0.0
1039,0.0
1040,0.0
1041,0.0
1042,0.0
1043,0.0
1044,0.0
1045,0.0
1046,0.0
1047,0.0
1048,0.0
1049,0.0
1050,0.0
1051,0.0
1052,0.0
1053,0.0
1054,0.0
1055,0.0
1056,0.0
1057,0.0
1058,0.0
1059,0.0
1060,0.0
1061,0.0
1062,0.0
1063,0.0
1064,0.0
1065,0.0
1066,0.0
1067,0.0
1068,0.0
1069,0.0
1070,0.0
1071,0.0
1072,0.0
1073,0.0
1074,0.0
1075,0.0
1076,0.0
1077,0.0
1078,0.0
1079,0.0
1080,0.0
1081,0.0
1082,0.0
1083,0.0
1084,0.0
1085,0.0
1086,0.0
1087,0.0
1088,0.0
1089,0.0
1090,0.0
1091,0.0
1092,0.0
1093,0.0
1094,0.0
1095,0.0
1096,0.0
1097,0.0
1098,0.0
1099,0.0
1100,0.0
1101,0.0
1102,0.0
1103,0.0
1104,0.0
1105,0.0
1106,0.0
1107,0.0
1108,0.0
1109,0.0
1110,0.0
1111,0.0
1112,0.0
1113,0.0
1114,0.0
1115,0.0
1116,0.0
1117,0.0
1118,0.0
1119,0.717968803495
1120,0.64773046019
1121,0.443904731729
1122,0.550216093817
1123,0.42803932835
1124,0.283954449358
1125,0.0665825629496
1126,0.525813137869
1127,0.521751981794
1128,0.311505792754
1129,0.150137263548
1130,0.413126369596
1131,0.189957317675
1132,0.356251108919
1133,0.340426476533
1134,0.158905625574
1135,0.630572479395
1136,0.246921073608
1137,0.493152594305
1138,0.50916665979
1139,0.426810152569
1140,0.492742988268
1141,0.608167108153
1142,0.571570365396
1143,0.615549370911
1144,0.169532316211
1145,0.232101187747
1146,0.448881396911
1147,0.30182264001
1148,0.474971947655
1149,0.592395106928
1150,0.410319872668
1151,0.63027793314
1152,0.0
1153,0.0588542297501
1154,0.219603115568
1155,0.284504084411
1156,0.254960728654
1157,0.424558356472
1158,0.534095455868
1159,0.0
1160,0.0827638424549
1161,0.106935852688
1162,0.0630536049209
1163,0.180795550891
1164,0.207109881787
1165,0.233333583434
1166,0.272735767391
1167,0.310747046675
1168,0.299238575618
1169,0.225438705108
1170,0.544411686194
1171,0.162979743713
1172,0.394465654315
1173,0.572010786338
1174,0.3574546518
1175,0.29095164957
1176,0.597739468137
1177,0.112026770632
1178,0.521408799748
1179,0.483305564612
1180,0.520061455069
1181,0.186241668739
1182,0.396687500398
1183,0.291707072734
1184,0.481093976689
1185,0.231635319666
1186,0.361641099059
1187,0.448430261571
1188,0.482402722274
1189,0.312995281966
1190,0.581474905402
1191,0.0
1192,0.165107837594
1193,0.11000298226
1194,0.169060287941
1195,0.121505506581
1196,0.053542849899
1197,0.18463168437
1198,0.236905557629
1199,0.300913665533
1200,0.268777214854
1201,0.203714220008
1202,0.201763549063
1203,0.322087547386
1204,0.185556251278
1205,0.19512195122
1206,0.352591474155
1207,0.516402516349
1208,0.22702470067
1209,0.214250692647
1210,0.315722807926
1211,0.522385552034
1212,0.606556940352
1213,0.500480098414
1214,0.360632918074
1215,0.424443561205
1216,0.302646432906
1217,0.353399918645
1218,0.465373057692
1219,0.311783079437
1220,0.344521264038
1221,0.375563315527
1222,0.180071975912
1223,0.207406749757
1224,0.207209571628
1225,0.392053106408
1226,0.328997265306
1227,0.354012012446
1228,0.613088261618
1229,0.499818218547
1230,0.441978412977
1231,0.487833396558
1232,0.299909107959
1233,0.280936095383
1234,0.503811194983
1235,0.357753848857
1236,0.284016276963
1237,0.314772841527
1238,0.594902842516
1239,0.722876375403
1240,0.528665694497
1241,0.543437472397
1242,0.614932456837
1243,0.565288084128
1244,0.272681616442
1245,0.587352822862
1246,0.331036775762
1247,0.401161673817
1248,0.127516824933
1249,0.502451191134
1250,0.282628481159
1251,0.31118285641
1252,0.707217110198
1253,0.210902758667
1254,0.301944459441
1255,0.41774823781
1256,0.216968224027
1257,0.388515008863
1258,0.343179422729
1259,0.507325622636
1260,0.211468631357
1261,0.321396160767
1262,0.282419573569
1263,0.0612978023936
1264,0.607033003298
1265,0.323120212203
1266,0.373788737733
1267,0.496371716103
1268,0.541374103695
1269,0.467562321105
1270,0.412275728404
1271,0.290203904754
1272,0.522942049056
1273,0.645815048791
1274,0.689297565039
1275,0.445375495614
1276,0.456748968518
1277,0.443970790527
1278,0.402572756909
1279,0.575708514334
1280,0.425485565448
1281,0.5695785084
1282,0.457828783899
1283,0.696355794806
1284,0.678497772854
1285,0.328536564271
1286,0.627084989421
1287,0.547486515252
1288,0.466852656938
1289,0.715261845377
1290,0.518440302331
1291,0.516134002206
1292,0.418051183756
1293,0.422737078383
1294,0.27649714489
1295,0.381373457149
1296,0.507998458637
1297,0.625232665778
1298,0.632405157286
1299,0.434311991872
1300,0.456868174697
1301,0.597475356026
1302,0.600973346631
1303,0.505729552821
1304,0.640425275857
1305,0.552032277558
1306,0.628427873114
1307,0.670078519622
1308,0.578552886195
1309,0.82222205158
1310,0.757998034233
1311,0.548870278218
1312,0.528905299005
1313,0.447814918669
1314,0.610521434035
1315,0.579961082736
1316,0.627366147188
1317,0.714768922658
1318,0.73838636566
1319,0.627554763159
1320,0.646588196352
1321,0.758866548911
1322,0.627561877481
1323,0.599888638683
1324,0.784031905697
1325,0.734580299167
1326,0.73607620979
1327,0.761350585
1328,0.747913843368
1329,0.821639370441
1330,0.569276302826
1331,0.638606022292
1332,0.764852649549
1333,0.697169343961
1334,0.75176073308
1335,0.638093041379
1336,0.799424604655
1337,0.832460833566
1338,0.792682439284
1339,0.743555462431
1340,0.567286581104
1341,0.775485670322
1342,0.71457431772
1343,0.676569873158
1344,0.634413904158
1345,0.589699497516
1346,0.700971551654
1347,0.459104383189
1348,0.154032706791
1349,0.0
1350,0.0
1351,0.158433641271
1352,0.0
1353,0.0666701197852
1354,0.0
1355,0.126026760102
1356,0.0775491027295
1357,0.169283964438
1358,0.0512820512821
1359,0.130457478299
1360,0.483191300093
1361,0.0745441770007
1362,0.0
1363,0.0
1364,0.0
1365,0.0
1366,0.0
1367,0.0
1368,0.0
1369,0.0
1370,0.0
1371,0.0
1372,0.0
1373,0.0
1374,0.0
1375,0.0
1376,0.0
1377,0.0
1378,0.0
1379,0.0
1380,0.0
1381,0.0
1382,0.0
1383,0.0
1384,0.0
1385,0.0
1386,0.0
1387,0.0
1388,0.0
1389,0.0
1390,0.0
1391,0.0
1392,0.0
1393,0.0
1394,0.0
1395,0.0
1396,0.0
1397,0.0
1398,0.0
1399,0.0
1400,0.0
1401,0.0
1402,0.0
1403,0.0
1404,0.0
1405,0.0
1406,0.0
1407,0.0
1408,0.0
1409,0.0
1410,0.0
1411,0.0
1412,0.0
1413,0.0
1414,0.0
1415,0.0
1416,0.0
1417,0.0
1418,0.0
1419,0.0775491027295
1420,0.125
1421,0.0
1422,0.100821408081
1423,0.0
1424,0.0
1425,0.0
1426,0.0
1427,0.147871398519
1428,0.0
1429,0.0
1430,0.0
1431,0.0
1432,0.3247175981
1433,0.139681759731
1434,0.0797636278246
1435,0.0
1436,0.141031341951
1437,0.0
1438,0.1883335352
1439,0.1
1440,0.22752999658
1441,0.11090354889
1442,0.181054251829
1443,0.18277396214
1444,0.268907563025
1445,0.512026290757
1446,0.0418676943151
1447,0.22523564223
1448,0.0887662173542
1449,0.161782668551
1450,0.238267560036
1451,0.237907723891
1452,0.233356003438
1453,0.26303628853
1454,0.453365022547
1455,0.102359505429
1456,0.156949668677
1457,0.256363442943
1458,0.373701984563
1459,0.217243951798
1460,0.121880377301
1461,0.288183364716
1462,0.553541061848
1463,0.229567120764
1464,0.0
1465,0.0
1466,0.0
1467,0.0
1468,0.0
1469,0.0
1470,0.0
1471,0.0
1472,0.0
1473,0.0
1474,0.0
1475,0.0
1476,0.0
1477,0.0
1478,0.0
1479,0.0
1480,0.0
1481,0.0
1482,0.0
1483,0.0
1484,0.0
1485,0.0
1486,0.0
1487,0.0
1488,0.0
1489,0.0
1490,0.00213934314988
1491,0.30896917589
1492,0.353153715362
1493,0.451415793633
1494,0.782803633567
1495,0.509543618504
1496,0.776937668746
1497,0.408243952104
1498,0.281808027499
1499,0.406534957764
1500,0.263944072328
1501,0.224382836851
1502,0.198951802998
1503,0.370003079087
1504,0.494485538782
1505,0.441114410866
1506,0.28565962415
1507,0.139975606647
1508,0.206214760792
1509,0.139788467659
1510,0.18078689363
1511,0.0
1512,0.183949250873
1513,0.389282121051
1514,0.432322886143
1515,0.0
1516,0.115524530093
1517,0.0
1518,0.0
1519,0.0
1520,0.0
1521,0.0
1522,0.0
1523,0.161544172465
1524,0.131502197224
1525,0.0
1526,0.110235473454
1527,0.173112986994
1528,0.319941978356
1529,0.197202354773
1530,0.279002638716
1531,0.420537970521
1532,0.1215972811
1533,0.0998794847267
1534,0.155844155844
1535,0.0972723226127
1536,0.0717825240618
1537,0.12028906723
1538,0.0
1539,0.0
1540,0.03983757209
1541,0.114687999221
1542,0.0821452541108
1543,0.312037873617
1544,0.210131832466
1545,0.0722866448725
1546,0.132776341132
1547,0.175845558609
1548,0.243771383602
1549,0.0
1550,0.183699800256
1551,0.0487804878049
1552,0.0
1553,0.0913293863099
1554,0.101541771399
1555,0.0
1556,0.198557301171
1557,0.170212765957
1558,0.125
1559,0.0
1560,0.292543599369
1561,0.17656268925
1562,0.237096992493
1563,0.138629436112
1564,0.169014084507
1565,0.210403515559
1566,0.0781621391147
1567,0.256083226174
1568,0.219052278414
1569,0.0974267203918
1570,0.115524530093
1571,0.32611392769
1572,0.110925502972
1573,0.0
1574,0.0443614195558
1575,0.248665695511
1576,0.126746913017
1577,0.0
1578,0.21911800629
1579,0.0
1580,0.304775650725
1581,0.294504597128
1582,0.42259711783
1583,0.249641980659
1584,0.653075475173
1585,0.220396230242
1586,0.311770777491
1587,0.324658380957
1588,0.531663452432
1589,0.355207479221
1590,0.37813879882
1591,0.497051348195
1592,0.313705482567
1593,0.262754927335
1594,0.280592120611
1595,0.387631242409
1596,0.337543590607
1597,0.213145130105
1598,0.480202717639
1599,0.456734571197
1600,0.381542229981
1601,0.264826402382
1602,0.475996190974
1603,0.384735117522
1604,0.36302186702
1605,0.389124072274
1606,0.297083566793
1607,0.453759472824
1608,0.422707661535
1609,0.181375829104
1610,0.377029102906
1611,0.307787007843
1612,0.276494462248
1613,0.213587147387
1614,0.205822660015
1615,0.331927076018
1616,0.184988576242
1617,0.177354450189
1618,0.176293794389
1619,0.34160700345
1620,0.299055170152
1621,0.273008754116
1622,0.394091904145
1623,0.156298540233
1624,0.327462071298
1625,0.22359553506
1626,0.538408652226
1627,0.0980462828431
1628,0.221249922517
1629,0.269128488296
1630,0.0933403065995
1631,0.245077097531
1632,0.320420364317
1633,0.265239558664
1634,0.146134753459
1635,0.202119858354
1636,0.358042263899
1637,0.0
1638,0.105771413248
1639,0.120083087321
1640,0.430463098894
1641,0.138286861511
1642,0.256696217332
1643,0.120262265047
1644,0.364966240923
1645,0.134630091944
1646,0.211935219124
1647,0.354638578351
1648,0.312079285184
1649,0.195453822122
1650,0.332055790628
1651,0.379228026258
1652,0.385208093339
1653,0.168050240681
1654,0.272914846378
1655,0.281263977624
1656,0.379560427808
1657,0.242980330278
1658,0.391318181748
1659,0.305020907982
1660,0.245067596189
1661,0.504627739555
1662,0.309002398575
1663,0.402367806561
1664,0.325657693862
1665,0.355835712666
1666,0.176686328442
1667,0.296457852026
1668,0.418320924996
1669,0.0915214692195
1670,0.270745127608
1671,0.489138048219
1672,0.470008058356
1673,0.391465432931
1674,0.270006316091
1675,0.207472625474
1676,0.510902239754
1677,0.251405257905
1678,0.383333077658
1679,0.597084703887
1680,0.389075612985
1681,0.483144568395
1682,0.403904760071
1683,0.337678783372
1684,0.698219401691
1685,0.498682678987
1686,0.224194850568
1687,0.404799723431
1688,0.524422360881
1689,0.523812133505
1690,0.520117394751
1691,0.490777632932
1692,0.599486122021
1693,0.562442863232
1694,0.602361881007
1695,0.582705959011
1696,0.640493685012
1697,0.703604383612
1698,0.741111171413
1699,0.573752765081
1700,0.484352748137
1701,0.317539868967
1702,0.696725562732
1703,0.399709703537
1704,0.686166018838
1705,0.445430218263
1706,0.548751675651
1707,0.325286349637
1708,0.278911018168
1709,0.18587883291
1710,0.693390886432
1711,0.0828301446211
1712,0.254346998938
1713,0.352401474788
1714,0.292802740325
1715,0.631934036823
1716,0.427186720971
1717,0.310030370711
1718,0.543154303377
1719,0.617605343343
1720,0.412662961175
1721,0.352180293428
1722,0.320315098672
1723,0.535409843242
1724,0.640953702941
1725,0.331417625323
1726,0.496329357318
1727,0.379885678823
1728,0.513157214797
1729,0.314005874879
1730,0.326064564455
1731,0.473333870481
1732,0.447467311481
1733,0.464801259112
1734,0.460101301199
1735,0.484195270938
1736,0.454500295136
1737,0.462227981716
1738,0.286073719658
1739,0.391779023808
1740,0.306852721935
1741,0.407323029858
1742,0.212329284406
1743,0.356114751824
1744,0.380513597267
1745,0.453489742158
1746,0.220788862604
1747,0.349049329522
1748,0.365869529501
1749,0.12213740458
1750,0.247316503932
1751,0.23719572935
1752,0.222273913755
1753,0.19728603514
1754,0.30984162399
1755,0.164467003393
1756,0.0754445910814
1757,0.314293168186
1758,0.192366446604
1759,0.214222912236
1760,0.29563131846
1761,0.134366207089
1762,0.30715424162
1763,0.0
1764,0.0
1765,0.0
1766,0.0
1767,0.0
1768,0.0
1769,0.0
1770,0.0
1771,0.0571428571429
1772,0.0
1773,0.0364814305558
1774,0.0831723298683
1775,0.069314718056
1776,0.069314718056
1777,0.0
1778,0.186997836369
1779,0.370686326019
1780,0.103136735779
1781,0.0676659805541
1782,0.0495105128971
1783,0.30739592165
1784,0.0
1785,0.16
1786,0.258724431846
1787,0.187107214384
1788,0.150549189281
1789,0.0340194935244
1790,0.113825020542
1791,0.173751431004
1792,0.232101187747
1793,0.104976070014
1794,0.134886223253
1795,0.0
1796,0.0
1797,0.145454545455
1798,0.31821873189
1799,0.286011076758
1800,0.19090354889
1801,0.142033742448
1802,0.203403607135
1803,0.352528655501
1804,0.11814934306
1805,0.0
1806,0.2666245164
1807,0.23169434749
1808,0.0
1809,0.333283545748
1810,0.116652385491
1811,0.094592854468
1812,0.309378888709
1813,0.402190555638
1814,0.374722679683
1815,0.386058746165
1816,0.320638636717
1817,0.534949384346
1818,0.410484632193
1819,0.635352021432
1820,0.601031260113
1821,0.643413226436
1822,0.315274272302
1823,0.544168688694
1824,0.646769764869
1825,0.325986972267
1826,0.482765144195
1827,0.616771952853
1828,0.566811626343
1829,0.137486119807
1830,0.213791443424
1831,0.30040396965
1832,0.392491048996
1833,0.436257940483
1834,0.279221548365
1835,0.721971374516
1836,0.297005347583
1837,0.543887324517
1838,0.669008982236
1839,0.570962179107
1840,0.521068883296
1841,0.754196927747
1842,0.613051877741
1843,0.604778522316
1844,0.820007140005
1845,0.638389890664
1846,0.504039755149
1847,0.743322450834
1848,0.778090579181
1849,0.453679452314
1850,0.449964559696
1851,0.633817347018
1852,0.684545293475
1853,0.702432814405
1854,0.423065881418
1855,0.431204258297
1856,0.543325238051
1857,0.66628383394
1858,0.708459812655
1859,0.580642448181
1860,0.487491273693
1861,0.314078457575
1862,0.475159067063
1863,0.606253201242
1864,0.519984816355
1865,0.759021313619
1866,0.578214585106
1867,0.721283488022
1868,0.568730977854
1869,0.601552906722
1870,0.65813487531
1871,0.598728111111
1872,0.20028888076
1873,0.487261201024
1874,0.611460107137
1875,0.633877707912
1876,0.581855367476
1877,0.493114687103
1878,0.421196883393
1879,0.149577294571
1880,0.413842940587
1881,0.0745633485131
1882,0.478186480328
1883,0.517078042037
1884,0.655499829357
1885,0.596293797542
1886,0.0513079840342
1887,0.368634986786
1888,0.32326115594
1889,0.121460509446
1890,0.590171612898
1891,0.573235109234
1892,0.507828190459
1893,0.218877016066
1894,0.0533738763725
1895,0.166666666667
1896,0.0739356992597
1897,0.0
1898,0.125
1899,0.322266097632
1900,0.164319057392
1901,0.460701020788
1902,0.357368506052
1903,0.00977026738934
1904,0.208540433074
1905,0.0
1906,0.0
1907,0.360341627445
1908,0.151344366178
1909,0.459186771324
1910,0.414416022594
1911,0.0175480298876
1912,0.242016177366
1913,0.228455187181
1914,0.0407784342243
1915,0.52108544278
1916,0.2274442907
1917,0.471714117863
1918,0.444054774058
1919,0.305302169552
1920,0.377946058437
1921,0.363298852803
1922,0.499571480736
1923,0.412221763332
1924,0.331887990594
1925,0.0213050566383
1926,0.0
1927,0.0488790181304
1928,0.327461341389
1929,0.382886592398
1930,0.23350091225
1931,0.199830045953
1932,0.37011673399
1933,0.118706379259
1934,0.229596342974
1935,0.0
1936,0.41392739054
1937,0.380625808816
1938,0.0128205128205
1939,0.286592424716
1940,0.283773246839
1941,0.315514182141
1942,0.274874392622
1943,0.0735393169588
1944,0.206337469707
1945,0.0
1946,0.166403337635
1947,0.329662050262
1948,0.0502816937748
1949,0.140756733258
1950,0.0
1951,0.0522276099016
1952,0.08771777109
1953,0.465109617334
1954,0.195141136921
1955,0.014130439392
1956,0.203238817688
1957,0.441917918994
1958,0.345000951764
1959,0.0
1960,0.0
1961,0.106938444357
1962,0.422949487864
1963,0.286197779735
1964,0.267936170592
1965,0.0284386501356
1966,0.355002614952
1967,0.0962637475081
1968,0.0947226456123
1969,0.214323389707
1970,0.223750260723
1971,0.293502092768
1972,0.418380469758
1973,0.387150825173
1974,0.576545367484
1975,0.47872502369
1976,0.407701668742
1977,0.0
1978,0.0
1979,0.0
1980,0.0
1981,0.0
1982,0.0
1983,0.0
1984,0.0
1985,0.0
1986,0.0
1987,0.0
1988,0.0
1989,0.0506692944732
1990,0.50692002678
1991,0.527962880956
1992,0.642892135036
1993,0.672559181135
1994,0.61724516325
1995,0.528396203581
1996,0.555810780905
1997,0.573324898852
1998,0.600517518783
1999,0.434098481992
2000,0.557791503253
2001,0.773300644327
2002,0.517176657412
2003,0.00528283051657
2004,0.696647477566
2005,0.738634414226
2006,0.732088369481
2007,0.620224712095
2008,0.837558256892
2009,0.706432956105
2010,0.342583358806
2011,0.387314232361
2012,0.236898883932
2013,0.197500356696
2014,0.423029172504
2015,0.537563244572
2016,0.542485906735
2017,0.59766042535
2018,0.47646382869
2019,0.373296264075
2020,0.61490597672
2021,0.328909128383
2022,0.428897386016
2023,0.453441530226
2024,0.507871074287
2025,0.396739430152
2026,0.338006043435
2027,0.337701233796
2028,0.408759569444
2029,0.501710048071
2030,0.375444097824
2031,0.462386350579
2032,0.318658878655
2033,0.221380886822
2034,0.49654153149
2035,0.170938813019
2036,0.356302409136
2037,0.71013736048
2038,0.819847229576
2039,0.235181996404
2040,0.415934351309
2041,0.55907282114
2042,0.151268918716
2043,0.389106601162
2044,0.138757634884
2045,0.565062477889
2046,0.447650093753
2047,0.188498399669
2048,0.246075565609
2049,0.266829986812
2050,0.494190525642
2051,0.25718866946
2052,0.476286095295
2053,0.154908580836
2054,0.628193772085
2055,0.150153830812
2056,0.516194651753
2057,0.366180914143
2058,0.577129976024
2059,0.543147931894
2060,0.384133936377
2061,0.378356803172
2062,0.510930607643
2063,0.238729296834
2064,0.327485989015
2065,0.508992409005
2066,0.224878494476
2067,0.216248057658
2068,0.0786549992125
2069,0.0
2070,0.617980955497
2071,0.765358471071
2072,0.684554246727
2073,0.564840657363
2074,0.843439634492
2075,0.785666588373
2076,0.662684591477
2077,0.572532729282
2078,0.339772793058
2079,0.415809514528
2080,0.723447188701
2081,0.494412867905
2082,0.283866248925
2083,0.355702227646
2084,0.566995316361
2085,0.44438391774
2086,0.320278506577
2087,0.578086110376
2088,0.332777826483
2089,0.50180521156
2090,0.42644827528
2091,0.298529604707
2092,0.460541117658
2093,0.51703833303
2094,0.593346906697
2095,0.339483194697
2096,0.458381453435
2097,0.437169498203
2098,0.357526409881
2099,0.233620654296
2100,0.584108621182
2101,0.579695942188
2102,0.349305288885
2103,0.561658338104
2104,0.643522345579
2105,0.491056200435
2106,0.393617659764
2107,0.522858480688
2108,0.509404915962
2109,0.399623121206
2110,0.35442860766
2111,0.623791848417
2112,0.521958924115
2113,0.417343569564
2114,0.291977988511
2115,0.600446849342
2116,0.566218637145
2117,0.6967191898
2118,0.620030610688
2119,0.63574454259
2120,0.663079090101
2121,0.455185842104
2122,0.366505022315
2123,0.513277314207
2124,0.416616479891
2125,0.31096534585
2126,0.385211416653
2127,0.288042160087
2128,0.144459788418
2129,0.231645512202
2130,0.235431192971
2131,0.457760006851
2132,0.0947893580253
2133,0.0927058763359
2134,0.257278764519
2135,0.259703079402
2136,0.115524530093
2137,0.182224838476
2138,0.037037037037
2139,0.171876427089
2140,0.354615929239
2141,0.31330674008
2142,0.0
2143,0.095259320515
2144,0.11090354889
2145,0.183561104702
2146,0.233817873536
2147,0.284088244658
2148,0.0839703660128
2149,0.190657662307
2150,0.204731854693
2151,0.245630130309
2152,0.371982432054
2153,0.0538366742182
2154,0.159957041668
2155,0.160305914151
2156,0.24027561962
2157,0.0879826656065
2158,0.0714285714286
2159,0.0740740740741
2160,0.11090354889
2161,0.0
2162,0.483165993663
2163,0.123137976768
2164,0.155339805825
2165,0.268932854567
2166,0.111723283593
2167,0.0803862650245
2168,0.0
2169,0.0
2170,0.0
2171,0.128041613087
2172,0.0
2173,0.0884651144963
2174,0.101281779808
2175,0.220626549858
2176,0.264776036581
2177,0.546736617046
2178,0.373989110077
2179,0.524981758654
2180,0.474735508497
2181,0.603829508664
2182,0.457775488158
2183,0.277030750015
2184,0.215976422871
2185,0.141441137845
2186,0.332791112996
2187,0.275998845791
2188,0.209750565644
2189,0.0
2190,0.0
2191,0.222222222222
2192,0.0701921195504
2193,0.0
2194,0.0
2195,0.0952380952381
2196,0.0846188051704
2197,0.444727996167
2198,0.421608680951
2199,0.409757611423
2200,0.0621856012454
2201,0.0
2202,0.128041613087
2203,0.0
2204,0.529652154164
2205,0.133303597186
2206,0.125
2207,0.125
2208,0.0
2209,0.0
2210,0.119402985075
2211,0.0
2212,0.0
2213,0.0776699029126
2214,0.0846188051704
2215,0.169314718056
2216,0.0952380952381
2217,0.102564102564
2218,0.181818181818
2219,0.304789276816
2220,0.117413767759
2221,0.359891522109
2222,0.243633148214
2223,0.188649502103
2224,0.27104023593
2225,0.442580443979
2226,0.467971357176
2227,0.500225446867
2228,0.104034524715
2229,0.428556335107
2230,0.254507999657
2231,0.295640220489
2232,0.420710995325
2233,0.181386226898
2234,0.428435738973
2235,0.239605260847
2236,0.405963537199
2237,0.361821661482
2238,0.485619005189
2239,0.0640404674847
2240,0.121421480934
2241,0.529595351825
2242,0.541762679222
2243,0.140851727492
2244,0.501244623734
2245,0.458981906042
2246,0.494142010643
2247,0.508484061488
2248,0.208503501854
2249,0.227964352941
2250,0.194202059351
2251,0.336939215018
2252,0.276499602299
2253,0.280839231405
2254,0.311278692801
2255,0.410354160017
2256,0.234185915238
2257,0.349965280178
2258,0.496592610226
2259,0.362663522348
2260,0.209037128896
2261,0.0934387299626
2262,0.193376407842
2263,0.171773369703
2264,0.566183630586
2265,0.192713977066
2266,0.350440107632
2267,0.409145059932
2268,0.313555515263
2269,0.625156273209
2270,0.353914516528
2271,0.118224645556
2272,0.280345682804
2273,0.607324411888
2274,0.343673194568
2275,0.442035149146
2276,0.43136726872
2277,0.474617418084
2278,0.369680118108
2279,0.0683657226252
2280,0.518015832011
2281,0.494136320252
2282,0.555812734041
2283,0.705319253811
2284,0.665498877125
2285,0.584232819561
2286,0.647068818512
2287,0.757564968796
2288,0.699830204618
2289,0.620698974944
2290,0.615412694006
2291,0.68737459197
2292,0.361020026513
2293,0.527373922648
2294,0.49996563808
2295,0.603277848101
2296,0.470157587529
2297,0.367765054892
2298,0.449292005664
2299,0.0
2300,0.0
2301,0.0803862650245
2302,0.0
2303,0.0
2304,0.133303597186
2305,0.0
2306,0.0
2307,0.0
2308,0.0
2309,0.0
2310,0.0
2311,0.0
2312,0.0
2313,0.0
2314,0.0
2315,0.0
2316,0.0
2317,0.0
2318,0.0
2319,0.0
2320,0.0
2321,0.0
2322,0.0
2323,0.0
2324,0.0
2325,0.0
2326,0.0
2327,0.0
2328,0.0
2329,0.0
2330,0.0
2331,0.0
2332,0.0
2333,0.0
2334,0.0
2335,0.0
2336,0.0
2337,0.0
2338,0.174317429992
2339,0.698502295489
2340,0.102941111404
2341,0.487198056138
2342,0.0
2343,0.200138806456
2344,0.260415100262
2345,0.253180886813
2346,0.0
2347,0.0
2348,0.0
2349,0.0
2350,0.740884903952
2351,0.283760037369
2352,0.01292681252
2353,0.70238158224
2354,0.755488078346
2355,0.808152722871
2356,0.797077783236
2357,0.757466317208
2358,0.720836448876
2359,0.788953244628
2360,0.735969235322
2361,0.791569283739
2362,0.856647540264
2363,0.698753062376
2364,0.767283426944
2365,0.724130281676
2366,0.766646448544
2367,0.908696548926
2368,0.678117049608
2369,0.569131058219
2370,0.697327258122
2371,0.565788342568
2372,0.577723444475
2373,0.589683912031
2374,0.341800069368
2375,0.666819534992
2376,0.441188261368
2377,0.776043389497
2378,0.531440109185
2379,0.485023259079
2380,0.786828926948
2381,0.635159273477
2382,0.624960415903
2383,0.633873268229
2384,0.618379638592
2385,0.598676170189
2386,0.704351334637
2387,0.744715595939
2388,0.494841891965
2389,0.562724809224
2390,0.63924855417
2391,0.515983931113
2392,0.421675111061
2393,0.631208659515
2394,0.505073494383
2395,0.56172432989
2396,0.362578661179
2397,0.380887965074
2398,0.459551561321
2399,0.23124881002
2400,0.303338681867
2401,0.672907398078
2402,0.478022305019
2403,0.521618297179
2404,0.367259428791
2405,0.442915033235
2406,0.29272250845
2407,0.274963345682
2408,0.105924101775
2409,0.309082479609
2410,0.169649771985
2411,0.124192588372
2412,0.0924196240747
2413,0.0434564897945
2414,0.0
2415,0.20215245691
2416,0.0
2417,0.173913043478
2418,0.0337621992119
2419,0.26862237295
2420,0.153846153846
2421,0.23926577211
2422,0.0
2423,0.306314646133
2424,0.148015095442
2425,0.0300551623007
2426,0.0919090184168
2427,0.186830033717
2428,0.110123393858
2429,0.205499126793
2430,0.158903194291
2431,0.0
2432,0.094667309333
2433,0.179495840375
2434,0.102058480573
2435,0.0
2436,0.0902969004385
2437,0.0491454025845
2438,0.0
2439,0.0769230769231
2440,0.204340972322
2441,0.0616130827164
2442,0.0383236844884
2443,0.171711515633
2444,0.0
2445,0.1263858107
2446,0.105263157895
2447,0.0
2448,0.0
2449,0.0
2450,0.169314718056
2451,0.0
2452,0.0
2453,0.069314718056
2454,0.0
2455,0.0863046217355
2456,0.126026760102
2457,0.10907472943
2458,0.179365271619
2459,0.0
2460,0.0
2461,0.0
2462,0.141031341951
2463,0.0
2464,0.125
2465,0.0
2466,0.0
2467,0.0
2468,0.0
2469,0.0
2470,0.0
2471,0.166877816
2472,0.0
2473,0.0
2474,0.0
2475,0.0
2476,0.0
2477,0.0
2478,0.0
2479,0.166666666667
2480,0.124371202491
2481,0.241094671499
2482,0.133333333333
2483,0.139016608494
2484,0.0
2485,0.133303597186
2486,0.0
2487,0.520729883581
2488,0.634495888885
2489,0.561248826887
2490,0.544208754652
2491,0.633204504301
2492,0.340342793948
2493,0.322797000359
2494,0.402298212672
2495,0.0
2496,0.695283422474
2497,0.506951642128
2498,0.580627124236
2499,0.593239550236
2500,0.554086978989
2501,0.536383030672
2502,0.280449848428
2503,0.391687947991
2504,0.316447817983
2505,0.317111531364
2506,0.456256506441
2507,0.383625499834
2508,0.451114050423
2509,0.175443405351
2510,0.529983142614
2511,0.271797375638
2512,0.207031720074
2513,0.368656216857
2514,0.116152666221
2515,0.382808501783
2516,0.0861804066361
2517,0.296128783359
2518,0.312055716552
2519,0.297499489468
2520,0.159399947435
2521,0.468132582716
2522,0.129672878918
2523,0.143125294763
2524,0.0915217847784
2525,0.146845370921
2526,0.256844683648
2527,0.165005771368
2528,0.382663977644
2529,0.263811372827
2530,0.430997370527
2531,0.505232815879
2532,0.2721609125
2533,0.566918044161
2534,0.45592891404
2535,0.646792576639
2536,0.664170773396
2537,0.715188490944
2538,0.598758785245
2539,0.408787679815
2540,0.459992211294
2541,0.418815441823
2542,0.494756254447
2543,0.156064827362
2544,0.283603343912
2545,0.315648701261
2546,0.380062412463
2547,0.506672268586
2548,0.44189571089
2549,0.416400200308
2550,0.400682603531
2551,0.203796837114
2552,0.498619153725
2553,0.534730517873
2554,0.468921766286
2555,0.163530519571
2556,0.672611073476
2557,0.465777963259
2558,0.213188681353
2559,0.34406786528
2560,0.206673061804
2561,0.187937476373
2562,0.0660140171962
2563,0.115524530093
2564,0.170398903043
2565,0.0510292402866
2566,0.155339805825
2567,0.185343251349
2568,0.0887104279088
2569,0.0270454259506
2570,0.055926221808
2571,0.120939084326
2572,0.169314718056
2573,0.0695652173913
2574,0.0
2575,0.0958766111239
2576,0.153294737954
2577,0.0772314491635
2578,0.0821948778434
2579,0.0
2580,0.0
2581,0.142857142857
2582,0.0
2583,0.0
2584,0.0
2585,0.0
2586,0.0
2587,0.0
2588,0.0
2589,0.0
2590,0.0
2591,0.0
2592,0.0
2593,0.0
2594,0.0
2595,0.0
2596,0.157996220095
2597,0.155888581804
2598,0.167169811717
2599,0.139211067232
2600,0.120296846687
2601,0.222765671897
2602,0.21495374591
2603,0.538371503254
2604,0.325201943659
2605,0.0
2606,0.0
2607,0.0
2608,0.0
2609,0.0
2610,0.0
2611,0.0
2612,0.0
2613,0.0
2614,0.0
2615,0.0
2616,0.0
2617,0.0
2618,0.0
2619,0.0
2620,0.0
2621,0.0
2622,0.0
2623,0.0
2624,0.0
2625,0.0
2626,0.0
2627,0.0
2628,0.0
2629,0.0
2630,0.0
2631,0.0
2632,0.0
2633,0.0
2634,0.0
2635,0.0
2636,0.0
2637,0.0
2638,0.0
2639,0.0
2640,0.0
2641,0.0
2642,0.0
2643,0.0
2644,0.0
2645,0.0
2646,0.0
2647,0.0
2648,0.0
2649,0.0
2650,0.0
2651,0.0
2652,0.0
2653,0.0
2654,0.0
2655,0.0
2656,0.0
2657,0.0
2658,0.0
2659,0.0
2660,0.0
2661,0.0
2662,0.0
2663,0.0
2664,0.0
2665,0.0
2666,0.0
2667,0.0
2668,0.0
2669,0.0
2670,0.0
2671,0.0
2672,0.0
2673,0.0
2674,0.0
2675,0.0
2676,0.0
2677,0.0
2678,0.0
2679,0.0
2680,0.0
2681,0.0
2682,0.0
2683,0.0
2684,0.0
2685,0.0
2686,0.0
2687,0.0
2688,0.0
2689,0.0
2690,0.0
2691,0.0
2692,0.0
2693,0.0
2694,0.0
2695,0.0
2696,0.0
2697,0.0
2698,0.0
2699,0.0
2700,0.0
2701,0.0
2702,0.0
2703,0.0
2704,0.0
2705,0.0
2706,0.0990210257943
2707,0.0
2708,0.0
2709,0.0990210257943
2710,0.0
2711,0.0573363030153
2712,0.0
2713,0.166666666667
2714,0.0
2715,0.0
2716,0.0
2717,0.0
2718,0.0
2719,0.0
2720,0.0
2721,0.106638027778
2722,0.0
2723,0.106638027778
2724,0.213091151706
2725,0.0990210257943
2726,0.0
2727,0.119402985075
2728,0.0
2729,0.108124028829
2730,0.0
2731,0.0
2732,0.0
2733,0.0
2734,0.0
2735,0.0990210257943
2736,0.0
2737,0.0
2738,0.0
2739,0.0
2740,0.0680500880741
2741,0.0
2742,0.0
2743,0.0990210257943
2744,0.287135633981
2745,0.519881872702
2746,0.229265809754
2747,0.0955873381479
2748,0.295172575609
2749,0.251364737252
2750,0.262266041749
2751,0.506972394252
2752,0.52238474558
2753,0.613804100191
2754,0.454547724853
2755,0.485566960877
2756,0.359876197342
2757,0.559457465281
2758,0.733422376428
2759,0.688936674283
2760,0.747650094677
2761,0.662870810706
2762,0.55433507292
2763,0.778779805258
2764,0.537991767506
2765,0.411096009912
2766,0.678627332258
2767,0.460356667786
2768,0.684643978864
2769,0.229105404046
2770,0.403768844913
2771,0.336498030109
2772,0.410625386842
2773,0.654762741519
2774,0.537728536591
2775,0.67989007558
2776,0.55914282792
2777,0.559945465701
2778,0.396769054373
2779,0.443129875859
2780,0.353076863492
2781,0.751973978961
2782,0.370144148963
2783,0.410305246301
2784,0.34941586377
2785,0.462942186569
2786,0.544375621406
2787,0.463574287389
2788,0.375117144905
2789,0.514584478115
2790,0.376816115335
2791,0.233596280042
2792,0.457279989479
2793,0.0255062651827
2794,0.734111408271
2795,0.734526150591
2796,0.65947231031
2797,0.665783916647
2798,0.584619937979
2799,0.507237748231
2800,0.467084865071
2801,0.503673276722
2802,0.519429192897
2803,0.867919462425
2804,0.140370256536
2805,0.675858276682
2806,0.648183773592
2807,0.686483357269
2808,0.767202193178
2809,0.786075467243
2810,0.653597342329
2811,0.732262707651
2812,0.677639145616
2813,0.582835333641
2814,0.670731240968
2815,0.638943007807
2816,0.55717447936
2817,0.637477766677
2818,0.575273353979
2819,0.614954969104
2820,0.61410334828
2821,0.60189687558
2822,0.468492567373
2823,0.655193621824
2824,0.551219635865
2825,0.403080366657
2826,0.405016347413
2827,0.415078736989
2828,0.535343130203
2829,0.425012035546
2830,0.68953663834
2831,0.601869666964
2832,0.522160934234
2833,0.621428984473
2834,0.562547898171
2835,0.674936434333
2836,0.631894179771
2837,0.443787433117
2838,0.607211141774
2839,0.798687892539
2840,0.530492155433
2841,0.430971460473
2842,0.476262739724
2843,0.588369469145
2844,0.579951405387
2845,0.643795322996
2846,0.716640107193
2847,0.31613258166
2848,0.594854031414
2849,0.346677015542
2850,0.440936866743
2851,0.482901189185
2852,0.336447260423
2853,0.579838401404
2854,0.502633834669
2855,0.538712748508
2856,0.62229926929
2857,0.579323466924
2858,0.506529279961
2859,0.688452257995
2860,0.69748501646
2861,0.759224142526
2862,0.532406436088
2863,0.722834947551
2864,0.362364544581
2865,0.50820460856
2866,0.120333939158
2867,0.371349192471
2868,0.489414751573
2869,0.453146022859
2870,0.502241013281
2871,0.572060091592
2872,0.532643367665
2873,0.664247734603
2874,0.509570108517
2875,0.508248152446
2876,0.344352303609
2877,0.204758839456
2878,0.239619478235
2879,0.313150605647
2880,0.386839194719
2881,0.300079102347
2882,0.204355631921
2883,0.272619281913
2884,0.441197854752
2885,0.477850078437
2886,0.416148668824
2887,0.309763765748
2888,0.406020513088
2889,0.219590057121
2890,0.229360777123
2891,0.314858681055
2892,0.319316514905
2893,0.183072546686
2894,0.339352567393
2895,0.364772298424
2896,0.135715201559
2897,0.270040289216
2898,0.283252761673
2899,0.277987812656
2900,0.336156135867
2901,0.247311405491
2902,0.269368627578
2903,0.288562119337
2904,0.0
2905,0.030802213701
2906,0.245194921014
2907,0.097311625946
2908,0.342618914047
2909,0.103648176532
2910,0.336842105263
2911,0.121514207399
2912,0.241524826798
2913,0.125375252212
2914,0.175268715179
2915,0.066809366801
2916,0.241650061886
2917,0.199256609205
2918,0.0958766111239
2919,0.16901727518
2920,0.139016608494
2921,0.0357142857143
2922,0.19088664526
2923,0.221342690464
2924,0.0687418691464
2925,0.066809366801
2926,0.0687418691464
2927,0.0
2928,0.170212765957
2929,0.0
2930,0.166666666667
2931,0.0
2932,0.0
2933,0.0
2934,0.213091151706
2935,0.166666666667
2936,0.0
2937,0.222222222222
2938,0.0
2939,0.0519029427717
2940,0.0459017103519
2941,0.0892767210513
2942,0.16901727518
2943,0.190476190476
2944,0.0909090909091
2945,0.116152841093
2946,0.175440980112
2947,0.139016608494
2948,0.169314718056
2949,0.155691694764
2950,0.0940208946338
2951,0.0519029427717
2952,0.0958766111239
2953,0.111723283593
2954,0.13283773947
2955,0.15392247096
2956,0.285714285714
2957,0.199256609205
2958,0.0
2959,0.0
2960,0.069314718056
2961,0.105263157895
2962,0.175440980112
2963,0.397212679781
2964,0.244280026445
2965,0.378871507495
2966,0.57937410576
2967,0.477208371916
2968,0.357588494992
2969,0.225615705511
2970,0.348233118254
2971,0.371911135671
2972,0.080240122758
2973,0.0960412025282
2974,0.527255360833
2975,0.605749027799
2976,0.527213935612
2977,0.6468333698
2978,0.440829661584
2979,0.499605768929
2980,0.261351845227
2981,0.36005031814
2982,0.262983186088
2983,0.189230819252
2984,0.126209812037
2985,0.322912859112
2986,0.143407608781
2987,0.135248230353
2988,0.0646473156779
2989,0.250509674597
2990,0.141756424344
2991,0.20028888076
2992,0.364452489299
2993,0.264772000868
2994,0.572537872656
2995,0.480179130137
2996,0.3997741102
2997,0.456355885861
2998,0.639381373584
2999,0.625459805197
3000,0.389058222237
3001,0.547576587981
3002,0.662222729194
3003,0.272405331454
3004,0.572773051695
3005,0.509448395619
3006,0.362055689301
3007,0.445893090156
3008,0.335117284933
3009,0.405430894892
3010,0.309183490178
3011,0.343706228204
3012,0.467845393651
3013,0.379000451852
3014,0.182355337512
3015,0.364987754431
3016,0.143590896882
3017,0.240393060304
3018,0.133165125899
3019,0.113165819667
3020,0.318318545365
3021,0.105917240214
3022,0.230008717731
3023,0.129965096355
3024,0.330070085981
3025,0.141413693016
3026,0.156889128347
3027,0.0739356992597
3028,0.0897599468814
3029,0.0588542297501
3030,0.1
3031,0.0
3032,0.0
3033,0.0
3034,0.0
3035,0.0
3036,0.0571428571429
3037,0.0
3038,0.0
3039,0.139016608494
3040,0.0724859796664
3041,0.169014084507
3042,0.0990210257943
3043,0.0990210257943
3044,0.0
3045,0.0724859796664
3046,0.266666666667
3047,0.0990210257943
3048,0.0
3049,0.0
3050,0.0
3051,0.0
3052,0.0813786880495
3053,0.0
3054,0.0
3055,0.0
3056,0.0
3057,0.125
3058,0.0571428571429
3059,0.170212765957
3060,0.0
3061,0.0
3062,0.0571428571429
3063,0.0990210257943
3064,0.132776341132
3065,0.0
3066,0.0616130827164
3067,0.0
3068,0.0
3069,0.0
3070,0.0
3071,0.0
3072,0.142857142857
3073,0.0
3074,0.0
3075,0.0
3076,0.0
3077,0.0
3078,0.0
3079,0.106638027778
3080,0.119402985075
3081,0.0
3082,0.0
3083,0.0
3084,0.142857142857
3085,0.0
3086,0.0
3087,0.0
3088,0.0
3089,0.108124028829
3090,0.0
3091,0.0
3092,0.0
3093,0.0
3094,0.0
3095,0.0
3096,0.0
3097,0.0
3098,0.0
3099,0.0
3100,0.0
3101,0.0
3102,0.0
3103,0.0
3104,0.0
3105,0.0
3106,0.0
3107,0.0
3108,0.0
