site,dnds
1,0.0
2,0.166666666667
3,0.106638027778
4,0.183561104702
5,0.20999211125
6,0.394864168749
7,0.458812407663
8,0.177110448891
9,0.262991448867
10,0.37794727737
11,0.44692557315
12,0.294072221011
13,0.452164541917
14,0.501827629241
15,0.472492523129
16,0.648273939224
17,0.470637655885
18,0.37354864922
19,0.376983525818
20,0.503396494782
21,0.0466854381403
22,0.410922228633
23,0.338229132248
24,0.326995495174
25,0.429322737261
26,0.42484096377
27,0.151020158146
28,0.368789054536
29,0.495967616844
30,0.364028712618
31,0.566650291087
32,0.419554997765
33,0.491772907981
34,0.360300291368
35,0.280785435203
36,0.23553977851
37,0.26479547498
38,0.0401831747302
39,0.592147722253
40,0.558407503316
41,0.369038982377
42,0.337903899871
43,0.146483800447
44,0.166154507142
45,0.355061803007
46,0.365706524713
47,0.361341616047
48,0.487544352318
49,0.290271933761
50,0.516240703419
51,0.595971240258
52,0.310373013583
53,0.441290865011
54,0.0
55,0.0
56,0.0
57,0.0
58,0.486427184348
59,0.265906704789
60,0.405319167789
61,0.413362198366
62,0.306482507316
63,0.0499440223889
64,0.232846108133
65,0.0
66,0.320180629121
67,0.202721746838
68,0.235842185456
69,0.505796407688
70,0.470962665754
71,0.65170955576
72,0.575469441794
73,0.658031705501
74,0.0
75,0.30782629015
76,0.555552172922
77,0.574236639983
78,0.609254118517
79,0.420114341764
80,0.579477678035
81,0.625298911589
82,0.611602946373
83,0.269631876995
84,0.195546008151
85,0.384242335213
86,0.494261132766
87,0.636805934834
88,0.1087289695
89,0.509696027137
90,0.370389688364
91,0.531552957798
92,0.355328477899
93,0.236009090904
94,0.367559953775
95,0.291085840706
96,0.118589352086
97,0.0570525418859
98,0.241948836448
99,0.00603716408793
100,0.531025968544
101,0.0
102,0.0290598495107
103,0.347909815095
104,0.118092396122
105,0.305796428293
106,0.47739160416
107,0.587987739333
108,0.580770989784
109,0.428650124957
110,0.275609166812
111,0.544925935515
112,0.594619253675
113,0.309323363817
114,0.0
115,0.353446837101
116,0.285614463267
117,0.387329589052
118,0.423669294932
119,0.395868029597
120,0.0
121,0.385411151895
122,0.411278960722
123,0.519780025102
124,0.573927714375
125,0.23776248896
126,0.620304737768
127,0.46321838804
128,0.404276434235
129,0.38383795361
130,0.669693681852
131,0.538341900317
132,0.16707515283
133,0.453933823336
134,0.396658269824
135,0.55318730623
136,0.175236715572
137,0.509688648394
138,0.445401181812
139,0.181480125071
140,0.385525534584
141,0.482247542771
142,0.187019851288
143,0.353926801814
144,0.284930077265
145,0.328883453856
146,0.224687114479
147,0.268649079885
148,0.367910710828
149,0.397073302111
150,0.208784811808
151,0.0799794538645
152,0.0862477904707
153,0.410034273303
154,0.497870911702
155,0.602792869166
156,0.747167447625
157,0.557236332859
158,0.608962701182
159,0.718712951316
160,0.674964056527
161,0.0680500880741
162,0.340755902105
163,0.105852624718
164,0.0
165,0.260808984221
166,0.47131971151
167,0.315112830681
168,0.677079584714
169,0.573119354654
170,0.188262757362
171,0.659760865737
172,0.517861066405
173,0.403868803419
174,0.58305064265
175,0.429754919497
176,0.773819907375
177,0.772235242497
178,0.51174431595
179,0.737300783537
180,0.741076398497
181,0.125418309671
182,0.607562097418
183,0.719627387408
184,0.418720599578
185,0.207184469805
186,0.566500016403
187,0.147464370662
188,0.477281560675
189,0.408421586539
190,0.64603193655
191,0.148039062419
192,0.341823307232
193,0.187684427156
194,0.307168525934
195,0.574053788215
196,0.425088861539
197,0.630216367992
198,0.52780013618
199,0.146497627535
200,0.537586379952
201,0.189002475969
202,0.710159679836
203,0.642636673484
204,0.479753660781
205,0.54144797332
206,0.280950360806
207,0.410851099179
208,0.242081234651
209,0.104646059967
210,0.024391591885
211,0.0
212,0.0
213,0.148396087257
214,0.259404782241
215,0.0
216,0.163641957688
217,0.306807837391
218,0.339893462084
219,0.275462500407
220,0.53450810539
221,0.370160835113
222,0.522639499658
223,0.684236177173
224,0.708141472057
225,0.797965132079
226,0.210002751077
227,0.350328088528
228,0.113166886622
229,0.331633988552
230,0.511331797182
231,0.416786816924
232,0.417112063913
233,0.692119249853
234,0.366942526389
235,0.577431309329
236,0.255569385745
237,0.143010156304
238,0.0
239,0.0990210257943
240,0.0
241,0.213091151706
242,0.631736451514
243,0.397024899946
244,0.351697596339
245,0.458383058632
246,0.192587824745
247,0.0756405755909
248,0.284627149094
249,0.354549785703
250,0.416407159793
251,0.309217368823
252,0.539610035183
253,0.160861845931
254,0.219406690404
255,0.0959380009262
256,0.145073619905
257,0.288798072966
258,0.257647462535
259,0.0
260,0.143824018354
261,0.647523085531
262,0.435711350631
263,0.323725527299
264,0.388542770733
265,0.00791471205899
266,0.032630731557
267,0.275944242171
268,0.00537177206416
269,0.284207583482
270,0.12680118352
271,0.616711872226
272,0.359375150776
273,0.577845923633
274,0.281965541671
275,0.205530631218
276,0.406576191459
277,0.654934678913
278,0.592242133477
279,0.302844243198
280,0.517773763019
281,0.612452897083
282,0.307930476866
283,0.320096786468
284,0.462142695366
285,0.58211588058
286,0.203674923352
287,0.245592907777
288,0.418616997756
289,0.566216460703
290,0.194567357272
291,0.355355644514
292,0.328693249671
293,0.303557763803
294,0.0
295,0.0
296,0.0
297,0.0
298,0.0
299,0.303578332996
300,0.703093209712
301,0.372335628444
302,0.371304362815
303,0.323437701546
304,0.139751099057
305,0.0
306,0.0
307,0.0
308,0.0
309,0.0
310,0.159729579081
311,0.265332650632
312,0.618337189037
313,0.306642378503
314,0.342839345246
315,0.437547274534
316,0.384054231385
317,0.673118209299
318,0.276720370133
319,0.249353624788
320,0.33011098855
321,0.333283545748
322,0.298221091841
323,0.39097600502
324,0.409680505775
325,0.428507264427
326,0.585391012979
327,0.457657994356
328,0.517189658246
329,0.455981710595
330,0.440715181087
331,0.434308693589
332,0.629977949953
333,0.567355907751
334,0.323920871546
335,0.224973879326
336,0.608814744169
337,0.250742620389
338,0.513899510264
339,0.554150640743
340,0.483732467401
341,0.231922368704
342,0.503212359457
343,0.362837141236
344,0.269342190304
345,0.322882103136
346,0.211985443383
347,0.340826493821
348,0.603306981358
349,0.622453836377
350,0.142473871847
351,0.281395956935
352,0.179750854435
353,0.525441608582
354,0.484656947394
355,0.523201652358
356,0.468117561639
357,0.412564320838
358,0.620249301832
359,0.286874629903
360,0.377859551205
361,0.214898390284
362,0.266251512952
