site,dnds
1,0.0
2,0.0340565067559
3,0.301999833161
4,0.356213249045
5,0.423529366722
6,0.615746578577
7,0.439994268808
8,0.662678375335
9,0.485545167587
10,0.0
11,0.0
12,0.0
13,0.0
14,0.0
15,0.0
16,0.0
17,0.551328123381
18,0.727165345382
19,0.0853318067471
20,0.204090119005
21,0.557312656857
22,0.444331776506
23,0.0
24,0.0
25,0.0
26,0.0
27,0.200010359356
28,0.414073103465
29,0.586382450014
30,0.182883647747
31,0.102888819697
32,0.40005724896
33,0.151987838959
34,0.610182829592
35,0.674493024083
36,0.478817880794
37,0.230091399483
38,0.686354285166
39,0.432372053687
40,0.237212529404
41,0.323061826539
42,0.19876905978
43,0.595589414923
44,0.151253008045
45,0.605381694345
46,0.651152184735
47,0.12112591209
48,0.454930883522
49,0.435533591066
50,0.326321165404
51,0.598393206755
52,0.367509393496
53,0.380127843039
54,0.277899609256
55,0.231484224072
56,0.00661219950344
57,0.207545105654
58,0.38121005787
59,0.283498220327
60,0.280204439746
61,0.407325282927
62,0.478594176222
63,0.61471349282
64,0.338893126316
65,0.1185970664
66,0.0499393370909
67,0.0
68,0.206306314038
69,0.576389352847
70,0.0121856456241
71,0.575344241227
72,0.693097984572
73,0.616266869762
74,0.163258814588
75,0.149613080015
76,0.300797044449
77,0.171751970875
78,0.0489990279557
79,0.245269893441
80,0.276752398639
81,0.47641867046
82,0.515750768692
83,0.565554749539
84,0.545616682146
85,0.0797721771657
86,0.605932338
87,0.729355694326
88,0.678981473864
89,0.569838979115
90,0.287276276359
91,0.342004939112
92,0.146848883761
93,0.0
94,0.0
95,0.0
96,0.0
97,0.172071664393
98,0.757316187617
99,0.688487111028
100,0.0
101,0.651385552466
102,0.681629746827
103,0.315392453178
104,0.239177043732
105,0.04133869874
106,0.357824372108
107,0.490906288767
108,0.179085391348
109,0.0
110,0.00624260501399
111,0.256984097832
112,0.193128153407
113,0.00277584550391
114,0.0
115,0.0495609443138
116,0.270002600272
117,0.464773591911
118,0.152283917535
119,0.488621925932
120,0.0919183383183
121,0.526922023436
122,0.230053264541
123,0.319383351116
124,0.0649230086255
125,0.454130405696
126,0.480003016591
127,0.170772714941
128,0.0
129,0.589211690418
130,0.187798243369
131,0.530055620996
132,0.533161582852
133,0.023583405498
134,0.0
135,0.281109539417
136,0.304067670566
137,0.210663993957
138,0.0
139,0.0
140,0.0
141,0.481661694977
142,0.186824619621
143,0.0
144,0.132932832178
145,0.100821408081
146,0.128057253653
147,0.211481417003
148,0.0
149,0.380238941505
150,0.101692071773
151,0.0
152,0.0368293533172
153,0.0
154,0.0
155,0.726101667029
156,0.66072081455
157,0.0608493168021
158,0.0863344511875
159,0.388792309155
160,0.472149326703
161,0.2806506516
162,0.447920721713
163,0.0146019711415
164,0.496989256787
165,0.490546266197
166,0.687481568463
167,0.636093844798
168,0.794829245202
169,0.0
170,0.0
171,0.0
172,0.0
173,0.0
174,0.0
175,0.0
176,0.0
177,0.0
178,0.0
179,0.0
180,0.0
181,0.564909648935
182,0.703580274749
183,0.614943729762
184,0.654518291224
185,0.702119986248
186,0.7553055662
187,0.530802877369
188,0.464389620801
189,0.585206861507
190,0.696556968043
191,0.582038728705
192,0.370443221894
193,0.492950151892
194,0.286353978752
195,0.626047109175
196,0.162131590608
197,0.562815159046
198,0.0509322996589
199,0.288175900934
200,0.204819140145
201,0.0254135545736
202,0.252926194026
203,0.172201719473
204,0.00907189377087
205,0.148666711515
206,0.0728680370574
207,0.0
208,0.348398101536
209,0.342206825703
210,0.628495938109
211,0.350080557991
212,0.535850466052
213,0.186297089273
214,0.450594292291
215,0.0371855258545
216,0.480718946021
217,0.241649018163
218,0.157645389578
219,0.434592221846
220,0.555951454147
221,0.509867108353
222,0.198042051589
223,0.235667176452
224,0.484505222548
225,0.408047504628
226,0.61457169556
227,0.296305697849
228,0.6188971106
229,0.092207333035
230,0.583077780798
231,0.0700371018168
232,0.423692208231
233,0.147995693046
234,0.0
235,0.318420033385
236,0.0999305891451
237,0.190685092233
238,0.407294454592
239,0.0
240,0.20886420451
241,0.390696160694
242,0.0178796908672
243,0.277177371828
244,0.128472123322
245,0.129331436443
246,0.0
247,0.456369804117
248,0.130984178237
249,0.0178469979462
250,0.0207269001677
251,0.0582996605509
252,0.454570896494
253,0.018734080298
254,0.0
255,0.0
256,0.0
257,0.0
258,0.0342646570232
259,0.535876120273
260,0.453997716258
261,0.0
262,0.0
263,0.0
264,0.525357575955
265,0.396688395895
266,0.480241582652
267,0.522173582353
268,0.464768817205
269,0.305758984913
270,0.445536526684
271,0.368537513966
272,0.264146082792
273,0.512612436724
274,0.350168223156
275,0.413207880605
276,0.0
277,0.27702734016
278,0.511928689967
279,0.128820460121
280,0.25213280989
281,0.574199024678
282,0.233829194658
283,0.176357000936
284,0.12944855209
285,0.0
286,0.368909939897
287,0.122133957044
288,0.561956310655
289,0.542154036676
290,0.457992326778
291,0.205675853128
292,0.0860460271534
293,0.127844249409
294,0.071782232291
295,0.0
296,0.0167385109388
297,0.368484696736
298,0.513797149625
299,0.594608249702
300,0.406906454095
301,0.0186624632254
302,0.483747181496
303,0.17642747722
304,0.0471251812397
305,0.218307278941
306,0.0
307,0.0
308,0.0
309,0.10011845361
310,0.00951035923593
311,0.110583575205
312,0.166359002186
313,0.569120258927
314,0.41908388791
315,0.354993322238
316,0.631468809163
317,0.322046426111
318,0.0
319,0.0
320,0.0
321,0.0
322,0.0
323,0.0
324,0.0
325,0.0
326,0.0
327,0.0
328,0.0
329,0.0
330,0.0
331,0.0
332,0.266666666667
333,0.149325784102
334,0.535540673131
335,0.0
336,0.0
337,0.425537002309
338,0.291054439401
339,0.466685376128
340,0.224208526567
341,0.593110176549
342,0.563495652666
343,0.139926891529
344,0.553475535588
345,0.365790997147
346,0.0
347,0.133303597186
348,0.0990210257943
349,0.0
350,0.561136062663
351,0.195553361063
352,0.491794935696
353,0.702388196469
354,0.376164788269
355,0.688430968074
356,0.278816358979
357,0.242957162872
358,0.162948826646
359,0.0796337541879
360,0.0
361,0.637516843282
362,0.39612397997
363,0.0964821476152
364,0.0
365,0.0
366,0.0
367,0.129560691296
368,0.0047532048756
369,0.0952778693991
370,0.0584235615271
371,0.0915472295701
372,0.197281795681
373,0.237956052672
374,0.363891095756
375,0.628048248756
376,0.588718764952
377,0.584283138662
378,0.474413568352
379,0.639696330846
380,0.606669812854
381,0.333236436551
382,0.658852960347
383,0.55133944218
384,0.0
385,0.126928207756
386,0.190476190476
387,0.0
388,0.254538065186
389,0.0637070033503
390,0.0
391,0.270931469748
392,0.352293982608
393,0.377512354975
394,0.41489490644
395,0.520510004529
396,0.619500865065
397,0.744171280908
398,0.66315948725
399,0.414512404519
400,0.419998451576
401,0.705751622792
402,0.618281148634
403,0.622325254406
404,0.634028815516
405,0.754804017837
406,0.671542674076
407,0.668191107103
408,0.639412492773
409,0.209535651373
410,0.120048775764
411,0.489306498649
412,0.40644937816
413,0.520038915486
414,0.310885537464
415,0.281492299348
416,0.744852600516
417,0.173933821708
418,0.0567990168205
419,0.0425813838468
420,0.549881006457
421,0.1383718921
422,0.383326231421
423,0.282848392026
424,0.398349810236
425,0.0805819253312
426,0.208541021758
427,0.244558731538
428,0.0549636261868
429,0.0947766725542
430,0.470027525518
431,0.0391997489252
432,0.37134033703
433,0.00633059587414
434,0.325325298584
435,0.221191473697
436,0.053894834848
437,0.222483267589
438,0.38582256862
439,0.268849757968
440,0.115524530093
441,0.0
442,0.0660140171962
443,0.213418198848
444,0.197349613328
445,0.281422923386
446,0.0
447,0.362640130824
448,0.604037232842
449,0.718117195493
450,0.0
451,0.0
452,0.693800412067
453,0.171961078148
454,0.316388021436
455,0.596094898375
456,0.0756382979393
457,0.266666666667
458,0.648563275503
459,0.705163270233
460,0.277071439966
461,0.7118920135
462,0.511227624173
463,0.389129486136
464,0.489293892105
465,0.232478638915
466,0.496978117591
467,0.0170776142953
468,0.306398120698
469,0.0
470,0.242283658387
471,0.0749784965151
472,0.3351832298
473,0.174750932958
474,0.0224754562394
475,0.0823892102147
476,0.277615402939
477,0.132047452633
478,0.0734174371362
479,0.439120500392
480,0.292434561936
481,0.620748186742
482,0.0579319279292
483,0.0
484,0.142857142857
485,0.152406196681
486,0.294959814949
487,0.44047067433
488,0.0
489,0.399407726872
490,0.154809396854
491,0.49605375065
492,0.14584059182
493,0.137899040556
494,0.365604715796
495,0.46261181389
496,0.168127676567
497,0.637323895103
498,0.378507225295
499,0.501819012371
500,0.180920856235
501,0.480117579936
502,0.204427628613
503,0.396096294222
504,0.0878302633059
505,0.338854414683
506,0.157991824561
507,0.21325852373
