site,dnds
1,0.0
2,0.0
3,0.223717686803
4,0.539451685665
5,0.0982756318084
6,0.463052922899
7,0.461860296503
8,0.199374911375
9,0.20262640084
10,0.525563256092
11,0.249775480714
12,0.408674014224
13,0.292812967375
14,0.037646828985
15,0.30777296841
16,0.258974201451
17,0.232704587353
18,0.292990966129
19,0.0437650140788
20,0.0
21,0.514696866234
22,0.0
23,0.505245107937
24,0.042553316831
25,0.0852416776048
26,0.461701098733
27,0.560655090557
28,0.594204998066
29,0.75370253752
30,0.577007756895
31,0.614845519047
32,0.215082819999
33,0.202095611539
34,0.0476238146683
35,0.262229540022
36,0.402320101797
37,0.400292722352
38,0.320621073574
39,0.187134163726
40,0.104364635806
41,0.382651173485
42,0.345804422331
43,0.381016106262
44,0.50222110416
45,0.448662605305
46,0.290496866603
47,0.486931654809
48,0.361612501936
49,0.294477888781
50,0.373243712061
51,0.508385391912
52,0.239471700104
53,0.350676148772
54,0.441935336058
55,0.193016423327
56,0.0941031758085
57,0.283286943387
58,0.239812498067
59,0.411236781786
60,0.282588735915
61,0.116719090081
62,0.305942367014
63,0.352247437715
64,0.0
65,0.316582207757
66,0.184898678223
67,0.3257482189
68,0.337914322706
69,0.358866121185
70,0.580113954559
71,0.651101263041
72,0.554815910705
73,0.462983584535
74,0.602555347793
75,0.574241210612
76,0.700432128883
77,0.663770722841
78,0.48992077877
79,0.1342453423
80,0.0300489230629
81,0.381048505704
82,0.351895048938
83,0.374378981187
84,0.310564393584
85,0.0
86,0.0
87,0.0
88,0.0
89,0.0
90,0.0
91,0.0
92,0.0
93,0.11032089928
94,0.272727272727
95,0.256083226174
96,0.417180566547
97,0.26284392882
98,0.225270221309
99,0.602527244439
100,0.0
101,0.61251862236
102,0.600567561097
103,0.175016683835
104,0.566465025814
105,0.595074286892
106,0.682421500362
107,0.27090354889
108,0.0280829983266
109,0.0
110,0.0
111,0.274869695117
112,0.592846402411
113,0.513822079135
114,0.17514013446
115,0.357200146484
116,0.45696388745
117,0.464643406117
118,0.620144658057
119,0.352214641922
120,0.5416064649
121,0.389913843585
122,0.534699737832
123,0.303239254571
124,0.360376357247
125,0.424130256961
126,0.261191738669
127,0.381853539241
128,0.0675596963207
129,0.428924501898
130,0.392863663065
131,0.139619993526
132,0.420891946512
133,0.369628632003
134,0.689713961568
135,0.138226859643
136,0.287923279745
137,0.478294666157
138,0.460183376016
139,0.148113940458
140,0.572067426634
141,0.696074614046
142,0.375269636743
143,0.313359998057
144,0.606909249392
145,0.622029779665
146,0.256613433907
147,0.206014412275
148,0.197483689094
149,0.544559900187
150,0.342064240632
151,0.328184054378
152,0.355432743582
153,0.391842435293
154,0.333881439312
155,0.177367023551
156,0.191422941213
157,0.295744358962
158,0.11455564976
159,0.217374796735
160,0.0
161,0.101991718126
162,0.274465644677
163,0.136874032941
164,0.244406207027
165,0.165872279813
166,0.189288248881
167,0.294835839733
168,0.303781359736
169,0.0990210257943
170,0.126026760102
171,0.0892767210513
172,0.15623255237
173,0.142857142857
174,0.0
175,0.0
176,0.425959391812
177,0.490457833646
178,0.663703014209
179,0.549329695371
180,0.627094912158
181,0.497556077326
182,0.22675800114
183,0.445528892516
184,0.69561700105
185,0.0286800148218
186,0.0638607876979
187,0.214258783533
188,0.0953114817536
189,0.213147330839
190,0.0
191,0.0
192,0.473063854648
193,0.0
194,0.125539801852
195,0.022379215996
196,0.0
197,0.0
198,0.0883132932942
199,0.0989074871689
200,0.0677701813579
201,0.385879818017
202,0.0
203,0.457172069869
204,0.181773643452
205,0.138305766042
206,0.36651906485
207,0.0672592159992
208,0.37069229291
209,0.362214753493
210,0.271281001245
211,0.342100139142
212,0.0
213,0.295889311548
214,0.327016353396
215,0.0
216,0.156371735496
217,0.0
218,0.214945882565
219,0.219244281255
220,0.271063524443
221,0.189414579629
222,0.378325482037
223,0.261912057476
224,0.175302772773
225,0.0
226,0.0
227,0.0
228,0.0
229,0.0
230,0.0
231,0.0
232,0.0
233,0.0
234,0.0
235,0.0
236,0.0
237,0.0660140171962
238,0.0848380985387
239,0.0637376717756
240,0.112676056338
241,0.0776699029126
242,0.133915081577
243,0.0
244,0.0
245,0.171212304727
246,0.0
247,0.15694720662
248,0.169314718056
249,0.0
250,0.16901727518
251,0.0774138853332
252,0.233756956224
253,0.117784151691
254,0.0227940954355
255,0.0261714570252
256,0.245475210857
257,0.0341780745893
258,0.169006113321
259,0.430158534044
260,0.0
261,0.0
262,0.0
263,0.0
264,0.0
265,0.0
266,0.0
267,0.0
268,0.0
269,0.184493649468
270,0.373750634948
271,0.0940935271348
272,0.200325273083
273,0.411025792375
274,0.359772574619
275,0.426979098387
276,0.248131470072
277,0.212806733964
278,0.0974984280517
279,0.47245633727
280,0.159593906996
281,0.200669295474
282,0.264697291147
283,0.0194567629631
284,0.268315037636
285,0.157724861161
286,0.0
287,0.0571428571429
288,0.514275319037
289,0.599997061458
290,0.193201726238
291,0.64366506063
292,0.530764717992
293,0.284443919793
294,0.552362696502
295,0.470350412871
296,0.360621655495
297,0.364176996036
298,0.634264461503
299,0.519182811834
300,0.0979589037773
301,0.237902587159
302,0.292213506141
303,0.368314433257
304,0.250133893708
305,0.112550153969
306,0.136892754056
307,0.263150591364
308,0.470410406452
309,0.287925398103
310,0.018923014484
311,0.0538631521251
312,0.0380441877953
313,0.127541558123
314,0.355184711594
315,0.0
316,0.190715015792
317,0.385139189785
318,0.196577860823
319,0.0433772460942
320,0.538015450783
321,0.159833135593
322,0.366046327775
323,0.144998297811
324,0.33073958553
325,0.0
326,0.157741974488
327,0.31927612326
328,0.35422815708
329,0.273829372934
330,0.260152766153
331,0.129544529151
332,0.169648325148
333,0.56760569005
334,0.0647923772058
335,0.372622612461
336,0.710949389712
337,0.605365385514
338,0.0
339,0.0
340,0.141031341951
341,0.0
342,0.0
343,0.141031341951
344,0.0990210257943
345,0.0
346,0.0990210257943
347,0.0
348,0.166666666667
349,0.141031341951
350,0.0
351,0.0
352,0.0
353,0.0
354,0.0
355,0.0
356,0.0
357,0.0
358,0.0
359,0.0
360,0.0
361,0.0
362,0.0
363,0.0
364,0.240383807425
365,0.145951516957
366,0.660259898294
367,0.617896303961
368,0.857904675793
369,0.694661850046
370,0.780034213347
371,0.664286665252
372,0.615389811137
373,0.556079737161
374,0.732812519625
375,0.650260207265
376,0.404870208612
377,0.534678621287
378,0.701826246762
379,0.712608952286
380,0.514924021059
381,0.400128547181
382,0.313073121359
383,0.379303772173
384,0.598513974916
385,0.631647150444
386,0.534269557032
387,0.357447916697
388,0.0
389,0.598652317988
390,0.297213238047
391,0.342523161982
392,0.749527635987
393,0.571282617911
394,0.493062776008
395,0.605977399444
396,0.557153087042
397,0.141031341951
398,0.221162786241
399,0.233440946694
400,0.306970551461
401,0.0
402,0.0915510240557
403,0.0859717433253
404,0.0
405,0.0651548897901
406,0.304440723498
407,0.0737209287469
408,0.106666666667
409,0.271131204715
410,0.208797400051
411,0.227989366317
412,0.0701921195504
413,0.175845558609
414,0.224354269807
415,0.187072740154
416,0.134670307294
417,0.260151133472
418,0.067577518018
419,0.279108493925
420,0.289247801348
421,0.0
422,0.135783664111
423,0.0660140171962
424,0.0
425,0.0
426,0.247411571087
427,0.099173553719
428,0.0
429,0.0846188051704
430,0.0
431,0.181044885481
432,0.135783664111
433,0.0518240882662
434,0.0
435,0.244136064148
436,0.188300992878
437,0.119402985075
438,0.307383749161
439,0.330351760385
440,0.339800445978
441,0.299492378236
442,0.289453080347
443,0.226326098051
444,0.319941978356
445,0.213304132898
446,0.0
447,0.672400303448
448,0.755765436802
449,0.754061084048
450,0.790104863772
451,0.485310577874
452,0.587281904161
453,0.701284837046
454,0.746573743748
455,0.68346959431
456,0.0439444915467
457,0.580572140461
458,0.652767151485
459,0.860062740122
460,0.578298300044
461,0.255984213085
462,0.0891130095032
463,0.157658408901
464,0.146697815992
465,0.48403673886
466,0.643714622588
467,0.565298287255
468,0.496582037541
469,0.377298237517
470,0.643212008307
471,0.702206081028
472,0.713563245837
473,0.716190918331
474,0.679266605755
475,0.585477111286
476,0.454628412328
477,0.539502983942
478,0.303183933818
479,0.0948280625754
480,0.238171437483
481,0.0251143360216
482,0.302964778397
483,0.30669699628
484,0.11786118497
485,0.00759613348559
486,0.0
487,0.348622749964
488,0.145853594295
489,0.209649299716
490,0.392354957992
491,0.368713200837
492,0.097286199743
493,0.0
494,0.102414688272
495,0.355439515641
496,0.541147111101
497,0.410332917463
498,0.0
499,0.545620961919
500,0.468079003063
501,0.0417029415659
502,0.270941984012
503,0.16552768491
504,0.625620055677
505,0.434628966582
506,0.36105626661
507,0.349227662364
508,0.388775904545
509,0.0238260192688
510,0.484877751342
511,0.474833829809
512,0.273189366741
513,0.685084480447
514,0.576053364146
515,0.565885056812
516,0.366881663048
517,0.721676931868
518,0.760668823763
519,0.438668908943
520,0.274955432074
521,0.0391712313959
522,0.568917369849
523,0.16385549754
524,0.499897854978
525,0.456256097124
526,0.346001166053
527,0.195699858721
528,0.360579531658
529,0.215945741646
530,0.324829292263
531,0.332409474838
532,0.606395748531
533,0.657536983176
534,0.427488148912
535,0.438300883281
536,0.609211906356
537,0.650583908944
538,0.329692671566
539,0.27514053348
540,0.0757122113448
541,0.662213516397
542,0.163430923294
543,0.207487748344
544,0.256559498766
545,0.101544440899
546,0.0965235310846
547,0.357867064351
548,0.247686302739
549,0.683234750077
550,0.374544445977
551,0.137681345887
552,0.377673892036
553,0.319286321761
554,0.355999933079
555,0.47518213908
556,0.329793900168
557,0.481339320445
558,0.62193632782
559,0.366544797953
560,0.432133058272
561,0.472624881699
562,0.413960470779
563,0.300536437011
564,0.629054521822
565,0.288941190669
566,0.589798713497
567,0.540422711814
568,0.522102744761
569,0.1642806761
570,0.508060802167
571,0.107561431628
572,0.347513486953
573,0.167505273986
574,0.331312765741
575,0.190657662307
576,0.209302325581
577,0.145952293367
578,0.395422230052
579,0.290398490189
580,0.481433082453
581,0.359164107274
582,0.497510389921
583,0.592683456379
584,0.107083783737
585,0.264695546851
586,0.152567362571
587,0.285465608154
588,0.21736851957
589,0.0789422003833
590,0.228374758118
591,0.317233121025
592,0.342590715798
593,0.491879644445
594,0.358157912064
595,0.328419847435
596,0.617615442546
597,0.663494178863
598,0.673949308183
599,0.512666910294
600,0.658675456043
601,0.310328472318
602,0.15494483437
603,0.529911152551
604,0.188682601571
605,0.325064457478
606,0.337274480827
607,0.439823242171
608,0.526272591965
609,0.376911431588
610,0.322373132499
611,0.428925081064
612,0.45961219578
613,0.539621478703
614,0.205377640084
615,0.57261403621
616,0.186671080324
617,0.250154955089
618,0.165809488592
619,0.165404941023
620,0.441167589244
621,0.308007156972
622,0.106666666667
623,0.158433641271
624,0.158433641271
625,0.0770163533955
626,0.577977622138
627,0.381537181558
628,0.496101248522
629,0.283824096696
630,0.393521910947
631,0.608597644303
632,0.809154266934
633,0.61473701646
634,0.715794559958
635,0.592925582032
636,0.695005050644
637,0.792932437125
638,0.600975591172
639,0.620678195471
640,0.756232997795
641,0.481550711526
642,0.510167763293
643,0.277093874624
644,0.33317980104
645,0.599488727749
646,0.756344252708
647,0.691327607842
648,0.534480071851
649,0.57604900092
650,0.778601947713
651,0.550774532921
652,0.693756640698
653,0.655489835677
654,0.732802702122
655,0.70675784031
656,0.398256384589
657,0.179808575805
658,0.377602478124
659,0.542439901073
660,0.361738013359
661,0.472610756835
662,0.821658795102
663,0.415558892823
664,0.556273845253
665,0.367736924126
666,0.561356993537
667,0.336845788085
668,0.43020141226
669,0.518215019419
670,0.567679344779
671,0.333757304683
672,0.159617512159
673,0.529067272936
674,0.192642789191
675,0.397382860964
676,0.29712734138
677,0.625127156111
678,0.520465756935
679,0.468166691179
680,0.281970857909
681,0.407097813915
682,0.439940180714
683,0.348628031958
684,0.107883121569
685,0.340497223552
686,0.582699656143
687,0.415992520174
688,0.336762416257
689,0.433554689602
690,0.557625618238
691,0.173219842807
692,0.268382191688
693,0.548949284898
694,0.0398012074128
695,0.62612256048
696,0.132776341132
697,0.374394644271
698,0.0
699,0.27290773922
700,0.477065576198
701,0.185628935802
702,0.679755577413
703,0.530677973651
704,0.263702444863
705,0.713965865217
706,0.61083420238
707,0.114285714286
708,0.419340407059
709,0.282164287452
710,0.433028500896
711,0.628130355653
712,0.524619140208
713,0.224349631362
714,0.409140597613
715,0.606170098541
716,0.565246624466
717,0.581611249012
718,0.462092397036
719,0.507086913724
720,0.0905114270305
721,0.0
722,0.0
723,0.0
724,0.0
725,0.0
726,0.005016393307
727,0.0371798179047
728,0.384507014539
729,0.0578965731842
730,0.418656853865
731,0.52455040855
732,0.514062462256
733,0.0511161035415
734,0.309988136172
735,0.601889090543
736,0.119583854346
737,0.0
738,0.309166983249
739,0.251611998536
740,0.0654974150998
741,0.242490726708
742,0.499469516271
743,0.364338622666
744,0.590343188867
745,0.255983119982
746,0.351432970877
747,0.41358028644
748,0.539820730392
749,0.39863034139
750,0.0646650034007
751,0.0
752,0.25352066674
753,0.379851938724
754,0.40639956758
755,0.276686927365
756,0.313791957403
757,0.0200175809287
758,0.0
759,0.286664556474
760,0.378923923405
761,0.625354443485
762,0.38585540782
763,0.440971155957
764,0.429020630476
765,0.39062480726
766,0.374230671215
767,0.263556883484
768,0.0825352775607
769,0.311001867837
770,0.0
771,0.248881049561
772,0.537652297107
773,0.336686956871
774,0.641102039563
775,0.444240911614
776,0.465797651659
777,0.353400456531
778,0.299694233871
779,0.202213572138
780,0.418005863007
781,0.243081783964
782,0.392367041118
783,0.150562703043
784,0.0
785,0.526217701885
786,0.113420036093
787,0.423348918483
788,0.244692952953
789,0.116787911737
790,0.0
791,0.0
792,0.0104545878103
793,0.427904386822
794,0.0142305507758
795,0.277381016354
796,0.442267813322
797,0.302958799076
798,0.333925827411
799,0.660369729066
800,0.433732988028
801,0.442883241058
802,0.435289917259
803,0.483398048817
804,0.483594028785
805,0.316538418932
806,0.300291625282
807,0.485876720291
808,0.0
809,0.0
810,0.0
811,0.0
812,0.0
813,0.0
814,0.0
815,0.0
816,0.0
817,0.0
818,0.0
819,0.0
820,0.0
821,0.0
822,0.0
823,0.0
824,0.0
825,0.0
826,0.0
827,0.166540751395
828,0.548425416923
829,0.345476859974
830,0.221821929756
831,0.0698501525034
832,0.523818621121
833,0.636545227726
834,0.227608061229
835,0.670826959502
836,0.545849321647
837,0.471036062747
838,0.6712915786
839,0.630437085106
840,0.774991521757
841,0.558559895355
842,0.705982457877
843,0.468363817
844,0.324351858132
845,0.356882973638
846,0.274021256398
847,0.210645230176
848,0.228769888471
849,0.133181821882
850,0.615900874655
851,0.574775418798
852,0.446496646804
853,0.131842944644
854,0.481600437543
855,0.548119937945
856,0.375262162648
857,0.349944292001
858,0.44877195595
859,0.40713995669
860,0.0959097070445
861,0.256506166616
862,0.581580349652
863,0.578089618535
864,0.168582686895
865,0.271817493064
866,0.1709052714
867,0.226542099822
868,0.253451601459
869,0.267991653067
870,0.0447191729394
871,0.153371646404
872,0.325927303467
873,0.416038837691
874,0.308275477537
875,0.349717320462
876,0.311274284358
877,0.381874108009
878,0.159798267994
879,0.0
880,0.361491111364
881,0.134286790662
882,0.355168540189
883,0.286586944584
884,0.0681719196144
885,0.204296883468
886,0.46576527819
887,0.342439320804
888,0.0
889,0.46310512062
890,0.163107210172
891,0.456881103852
892,0.455087804555
893,0.411897184188
894,0.354431205661
895,0.210028540354
896,0.136914967064
897,0.370520231883
898,0.211768086509
899,0.198394838506
900,0.183454105587
901,0.397270945223
902,0.34006110008
903,0.230754944236
904,0.227174815076
905,0.311847220954
906,0.293091003703
907,0.196723241535
908,0.10993672485
909,0.204287543459
910,0.238785152235
911,0.278354890989
912,0.184302321867
913,0.130240010303
914,0.326287155425
915,0.249687777811
916,0.176452846184
917,0.0688287923519
918,0.0
919,0.171720139735
920,0.0495105128971
921,0.269470623017
922,0.0390039865799
923,0.313566581682
924,0.247242409554
925,0.119707184455
926,0.0
927,0.230989804125
928,0.0
929,0.0821948778434
930,0.0759613348559
931,0.0
932,0.330053159997
933,0.0
934,0.0
935,0.0
936,0.0
