site,dnds
1,0.0
2,0.0
3,0.0695083042471
4,0.131148927279
5,0.157472192714
6,0.0894383458787
7,0.146848883761
8,0.31673192219
9,0.12808950593
10,0.296838590646
11,0.556801940438
12,0.284946455
13,0.442179144749
14,0.377747911041
15,0.483748645621
16,0.432970817492
17,0.545154516748
18,0.607713544909
19,0.624787982326
20,0.482761855732
21,0.139504664619
22,0.447849129578
23,0.0989315688448
24,0.63643529131
25,0.330774368959
26,0.652775501915
27,0.391429476458
28,0.373888800161
29,0.439958128746
30,0.626378009972
31,0.0
32,0.331952640724
33,0.73987042409
34,0.278091664694
35,0.396679194146
36,0.506644546507
37,0.313264436458
38,0.42092411414
39,0.423516421563
40,0.647388660076
41,0.384152030464
42,0.417655164549
43,0.0
44,0.142857142857
45,0.170212765957
46,0.475991659796
47,0.467878353888
48,0.281021129612
49,0.566786899743
50,0.140511734282
51,0.478599351637
52,0.0533303655672
53,0.512930037719
54,0.052073363049
55,0.654763902593
56,0.483368774561
57,0.102833102844
58,0.193568743812
59,0.0
60,0.0902969004385
61,0.0
62,0.191780895295
63,0.0
64,0.195493405021
65,0.0527875693034
66,0.242248089807
67,0.160700068427
68,0.478169171086
69,0.519433690386
70,0.264984069653
71,0.635248171854
72,0.238487077347
73,0.358187691758
74,0.159648558327
75,0.316518159658
76,0.530963340424
77,0.420611503992
78,0.639999290366
79,0.379680634844
80,0.46306247599
81,0.512385193286
82,0.523350955723
83,0.443413219902
84,0.333904362694
85,0.511622934621
86,0.363649330947
87,0.222386458544
88,0.361578680271
89,0.0884651144963
90,0.0470588235294
91,0.362441970704
92,0.467153099146
93,0.475250689363
94,0.499151173005
95,0.424338732107
96,0.401571767488
97,0.26912192986
98,0.424505767327
99,0.138629436112
100,0.252053520204
101,0.305700126816
102,0.532731813485
103,0.479109702492
104,0.203088881797
105,0.198997148375
106,0.246435304307
107,0.0
108,0.0775491027295
109,0.74564544826
110,0.388243361661
111,0.468898821489
112,0.137326536084
113,0.0
114,0.295521333266
115,0.601510563594
116,0.465850633108
117,0.475333029787
118,0.548451247736
119,0.207531887558
120,0.713251834087
121,0.393154695434
122,0.657463747913
123,0.393062868138
124,0.451439337026
125,0.644544087158
126,0.605931762045
127,0.140504471712
128,0.422508081567
129,0.58671694796
130,0.401142254086
131,0.457681833918
132,0.584000790327
133,0.313583878255
134,0.171583730027
135,0.486153731259
136,0.362790879441
137,0.244560943225
138,0.487853757747
139,0.30646991184
140,0.100550955234
141,0.0
142,0.34195010609
143,0.760274125916
144,0.41587044184
145,0.432235343318
146,0.288877197385
147,0.293967050668
148,0.0666665104212
149,0.234173312832
150,0.423627172432
151,0.228574238496
152,0.301419523381
153,0.421891704457
154,0.561592699615
155,0.0879472187448
156,0.194928741942
157,0.251591571819
158,0.253865685997
159,0.16562020628
160,0.271956644591
161,0.0
162,0.494472512726
163,0.428816451422
164,0.303472093977
165,0.338593068278
166,0.0858166504579
167,0.344373089087
168,0.116405747599
169,0.309362661926
170,0.192993493556
171,0.164507280719
172,0.501984185316
173,0.0238093394937
174,0.502379668296
175,0.630628101425
176,0.352902381024
177,0.609372589605
178,0.225101207471
179,0.4606017204
180,0.0819667502258
181,0.0322551576974
182,0.175056436672
183,0.0
184,0.0879006270843
185,0.207766531423
186,0.311202179319
187,0.405289778387
188,0.273276158813
189,0.233966315025
190,0.130124338143
191,0.322662533467
192,0.172987841591
193,0.637117481361
194,0.516038819653
195,0.0
196,0.139955103822
197,0.393058571854
198,0.00558874609483
199,0.0108509085822
200,0.082546040201
201,0.0157743313545
202,0.312436220801
203,0.0767896915383
204,0.0742657693457
205,0.185474484477
206,0.592680198112
207,0.216519972412
208,0.107196305738
209,0.248877605992
210,0.056123501636
211,0.381264996319
212,0.156652712421
213,0.0
214,0.0142573475164
215,0.0
216,0.236662696155
217,0.0
218,0.0
219,0.199955395779
220,0.216216216216
221,0.189701619081
222,0.0589083509818
223,0.559140097599
224,0.0759613348559
225,0.0
226,0.0
227,0.108108108108
228,0.139787020541
229,0.168769204002
230,0.70087339104
231,0.099337466549
232,0.705541784531
233,0.383088685328
234,0.306813615851
235,0.275389922862
236,0.602148409288
237,0.358884896403
238,0.468939717567
239,0.0939174774292
240,0.0989945143644
241,0.335632236111
242,0.204728830016
243,0.0
244,0.0
245,0.40533402788
246,0.330496222869
247,0.0
248,0.127260545388
249,0.258780253855
250,0.0887882022445
251,0.346691102444
252,0.636187441687
253,0.217041916875
254,0.189069908213
255,0.0
256,0.237280351587
257,0.0548355199004
258,0.581198849802
259,0.0228581523608
260,0.454647697384
261,0.349290070056
262,0.152712916049
263,0.173042079656
264,0.0
265,0.166120978588
266,0.177712660462
267,0.0150917347973
268,0.0
269,0.156307894607
270,0.432819564661
271,0.0945457529743
272,0.0
273,0.196385861986
274,0.0813634883432
275,0.0992211797604
276,0.458058733861
277,0.393168352714
278,0.258147900314
279,0.302896636344
280,0.179796601583
281,0.258116504396
282,0.591206847344
283,0.0
284,0.0
285,0.102994902063
286,0.0
287,0.0776699029126
288,0.138629436112
289,0.386888538557
290,0.359969658983
291,0.179837120872
292,0.226260595444
293,0.382317543298
294,0.0348765805926
295,0.284974392712
296,0.117207144888
297,0.622207901852
298,0.241094671499
299,0.639823234318
300,0.492944062291
301,0.61244203612
302,0.435276021939
303,0.171561187092
304,0.0
305,0.15694720662
306,0.0
307,0.1263858107
308,0.0355690712739
309,0.419067348502
310,0.344269215996
311,0.00235789118121
312,0.285921833597
313,0.366393515433
314,0.378968080812
315,0.463925995763
316,0.0
317,0.0
318,0.0
319,0.0
320,0.0
321,0.0
322,0.0
323,0.0
324,0.0
325,0.435869614501
326,0.354438177028
327,0.497886929554
328,0.507322509199
329,0.688758930335
330,0.0
331,0.144212782181
332,0.462264953921
333,0.327089073568
334,0.133303597186
335,0.233943863509
336,0.435593909038
337,0.102624224467
338,0.333995278113
339,0.0
340,0.325703416563
341,0.240089062557
342,0.0
343,0.242587538583
344,0.114692313615
345,0.298209108612
346,0.500941584921
347,0.00451502585644
348,0.226262909409
349,0.489917665176
350,0.293952824537
351,0.205705107831
352,0.147731928854
353,0.140850181014
354,0.218668518208
355,0.548581068086
356,0.285371058375
357,0.0887369529159
358,0.0441172079206
359,0.26828566625
360,0.0
361,0.0
362,0.0
363,0.0
364,0.0
365,0.0
366,0.0867325491054
367,0.0990210257943
368,0.0
369,0.0
370,0.0
371,0.0
372,0.0
373,0.0
374,0.0
375,0.0
376,0.0
377,0.197412662094
378,0.535006778688
379,0.0755016448473
380,0.226623842094
381,0.277852082161
382,0.343574410311
383,0.0295620759641
384,0.450272704051
385,0.5130719138
386,0.364188330322
387,0.379116665443
388,0.608248930582
389,0.35027479458
390,0.350670756653
391,0.398168165458
392,0.0
393,0.0
394,0.0
395,0.0
396,0.22498052937
397,0.0
398,0.149833544465
399,0.314687119669
400,0.0436628145235
401,0.808416854787
402,0.590088623691
403,0.51743882866
404,0.108124028829
405,0.0
406,0.0
407,0.0
408,0.125
409,0.142857142857
410,0.719695723754
411,0.0361597901479
412,0.177735251953
413,0.0630001302215
414,0.0152106753665
415,0.0
416,0.0
417,0.0
418,0.0
419,0.0
420,0.0
421,0.0
422,0.0
423,0.0
424,0.0
425,0.0
426,0.0
427,0.0
428,0.0
429,0.0338984655437
430,0.0
431,0.332418975319
432,0.105921891266
433,0.00573808413463
434,0.0270197425356
435,0.0870655001945
436,0.349196717728
437,0.00339362438385
438,0.175463585767
439,0.0663474838785
440,0.0360046403299
441,0.0957935196205
442,0.123144133997
443,0.357344135246
444,0.229538349996
445,0.340619326895
446,0.0
447,0.154503809325
448,0.122046158222
449,0.0902497623307
450,0.359845859296
451,0.132333175913
452,0.0681260949969
453,0.172778815465
454,0.0
455,0.330468057886
456,0.0849818788411
457,0.120304951284
458,0.162997271879
459,0.0551549648419
460,0.0759605062489
461,0.196986797238
462,0.444244408313
463,0.172708771259
464,0.214561075962
465,0.119694153258
466,0.146894662643
467,0.152639177916
468,0.455053090194
469,0.184541992159
470,0.202394550199
471,0.385134768381
472,0.730792238738
473,0.617269360489
474,0.45250630194
475,0.507787320584
476,0.194289327406
477,0.350835112989
478,0.0892479433882
479,0.124506318322
480,0.302839087775
481,0.362799853582
482,0.45743250049
483,0.334705829569
484,0.297947056231
485,0.356827165541
486,0.446386166482
487,0.174305540134
488,0.0698480555415
489,0.125462019432
490,0.481317693131
491,0.214241835972
492,0.185282808106
493,0.389472456462
494,0.649495881604
495,0.331687828523
496,0.347440046452
497,0.343595623877
498,0.541972966056
499,0.480858312899
500,0.444953013379
501,0.382726413853
502,0.0
503,0.0
504,0.0
505,0.0
506,0.313251013033
507,0.116098023222
508,0.522976143033
509,0.623935173567
510,0.0
511,0.0
512,0.0
513,0.0
514,0.0
515,0.0
516,0.0
517,0.157016242317
518,0.138279061049
519,0.60784787615
520,0.494519220322
521,0.27946801229
522,0.547698076621
523,0.502047361479
524,0.290599898782
525,0.103054601785
526,0.662266782578
527,0.438071388339
528,0.291893721891
529,0.0745726105758
530,0.0
531,0.170212765957
532,0.193659755488
533,0.0
534,0.0
535,0.0
536,0.0
537,0.0969205831996
538,0.0
539,0.617138789367
540,0.399867578627
541,0.283861659918
542,0.271196623055
543,0.070185301151
544,0.108307127748
545,0.699314106155
546,0.391682304114
547,0.470137816061
548,0.61681510881
549,0.366052306394
550,0.127931654823
551,0.708969514735
552,0.51376144997
553,0.156630281279
554,0.0405106543992
555,0.650040866101
556,0.516835318215
557,0.115725479614
558,0.119413310884
559,0.121454415642
560,0.283018221205
