site,dnds
1,0.0
2,0.0
3,0.224428931713
4,0.100207724845
5,0.369877777926
6,0.491299732125
7,0.0772514817458
8,0.540476955003
9,0.642292250175
10,0.402499714859
11,0.0
12,0.523969041852
13,0.709861980381
14,0.548091105998
15,0.382239719468
16,0.564368796694
17,0.544960153226
18,0.153693517241
19,0.132776341132
20,0.524539015271
21,0.531852771634
22,0.435803059172
23,0.546814538889
24,0.784108742082
25,0.625312234141
26,0.45906425964
27,0.455652985208
28,0.787252140683
29,0.744616912939
30,0.5082928536
31,0.375021518224
32,0.686252415136
33,0.0
34,0.0
35,0.0
36,0.0
37,0.0
38,0.0
39,0.0
40,0.0
41,0.0
42,0.717738456302
43,0.374069111701
44,0.66631019588
45,0.655608483184
46,0.616995649807
47,0.575853191973
48,0.739450735339
49,0.645960532152
50,0.0
51,0.653984081625
52,0.557197555418
53,0.726433613931
54,0.533879670095
55,0.714603959839
56,0.0680500880741
57,0.125418309671
58,0.0
59,0.0482189342998
60,0.660400120421
61,0.363480951669
62,0.667429435125
63,0.0
64,0.0
65,0.0
66,0.0
67,0.612965787436
68,0.330070085981
69,0.325322696032
70,0.0
71,0.286623156685
72,0.307651031239
73,0.613285753891
74,0.118825294937
75,0.533494441388
76,0.356251590081
77,0.542763977825
78,0.0863046217355
79,0.0428685576854
80,0.415543153465
81,0.471564710728
82,0.0
83,0.43473493945
84,0.429685472709
85,0.0
86,0.190693359813
87,0.784087743154
88,0.584642649289
89,0.411906047602
90,0.364806880772
91,0.706536053424
92,0.688163457687
93,0.383196701
94,0.448568841992
95,0.612657204209
96,0.156202181535
97,0.136819974187
98,0.59759595377
99,0.0
100,0.0
101,0.0
102,0.0
103,0.0
104,0.0
105,0.0
106,0.3274040773
107,0.243366177369
108,0.668423663325
109,0.382787597967
110,0.464105864748
111,0.454280112944
112,0.0135920928675
113,0.0
114,0.0
115,0.0
116,0.0
117,0.0
118,0.0
119,0.316496114051
120,0.369106853749
121,0.583436434294
122,0.295263514552
123,0.23671963996
124,0.662617231267
125,0.765491937803
126,0.62525626767
127,0.623848006968
128,0.500687409865
129,0.277003722472
130,0.556993622488
131,0.611933556796
132,0.322002159341
133,0.68352796119
134,0.257922211999
135,0.672730124072
136,0.722017879886
137,0.313059800979
138,0.751139444021
139,0.0
140,0.0772314491635
141,0.203069698201
142,0.0926777389962
143,0.685740492092
144,0.743575559362
145,0.63739369498
146,0.724090528099
147,0.346341805531
148,0.739531520296
149,0.49769921226
150,0.771246572228
151,0.196837584437
152,0.757310942599
153,0.154032706791
154,0.0
155,0.0
156,0.0
157,0.0
158,0.0
159,0.0
160,0.0
161,0.0
162,0.0
163,0.0
164,0.0
165,0.0
166,0.0
167,0.0
168,0.0
169,0.0
170,0.276006626677
171,0.260966135271
172,0.181159147626
173,0.702330682358
174,0.116131936522
175,0.0
176,0.0
177,0.0140838186028
178,0.784231974878
179,0.666793569803
180,0.619981259723
181,0.197353460589
182,0.33606274524
183,0.160582494358
184,0.0547965852289
185,0.151542262567
186,0.234486417344
187,0.733583692553
188,0.0
189,0.604513960123
190,0.72650897276
191,0.791558680132
192,0.557700533786
193,0.661187379109
194,0.450210088168
195,0.744514796205
196,0.800919486969
197,0.59180978488
198,0.558609622996
199,0.70861670173
200,0.756562876024
201,0.714835335676
202,0.664391737411
203,0.431102053862
204,0.181605337119
205,0.264029121451
206,0.336842963091
207,0.569140178411
208,0.471703740965
209,0.543991977848
210,0.312258680533
211,0.0
212,0.149926059213
213,0.335513836114
214,0.247655101032
215,0.101260502171
216,0.0
217,0.074893007739
218,0.762354808628
219,0.729958661156
220,0.134937615004
221,0.435532674656
222,0.0
223,0.344767353659
224,0.0
225,0.114363971111
226,0.0
227,0.186484085268
228,0.00661219950344
229,0.182334260282
230,0.0325076111535
231,0.0
232,0.139287807634
233,0.280201324222
234,0.284402406601
235,0.634400198914
236,0.155454355154
237,0.0638923464362
238,0.305658094137
239,0.0707855592781
240,0.309354390208
241,0.249563804119
242,0.526961023714
243,0.0828313429019
244,0.325082179129
245,0.622783887896
246,0.631239908216
247,0.40820893142
248,0.735989757391
249,0.700574106062
250,0.738468098588
251,0.400223895083
252,0.257920722748
253,0.35551887511
254,0.454922792313
255,0.550541018006
256,0.674221737394
257,0.573255181662
258,0.606609985997
259,0.7852922203
260,0.699102992537
261,0.644180598786
262,0.676262010483
263,0.370589640121
264,0.369453333225
265,0.331119641741
266,0.195445410779
267,0.473417851006
268,0.238255262726
269,0.196629008025
270,0.429850145029
271,0.353687550666
272,0.0388438297582
273,0.608625994346
274,0.445314863186
275,0.0
276,0.47350729036
277,0.721470301533
278,0.583914097505
279,0.263513793501
280,0.16921215945
281,0.470681806529
282,0.291469661095
283,0.0
284,0.735639841427
285,0.358630902987
286,0.599423988015
287,0.148749317385
288,0.0
289,0.0
290,0.0
291,0.0
292,0.0
293,0.0
294,0.100821408081
295,0.0
296,0.390009007067
297,0.405493898075
298,0.350521217948
299,0.367451053313
300,0.610894237946
301,0.275658775966
302,0.386581540884
303,0.0722834995518
304,0.115424971582
305,0.254599171355
