site,dnds
1,0.0
2,0.0
3,0.0
4,0.0
5,0.142857142857
6,0.193132425048
7,0.199329184435
8,0.181932719602
9,0.175418458405
10,0.211862972934
11,0.218163927615
12,0.328477471791
13,0.398322613776
14,0.324727002037
15,0.516197665105
16,0.435490805791
17,0.235983567452
18,0.254927203383
19,0.0549236623072
20,0.0451870569159
21,0.261230234451
22,0.36093443827
23,0.302886272435
24,0.0
25,0.1076632952
26,0.0
27,0.185534774325
28,0.368848137467
29,0.230329417039
30,0.259640815943
31,0.210136746531
32,0.191714056751
33,0.210600182897
34,0.227880776808
35,0.155636439316
36,0.201010337108
37,0.00609118017148
38,0.511654547042
39,0.323395164425
40,0.0
41,0.0540186742522
42,0.500386879232
43,0.226157299848
44,0.376514382122
45,0.235472923364
46,0.0310768851534
47,0.409152255025
48,0.316779469178
49,0.286727056072
50,0.482410967969
51,0.229416338797
52,0.218715712748
53,0.165269550098
54,0.0700694701572
55,0.0
56,0.213217580091
57,0.00338418239839
58,0.170036386747
59,0.0195632944459
60,0.0
61,0.0581139818723
62,0.0805801807411
63,0.0184137605519
64,0.0
65,0.0
66,0.0
67,0.0
68,0.0
69,0.0
70,0.0
71,0.0
72,0.0
73,0.0
74,0.0
75,0.0
76,0.0
77,0.0
78,0.0
79,0.0
80,0.0
81,0.0
82,0.0
83,0.0
84,0.0
85,0.0
86,0.0
87,0.0
88,0.0
89,0.0
90,0.0
91,0.0
92,0.0
93,0.0
94,0.0
95,0.0
96,0.0264167432525
97,0.0
98,0.140253209371
99,0.063515866811
100,0.0
101,0.0063376065008
102,0.041506482657
103,0.0116471117642
104,0.299993868898
105,0.0402791665293
106,0.0137772616999
107,0.18387788292
108,0.00661219950344
109,0.216290279433
110,0.110275928105
111,0.136042765726
112,0.136749282174
113,0.0159361099915
114,0.408157785119
115,0.425243669055
116,0.0402334251473
117,0.0606060606061
118,0.229351836223
119,0.295282466014
120,0.365839853653
121,0.117177335175
122,0.128943046831
123,0.174063906576
124,0.00630309498867
125,0.290117938549
126,0.54651588727
127,0.161329114625
128,0.284803537334
129,0.542326130515
130,0.170420826578
131,0.0228233483883
132,0.160734953545
133,0.335604594971
134,0.0124512418185
135,0.216204509642
136,0.459679470915
137,0.25778777592
138,0.472726278723
139,0.0
140,0.0144313857816
141,0.0513501425886
142,0.050009550005
143,0.00678244688432
144,0.155676408296
145,0.0363042726412
146,0.0199858417728
147,0.396559907408
148,0.0
149,0.216115119963
150,0.183694729308
151,0.00951035923593
152,0.243556473516
153,0.242491349414
154,0.00544530042951
155,0.0
156,0.0617110887414
157,0.00624260501399
158,0.00235789118121
159,0.00664107787741
160,0.0812970566969
161,0.440975905621
162,0.00930819254909
163,0.0307273037656
164,0.0
165,0.0
166,0.00251359652564
167,0.0167027499999
168,0.294038916666
169,0.255845210551
170,0.0
171,0.0355991734631
172,0.0461080132518
173,0.0
174,0.285404801855
175,0.00949487781784
176,0.0123930076329
177,0.0
178,0.0203416509409
179,0.0201623744832
180,0.0
181,0.141874747859
182,0.0
183,0.0304271018216
184,0.351262679748
185,0.0895672114485
186,0.0047532048756
187,0.218584938436
188,0.469901753821
189,0.122285294859
190,0.00566199242327
191,0.106076086047
192,0.103343324879
193,0.168439553338
194,0.111944335202
195,0.0476292437312
196,0.3439732967
197,0.0489029929474
198,0.00810128513906
199,0.0312496907794
200,0.308743010554
201,0.0805315936986
202,0.460440085499
203,0.18092548206
204,0.130941515726
205,0.25302849325
206,0.266794360375
207,0.19554414124
208,0.308692444133
209,0.0846188051704
210,0.188300992878
211,0.0
212,0.0
213,0.404402876342
214,0.095385809911
215,0.208372881225
216,0.00289507340245
217,0.0127521351193
218,0.0380763991266
219,0.139766487965
220,0.334977002973
221,0.272275455034
222,0.483438177746
223,0.0108539132643
224,0.00979487525216
225,0.291135207379
226,0.334922783593
227,0.00838771307897
228,0.0
229,0.192512183322
230,0.231643377643
231,0.177944755746
232,0.18992450283
233,0.029894878515
234,0.123730965754
235,0.0479875375897
236,0.0
237,0.00935770673985
238,0.0136796022325
239,0.195953773252
240,0.00452163125621
241,0.319720482011
242,0.243134009451
243,0.217932848764
244,0.0389543401222
245,0.133520623375
246,0.0385296601698
247,0.263124995522
248,0.013565477906
249,0.143870910896
250,0.0716974944382
251,0.0275674555333
252,0.0117730181199
253,0.0314426845199
254,0.16372882448
255,0.190470835707
256,0.189640856693
257,0.312281488338
258,0.0176264509001
259,0.373233518338
260,0.475041484082
261,0.0
262,0.0
263,0.0
264,0.0
265,0.0
266,0.0
267,0.0
268,0.0
269,0.0
270,0.0
271,0.0
272,0.0
273,0.0
274,0.0
275,0.127667860866
276,0.245999367342
277,0.419993454103
278,0.240335183454
279,0.027623402292
280,0.0636398726605
281,0.0250356326634
282,0.150856129463
283,0.0079352665841
284,0.0
285,0.0
286,0.0
287,0.0
288,0.0
289,0.0
290,0.0
291,0.164478706389
292,0.13329190679
293,0.191746513396
294,0.365403337447
295,0.0155374588367
296,0.0102462329261
297,0.15314962063
298,0.339816089512
299,0.17577656134
300,0.320019140008
301,0.38991030718
302,0.455016548301
303,0.467103459342
304,0.310060468486
305,0.0778954085409
306,0.570933474906
307,0.507591540989
308,0.410730289099
309,0.0
310,0.0
311,0.0
312,0.0
313,0.0
314,0.0
315,0.0
316,0.0
317,0.392915411351
318,0.247692016628
319,0.660248463554
320,0.0
321,0.125913534107
322,0.330976480525
323,0.265657384006
324,0.246005815641
325,0.18558587984
326,0.23994828584
327,0.235594663218
328,0.02318589217
329,0.0160115181394
330,0.291871809268
331,0.380259485028
332,0.214108003255
333,0.0101182379879
334,0.325492091372
335,0.497652224944
336,0.12492867301
337,0.374683514964
338,0.276603415381
339,0.0181547800011
340,0.344640786736
341,0.0
342,0.364767479026
343,0.394320251067
344,0.460124059633
345,0.301785534929
346,0.0
347,0.235631740841
348,0.0327378722242
349,0.249355957741
350,0.301885443114
351,0.425716131283
352,0.296880591432
353,0.0713838826177
354,0.539498189307
355,0.564401959402
356,0.379406320263
357,0.465814116622
358,0.250073058879
359,0.144654713127
360,0.0355413071784
361,0.0228587714283
362,0.0
363,0.263557974042
364,0.0
365,0.0
366,0.0140076286408
367,0.00913885802824
368,0.111089475182
369,0.0
370,0.0
371,0.0
372,0.0
373,0.0
374,0.0
375,0.00115572002311
376,0.203092613318
377,0.199051853437
378,0.28807648246
379,0.219782023691
380,0.146536003416
381,0.00558302569883
382,0.162914042671
383,0.183555591765
384,0.32508749676
385,0.128581467073
386,0.00661219950344
387,0.313513006554
388,0.300407983396
389,0.157531249981
390,0.0496170352146
391,0.097771429345
392,0.129291342459
393,0.0
394,0.0
395,0.0111494144832
396,0.0461578531759
397,0.517663981963
398,0.0691227019142
399,0.195929278659
400,0.021413426643
401,0.141214471631
402,0.246487852699
403,0.153762140968
404,0.0
405,0.00932069053267
406,0.260009052328
407,0.147982455856
408,0.0344904449059
409,0.392012052234
410,0.00597912604852
411,0.304632561379
412,0.172646673219
413,0.568334571658
414,0.0556670569534
415,0.0577551310532
416,0.00781665200017
417,0.102306661252
418,0.281868236519
419,0.300971522195
420,0.0
421,0.0
422,0.0
423,0.0
424,0.0
425,0.0470881662306
426,0.0
427,0.0
428,0.0
429,0.00475244917214
430,0.0543802850039
431,0.0477048804128
432,0.00279155522584
433,0.0678272309384
434,0.15417927287
435,0.0
436,0.3219315863
437,0.0549604531656
438,0.168857484693
439,0.00633059587414
440,0.44860391942
441,0.0
442,0.196620555282
443,0.256952749636
444,0.0552198080839
445,0.147638999254
446,0.0
447,0.264391511963
448,0.00442668666984
449,0.406924644291
450,0.0037147344502
451,0.172821922312
452,0.501708614004
453,0.156737220481
454,0.161432410716
