site,dnds
1,0.103704455634
2,0.459548084321
3,0.0822329565452
4,0.0857353602663
5,0.194014685819
6,0.248170720864
7,0.563191864025
8,0.146343954631
9,0.0
10,0.218286671251
11,0.0217359870381
12,0.0
13,0.0
14,0.0
15,0.0
16,0.0
17,0.0
18,0.0
19,0.0
20,0.0
21,0.0
22,0.0
23,0.0
24,0.0
25,0.0
26,0.0
27,0.0
28,0.0
29,0.0
30,0.0
31,0.0
32,0.0
33,0.0
34,0.0
35,0.0
36,0.0
37,0.0
38,0.0
39,0.0117732550625
40,0.0
41,0.0
42,0.0
43,0.0
44,0.0
45,0.0
46,0.0
47,0.0
48,0.0
49,0.0
50,0.0
51,0.0
52,0.0
53,0.0
54,0.0
55,0.0
56,0.0
57,0.0
58,0.0
59,0.0
60,0.0
61,0.0
62,0.0
63,0.0
64,0.0
65,0.0
66,0.0
67,0.0
68,0.0
69,0.0
70,0.0105547903981
71,0.0784072260988
72,0.0
73,0.0
74,0.0
75,0.0
76,0.0
77,0.0
78,0.0
79,0.0
80,0.0
81,0.0
82,0.0
83,0.0
84,0.367236039752
85,0.00835685175094
86,0.0605427051914
87,0.561016758232
88,0.105002153168
89,0.516013482763
90,0.232268731338
91,0.389113169361
92,0.436056815897
93,0.0797636278246
94,0.466825022186
95,0.0144378683971
96,0.444501923975
97,0.563158222957
98,0.309330373773
99,0.0147237288489
100,0.365777537511
101,0.0
102,0.0
103,0.0
104,0.0
105,0.0
106,0.0
107,0.32776762805
108,0.0100397252788
109,0.270180449126
110,0.305111427793
111,0.129460124139
112,0.175288271914
113,0.637358320956
114,0.498595226337
115,0.354446777169
116,0.408213150864
117,0.608126909667
118,0.383719744636
119,0.0951040179509
120,0.180763296494
121,0.382728316519
122,0.3565687915
123,0.258037142172
124,0.0
125,0.0
126,0.0
127,0.0
128,0.0
129,0.0
130,0.0
131,0.447344310036
132,0.535817811327
133,0.0123579491299
134,0.159391194463
135,0.391961297921
136,0.339516414497
137,0.252116597504
138,0.00805371853836
139,0.0188669146784
140,0.550633787895
141,0.0813648265158
142,0.281534619705
143,0.184744944084
144,0.325182241164
145,0.0
146,0.00478573212176
147,0.0219332069058
148,0.120470814805
149,0.00666167400826
150,0.0
151,0.445866292475
152,0.609667545374
153,0.75868146718
154,0.682303115484
155,0.00544796677749
156,0.0
157,0.0
158,0.0
159,0.0
160,0.0
161,0.215072274113
162,0.608562753315
163,0.427343955452
164,0.626698258017
165,0.136356822405
166,0.266161281875
167,0.207021280113
168,0.127475343551
169,0.0926814020622
170,0.261868320067
171,0.0
172,0.0
173,0.191063006725
174,0.0840178400679
175,0.105597963467
176,0.616356404753
177,0.319221641649
178,0.459523097341
179,0.380490321489
180,0.250601162468
181,0.532658750952
182,0.566884651832
183,0.297453443289
184,0.00475407894122
185,0.00451752564006
186,0.359306241329
187,0.0
188,0.0
189,0.0
190,0.0
191,0.0
192,0.0
193,0.0
194,0.0
195,0.0
196,0.0
197,0.285641405391
198,0.255841382076
199,0.429111512715
200,0.248876118754
201,0.240151907748
202,0.146085497654
203,0.159190403893
204,0.32092758145
205,0.00446793427836
206,0.410912695829
207,0.240610703406
208,0.03918874854
209,0.166953125055
210,0.0467099396948
211,0.377290110644
212,0.0100795762011
213,0.274356238992
214,0.0
215,0.304657044766
216,0.122529004547
217,0.377792705404
218,0.0
219,0.0
220,0.0
221,0.0
222,0.0696170690998
223,0.676712381337
224,0.595705276016
225,0.0208385789856
226,0.0202250951429
227,0.330844727694
228,0.451070696646
229,0.373262000359
230,0.327599822646
231,0.173613948263
232,0.407162422123
233,0.320532715611
234,0.451545572891
235,0.237652830184
236,0.1534719432
237,0.414347434942
238,0.191375736735
239,0.446403920258
240,0.0418583523182
241,0.311215807783
242,0.199671873389
243,0.113166886622
244,0.0
245,0.154032706791
246,0.222293780963
247,0.155327099285
248,0.0
249,0.154032706791
250,0.0
251,0.266666666667
252,0.0
253,0.0
254,0.142857142857
255,0.0
256,0.0
257,0.266666666667
258,0.0
259,0.0
260,0.0
261,0.0
262,0.142857142857
263,0.0
264,0.244136064148
265,0.0
266,0.0867325491054
267,0.0990210257943
268,0.16
269,0.218470603943
270,0.242382158734
271,0.150280931247
272,0.0931839993671
273,0.0666517985931
274,0.272727272727
275,0.0
276,0.260869565217
277,0.0467947463669
278,0.3247175981
279,0.0
280,0.0
281,0.1
282,0.193857256291
283,0.0
284,0.31330674008
285,0.4500991527
286,0.0303820142233
287,0.0659676610218
288,0.368696291855
289,0.314138779891
290,0.241683646327
291,0.20189565377
292,0.576797369714
293,0.483153781254
294,0.0026706840226
295,0.0349413531377
296,0.480892484192
297,0.284543967155
298,0.129829040076
299,0.0678676489698
300,0.320392630713
301,0.425994544111
302,0.00792527615242
303,0.229980998721
304,0.0
305,0.0
306,0.0
307,0.0
308,0.0
309,0.0
310,0.0
311,0.0
312,0.0
313,0.0
314,0.0
315,0.0
316,0.0
317,0.0
318,0.0
319,0.0
320,0.0
321,0.0
322,0.255094885676
323,0.0
324,0.119673711532
325,0.222123887594
326,0.0
327,0.245800514439
328,0.0167614814978
329,0.131357159871
330,0.00607502598474
331,0.354343711182
332,0.407854583253
333,0.470681545289
334,0.376817877305
335,0.488637228881
336,0.290726976299
337,0.559115671269
338,0.0377176844752
339,0.107883510277
340,0.0843363321261
341,0.133584904213
342,0.0745110144645
343,0.161780507901
344,0.100159198505
345,0.196255381379
346,0.475836797407
347,0.167637413263
348,0.279643315791
349,0.341774464416
350,0.344472148979
351,0.224092649076
352,0.541924040613
353,0.254626764338
354,0.290673886956
355,0.369880554707
356,0.342466793952
357,0.452423076721
358,0.183370056438
359,0.226734727754
360,0.103075340767
361,0.461294959981
362,0.403239594572
363,0.386534791299
364,0.375060447011
365,0.289415233402
366,0.480883295213
367,0.395975009387
368,0.473640330545
369,0.768934323263
370,0.648158102105
371,0.736273790181
372,0.845511279867
373,0.740328520218
374,0.719130828875
375,0.487294923777
376,0.785017015775
377,0.745896985765
378,0.492450475471
379,0.104683945484
380,0.690805861274
381,0.700802224933
382,0.0821105139722
383,0.51413690681
384,0.481036204229
385,0.107396030597
386,0.186858656087
387,0.426268816366
388,0.430101466897
389,0.0
390,0.0873970853018
391,0.236422294144
392,0.30529112297
393,0.281094902691
394,0.108108108108
395,0.153730892229
396,0.128283172565
397,0.312316667551
398,0.231612202447
399,0.493530322337
400,0.214037900858
401,0.102361379741
402,0.412918366504
403,0.0377141720734
404,0.270323019087
405,0.062011915954
406,0.11954577085
407,0.175857742825
408,0.122801616798
409,0.306031019476
410,0.0898524122948
411,0.252722509524
412,0.183881007146
413,0.206136174498
414,0.305749132277
415,0.460189284104
416,0.395947738524
417,0.374312937266
418,0.160818781479
419,0.034581481231
420,0.130002885017
421,0.600425624896
422,0.629869766128
423,0.681664987751
424,0.0
425,0.0871123528658
426,0.13488441052
427,0.160859196116
428,0.0863435934262
429,0.0
430,0.16784934447
431,0.136304621736
432,0.146040666145
433,0.0415177475285
434,0.139518857548
435,0.0
436,0.0
437,0.163420387018
438,0.516720655103
439,0.399905612587
440,0.0477291365576
441,0.39343584298
442,0.757275672786
443,0.69050339512
444,0.600552575691
445,0.0849835623675
446,0.256506719467
447,0.0
448,0.0
449,0.0990210257943
450,0.0
451,0.0
452,0.0
453,0.0
454,0.0
455,0.0
456,0.0
457,0.0
458,0.0
459,0.0
460,0.0
461,0.0
462,0.0
463,0.497310820082
464,0.552194630564
465,0.0545766506033
466,0.191492816394
467,0.0
468,0.0
469,0.0
470,0.0
471,0.0
472,0.121639532432
473,0.115524530093
474,0.496697070355
475,0.49810003884
476,0.23330933359
477,0.403073734983
478,0.484712802234
479,0.277814768945
480,0.13626975723
481,0.198914427809
482,0.23972626626
483,0.00589781720014
484,0.0
485,0.321322626432
486,0.275767122495
487,0.464293389568
488,0.0
489,0.110288632077
490,0.71020500165
491,0.0760247077703
492,0.17328679514
493,0.21778376904
494,0.149067559614
495,0.323722079644
496,0.191394450709
497,0.1
498,0.0
499,0.0935688711019
500,0.0770163533955
501,0.189265167145
502,0.614062803134
503,0.255413784872
504,0.0648523145485
505,0.692845944152
506,0.384234185807
507,0.197303574541
508,0.162474801473
509,0.372104720131
510,0.406091213747
511,0.513482593071
512,0.37198133874
513,0.283249994194
514,0.386358042463
515,0.355154007211
516,0.0
517,0.199256609205
518,0.134439118936
519,0.334064815261
520,0.505809339696
521,0.398675668706
522,0.274069583608
523,0.23342843429
524,0.541731119409
525,0.263069793067
526,0.506177583649
527,0.174631918074
528,0.25935788526
529,0.446599819846
530,0.390449888809
531,0.153972687158
532,0.353612864659
533,0.675312753943
534,0.0
535,0.0
536,0.0
537,0.0
538,0.0
539,0.0
540,0.0
541,0.148148148148
542,0.651939010885
543,0.249715854202
544,0.0484681313443
545,0.0460300901911
546,0.507630199981
547,0.41451456676
548,0.589066503322
549,0.254305736871
550,0.52661547871
551,0.579094764743
552,0.287192119835
553,0.0401448441779
554,0.0
555,0.0636347441368
556,0.138275930893
557,0.101265822785
558,0.158433641271
559,0.0776699029126
560,0.567338468112
561,0.746751006971
562,0.499501137045
563,0.589256157633
564,0.592213306188
565,0.44765671935
566,0.168581366114
567,0.245384851733
568,0.0
569,0.122004347134
570,0.0583295221751
571,0.217243605808
572,0.278972539347
573,0.0167788653962
574,0.0408345133796
575,0.0
576,0.132628351667
577,0.0167614814978
578,0.0563309887684
579,0.0907811993079
580,0.249006749992
581,0.130979611303
582,0.0
583,0.298231702835
584,0.0
585,0.0
586,0.0
587,0.0
588,0.0
589,0.0
590,0.0
591,0.0
592,0.0
593,0.0
594,0.0
595,0.0
596,0.0
597,0.0
598,0.0
599,0.0
600,0.0
601,0.0
602,0.0
603,0.0
604,0.0
605,0.0
606,0.0
607,0.0
608,0.0
609,0.0
610,0.0
611,0.0
612,0.0
613,0.0
614,0.0
615,0.0
616,0.221242536788
617,0.0
618,0.0
619,0.0
620,0.0
621,0.0
622,0.0
623,0.0126850762299
624,0.295817456628
625,0.452371660528
626,0.226480232473
627,0.34365815794
628,0.223381133167
629,0.406457023964
630,0.458360657271
631,0.178419117102
632,0.218325375805
633,0.253603952719
634,0.0
635,0.0
636,0.0
637,0.0
638,0.0
639,0.0
640,0.0
641,0.0
642,0.0
643,0.0
644,0.0
645,0.0
646,0.0
647,0.0
648,0.0
649,0.358466925831
650,0.199041256148
651,0.265660422161
652,0.496505190176
653,0.28676864285
654,0.165463342084
655,0.314433437658
656,0.686478859565
657,0.487489721962
658,0.127246456365
659,0.308913649424
660,0.326153188332
661,0.38889444283
662,0.227283554199
663,0.124131297852
664,0.311000299263
665,0.408064923543
666,0.0
667,0.208106476844
668,0.458207345915
669,0.31438629741
670,0.172092274416
671,0.0
672,0.169014084507
673,0.199955395779
674,0.0
675,0.0
676,0.0
677,0.0
678,0.0
679,0.0
680,0.0
681,0.0
682,0.0
683,0.0
684,0.0
685,0.0
686,0.0
687,0.0
688,0.0
689,0.0
690,0.0
691,0.0
692,0.0
693,0.0
694,0.0
695,0.0
696,0.0
697,0.0
698,0.0
699,0.0
700,0.0
701,0.0
702,0.0
703,0.0
704,0.0
705,0.0
706,0.0
707,0.127410540739
708,0.00631632665133
709,0.0988214122281
710,0.474261187933
711,0.364259606094
712,0.10306389584
713,0.172298033922
714,0.0795231290742
715,0.431683862528
716,0.0
717,0.0
718,0.400415746563
719,0.20216682753
720,0.327839049255
721,0.631542419518
722,0.369749869675
723,0.516107064718
724,0.538549964936
725,0.489895715573
726,0.473946282887
727,0.492515078511
728,0.559372224092
729,0.237947929746
730,0.197966813227
731,0.484965387789
732,0.0762464695072
733,0.478726088732
734,0.0
735,0.0
736,0.444638262842
737,0.0
738,0.0
739,0.0
740,0.0
741,0.0
742,0.0
743,0.0
744,0.0
745,0.0
746,0.0
747,0.354041523603
748,0.0969283847661
749,0.254125974875
750,0.2829055468
751,0.11619834281
752,0.00544721197969
753,0.0142966459845
754,0.0
755,0.0
756,0.0
757,0.0
758,0.0
759,0.0
760,0.489557505543
761,0.20240213164
762,0.0938973583782
763,0.487168644224
764,0.133192112996
765,0.208570652632
766,0.618695209359
767,0.437066599878
768,0.463081493904
769,0.161824682353
770,0.125533995252
771,0.708701205195
772,0.66757876682
773,0.775664676823
774,0.0
775,0.0
776,0.0
777,0.0
778,0.0
779,0.0
780,0.0
781,0.0
782,0.0
783,0.0
784,0.0
785,0.0
786,0.0
787,0.249139768673
788,0.496012229307
789,0.0544331990652
790,0.0
791,0.0
792,0.0701921195504
793,0.0
794,0.0
795,0.0
796,0.0
797,0.0
798,0.52071529467
799,0.28812717768
800,0.361080994083
801,0.145770261903
802,0.315152164377
803,0.508071096416
804,0.247297649572
805,0.580056833461
806,0.377490348382
807,0.327847799327
808,0.228190305938
809,0.611539743305
810,0.402827470027
811,0.68441681495
812,0.714950048408
813,0.610131480095
814,0.404646148896
815,0.219936024566
816,0.019384786045
817,0.337000106937
818,0.336389205076
819,0.128376691346
820,0.578620876062
821,0.2347685118
822,0.340766615461
823,0.28368869295
824,0.515797089027
825,0.519614804207
826,0.559783715967
827,0.611836995908
828,0.0
829,0.472714843006
830,0.500252469145
831,0.236379800592
832,0.517046482878
833,0.416980449462
834,0.533134715003
835,0.584042165284
836,0.194616985668
837,0.360889401458
838,0.415169199329
839,0.503483181211
840,0.508498722943
841,0.0305120393818
842,0.543494411053
843,0.561037141112
844,0.639735046321
845,0.709886952329
846,0.148665082128
847,0.447452643636
848,0.0
849,0.0
850,0.717838492234
851,0.724166433616
852,0.65161660354
853,0.561845758043
854,0.0
855,0.785757621868
856,0.471762648868
857,0.622074565493
858,0.583652030932
859,0.759964259593
860,0.166666666667
861,0.0
862,0.332337649494
863,0.773137712418
864,0.56752077025
865,0.203431314286
866,0.29547604733
867,0.531827432098
868,0.279994981074
869,0.0794349508406
870,0.315956876805
871,0.345505766832
872,0.391502769466
873,0.426631810414
874,0.308651919386
875,0.309666255105
876,0.379548994685
877,0.105263157895
878,0.0
879,0.0
880,0.360598638968
881,0.127827994889
882,0.278534133722
883,0.285086941722
884,0.499275945266
885,0.576225373475
886,0.802978400447
887,0.763977954206
888,0.800894437444
889,0.374330473217
890,0.846171048173
891,0.763849437253
892,0.0742082868915
893,0.484332683966
894,0.341215390205
895,0.396784835671
896,0.359019308923
897,0.478941986568
898,0.625888887685
899,0.493185740493
900,0.644467170408
901,0.377971821483
902,0.781417816069
903,0.441318301995
904,0.385657070196
905,0.143986945292
906,0.254949836069
907,0.0995085010834
908,0.131908672581
909,0.215057797988
910,0.622777407199
911,0.448371441264
912,0.635887889133
913,0.614129038323
914,0.123163579929
915,0.272050435231
916,0.228962568581
917,0.797418838255
918,0.466450493613
919,0.784315306181
920,0.670398172672
921,0.425235218221
922,0.556744097071
923,0.674292197181
924,0.495367743193
925,0.720362036347
926,0.612136269763
927,0.0
928,0.0
929,0.0
930,0.0
931,0.0
932,0.759783899119
933,0.556004622683
934,0.717530564562
935,0.52018481403
936,0.313003469752
937,0.466780412759
938,0.140030516546
939,0.0927737185029
940,0.190006713684
941,0.287939626261
942,0.37922446485
943,0.151065774881
944,0.308240732146
945,0.44271594264
946,0.172049819874
947,0.0
948,0.190622569077
949,0.554696261482
950,0.19843598475
951,0.269296716166
952,0.230203025095
953,0.252667219334
954,0.0
955,0.0
956,0.0
957,0.0
958,0.0
959,0.0
960,0.173798921294
961,0.296697726811
962,0.0
963,0.225486929362
964,0.201170534338
965,0.150690651803
966,0.0
967,0.0
968,0.199357085231
969,0.0
970,0.0
971,0.0
972,0.0
973,0.330980393588
974,0.156203308133
975,0.117699510361
976,0.119676616392
977,0.216422749721
978,0.300624559889
979,0.0478032538317
980,0.167092205884
981,0.256492556572
982,0.201511081711
983,0.501037505859
984,0.286863912657
985,0.68643791577
986,0.524013062888
987,0.123188474558
988,0.721832673103
989,0.120060396475
990,0.283370018725
991,0.278658247703
992,0.200577464323
993,0.379681309603
994,0.438589555005
995,0.222026498819
996,0.293190457934
997,0.233436490664
998,0.533055121483
999,0.441057160823
1000,0.39911664147
1001,0.319253465303
1002,0.512300575239
1003,0.411090328202
1004,0.0317287213654
1005,0.407494999657
