site,dnds
1,0.0
2,0.0
3,0.0792667783622
4,0.129115237607
5,0.268322910582
6,0.362966611338
7,0.510059243658
8,0.45295682887
9,0.0733368358474
10,0.625741772562
11,0.4506869169
12,0.40432714229
13,0.297041638056
14,0.584299230532
15,0.43535962542
16,0.0
17,0.429378062414
18,0.0302111638774
19,0.0
20,0.285572724687
21,0.451049356548
22,0.368552383465
23,0.178076818887
24,0.53139226765
25,0.519335387847
26,0.503437936671
27,0.658899732433
28,0.0
29,0.0935894927338
30,0.0928404750987
31,0.440783941357
32,0.283292751131
33,0.0637376717756
34,0.0424072329609
35,0.158433641271
36,0.252453424017
37,0.546535527207
38,0.607330276134
39,0.415754110636
40,0.500014980688
41,0.114017739925
42,0.479695908994
43,0.0529413871119
44,0.0
45,0.0291913991083
46,0.474983678565
47,0.680316632572
48,0.224391238296
49,0.0573409599017
50,0.346524248466
51,0.0951791023174
52,0.0676794983541
53,0.358848116138
54,0.0963891166397
55,0.242246194759
56,0.619932623171
57,0.490180418227
58,0.104295531728
59,0.274327467635
60,0.106125984399
61,0.0609748221189
62,0.376500370366
63,0.260753683266
64,0.242241049711
65,0.157270008792
66,0.41864539135
67,0.322838318911
68,0.0235733380321
69,0.112894542687
70,0.0994734255622
71,0.320675657716
72,0.168219447603
73,0.264619020406
74,0.0
75,0.0
76,0.0
77,0.0
78,0.0
79,0.0953263096125
80,0.0651553753659
81,0.00776268312337
82,0.0629747824101
83,0.0323623624696
84,0.0951267249135
85,0.180347874177
86,0.193292267139
87,0.0137909608862
88,0.0
89,0.0
90,0.0
91,0.0
92,0.0
93,0.224673961853
94,0.355562611747
95,0.106845202924
96,0.559258949276
97,0.307350599631
98,0.253978315234
99,0.351943917112
100,0.171766361407
101,0.0
102,0.551886290741
103,0.631582756408
104,0.207743954782
105,0.222541228354
106,0.257892322555
107,0.254009526153
108,0.0950730599519
109,0.0485181918605
110,0.00543223414354
111,0.349498081384
112,0.0
113,0.100806563779
114,0.0
115,0.0
116,0.0
117,0.0
118,0.0162446880562
119,0.578704723722
120,0.367715958949
121,0.0162731675577
122,0.410534970586
123,0.0410607005302
124,0.0371029801416
125,0.349009319941
126,0.450797233378
127,0.27068586898
128,0.0137753545486
129,0.00266317913697
130,0.221167414303
131,0.157481175664
132,0.494219422598
133,0.339249671176
134,0.00236447357457
135,0.335825821306
136,0.0486140067457
137,0.323258171842
138,0.0
139,0.0
140,0.0
141,0.445282228087
142,0.0
143,0.0526521844376
144,0.0
145,0.108708394594
146,0.133448132375
147,0.324901528629
148,0.529217590354
149,0.0734920424718
150,0.00168976160595
151,0.00841027838724
152,0.0172826658901
153,0.0
154,0.180539410505
155,0.469367851186
156,0.359597194737
157,0.104124576034
158,0.0
159,0.356670562748
160,0.0
161,0.292822059836
162,0.232720881473
163,0.467929539962
164,0.0
165,0.133636472202
166,0.569381646304
167,0.59176812499
168,0.477428449624
169,0.123068395264
170,0.276270246183
171,0.0886109476021
172,0.398330620735
173,0.0685045554727
174,0.00951035923593
175,0.405455017077
176,0.330562394613
177,0.0579706447383
178,0.0951370396624
179,0.0
180,0.338268588021
181,0.179871304052
182,0.329501138721
183,0.0680897469528
184,0.369510286697
185,0.586297829618
186,0.345333092221
187,0.105263157895
188,0.0
189,0.0
190,0.0
191,0.272727272727
192,0.0
193,0.495579366389
194,0.68038850077
195,0.1875
196,0.0
197,0.0
198,0.0
199,0.0
200,0.0
201,0.0
202,0.0985907167482
203,0.383408469745
204,0.0714285714286
205,0.117982498819
206,0.218470603943
207,0.0
208,0.0
209,0.0
210,0.0
211,0.0
212,0.101265822785
213,0.170212765957
214,0.0
215,0.0
216,0.0
217,0.0
218,0.0
219,0.0
220,0.158433641271
221,0.0
222,0.0646650034007
223,0.169314718056
224,0.333283545748
225,0.0
226,0.188300992878
227,0.154032706791
228,0.0
229,0.0
230,0.0
231,0.125533995252
232,0.0
233,0.154032706791
234,0.490438380193
235,0.145151647464
236,0.0446187773724
237,0.376946469062
238,0.576472720913
239,0.13577374307
240,0.191715510163
241,0.0182006411391
242,0.416481035179
243,0.42071074705
244,0.210741980738
245,0.267662266753
246,0.147828522775
247,0.223043959016
248,0.0
249,0.153229634412
250,0.126010007519
251,0.162114453195
252,0.264708783697
253,0.0
254,0.0
255,0.00681791895374
256,0.169307955183
257,0.0248004883584
258,0.00666721251099
259,0.265730300262
260,0.260028168285
261,0.0394554343493
262,0.220319971199
263,0.106102596779
264,0.0133565400527
265,0.404348414277
266,0.471769184661
267,0.0929501136825
268,0.0
269,0.035584999463
270,0.398360631664
271,0.138215244021
272,0.383087742932
273,0.127288566237
274,0.31944949015
275,0.327656121038
276,0.1792179405
277,0.607900122733
278,0.27460625038
279,0.448929799132
280,0.438039088545
281,0.33098216397
282,0.0237628429703
283,0.670108269526
284,0.476464493326
285,0.0
286,0.0
287,0.0
288,0.0
289,0.170212765957
290,0.0
291,0.166666666667
292,0.0
293,0.166666666667
294,0.537436307075
295,0.599094555325
296,0.550852339984
297,0.723900136145
298,0.682801304281
299,0.683733622919
300,0.645461620084
301,0.551744142682
302,0.566827171016
303,0.538855084386
304,0.4403997628
305,0.486901286698
306,0.3190820805
307,0.586647210607
308,0.236910640689
309,0.49562580522
310,0.356574949554
311,0.311449064733
312,0.473580612332
313,0.21753363334
314,0.083264840023
315,0.347412729545
316,0.0
317,0.080376379989
318,0.111766521697
319,0.0
320,0.0321102629732
321,0.436152009933
322,0.516214905586
323,0.520297797485
324,0.287217896927
325,0.577546647559
326,0.428882588445
327,0.487687666411
328,0.545029995775
329,0.605152569393
330,0.494848703359
331,0.517350917562
332,0.272597635154
333,0.366660541773
334,0.607762407916
335,0.478834641231
336,0.508686224962
337,0.53297698411
338,0.620540485807
339,0.40605622744
340,0.61210584681
341,0.619480609443
342,0.660361240645
343,0.691161877357
344,0.694196326357
345,0.0
346,0.136917961592
347,0.192747055381
348,0.529783970047
349,0.711448315313
350,0.572746573244
351,0.713121692093
352,0.0613809647719
353,0.164475249367
354,0.170521748476
355,0.374953026016
356,0.404321185459
357,0.578984139487
358,0.623602509223
359,0.541160347639
360,0.518906130281
361,0.411036870268
362,0.607313951127
363,0.278009327687
364,0.224206139624
365,0.750659904893
366,0.817683860844
367,0.386078953789
368,0.0
369,0.0
370,0.0
371,0.0
372,0.0
373,0.0
374,0.483033150114
375,0.644746081488
376,0.169314718056
377,0.37110150298
378,0.316401929221
379,0.523799234611
380,0.166911626146
381,0.160431008328
382,0.303451141565
383,0.522227426485
384,0.42472516945
385,0.280067087557
386,0.146309411327
387,0.229928414145
388,0.0
389,0.14303271179
390,0.0
391,0.0
392,0.555122582184
393,0.0
394,0.711368122382
395,0.570002211583
396,0.191990497049
397,0.00937767637339
398,0.192765986037
399,0.195105547506
400,0.264531344431
401,0.467461944886
402,0.0
403,0.317906066134
404,0.475533098747
405,0.59650830221
406,0.138275825631
407,0.547325633009
408,0.0319841044987
409,0.0
410,0.589147326131
411,0.0
412,0.554536311229
413,0.340087606785
414,0.27122585078
415,0.0880621493697
416,0.298052477376
