site,dnds
1,0.183044512123
2,0.308644712387
3,0.273719106861
4,0.419672336977
5,0.601556035448
6,0.376287649559
7,0.540230641775
8,0.0
9,0.0
10,0.0
11,0.0
12,0.504594395824
13,0.0637866190877
14,0.47275936565
15,0.526784237396
16,0.534685526772
17,0.408476256868
18,0.0
19,0.0
20,0.0
21,0.266666666667
22,0.41666447125
23,0.644607396457
24,0.261841528142
25,0.0
26,0.470436136847
27,0.325258988315
28,0.495602480876
29,0.444519939885
30,0.569490008451
31,0.252043282109
32,0.456638547512
33,0.516007751214
34,0.272979352003
35,0.420313270902
36,0.492183439607
37,0.541078693156
38,0.202443806762
39,0.522317356105
40,0.696832865808
41,0.499030443624
42,0.631253010405
43,0.469529352839
44,0.545134874255
45,0.618510303382
46,0.0
47,0.0
48,0.0
49,0.0
50,0.0
51,0.0
52,0.0
53,0.0
54,0.0
55,0.0
56,0.0
57,0.0
58,0.0
59,0.0
60,0.0
61,0.0
62,0.0
63,0.0
64,0.0
65,0.0
66,0.0
67,0.0
68,0.0
69,0.0
70,0.0
71,0.0
72,0.0
73,0.0
74,0.0
75,0.0
76,0.0
77,0.0
78,0.0
79,0.0
80,0.0
81,0.0
82,0.39845084916
83,0.731942262714
84,0.157703659353
85,0.0
86,0.0
87,0.0
88,0.060579245216
89,0.349919523648
90,0.335299445124
91,0.500224403764
92,0.412171795185
93,0.422638862296
94,0.287796496002
95,0.17997912322
96,0.399890319679
97,0.411154458153
98,0.234142188866
99,0.624263322144
100,0.428252572821
101,0.371733118739
102,0.442951921133
103,0.497054795565
104,0.345930030332
105,0.549143833419
106,0.400040930451
107,0.199440351551
108,0.35523148972
109,0.519500421876
110,0.352500015247
111,0.380747447298
112,0.0560083853633
113,0.291003428722
114,0.0
115,0.0961978934575
116,0.172968843979
117,0.277920950591
118,0.0185904473745
119,0.063298624538
120,0.084067229108
121,0.280560200861
122,0.273202396796
123,0.472830569642
124,0.390469389944
125,0.104477943646
126,0.376517119725
127,0.348864031598
128,0.231362677917
129,0.316256795483
130,0.134142978979
131,0.525906548314
132,0.337154035741
133,0.213244038681
134,0.0
135,0.464322441252
136,0.417449343619
137,0.389705895691
138,0.216240809861
139,0.358504010097
140,0.248370630845
141,0.455111239848
142,0.338447436715
143,0.420355881112
144,0.423524337247
145,0.446892002268
146,0.451687249723
147,0.550355251827
148,0.0
149,0.558866257245
150,0.228607167156
151,0.399680944787
152,0.53360140233
153,0.414929248669
154,0.221458913903
155,0.475536845667
156,0.478550341235
157,0.138705046421
158,0.196360345666
159,0.369841566507
160,0.516985840379
161,0.425164037093
162,0.246303374314
163,0.0
164,0.106681667265
165,0.460804985878
166,0.489845992209
167,0.384071394392
168,0.411839158412
169,0.19354298277
170,0.283014277493
171,0.147463953982
172,0.536251650726
173,0.529227552693
174,0.504780162939
175,0.258102176377
176,0.426837582957
177,0.616639340635
178,0.255055961986
179,0.0538366742182
180,0.668553668158
181,0.691029684829
182,0.690368044485
183,0.4493015202
184,0.51374911214
185,0.594929765812
186,0.562051467068
187,0.710091230657
188,0.0
189,0.0
190,0.0
191,0.0
192,0.0
193,0.0
194,0.0
195,0.0
196,0.0
197,0.0
198,0.0
199,0.0
200,0.0
201,0.0
202,0.0
203,0.0
204,0.0
205,0.0803862650245
206,0.331613824841
207,0.496490449393
208,0.17656268925
209,0.212141455337
210,0.0151082845855
211,0.288786108826
212,0.265844034974
213,0.0456970080651
214,0.363499064793
215,0.00266317913697
216,0.0795836442925
217,0.139003145168
218,0.00609043620384
219,0.729412935921
220,0.0
221,0.0
222,0.0
223,0.427504298275
224,0.067230397055
225,0.632866342988
226,0.601073240967
227,0.14921228019
228,0.286580941903
229,0.307958594798
230,0.538733891417
231,0.428472303233
232,0.0345757183627
233,0.23160321231
234,0.416457890617
235,0.631310085388
236,0.267434474405
237,0.40204893093
238,0.330142873589
239,0.424188174311
240,0.0895339312709
241,0.0912360346278
242,0.490748554161
243,0.244927916736
244,0.469748804334
245,0.423410796576
246,0.00951035923593
247,0.0103315159114
248,0.134541624757
249,0.279400894839
250,0.253801608105
251,0.627460157321
252,0.0145072131426
253,0.547469456019
254,0.073890001429
255,0.399959700081
256,0.470680755891
257,0.441322700773
258,0.407714916829
259,0.0
260,0.0
261,0.0
262,0.0
263,0.728275504823
264,0.737778123464
265,0.701881932339
266,0.694580151617
267,0.255066834837
268,0.170212765957
269,0.142857142857
270,0.0
271,0.0
272,0.0701921195504
273,0.0
274,0.0
275,0.125
276,0.248490022969
277,0.659760877233
278,0.448732426011
279,0.114393809564
280,0.238802542594
281,0.353718954946
282,0.223338774838
283,0.391967162483
284,0.515781835139
285,0.0964606128622
286,0.251801973655
287,0.0749450125428
288,0.109371712487
289,0.32765165041
290,0.173895409847
291,0.217287299526
292,0.313780761191
293,0.340837009572
294,0.684202197639
295,0.577759888805
296,0.445496106252
297,0.504821243131
298,0.580204528773
299,0.34536191805
300,0.053658115387
301,0.526173750081
302,0.530966210828
303,0.366595681667
304,0.542285072821
305,0.648386507988
306,0.125588699034
307,0.547534971627
308,0.146812224137
309,0.106638027778
310,0.389217829419
311,0.432847463271
312,0.650650391569
313,0.371153997867
314,0.492159332566
315,0.0
316,0.0
317,0.0
318,0.0
319,0.0
320,0.0
321,0.0
322,0.0
323,0.0
324,0.0
325,0.0
326,0.0
327,0.0
328,0.0
329,0.0
330,0.0
331,0.0
332,0.0
333,0.0
334,0.0
335,0.106638027778
336,0.440261863329
337,0.304720716008
338,0.504821442408
339,0.0
340,0.0
341,0.383077319914
342,0.337370378119
343,0.045645561619
344,0.0805925890114
345,0.247765706226
346,0.112603387267
347,0.350021582761
348,0.508789059499
349,0.456902606061
350,0.00969736325808
351,0.0280394821976
352,0.475623891189
353,0.215927523401
354,0.393062010883
355,0.334623404615
356,0.311078626763
357,0.0992574341121
358,0.203697909029
359,0.271412612398
360,0.0685831769341
361,0.0491454025845
