site,dnds
1,0.0
2,0.0
3,0.0451214354698
4,0.511589774384
5,0.599140658264
6,0.405855290278
7,0.755923352833
8,0.505026792921
9,0.646791040282
10,0.310720969695
11,0.0554241120568
12,0.0536045342369
13,0.612109345903
14,0.77060828666
15,0.518641592339
16,0.66545125527
17,0.732738913639
18,0.723786663969
19,0.386122335879
20,0.560508456802
21,0.528970337787
22,0.47202494651
23,0.15
24,0.516679126257
25,0.565871212958
26,0.125023753754
27,0.448560665237
28,0.454685369922
29,0.424794889004
30,0.137329277734
31,0.0798422397901
32,0.519382123707
33,0.477489423055
34,0.314470425128
35,0.409441694647
36,0.506748290432
37,0.32737001283
38,0.248571705838
39,0.189153334104
40,0.0326282022407
41,0.473715657302
42,0.0501163944496
43,0.0308813435842
44,0.386686745947
45,0.243255534354
46,0.429295668935
47,0.0319694643783
48,0.29741413328
49,0.0269461019638
50,0.0195647810896
51,0.303560673863
52,0.0166456795517
53,0.36904507429
54,0.162253946207
55,0.342359163261
56,0.530497343305
57,0.124603534814
58,0.0938232073808
59,0.48575594293
60,0.526585690594
61,0.425242583868
62,0.331861930425
63,0.244644850581
64,0.0749096888082
65,0.480711392401
66,0.589150940465
67,0.425639960304
68,0.391413874395
69,0.54987052525
70,0.303693446173
71,0.463567058638
72,0.322589573173
73,0.570450393335
74,0.236921104937
75,0.407129517216
76,0.637294991716
77,0.1616176659
78,0.495831203928
79,0.020165644069
80,0.328394790646
81,0.135484348126
82,0.104288626924
83,0.374795409922
84,0.469325359307
85,0.557814839278
86,0.476681839371
87,0.381304415086
88,0.400530129338
89,0.530103910409
90,0.316434222101
91,0.617189092835
92,0.268535113069
93,0.394018502441
94,0.530503151958
95,0.385173596965
96,0.484429463363
97,0.578926069448
98,0.546993961744
99,0.636933309296
100,0.58961739057
101,0.274251237645
102,0.312525437067
103,0.360748535044
104,0.539076228841
105,0.236001532889
106,0.571217950399
107,0.278319425063
108,0.0726347312769
109,0.685828931728
110,0.613141147608
111,0.436863888317
112,0.206884438072
113,0.369393733545
114,0.370169787702
115,0.0427647012378
116,0.0799516251472
117,0.0344840112625
118,0.12821803008
119,0.0511334997304
120,0.298500510498
121,0.134992253007
122,0.0859983234533
123,0.10232310923
124,0.411145654425
125,0.391032553549
126,0.482340217004
127,0.363097222659
128,0.305898852578
129,0.506546959921
130,0.236442046514
131,0.291442148422
132,0.428354853835
133,0.673009904815
134,0.470794430406
135,0.381831895424
136,0.413877341589
137,0.418948467275
138,0.311993623322
139,0.505545706716
140,0.572526984808
141,0.267441130445
142,0.48242126608
143,0.426980585544
144,0.191415604507
145,0.256609028871
146,0.283510214077
147,0.654619050538
148,0.366625696773
149,0.0
150,0.0
151,0.0
152,0.33507558953
153,0.540601472456
154,0.525724686254
155,0.184308234903
156,0.432542838556
157,0.456690152411
158,0.0813602649346
159,0.240139948763
160,0.336178473083
161,0.110898321372
162,0.398629091129
163,0.0507600152479
164,0.00794002090449
165,0.0115665156346
166,0.0562679972583
167,0.0
168,0.0118599768076
169,0.359860150208
170,0.250391796502
171,0.231029222122
172,0.409793756717
173,0.364052678491
174,0.163005907636
175,0.236446940897
176,0.420857063167
177,0.291810553936
178,0.179300680761
179,0.346748335962
180,0.425927087878
181,0.637779138486
182,0.55426097151
183,0.405907952257
184,0.532191555215
185,0.464385226882
186,0.677073406036
187,0.760151314249
188,0.680116743423
189,0.707953187172
190,0.669017587896
191,0.784630071082
192,0.717845742936
193,0.507422746634
194,0.66972300147
195,0.649125820309
196,0.595468375249
197,0.674049838301
198,0.53003171283
199,0.48552569748
200,0.531285730337
201,0.581138724773
202,0.453287060167
203,0.284043020724
204,0.34544508347
205,0.20870293068
206,0.46561241966
207,0.225758719789
208,0.197769722053
209,0.404118471387
210,0.654892707065
211,0.0892230489194
212,0.453475616262
213,0.593443434804
214,0.237551964896
215,0.447889025447
216,0.548315347376
217,0.33491273888
218,0.464943207539
219,0.327377248093
220,0.482281649885
221,0.283576708038
222,0.328605444424
223,0.401621767227
224,0.362999501028
225,0.203188780369
226,0.167438869632
227,0.153086309105
228,0.234965145953
229,0.34568671905
230,0.270884282678
231,0.153988612459
232,0.24271460427
233,0.265087868042
234,0.201390019715
235,0.211966718407
236,0.751164540418
237,0.511150542512
238,0.694762084274
239,0.540267702639
240,0.197381341105
241,0.0643090120196
242,0.21164339757
243,0.0601429751909
244,0.357640043248
245,0.248876965339
246,0.119868826942
247,0.133739887965
248,0.516224921458
249,0.828058058587
250,0.376885550536
251,0.519392208167
252,0.357589696523
253,0.571839591831
254,0.0344017818092
255,0.310374267819
256,0.178178066802
257,0.232287901191
258,0.428722662887
259,0.340020509386
260,0.355592552403
261,0.29202275773
262,0.326583571194
263,0.0831308218177
264,0.6672126951
265,0.575549310833
266,0.299453380954
267,0.639190851325
268,0.589764535626
269,0.195392354099
270,0.499504735944
271,0.317361374155
272,0.399578789186
273,0.734883946834
274,0.610003992525
275,0.0
276,0.0
277,0.0
278,0.0
279,0.0
280,0.0
281,0.0
282,0.0
283,0.0
284,0.0
285,0.342630667495
286,0.303085263628
287,0.363264141729
288,0.0436870868534
289,0.570861886076
290,0.478972404656
291,0.640219397987
292,0.130603299874
293,0.363790019192
294,0.328809551238
295,0.0179232908802
296,0.180769602444
297,0.239892564284
298,0.522100308608
299,0.673197386126
300,0.330501441474
301,0.723516588341
302,0.750072389559
303,0.539353369614
304,0.552401724716
305,0.64148585513
306,0.386184988759
307,0.0751434850863
308,0.540458756714
309,0.13852470777
310,0.327182796167
311,0.271226941286
312,0.480444212958
313,0.581443616484
314,0.266666666667
315,0.0
316,0.0
317,0.0
318,0.0
319,0.0
320,0.0
321,0.179947246278
322,0.265864021727
323,0.0
324,0.0
325,0.269383363962
326,0.0
327,0.166666666667
328,0.241882621321
329,0.368883728793
330,0.457103718294
331,0.369368290422
332,0.575323943382
333,0.361664351538
334,0.409223572765
335,0.253799392593
336,0.369334495349
337,0.302308447564
338,0.318980146263
339,0.105517910697
340,0.0551918311987
341,0.470576015285
342,0.220300687785
343,0.472186923234
344,0.496184817533
345,0.185769495775
346,0.12624807051
347,0.491768515415
348,0.401110024069
349,0.402871243533
350,0.147805839812
351,0.0560555486571
352,0.363993294624
353,0.318135297628
354,0.452515155479
355,0.161331699899
356,0.0680523819234
357,0.150521438461
358,0.430894928196
359,0.495876650529
360,0.200474514236
361,0.526496015559
362,0.176718056363
363,0.275239572479
364,0.0
365,0.0
366,0.0
367,0.0
368,0.0
369,0.0
370,0.0
371,0.0
372,0.0
373,0.0
374,0.0
375,0.0
376,0.0
377,0.0
378,0.449788003459
379,0.130825077767
380,0.148148148148
381,0.196691073464
382,0.1
383,0.25330232278
384,0.441961921906
385,0.203858080986
386,0.0
387,0.0
388,0.0
389,0.534087838866
390,0.551460647625
391,0.412777090837
392,0.152020579365
393,0.453096755216
394,0.449158152356
395,0.314504906876
396,0.425892419648
397,0.655148437588
398,0.575615537547
399,0.765821741843
400,0.666126978829
401,0.434622388427
402,0.549533289398
403,0.456115350782
404,0.435115973582
405,0.449993560286
406,0.393357630435
407,0.526899321913
408,0.574901236431
409,0.665035247838
410,0.133927139799
411,0.378780703721
412,0.619033847085
413,0.535913157881
414,0.335018682487
415,0.451158920616
416,0.354031727403
417,0.347599197086
418,0.411080135121
419,0.115558239132
420,0.0819106669656
421,0.109622927704
422,0.0526315789474
423,0.133677542434
424,0.547766201785
425,0.381195367025
426,0.619969792865
427,0.31795816844
428,0.343089904875
429,0.271033862374
430,0.377030556459
431,0.449733966773
432,0.639013127969
433,0.525192467375
434,0.419371404464
435,0.304466565168
436,0.178892242428
437,0.376042850555
438,0.485634358306
439,0.0324181903998
440,0.28074882173
441,0.521503261321
442,0.286197269785
443,0.178908417107
444,0.340844694026
445,0.113585267904
446,0.261906690268
447,0.162647811349
448,0.450810451347
449,0.0
450,0.417837268358
451,0.50800448934
452,0.55111927743
453,0.591490534559
454,0.161807157101
455,0.58348048481
456,0.414452903705
457,0.0
458,0.0
459,0.0
460,0.233045415247
461,0.449455682895
462,0.544661263176
463,0.357003590826
464,0.307597260193
465,0.452269268184
466,0.172339785475
467,0.405827752672
468,0.0878625854748
469,0.185176620256
470,0.398847492227
471,0.164935141346
472,0.461081983385
473,0.0
474,0.249811772229
475,0.425707635783
476,0.292910613985
477,0.672669835724
478,0.31783095789
479,0.467516972315
480,0.632345886016
481,0.550176765155
482,0.0782161144721
483,0.513490821562
484,0.263004394449
485,0.0632460745474
486,0.0
487,0.0894383458787
488,0.168142157659
489,0.17947626498
490,0.497835972322
491,0.483552817153
492,0.361643176536
493,0.210016225724
494,0.288928308571
495,0.630360780059
496,0.412699488542
497,0.155056851697
498,0.212634636516
499,0.129032258065
500,0.188961314348
501,0.0856061523637
502,0.0
503,0.0999131071077
504,0.39236278012
505,0.481223921446
506,0.595922349814
507,0.287909155262
508,0.609719521961
509,0.436027909534
510,0.197740430949
511,0.392208681693
512,0.3652010113
513,0.287522504031
514,0.417511250585
515,0.615171697351
516,0.455525883673
517,0.52253575376
518,0.410368485016
519,0.315953710589
520,0.541492058175
521,0.469146747722
522,0.375495077864
523,0.642175373631
524,0.421441809807
525,0.381510277095
526,0.59150677836
527,0.282550836706
528,0.0
529,0.303514721735
530,0.178839888052
531,0.318943656697
532,0.45577187073
533,0.40385767944
534,0.268092201149
535,0.552769267915
536,0.237345875173
537,0.200020844267
538,0.247979818856
539,0.272757216851
540,0.0392320447623
541,0.421597811777
542,0.348684703193
543,0.4787961495
544,0.497007809031
545,0.443859706028
546,0.0750641018622
547,0.500253713753
548,0.576058499527
549,0.68629449226
550,0.0
551,0.594512352451
552,0.764897432724
553,0.566126449774
554,0.0
555,0.0
556,0.0
557,0.666783104299
558,0.696749592023
559,0.589542310762
560,0.0
561,0.085785495908
562,0.375533572795
563,0.0
564,0.0
565,0.0
566,0.0
567,0.250812621579
568,0.238798858987
569,0.500595850503
570,0.495913479157
571,0.503212458181
572,0.423781836861
573,0.365678613466
574,0.170212765957
575,0.266666666667
576,0.458115911499
577,0.0
578,0.0
579,0.0
580,0.0
581,0.566294500182
582,0.185680950197
583,0.230528784574
584,0.0
585,0.0
586,0.0
587,0.0
588,0.0
589,0.0
590,0.386942016091
591,0.445183474964
592,0.260603453424
593,0.0
594,0.402730424921
595,0.331645019982
596,0.138618539294
597,0.575504563205
598,0.484078966842
599,0.368208942881
600,0.542754205984
601,0.438885803494
602,0.410669366517
603,0.421460710095
604,0.30638219728
605,0.426726916798
606,0.216110378768
607,0.415575957094
608,0.311875322542
609,0.33779655428
610,0.00543223414354
611,0.212032069823
612,0.368879821782
613,0.499232294625
614,0.423913600677
615,0.550898964896
616,0.300634178702
617,0.561105089983
618,0.548037679342
619,0.398370357751
620,0.663311842435
621,0.617330140283
622,0.596315662004
623,0.408127592258
624,0.44761905235
625,0.0797636278246
626,0.0
627,0.0
628,0.0
629,0.0
630,0.0
631,0.0
632,0.277158363373
633,0.384756838491
634,0.47596083121
635,0.487615906946
636,0.410841826562
637,0.358492333531
638,0.46553373473
639,0.371978003492
640,0.265069194009
641,0.00971049278231
642,0.550187809637
643,0.313327628295
644,0.269479869977
645,0.620332417426
646,0.471427345224
647,0.0
648,0.358198223871
649,0.711618477687
650,0.590589096484
651,0.44740918106
652,0.287678665569
653,0.789723289654
654,0.0
655,0.574473419488
656,0.459308529256
657,0.359997039521
658,0.483235730551
659,0.327411645055
660,0.167012813597
661,0.071092018519
662,0.685242625655
663,0.48957468252
664,0.0
665,0.0
666,0.371888066372
667,0.345118641794
668,0.255742243248
669,0.308918893153
670,0.406152794703
671,0.553487074563
672,0.543385714635
673,0.530623568105
674,0.395720546177
675,0.0
676,0.0
677,0.0309400589244
678,0.113334348707
679,0.0173104273091
680,0.0
681,0.264175558276
682,0.0085763441045
683,0.374213583364
684,0.436501001457
685,0.514101069679
686,0.0
687,0.607276821336
688,0.502710419621
689,0.59557246709
690,0.610875422319
691,0.280024822367
692,0.253591843576
693,0.580701523748
694,0.547560261329
695,0.437087935939
696,0.319583004593
697,0.473339455651
698,0.260651478947
699,0.307739753545
700,0.401386007658
701,0.493535248255
702,0.248218198149
703,0.33147894018
704,0.274795530469
705,0.0
706,0.0
707,0.0
708,0.0
709,0.1967281856
710,0.103212061305
711,0.120894942377
712,0.338081002065
713,0.5217757683
714,0.649736040876
715,0.379431100824
716,0.276160878715
717,0.080186443289
718,0.653835196695
719,0.174917617998
720,0.418813800243
721,0.353837721967
722,0.680634009666
723,0.66593107219
724,0.366741912216
725,0.62441798275
726,0.345218757671
727,0.147314401305
728,0.126123106402
729,0.361969916127
730,0.21018150725
731,0.617418984596
732,0.579251257545
733,0.563012767664
734,0.546872944654
735,0.289041974109
736,0.582705031597
737,0.193464729416
738,0.264427918627
739,0.250106208962
740,0.463578025292
741,0.395994517225
742,0.0
743,0.0263461116947
744,0.519249269027
745,0.41454038202
746,0.371369013256
747,0.17557105091
748,0.596522067725
749,0.524742332975
750,0.642002947122
751,0.575467682945
752,0.613113972329
753,0.601292196948
754,0.54829971122
755,0.153965634301
756,0.348988763409
757,0.0
758,0.155963923434
759,0.114988362167
760,0.312226948381
761,0.270207225959
762,0.434709419712
763,0.447624564585
764,0.415118631346
765,0.418351418357
766,0.380243121167
767,0.602514600117
768,0.690433669185
769,0.32516607224
770,0.490760870093
771,0.666693357525
772,0.411592748688
773,0.438126727891
774,0.460437836133
775,0.0
776,0.0
777,0.0
778,0.0
779,0.0
780,0.0
781,0.0
782,0.0
783,0.0
784,0.0
785,0.0
786,0.0
787,0.646963385035
788,0.388483074893
789,0.594316665826
790,0.818186530155
791,0.34107766277
792,0.481421715852
793,0.0102613959141
794,0.0
795,0.0
796,0.0
797,0.0
798,0.0
799,0.0
800,0.0759659120741
801,0.651034882702
802,0.418414987378
803,0.422961249608
804,0.218958462754
805,0.454745470581
806,0.470737281777
807,0.486778961562
808,0.672331955509
809,0.459722526119
810,0.616068766418
811,0.567774970081
812,0.219907035399
813,0.24651076095
814,0.0489704299115
815,0.0715731646367
816,0.504291229845
817,0.462581647199
818,0.332296981769
819,0.46796695869
820,0.220752051446
821,0.106317318258
822,0.0676029327034
823,0.173409582155
824,0.0330312394642
825,0.0938754705018
826,0.191928735181
827,0.00407041819072
828,0.556430513527
829,0.126026760102
830,0.327672454397
831,0.172365267899
832,0.571793371506
833,0.61854415885
834,0.23359320761
835,0.320115015701
836,0.675033957902
837,0.0556098789714
838,0.558486341001
839,0.397411765402
840,0.453196954818
841,0.269865850687
842,0.483850004518
843,0.375325111742
844,0.0370063474464
845,0.582709488902
846,0.55774625214
847,0.39947867286
848,0.151496648108
849,0.413185755582
850,0.0826328246211
851,0.220142755299
852,0.480589416618
853,0.262777221583
854,0.527585899902
855,0.0921722279649
856,0.352025876076
857,0.370768941983
858,0.00369482129668
859,0.49736966956
860,0.0
861,0.0
862,0.0
863,0.357087060292
864,0.503044397743
865,0.0
866,0.125533995252
867,0.412701070419
868,0.132914665101
869,0.474817404794
870,0.0
871,0.0
872,0.464965213518
873,0.286850299424
874,0.308426425834
875,0.380844565621
876,0.534030902516
877,0.368819995797
878,0.0
879,0.0
880,0.169314718056
881,0.195850513321
882,0.400900225063
883,0.563640863529
884,0.304882027125
885,0.173485328789
886,0.444468668204
887,0.34738256989
888,0.710742397708
889,0.55201467197
890,0.410869166315
891,0.474004587098
892,0.278059065964
893,0.288814882917
894,0.466029841383
895,0.377117585978
896,0.298326103784
897,0.179989050623
898,0.51508772475
899,0.635919109801
900,0.558304249903
901,0.404491605721
902,0.396964086094
903,0.610566614922
904,0.547329296008
905,0.683163339722
906,0.592395412684
907,0.720924460694
908,0.397855557366
909,0.475603957185
910,0.61584752597
911,0.426653084414
912,0.652006460728
913,0.459155358875
914,0.249140992686
915,0.444153887222
916,0.492326201819
917,0.455231789823
918,0.461424258172
919,0.439586210749
920,0.125418309671
921,0.298080893721
922,0.153846153846
923,0.116197960825
924,0.517481292976
925,0.589153049044
926,0.480194861894
927,0.0
928,0.0
929,0.0
930,0.29452200477
931,0.331978025138
932,0.138113907942
933,0.133303597186
934,0.166666666667
935,0.266666666667
936,0.139016608494
937,0.0
938,0.169014084507
939,0.484087897911
940,0.44884892568
941,0.640370738691
942,0.47067592344
943,0.641100289184
944,0.174533096407
945,0.576449315976
946,0.0601509764421
947,0.418215390867
948,0.0
949,0.226772002117
950,0.0890791557346
951,0.150007769517
952,0.0724280380833
953,0.283489176901
954,0.167459253412
955,0.0670327159111
956,0.326442082492
957,0.605404063877
958,0.18199241424
959,0.619649571196
960,0.617681870276
961,0.417372177485
962,0.549602935978
963,0.565579897857
964,0.590485781359
965,0.621115529955
966,0.637553059137
967,0.652932311886
968,0.644574757465
969,0.584142171477
970,0.0
971,0.205010967874
972,0.102564102564
973,0.0558616417967
974,0.0
975,0.647891765821
976,0.695485156461
977,0.323964989315
978,0.376852939509
979,0.520230877585
980,0.546459655584
981,0.0
982,0.177648944691
983,0.394392876589
984,0.17328679514
985,0.213560180626
986,0.108947256105
987,0.0827010985376
988,0.15285551104
989,0.13852470777
990,0.210999654244
991,0.137280529137
992,0.0609137055838
993,0.0888888888889
994,0.242494736003
995,0.279660022542
996,0.11992281742
997,0.164025596619
998,0.577644575253
999,0.316489181072
1000,0.275113041349
1001,0.0821195155662
1002,0.494525471287
1003,0.553598636099
1004,0.604981888604
1005,0.174274934816
1006,0.275517354838
1007,0.522571762659
1008,0.568347011631
1009,0.142265372012
1010,0.0350406157629
1011,0.125594440059
1012,0.319276948511
1013,0.0749348303308
1014,0.164397573971
1015,0.408715914239
1016,0.197226019061
1017,0.551215458109
1018,0.104516767261
1019,0.503290450568
1020,0.289495057048
1021,0.597193135093
1022,0.509390880236
1023,0.424418457539
1024,0.351370449516
1025,0.422270041764
1026,0.463335707549
1027,0.271479071227
1028,0.62912463326
1029,0.454689180157
1030,0.685597818801
1031,0.470194880138
1032,0.545126879731
1033,0.394821489629
1034,0.265940512943
1035,0.262178001705
1036,0.212823676326
1037,0.377934422313
1038,0.0154097178817
1039,0.399561995575
1040,0.0
1041,0.0
1042,0.0
1043,0.0
1044,0.0
1045,0.0
1046,0.0
1047,0.0
1048,0.0
1049,0.0
1050,0.0
1051,0.0
1052,0.219413829157
1053,0.465024789779
1054,0.47759369881
1055,0.214369073451
1056,0.601446573714
1057,0.377979145672
1058,0.633312594005
1059,0.28995513175
1060,0.741320274298
1061,0.441539913851
1062,0.615589498944
1063,0.481392990385
1064,0.0
1065,0.0
1066,0.690124143856
1067,0.622037034329
1068,0.262057955886
1069,0.0955832747227
1070,0.584326569175
1071,0.0
1072,0.352205552916
1073,0.658344126303
1074,0.450545883575
1075,0.665151651368
1076,0.478775469929
1077,0.0
1078,0.25471010406
1079,0.42799293358
1080,0.504198622321
1081,0.315201102187
1082,0.328634916425
1083,0.0058719781066
1084,0.071275533955
1085,0.0105928684832
1086,0.517220343038
1087,0.0
1088,0.61261690563
1089,0.193702316932
1090,0.433846099492
1091,0.523944756917
1092,0.647413712485
1093,0.165671023971
1094,0.480011613725
1095,0.359644959065
1096,0.166980948084
1097,0.412468876402
1098,0.45461093882
1099,0.207983659148
1100,0.106823717912
1101,0.071520728817
1102,0.200530741409
1103,0.353379351016
1104,0.442820493641
1105,0.613665379372
1106,0.68082316919
1107,0.445951310636
1108,0.565784747989
1109,0.294580900054
1110,0.571688523541
1111,0.503137844828
1112,0.697491800089
1113,0.699420973158
1114,0.531870257705
1115,0.0531278130476
1116,0.115093281412
1117,0.0583416761649
1118,0.48072241777
1119,0.778787563373
1120,0.458020172878
1121,0.250128826132
1122,0.432292683721
1123,0.0
1124,0.355467145568
1125,0.451540301068
1126,0.378823884928
1127,0.311254982562
1128,0.393952206951
1129,0.207811744573
1130,0.0229211536436
1131,0.287333114634
1132,0.190531210345
1133,0.279624734079
1134,0.550790806738
1135,0.483917100039
1136,0.520075796816
1137,0.0250628958289
1138,0.45081687868
1139,0.0422911258485
1140,0.381140380059
1141,0.574142355078
1142,0.656820552042
1143,0.219416272901
1144,0.253568226734
1145,0.546487066391
1146,0.591865546471
1147,0.392049327442
1148,0.44379898832
1149,0.599673545106
1150,0.466173109062
1151,0.455836302984
1152,0.319095064967
1153,0.453757155115
1154,0.362421437579
1155,0.270745046884
1156,0.328079633319
1157,0.103996734005
1158,0.0617969412376
1159,0.0
1160,0.115524530093
1161,0.0908469702479
1162,0.140579816311
1163,0.0720152914867
1164,0.137326536084
1165,0.0935688711019
1166,0.196870205129
1167,0.0
1168,0.1417751561
1169,0.0
1170,0.0
1171,0.100321263862
1172,0.198042051589
1173,0.08
1174,0.102688471194
1175,0.097311625946
1176,0.0
1177,0.146341463415
1178,0.212634636516
1179,0.055055197035
1180,0.12054733575
1181,0.166355323334
1182,0.0
1183,0.17114745199
1184,0.1087289695
1185,0.134523953714
1186,0.0
1187,0.343689560627
1188,0.380608556436
1189,0.179772919964
1190,0.0804228313603
1191,0.19396897414
1192,0.254965096355
1193,0.127404529558
1194,0.242786873249
1195,0.352384912469
1196,0.394494880689
1197,0.460848876555
1198,0.0491454025845
1199,0.160706095715
1200,0.073669096985
1201,0.248490022969
1202,0.272719355557
1203,0.121639532432
1204,0.0491472858313
1205,0.217457938999
1206,0.280755541952
1207,0.215663263444
1208,0.12867155349
1209,0.113391389981
1210,0.0300989668128
1211,0.502980325272
1212,0.601349712505
1213,0.746164256724
1214,0.271957626895
1215,0.282402749338
1216,0.124424305538
1217,0.372140778397
1218,0.381523525155
1219,0.252918083165
1220,0.343912801368
1221,0.488194073355
1222,0.549864502042
1223,0.388343951346
1224,0.66178326814
1225,0.0
1226,0.0
1227,0.0
1228,0.0
1229,0.590948196152
1230,0.474563027366
1231,0.510297512684
1232,0.527540133773
1233,0.525104106013
1234,0.694466411402
1235,0.693348578505
1236,0.686378528358
1237,0.708498256477
1238,0.609685636395
1239,0.672087031234
1240,0.521132708643
1241,0.805676871213
1242,0.504849353645
1243,0.662702297923
1244,0.662630897836
1245,0.646385056563
1246,0.54355519826
1247,0.577983195121
1248,0.753964946718
1249,0.554062896698
1250,0.55793909511
1251,0.671905399256
1252,0.56436355616
1253,0.684060192733
1254,0.726520147255
1255,0.558575023892
1256,0.559339289803
1257,0.522691193586
1258,0.785086857429
1259,0.563924275577
1260,0.530372962397
1261,0.713851443431
1262,0.644127922207
1263,0.560101376318
1264,0.462458100704
1265,0.562519305582
1266,0.741635453129
1267,0.647594398165
1268,0.547272155474
1269,0.617363488202
1270,0.681462335461
1271,0.728238605438
1272,0.726057158031
1273,0.77008516108
1274,0.658781520797
1275,0.800754189659
1276,0.770831859096
1277,0.65646289059
1278,0.80911558141
1279,0.0
1280,0.732227891313
1281,0.653036496742
1282,0.626247828867
1283,0.706680059415
1284,0.725340416172
1285,0.606999731578
1286,0.602844132086
1287,0.754186954853
1288,0.644964056847
1289,0.377347051677
1290,0.693691924828
1291,0.713058602017
1292,0.676025843539
1293,0.571555198018
1294,0.481900843398
1295,0.363790254972
1296,0.506272695982
1297,0.72539206654
1298,0.433400025414
1299,0.508776579514
1300,0.462896162148
1301,0.245648394307
1302,0.479060128489
1303,0.0819456899931
1304,0.246949243572
1305,0.128209553229
1306,0.412204292913
1307,0.0
1308,0.219590070861
1309,0.197571081927
1310,0.414633965671
1311,0.303925855852
1312,0.446614601731
1313,0.325492205969
1314,0.355687559647
1315,0.274752314003
1316,0.255183653033
1317,0.0509620480017
1318,0.51752096577
1319,0.338712585787
1320,0.152394908949
1321,0.259164229425
1322,0.494624059667
1323,0.355708281366
1324,0.343797187229
1325,0.285433675333
1326,0.225440344203
1327,0.0
1328,0.116152841093
1329,0.0
1330,0.16481726295
1331,0.426132035326
1332,0.270778653144
1333,0.432996233593
1334,0.468483259834
1335,0.406243960718
1336,0.376287281162
1337,0.616942546467
1338,0.567555174198
1339,0.212154056719
1340,0.496363631299
1341,0.488144246508
1342,0.506588750001
1343,0.518540113527
1344,0.573604851644
1345,0.554270462414
1346,0.274167513971
1347,0.250185231813
1348,0.243848428168
1349,0.400548023207
1350,0.566868875011
1351,0.590756367327
1352,0.686419006825
1353,0.404251232905
1354,0.585996897344
1355,0.690802142536
1356,0.618867788704
1357,0.337627368804
1358,0.459686438172
1359,0.229997502368
1360,0.242549125312
1361,0.436745304319
1362,0.417676372723
1363,0.549936253096
1364,0.382343267672
1365,0.341722337171
1366,0.16213961945
1367,0.367134316584
1368,0.286229770351
1369,0.236714039533
1370,0.5245712264
1371,0.654344744552
1372,0.0895713856013
1373,0.0435047313661
1374,0.52322925645
1375,0.346623533773
1376,0.494192738221
1377,0.409639154059
1378,0.466307506671
1379,0.505968181538
1380,0.519834045635
1381,0.416695086971
1382,0.467555447253
1383,0.333764418916
1384,0.434871410225
1385,0.0196757501558
1386,0.353019722803
1387,0.0117414397085
1388,0.502716281131
1389,0.442343735082
1390,0.379565711829
1391,0.024358121038
1392,0.157964881492
1393,0.632294447665
1394,0.445770221491
1395,0.357105752873
1396,0.403953714182
1397,0.109538268615
1398,0.0393658799619
1399,0.39404549637
1400,0.200057148766
1401,0.0
1402,0.158041478011
1403,0.57227662545
1404,0.451624096686
1405,0.0932430438213
1406,0.179939136392
1407,0.441247529602
1408,0.0476423394505
1409,0.422201507587
1410,0.200686956665
1411,0.276039442851
1412,0.361273185197
1413,0.00547743789104
1414,0.508547206107
1415,0.551046644558
1416,0.64085388279
1417,0.537922002972
1418,0.509044687706
1419,0.568624622111
1420,0.598953036271
1421,0.530294000118
1422,0.135217343665
1423,0.0
1424,0.605525324562
1425,0.502850628967
1426,0.646388548888
1427,0.432683281529
1428,0.738764686486
1429,0.508331009856
1430,0.351676013219
1431,0.60144985133
1432,0.477168988699
1433,0.12681838179
1434,0.295926769005
1435,0.484623709194
1436,0.132653033735
1437,0.54022840742
1438,0.457968834987
1439,0.63103168641
1440,0.245125069588
1441,0.459443028914
1442,0.0116607854072
1443,0.444974700926
1444,0.640610954564
1445,0.488331064897
1446,0.527602928728
1447,0.508996172723
1448,0.657917121243
1449,0.506871082735
1450,0.530828005932
1451,0.44281947365
1452,0.262614488378
1453,0.566509345931
1454,0.212133958107
1455,0.348687776692
1456,0.393457038088
1457,0.592850684174
1458,0.56073134594
1459,0.510052705063
1460,0.757538997838
1461,0.155314817796
1462,0.381853934649
1463,0.244909015097
1464,0.401087244164
1465,0.125660632632
1466,0.245424436326
1467,0.111285012557
1468,0.211954689407
1469,0.398835354772
1470,0.109371084706
1471,0.00547743789104
1472,0.596003246562
1473,0.483412567777
1474,0.600520924256
1475,0.424494441309
1476,0.473663431373
1477,0.524901851591
1478,0.396861246355
1479,0.279345425628
1480,0.260146321904
1481,0.0316674803696
1482,0.0517991928693
1483,0.0647903336124
1484,0.363166825476
1485,0.452833868015
1486,0.23816699022
1487,0.0354211216571
1488,0.20859863698
1489,0.576982248549
1490,0.362684739378
1491,0.109179342212
1492,0.354365539629
1493,0.272776739435
1494,0.229292249957
1495,0.22625406483
1496,0.573032804568
1497,0.401980127034
1498,0.59824914948
1499,0.0687910500682
1500,0.464475735979
1501,0.495239025959
1502,0.67047571305
1503,0.668623827857
1504,0.0
1505,0.0
1506,0.0
1507,0.126993382287
1508,0.332676342975
1509,0.119774188701
1510,0.557500517927
1511,0.467609747553
1512,0.0271971365567
1513,0.414567265221
1514,0.417986585968
1515,0.309517846041
1516,0.383839717019
1517,0.295861132472
1518,0.234011110565
1519,0.342534129068
1520,0.557835035013
1521,0.341006999788
1522,0.377280367744
1523,0.0
1524,0.443997191006
1525,0.0891963641479
