site,dnds
1,0.0
2,0.0
3,0.166512476519
4,0.518322435926
5,0.425211033574
6,0.389619069479
7,0.568987229209
8,0.380960678739
9,0.600127509169
10,0.533030572295
11,0.580093327813
12,0.68303819639
13,0.634351626643
14,0.0
15,0.0
16,0.0
17,0.0
18,0.628903182088
19,0.612826015662
20,0.686005099058
21,0.629830319143
22,0.677535673622
23,0.669225782517
24,0.698638114612
25,0.461349158734
26,0.553519508812
27,0.392480023564
28,0.725302527803
29,0.70989816444
30,0.0786724418075
31,0.401931309078
32,0.677325225332
33,0.671456280615
34,0.563068813021
35,0.117982498819
36,0.237399532568
37,0.504823610891
38,0.653204413857
39,0.624808642839
40,0.396927336451
41,0.522642201774
42,0.688802576943
43,0.165861023944
44,0.0322996688761
45,0.347335615697
46,0.235484121114
47,0.197553078014
48,0.132077943333
49,0.306070338594
50,0.262202342955
51,0.38635921454
52,0.212594662408
53,0.175854516023
54,0.169123351765
55,0.667603353047
56,0.589480383031
57,0.550350504203
58,0.544377489781
59,0.414556960424
60,0.516581501037
61,0.633378432644
62,0.518056110836
63,0.390553010829
64,0.442204362778
65,0.383587604803
66,0.437061605
67,0.600554593074
68,0.434809017341
69,0.411736605007
70,0.55760649927
71,0.34234705462
72,0.492261895365
73,0.606373303639
74,0.19655485774
75,0.350451055638
76,0.569143627202
77,0.443104116946
78,0.39946720708
79,0.111959749824
80,0.577602065109
81,0.365683371507
82,0.0
83,0.0640208065434
84,0.137326536084
85,0.333283545748
86,0.0
87,0.239179925567
88,0.115446650591
89,0.136088349566
90,0.301886792453
91,0.483165993663
92,0.138716862134
93,0.302753940934
94,0.211547012926
95,0.0
96,0.163561153402
97,0.389672346485
98,0.0813786880495
99,0.226888326555
100,0.191063006725
101,0.0
102,0.404646335918
103,0.422276573347
104,0.558998035661
105,0.401915826475
106,0.509969054641
107,0.144763755702
108,0.392005373857
109,0.233445451188
110,0.389233755048
111,0.286679790094
112,0.44281446592
113,0.455439272869
114,0.665130879572
115,0.718269705926
116,0.300851102929
117,0.242432124931
118,0.417466782049
119,0.194567629631
120,0.221893530671
121,0.0467075084292
122,0.460324218402
123,0.285037298774
124,0.279301720648
125,0.158962387844
126,0.646308888765
127,0.0
128,0.0
129,0.0
130,0.0
131,0.0
132,0.0
133,0.0
134,0.602410109836
135,0.67676865542
136,0.651601050832
137,0.338919848476
138,0.713847868173
139,0.293052597617
140,0.45900187988
141,0.760762196094
142,0.673121928781
143,0.204234727444
144,0.708214740605
145,0.663800720473
146,0.764756130968
147,0.595139144503
148,0.624650978517
149,0.663505977422
150,0.610946910034
151,0.637962670329
152,0.590654562324
153,0.686733457292
154,0.527023496492
155,0.630219234728
156,0.708481588247
157,0.718086486349
158,0.500278558911
159,0.665741892392
160,0.73891437883
161,0.738383020109
162,0.702068765544
163,0.565698564131
164,0.487004017101
165,0.777253687343
166,0.651264393824
167,0.691217709368
168,0.706432428224
169,0.717789352369
170,0.804541452838
171,0.814972580453
172,0.618833346142
173,0.542971387114
174,0.593844704613
175,0.649134525567
176,0.517511447559
177,0.208816417215
178,0.483988419577
179,0.485389249837
180,0.564061752099
181,0.0549882505688
182,0.443079857724
183,0.486054940878
184,0.66711712712
185,0.502373243511
186,0.414043477783
187,0.636683804877
188,0.708080862847
189,0.100214050201
190,0.315647673452
191,0.516876492987
192,0.414019555984
193,0.438428207277
194,0.484816139787
195,0.498102936289
196,0.441366460935
197,0.364072453121
198,0.322564117695
199,0.388833540956
200,0.500639240299
201,0.232104732863
202,0.726230135063
203,0.675588074629
204,0.566640377655
205,0.410603036035
206,0.653821643738
207,0.30821626388
208,0.580114617047
209,0.516881222503
210,0.540801018329
211,0.571971631049
212,0.661746536228
213,0.597998271257
214,0.554017149152
215,0.409215548334
216,0.716424263578
217,0.646992892443
218,0.695596116235
219,0.0
220,0.0797636278246
221,0.0
222,0.17440487798
223,0.0
224,0.093986058381
225,0.0
226,0.194308904641
227,0.0385081766978
228,0.190804528198
229,0.234620604543
230,0.192130176517
231,0.101222228368
232,0.577647869361
233,0.514473982884
234,0.716816296983
235,0.678006405973
236,0.457146591394
237,0.705779021195
238,0.609628788045
239,0.0840178400679
240,0.0183009156583
241,0.124670036951
242,0.680238169427
243,0.325364061974
244,0.509786191888
245,0.67682819948
246,0.106877705367
247,0.382361669414
248,0.461523821649
249,0.443217861249
250,0.0
251,0.0
252,0.0
253,0.0
254,0.0
255,0.0
256,0.0
257,0.0
258,0.0
259,0.0
260,0.449038199035
261,0.527720442045
262,0.142857142857
263,0.147871398519
264,0.170212765957
265,0.132776341132
266,0.0
267,0.160811239049
268,0.34818896087
269,0.608109341817
270,0.369139024569
271,0.733949656513
272,0.606413889488
273,0.702884678191
274,0.64313832596
275,0.686787856408
276,0.703364089389
277,0.652467538539
278,0.791937888862
279,0.693696600652
280,0.680718662581
281,0.394706220271
282,0.524689126699
283,0.599534924698
284,0.468110999127
285,0.078109964679
286,0.685385963858
287,0.756841342009
288,0.216241208045
289,0.230496818252
290,0.0484848484848
291,0.139247440036
292,0.0
293,0.385585049846
294,0.236148793963
295,0.599649010752
296,0.664475000465
297,0.538834721446
298,0.543786738334
299,0.0
300,0.0
301,0.0
302,0.0
303,0.0
304,0.0
305,0.0
306,0.0
307,0.0
308,0.0
309,0.0
310,0.0
311,0.0
312,0.0
313,0.0
314,0.0
315,0.0
316,0.0
317,0.0
318,0.0
319,0.572369286983
320,0.595737528625
321,0.38119316676
322,0.169537017766
323,0.663461792246
324,0.630496613793
325,0.0867331176729
326,0.0680500880741
327,0.0
328,0.0
329,0.184761795572
330,0.387072303966
331,0.573114238998
332,0.553189862629
333,0.770890596757
334,0.553446850635
335,0.765288328405
336,0.380631938537
337,0.690742358149
338,0.567995412668
339,0.562046029157
340,0.447700905296
341,0.466445112411
342,0.563670211149
343,0.444884519711
344,0.436727099328
345,0.56214665598
346,0.380622831223
347,0.652247095227
348,0.626459996172
349,0.50168795951
350,0.1724714386
351,0.499703795284
352,0.116890377933
353,0.369034816402
354,0.185672661632
355,0.550889048029
356,0.285031803871
357,0.257556807205
358,0.654852836952
359,0.723865908023
360,0.14236239792
361,0.655775231801
362,0.480414759993
363,0.64980855665
364,0.657590264574
365,0.581908064497
366,0.32813874118
367,0.553671576968
368,0.738054781083
369,0.240222835388
370,0.357051449133
371,0.584666939128
372,0.456621978233
373,0.527891191413
374,0.46131727822
375,0.314091465395
376,0.556696805608
377,0.254552597095
378,0.374169438734
379,0.43932724932
380,0.523914481008
381,0.372436610267
382,0.434664913327
383,0.35129045936
384,0.316844646776
385,0.319321309909
386,0.487595385862
387,0.461494553003
388,0.472447618951
389,0.214873035835
390,0.109679640912
391,0.648692765179
392,0.0537003099435
393,0.393651490189
394,0.25457391655
395,0.41250304959
396,0.687521520774
397,0.616537070644
398,0.423643775047
399,0.578880397475
400,0.389813319656
401,0.510602625338
402,0.585421304393
403,0.1308183657
404,0.333919675469
405,0.375730058437
406,0.461259983484
407,0.0635365037683
408,0.56936102527
409,0.436868914832
410,0.441460806999
411,0.385213922582
412,0.357743058272
413,0.385953890936
414,0.504458756944
415,0.556323380679
416,0.523065649412
417,0.654099504335
418,0.62112648959
419,0.615532811787
420,0.617346333388
421,0.729148208666
422,0.258503813128
423,0.706551211481
424,0.116740577779
425,0.161264189162
426,0.538375935941
427,0.604861816211
428,0.425253077454
429,0.269834641401
430,0.483703090129
431,0.171866074145
432,0.475580915453
433,0.730704810805
434,0.132079880196
435,0.484803895446
436,0.493557797755
437,0.370774339452
438,0.154787979795
439,0.559476582262
440,0.556718808275
441,0.236378780627
442,0.302355518631
443,0.0407118693864
444,0.201781195578
445,0.0835908857751
446,0.246080348044
447,0.327182796167
448,0.626593782469
449,0.51081679723
450,0.704015333336
451,0.62724404973
452,0.295367580973
453,0.348594529596
454,0.491216172932
455,0.313523571892
456,0.449935616387
457,0.374797088155
458,0.375021774324
459,0.345659654222
460,0.228993183303
461,0.422280859615
462,0.412469999421
463,0.228647665415
464,0.327981181514
465,0.284567720526
466,0.193335288644
467,0.239126738567
468,0.232527526353
469,0.207645292172
470,0.712147922975
471,0.439857112281
472,0.273872166473
473,0.0518240882662
474,0.0
475,0.179717695008
476,0.343362005353
477,0.663187625948
478,0.425828107842
479,0.293416383625
480,0.189519313201
481,0.335325391779
482,0.35483787894
483,0.253900066139
484,0.0684099870933
485,0.49023971663
486,0.59578800121
487,0.39902337627
488,0.271282246998
489,0.0
490,0.115524530093
491,0.240330396429
492,0.241912851909
493,0.288187696398
494,0.379999063814
495,0.287100353048
496,0.0
497,0.213091151706
498,0.360240644474
499,0.345224596912
500,0.322934366429
501,0.0
502,0.274227004149
503,0.0
504,0.187726462512
505,0.165393181775
506,0.138772078569
507,0.123802916341
508,0.0
509,0.0
510,0.0
511,0.0
512,0.0
513,0.0
514,0.0
515,0.1883335352
516,0.0924196240747
517,0.0
518,0.104934474361
519,0.222093042031
520,0.136917961592
521,0.115955000909
522,0.31925130303
523,0.117699510361
524,0.212733389856
525,0.107876773754
526,0.0977147471329
527,0.309642396493
528,0.126026760102
529,0.170212765957
530,0.106638027778
531,0.166666666667
532,0.101265822785
533,0.090607474583
534,0.396197901799
535,0.280181822383
536,0.551638263989
537,0.605228998407
538,0.509550269198
539,0.532719400125
540,0.612341709641
541,0.610698765803
542,0.195529803755
543,0.612194635337
544,0.58622741484
545,0.528545717639
546,0.492508428426
547,0.612589757988
548,0.436706827047
549,0.282783559099
550,0.241094671499
551,0.134356286087
552,0.326514284602
553,0.181272438608
554,0.432876469596
555,0.620997641122
556,0.553303304131
557,0.383475973318
558,0.563269207575
559,0.681327190221
560,0.654948298516
561,0.410711446296
562,0.553700917067
563,0.386240234106
564,0.45920524532
565,0.358892041031
566,0.458682024154
567,0.416245670165
568,0.695717992661
569,0.421927170703
570,0.398092244903
571,0.263983347168
572,0.426275463716
573,0.170773108541
574,0.312215185277
575,0.421857163822
576,0.653161901246
577,0.472139274354
578,0.417944220806
579,0.596947372359
580,0.637274712652
581,0.0
582,0.0346922017633
583,0.0
584,0.285660656231
585,0.144877245502
586,0.242373436509
587,0.154032706791
588,0.137442588625
589,0.144576386897
590,0.0
591,0.236458401269
592,0.219565848692
593,0.135155036036
594,0.0
595,0.232207398162
596,0.115524530093
597,0.0
598,0.178734646309
599,0.0972838148154
600,0.0
601,0.260869565217
602,0.192292972083
603,0.0637070033503
604,0.160772530049
605,0.0
606,0.103284453281
607,0.0969619822089
608,0.348810979396
609,0.119383402202
610,0.147671571731
611,0.069750659679
612,0.106190367239
613,0.27726607268
614,0.368540122782
615,0.0
616,0.0
617,0.415621932944
618,0.0
619,0.20711313404
620,0.2035263412
621,0.0626381484248
622,0.0
623,0.198315292262
624,0.170849189531
625,0.0609635572892
626,0.406142704402
627,0.0
628,0.249987507743
629,0.28646513954
630,0.194978415626
631,0.0
632,0.156567483257
633,0.280600627011
634,0.0
635,0.125892448862
636,0.383032657823
637,0.21949969908
638,0.655896991108
639,0.159511092583
640,0.0240781078287
641,0.524957501947
642,0.386779888391
643,0.376684312062
644,0.513422967278
645,0.245098833075
646,0.345513981797
647,0.283729092779
648,0.374970812586
649,0.520738650893
650,0.370876267162
651,0.0208726289258
652,0.0177644303583
653,0.433555262
654,0.0517385147953
655,0.189082937417
656,0.646540827286
657,0.591563914774
658,0.586890825078
659,0.395858685021
660,0.375448369793
661,0.338989900522
662,0.121552587477
663,0.0
664,0.0
665,0.0
666,0.0
667,0.0
668,0.0
669,0.0
670,0.0
671,0.0
672,0.0
673,0.0
674,0.0
675,0.0
676,0.340612757647
677,0.30213187525
678,0.29350112548
679,0.117941188748
680,0.428290259621
681,0.669787129693
682,0.412030013609
683,0.518386661088
684,0.683780537029
685,0.240839094444
686,0.653710620032
687,0.461471874762
688,0.626547958843
689,0.534468332624
690,0.4614327097
691,0.66582091834
692,0.757689354039
693,0.658253673023
694,0.735211465676
695,0.659569280915
696,0.719074088753
697,0.517140981227
698,0.458488050284
699,0.179781538691
700,0.437675762259
701,0.103892449817
702,0.160905630006
703,0.246142674409
704,0.177560622307
705,0.67634924893
706,0.711053748419
707,0.149618614385
708,0.139295939069
709,0.581137384684
710,0.478860214503
711,0.406135720786
712,0.437438579163
713,0.304937993901
714,0.478911180472
715,0.313806906
716,0.25293909195
717,0.357917953599
718,0.532384046697
719,0.516061450665
720,0.349895980982
721,0.295792718787
722,0.521139027929
723,0.513916592016
724,0.334231895035
725,0.622247999025
726,0.258447655435
727,0.568413329889
728,0.454232012765
729,0.107418573091
730,0.223796980224
731,0.465737966618
732,0.236182068093
733,0.0
734,0.0
735,0.0
736,0.0
737,0.0
738,0.0
739,0.0
740,0.0
741,0.0
742,0.0
743,0.0
744,0.0
745,0.0
746,0.0
747,0.0
748,0.0
749,0.0
750,0.0
751,0.0
752,0.0
753,0.0
754,0.0
755,0.0
756,0.0
757,0.0
758,0.0
759,0.0
760,0.0
761,0.0
762,0.0
763,0.0
764,0.0
765,0.0
766,0.0
767,0.0
768,0.0
769,0.0
770,0.0
771,0.390281888439
772,0.387369652311
773,0.0787037295896
774,0.527861776834
775,0.522815675283
776,0.0189084591106
777,0.341107692621
778,0.163875359903
779,0.129212071718
780,0.613897114086
781,0.353686196766
782,0.561244345192
783,0.602914189967
784,0.0
785,0.0
786,0.0
787,0.0
788,0.0
789,0.0
790,0.324411862562
791,0.0106208940136
792,0.0
793,0.470702330083
794,0.238131545652
795,0.0
796,0.0990210257943
797,0.0
798,0.1087289695
799,0.342775385169
800,0.213851426367
801,0.331368451069
802,0.747486094238
803,0.227677500025
804,0.416032328981
805,0.112951421471
806,0.258370556446
807,0.477154811778
808,0.1289360141
809,0.0859081053349
810,0.142298609131
811,0.108733326501
812,0.247572734799
813,0.259658332513
814,0.216739213149
815,0.302996424906
816,0.32351967977
817,0.0888889841653
818,0.295345083608
819,0.249961598343
820,0.311610493628
821,0.278250050584
822,0.307246194664
823,0.0546661143705
824,0.150368294263
825,0.0729512545159
826,0.0
827,0.162590079391
828,0.124371202491
829,0.104868056753
830,0.199933710577
831,0.0682260896751
832,0.0
833,0.253602587693
834,0.131260912538
835,0.22815372679
836,0.0633814781924
837,0.374848388191
838,0.0591803120472
839,0.283819605405
840,0.0
841,0.211087492922
842,0.0
843,0.481722348824
844,0.051344235597
845,0.342230596584
846,0.149022028929
847,0.126411874926
848,0.0
849,0.154032706791
850,0.0519029427717
851,0.0660140171962
852,0.0
853,0.0
854,0.0
855,0.0
856,0.0
857,0.323778716683
858,0.298502938431
859,0.390950720302
860,0.211243799572
861,0.277991207556
862,0.434019817239
863,0.249286411199
864,0.460601102921
865,0.296803943139
866,0.335356829834
867,0.134144637778
868,0.540109646971
869,0.481843589489
870,0.431088962661
871,0.233063199962
872,0.335922415797
873,0.214549286232
874,0.273557971866
875,0.670014063257
876,0.591926412903
877,0.596606544653
878,0.54994030395
879,0.608849224834
880,0.359212362798
881,0.632509623501
882,0.66768263418
883,0.478312698646
884,0.642036772978
885,0.586135234424
886,0.443569018084
887,0.623410705251
888,0.494351432197
889,0.0216272101224
890,0.708414106583
891,0.208215174836
892,0.311542757257
893,0.438906390215
894,0.463703944627
895,0.68828868121
896,0.469784894659
897,0.642948635306
898,0.46458080714
899,0.459242955532
900,0.200719189285
901,0.157472192714
902,0.0701921195504
903,0.138275930893
904,0.0
905,0.0
906,0.170212765957
907,0.169014084507
908,0.166666666667
909,0.0
910,0.0
911,0.0
912,0.0
913,0.324241846949
914,0.253751140107
915,0.250577450669
916,0.298880694432
917,0.309332684207
918,0.192507287411
919,0.0695580583537
920,0.32377317402
921,0.0
922,0.0
923,0.0
924,0.0
925,0.0
926,0.050662634953
927,0.314596935758
928,0.055055197035
929,0.102994902063
930,0.043013523957
931,0.181338395379
932,0.362644121879
933,0.0793355727871
934,0.355041007716
935,0.112500985527
936,0.136183175362
937,0.0
938,0.0
939,0.0
940,0.0
941,0.0
942,0.0
943,0.0
944,0.0
945,0.0
946,0.0
947,0.0
948,0.0
949,0.0
950,0.0
951,0.0
952,0.0
953,0.0
954,0.0
955,0.051911356181
956,0.314034447536
957,0.344948131037
958,0.430396173275
959,0.376488259565
960,0.460805562437
961,0.171770764681
962,0.434192228617
963,0.271402378259
964,0.542790649962
965,0.397749888526
966,0.290929031737
967,0.588670000718
968,0.679062490473
969,0.0
970,0.518883934104
971,0.380983568932
972,0.112723644545
973,0.531189054619
974,0.41299767161
975,0.625175560698
976,0.6798234042
977,0.52152339182
978,0.296900615115
979,0.546335506005
980,0.664278043891
981,0.473422909965
982,0.171505644744
983,0.345050848001
984,0.527517086241
985,0.35293266394
986,0.288250413116
987,0.157230486203
988,0.143829050216
989,0.362819758905
990,0.0
991,0.485591587956
992,0.347396659525
993,0.137931034483
994,0.299740173719
995,0.0
996,0.211547012926
997,0.0
998,0.0
999,0.0
1000,0.279319149359
1001,0.661015318241
1002,0.485052919012
1003,0.691109311009
1004,0.407463964893
1005,0.648793894162
1006,0.764890274901
1007,0.384425671811
1008,0.226948134569
1009,0.286328461942
1010,0.0993480192861
1011,0.149980985374
1012,0.217179749728
1013,0.252053520204
1014,0.0
1015,0.142125476531
1016,0.126094802524
1017,0.0693428448551
1018,0.319612210317
1019,0.165353210182
1020,0.0870103976483
1021,0.194672533803
1022,0.300411797502
1023,0.304502731593
1024,0.210102125693
1025,0.189302099545
1026,0.502561219126
1027,0.606158864447
1028,0.667240452819
1029,0.692797606461
1030,0.538682319011
1031,0.43607617816
1032,0.447243731202
1033,0.192770180793
1034,0.502880923614
1035,0.641801493966
1036,0.642628008212
1037,0.519947122269
1038,0.466481766695
1039,0.409029042748
1040,0.186990317391
1041,0.323797911959
1042,0.349167204425
1043,0.322840850369
1044,0.378310636011
1045,0.382819919579
1046,0.475790072976
1047,0.560325489365
1048,0.500884380946
1049,0.609435234141
1050,0.268282933389
1051,0.623622980516
1052,0.136524802316
1053,0.0
1054,0.0
1055,0.1087289695
1056,0.648720386825
1057,0.393321285444
1058,0.345721717142
1059,0.656978358661
1060,0.507609131481
1061,0.214031050779
1062,0.40681703168
1063,0.651411170973
1064,0.237543414875
1065,0.285780244513
1066,0.303682268074
1067,0.595649641248
1068,0.0966012048149
1069,0.0189247753962
1070,0.531697141317
1071,0.171154274332
1072,0.291305932557
1073,0.00197984471738
1074,0.306353416905
1075,0.0433773617801
1076,0.228306817995
1077,0.539564139726
1078,0.665838120961
1079,0.320538732614
1080,0.480092518585
1081,0.573418144943
1082,0.166666666667
1083,0.634514301129
1084,0.205323350254
1085,0.195415753418
1086,0.0
1087,0.0908946479767
1088,0.0
1089,0.126026760102
1090,0.0
1091,0.08664339757
1092,0.102994902063
1093,0.303463710786
1094,0.105622427514
1095,0.189578716051
1096,0.0
1097,0.0
1098,0.0
1099,0.0
1100,0.0
1101,0.0
1102,0.0
1103,0.131106020058
1104,0.0924196240747
1105,0.105263157895
1106,0.299440674641
1107,0.0
1108,0.0950325464342
1109,0.282173483372
1110,0.162186043243
1111,0.135155036036
1112,0.139016608494
1113,0.0
1114,0.176527895533
1115,0.0698971946783
1116,0.189578716051
1117,0.0908946479767
1118,0.0775771880769
1119,0.0
1120,0.185768130252
1121,0.123226165433
1122,0.154247675709
1123,0.22444376763
1124,0.0
1125,0.0
1126,0.0915510240557
1127,0.103825108855
1128,0.0390929338741
1129,0.156643430635
1130,0.0
1131,0.151015420386
1132,0.15351249925
1133,0.138155749324
1134,0.0
1135,0.0
1136,0.0890618865954
1137,0.586011374959
1138,0.728515815264
1139,0.438109159647
1140,0.0455057301385
1141,0.645654350246
1142,0.653190770538
1143,0.275795273192
1144,0.230259979858
1145,0.60280262964
1146,0.545805630544
1147,0.417177649363
1148,0.595152165311
1149,0.587161923184
1150,0.566891012097
1151,0.496539326284
1152,0.720553068236
1153,0.763676453408
1154,0.497440171678
1155,0.398860567048
1156,0.406581491208
1157,0.488251826255
1158,0.513199496147
1159,0.425286853723
1160,0.357127889658
1161,0.188549540153
1162,0.381498695057
1163,0.196242139216
1164,0.27754752093
1165,0.234168911016
1166,0.189105964042
1167,0.185989841624
1168,0.174196688471
1169,0.232525423806
1170,0.0554517744448
1171,0.0506329113924
1172,0.201299431889
1173,0.311393306012
1174,0.142857142857
1175,0.11090354889
1176,0.0894383458787
1177,0.197723070149
1178,0.11090354889
1179,0.0630133800509
1180,0.0
1181,0.0
1182,0.0867325491054
1183,0.0
1184,0.0
1185,0.108124028829
1186,0.132776341132
1187,0.0
1188,0.0
1189,0.0
1190,0.0
1191,0.0
1192,0.266666666667
1193,0.0
1194,0.106638027778
1195,0.108124028829
1196,0.0
1197,0.211547012926
1198,0.0990210257943
1199,0.0
1200,0.211547012926
1201,0.169014084507
1202,0.0
1203,0.0
1204,0.0
1205,0.0
1206,0.0775491027295
1207,0.0
1208,0.0
1209,0.0
1210,0.0
1211,0.0
1212,0.108124028829
1213,0.0
1214,0.0
1215,0.0
1216,0.0
1217,0.0
1218,0.0
1219,0.0
