site,dnds
1,0.31606629035
2,0.329767587256
3,0.318594780017
4,0.655676103533
5,0.547833140344
6,0.302257898557
7,0.332158098076
8,0.662646905994
9,0.600072242083
10,0.351366993756
11,0.64651670434
12,0.706131599183
13,0.591634425732
14,0.266724940356
15,0.676045236453
16,0.706233429009
17,0.0
18,0.0
19,0.0
20,0.267742349709
21,0.273412108637
22,0.665051794731
23,0.642748433213
24,0.51677015853
25,0.581828848571
26,0.461902930553
27,0.393492839565
28,0.257882680483
29,0.524046580134
30,0.42722736591
31,0.231084360116
32,0.201743208637
33,0.307454528284
34,0.454382484525
35,0.197774102736
36,0.23125923475
37,0.457532755652
38,0.394544561955
39,0.347494291412
40,0.304629886362
41,0.415324195068
42,0.179519893763
43,0.459132382476
44,0.588518662397
45,0.0
46,0.0
47,0.0
48,0.221041399192
49,0.0
50,0.605304571969
51,0.486644341841
52,0.325444433761
53,0.502922558023
54,0.472790344888
55,0.424715146711
56,0.540783348409
57,0.413496330692
58,0.521570689743
59,0.660528365265
60,0.415268712345
61,0.6348409466
62,0.629760966202
63,0.616320373572
64,0.4722308734
65,0.66549934457
66,0.236158788217
67,0.249516989605
68,0.0
69,0.099173553719
70,0.133868566349
71,0.683935769598
72,0.616573634977
73,0.372320461498
74,0.687150746888
75,0.70646810916
76,0.36118191725
77,0.401046183454
78,0.628559511565
79,0.308471052748
80,0.00196339782052
81,0.241422718722
82,0.557075240856
83,0.621794758486
84,0.278942629747
85,0.251836650043
86,0.0182883644865
87,0.455712746798
88,0.11398853031
89,0.145158792386
90,0.16509585327
91,0.337542379438
92,0.0661995997583
93,0.463962543722
94,0.324201814793
95,0.191822894084
96,0.0
97,0.104765362435
98,0.216875044711
99,0.295697497256
100,0.474883633493
101,0.237837084354
102,0.660995700068
103,0.0472568436389
104,0.467201564164
105,0.330814820161
106,0.562300001667
107,0.0265868860204
108,0.0565019290659
109,0.0585066513065
110,0.0
111,0.0
112,0.225691744558
113,0.222031149829
114,0.043425660895
115,0.00304291060361
116,0.514189090982
117,0.161425049337
118,0.147908584703
119,0.165079026974
120,0.593173487276
121,0.283105532244
122,0.318221245673
123,0.624000782415
124,0.703480189629
125,0.659956174226
126,0.688187613021
127,0.757133800306
128,0.878386787083
129,0.855705397261
130,0.883001623792
131,0.66266021176
132,0.757759886057
133,0.673184014433
134,0.598355350928
135,0.778798168146
136,0.795704369377
137,0.61906223412
138,0.736699201097
139,0.67384399238
140,0.492776914264
141,0.491709486601
142,0.325912056332
143,0.193361815636
144,0.282898749193
145,0.206696742127
146,0.430913735148
147,0.190769018322
148,0.18203821455
149,0.228571428571
150,0.0950325464342
151,0.281194877841
152,0.0
153,0.0704895437858
154,0.116152841093
155,0.0
156,0.125
157,0.161544172465
158,0.177514084894
159,0.122320090687
160,0.202980801347
161,0.128241419744
162,0.0767896915383
163,0.123014524296
164,0.203069698201
165,0.115524530093
166,0.0401824452499
167,0.285714285714
168,0.0
169,0.0
170,0.0
171,0.0
172,0.0518240882662
173,0.11090354889
174,0.0722726508596
175,0.199128640438
176,0.0779220779221
177,0.191551870317
178,0.120725154104
179,0.134886223253
180,0.3295836866
181,0.340973075442
182,0.729347808256
183,0.482421864433
184,0.352394172971
185,0.471237534712
186,0.369472853754
187,0.23527976464
188,0.10170586096
189,0.427465630316
190,0.0999850144262
191,0.0725345004651
192,0.0
193,0.231261753322
194,0.0
195,0.0684011493638
196,0.121113404344
197,0.206078880908
198,0.328419444938
199,0.2914343345
200,0.362313137234
201,0.126006884207
202,0.517687664482
203,0.342322951702
204,0.674878752183
205,0.226542099822
206,0.302503059388
207,0.254091863495
208,0.335476638648
209,0.279689391912
210,0.0
211,0.1263858107
212,0.0769230769231
213,0.146844216802
214,0.160661863851
215,0.161563937969
216,0.26372311571
217,0.166304999474
218,0.64849725824
219,0.666241725836
220,0.768755761589
221,0.75401137049
222,0.334718039906
223,0.541990880891
224,0.221965447764
225,0.373342497797
226,0.0538752324842
227,0.478932080532
228,0.291219006714
229,0.593210742906
230,0.542212453998
231,0.060010582615
232,0.436778724283
233,0.497315495561
234,0.356136945036
235,0.101219381454
236,0.54219568568
237,0.666135213659
238,0.0
239,0.301181195981
240,0.637613606013
241,0.0
242,0.612437797309
243,0.0
244,0.166666666667
245,0.1087289695
246,0.0
247,0.305991201688
248,0.527437745202
249,0.521413997961
250,0.73814576726
251,0.480306805355
252,0.214285714286
253,0.326389817939
254,0.106638027778
255,0.0
256,0.100821408081
257,0.0
258,0.0
259,0.0
260,0.0
261,0.0
262,0.0
263,0.434910374467
264,0.399750836844
265,0.698009571506
266,0.290769312129
267,0.702527700657
268,0.552646345172
269,0.169332214555
270,0.0
271,0.0
272,0.234438201894
273,0.23662058142
274,0.237475885428
275,0.490285255549
276,0.0
277,0.0
278,0.461949928318
279,0.510119022612
280,0.760355882718
281,0.645184666921
282,0.720466916858
283,0.643030162153
284,0.363800465618
285,0.329087597425
286,0.421759870502
287,0.158433641271
288,0.115524530093
289,0.0
290,0.0
291,0.0
292,0.641911923063
293,0.61969030737
294,0.549068042797
295,0.270170352923
296,0.526071425718
297,0.0
298,0.0
299,0.0
300,0.0
301,0.0
302,0.0
303,0.0949507449019
304,0.247529993794
305,0.255396952716
306,0.308850849411
307,0.425258015116
308,0.247438897727
309,0.475898207856
310,0.489199635714
311,0.72758268688
312,0.701166573868
313,0.641185832396
314,0.176759239914
315,0.301049902271
316,0.514473450244
317,0.123794951897
318,0.248747271986
319,0.103643655857
320,0.0
321,0.0327920508444
322,0.0
323,0.0
324,0.105603078281
325,0.525159027431
326,0.622539524145
327,0.691999655103
328,0.313119949525
329,0.533568056213
330,0.0
331,0.477358713281
332,0.452937207438
333,0.497386093675
334,0.39424369604
335,0.524472348568
336,0.309074216128
337,0.14525938586
338,0.342161197926
339,0.46395399862
340,0.245292925315
341,0.106894658753
342,0.0
343,0.702701171754
344,0.603386573579
345,0.00633848392106
346,0.0272789572916
347,0.420211220068
348,0.30877419828
349,0.477249266411
350,0.614242963682
351,0.348453538206
352,0.0
353,0.204771048303
354,0.481784229961
355,0.25723680031
356,0.184693648536
357,0.384635038596
358,0.570255503372
359,0.225114808022
360,0.487700811686
361,0.736228308761
362,0.644927112713
363,0.307122627081
364,0.71629432033
365,0.775264083408
366,0.38930302691
367,0.0910538810218
368,0.617625260518
369,0.531040041782
370,0.333388370602
371,0.0379102205456
372,0.415311154445
373,0.374503170247
374,0.329687526982
375,0.484172230838
376,0.0
377,0.155951203421
378,0.0414125048818
379,0.364197667062
380,0.483549108593
381,0.0307513408333
382,0.384770345204
383,0.61181397986
384,0.595726296687
385,0.262485890871
386,0.602959521121
387,0.665692902566
388,0.430686602588
389,0.358496459889
390,0.754059149422
391,0.631996387237
392,0.686155124854
393,0.253180886813
394,0.441810343187
395,0.0
396,0.0
397,0.0
398,0.310378005288
399,0.249088533379
400,0.616376065136
401,0.246474821282
402,0.844362060922
403,0.58929209883
404,0.0558616417967
405,0.413698050121
406,0.635037195026
407,0.429644651516
408,0.595297748689
409,0.453040888301
410,0.0
411,0.0
412,0.0
413,0.0
414,0.215934758576
415,0.307234726661
416,0.244713441138
417,0.461713311971
418,0.3691063872
419,0.0
420,0.308135109049
421,0.32225396029
422,0.707632503393
423,0.220555075709
424,0.459757848301
425,0.289624873812
426,0.483158291735
427,0.538971573761
428,0.378982020898
429,0.0
430,0.0
431,0.0
432,0.0
433,0.0
434,0.0
