site,dnds
1,0.0
2,0.0
3,0.172613132797
4,0.419353099038
5,0.487423854244
6,0.279948296052
7,0.603425668081
8,0.28718093067
9,0.418377554309
10,0.397155780322
11,0.343503869418
12,0.317184545142
13,0.098855694854
14,0.0
15,0.0
16,0.0
17,0.0
18,0.0
19,0.0
20,0.0
21,0.127197005177
22,0.432878781254
23,0.0
24,0.460346765652
25,0.0
26,0.244863213441
27,0.0121025765477
28,0.111822294588
29,0.494574147541
30,0.0
31,0.0
32,0.0
33,0.0
34,0.0
35,0.0
36,0.0
37,0.0
38,0.46757378374
39,0.0
40,0.0
41,0.0
42,0.0
43,0.0
44,0.0
45,0.68253923566
46,0.809123516372
47,0.737861124663
48,0.63544502445
49,0.551945160939
50,0.719554698934
51,0.536320535719
52,0.526611432849
53,0.0
54,0.132028034392
55,0.139787020541
56,0.642550135188
57,0.194100697698
58,0.148986721976
59,0.362829539861
60,0.344241708564
61,0.11397705259
62,0.098839894517
63,0.04219692319
64,0.280051567589
65,0.178010988214
66,0.242612718719
67,0.162136499405
68,0.307610276719
69,0.446109737557
70,0.0695083042471
71,0.0
72,0.0
73,0.0
74,0.0
75,0.170212765957
76,0.0
77,0.0
78,0.0
79,0.279750335949
80,0.534536022537
81,0.530413987986
82,0.456875369582
83,0.314453750803
84,0.42916792736
85,0.288037072984
86,0.447924454273
87,0.376705037805
88,0.0
89,0.0
90,0.0
91,0.0
92,0.0
93,0.326371037967
94,0.110472896953
95,0.357530226632
96,0.0750347711459
97,0.444077081671
98,0.520345260845
99,0.25953610267
100,0.24779719434
101,0.341485919081
102,0.0
103,0.632260924383
104,0.556708353977
105,0.56320639431
106,0.0
107,0.252637050221
108,0.565649505626
109,0.036723089151
110,0.204956936524
111,0.646463887894
112,0.271581915086
113,0.0977495775701
114,0.443194978476
115,0.497434157312
116,0.148763716678
117,0.0
118,0.0
119,0.0
120,0.0
121,0.0
122,0.0
123,0.0
124,0.0
125,0.0
126,0.0
127,0.0
128,0.0
129,0.0
130,0.0
131,0.0
132,0.0
133,0.0
134,0.157898893837
135,0.0419924843524
136,0.464347104781
137,0.176359296651
138,0.534546315883
139,0.115365142175
140,0.167245097127
141,0.49886479521
142,0.55878929767
143,0.247442536744
144,0.319325874919
145,0.659876407233
146,0.470407785173
147,0.645694399483
148,0.5175736687
149,0.220808344406
150,0.397477437253
151,0.651031429386
152,0.597547728437
153,0.177009247993
154,0.742751467665
155,0.518281982101
156,0.0489927651799
157,0.497561986256
158,0.100821408081
159,0.434258074868
160,0.0
161,0.434037961444
162,0.579675484916
163,0.0990210257943
164,0.29257795348
165,0.21141274936
166,0.417073548685
167,0.462218310806
168,0.182460339823
169,0.27874259973
170,0.372098665638
171,0.470193554513
172,0.325752869167
173,0.0831075692677
174,0.288425150984
175,0.247191455907
176,0.383006530985
177,0.421443043028
178,0.521562472839
179,0.571205769908
180,0.518405621887
181,0.371597163864
182,0.486029547015
183,0.279777091873
184,0.360706387737
185,0.551015873962
186,0.538507914386
187,0.27619171427
188,0.198779011557
189,0.433812337611
190,0.636636040748
191,0.356828668256
192,0.651291597874
193,0.0867325491054
194,0.125
195,0.0
196,0.0
197,0.0
198,0.125
199,0.0
200,0.0
201,0.0
202,0.0
203,0.142857142857
204,0.139016608494
205,0.0
206,0.0
207,0.58234645871
208,0.266554030783
209,0.170212765957
210,0.0
211,0.496830256011
212,0.543954522755
213,0.537320965527
214,0.29795840522
215,0.0
216,0.0
217,0.0
218,0.0
219,0.0
220,0.124261679428
221,0.0
222,0.0950325464342
223,0.0
224,0.234524233491
225,0.423314513175
226,0.0434915877998
227,0.368465160293
228,0.154285333234
229,0.453503325684
230,0.0
231,0.0
232,0.338915254134
233,0.336408711111
234,0.302067694488
235,0.262354592545
236,0.206988981508
237,0.251505914816
238,0.126762956385
239,0.0
240,0.0
241,0.0759062979054
242,0.296285225687
243,0.0
244,0.135342076379
245,0.128327105334
246,0.212634636516
247,0.0
248,0.0
249,0.0
250,0.0776699029126
251,0.0
252,0.146083057015
253,0.269470623017
254,0.0833333333333
255,0.0833333333333
256,0.0
257,0.0
258,0.0
259,0.0
260,0.0
261,0.0937700622562
262,0.0714285714286
263,0.125
264,0.0
265,0.0
266,0.0
267,0.248843760944
268,0.0
269,0.166355323334
270,0.097266044125
271,0.0
272,0.0
273,0.0
274,0.0
275,0.538724119773
276,0.560648126795
277,0.287680341619
278,0.0
279,0.0
280,0.0
281,0.0
282,0.0
283,0.0
284,0.0
285,0.0
286,0.0
287,0.0
288,0.0
289,0.27513670749
290,0.117744466642
291,0.111880164793
292,0.401744022191
293,0.0
294,0.505588613928
295,0.0964266352325
296,0.0
297,0.434388942334
298,0.625664873495
299,0.598841298821
300,0.0921559712636
301,0.440279668973
302,0.738715800543
303,0.716959271616
304,0.505377427418
305,0.393009233454
306,0.653357206266
307,0.642959345946
308,0.216357228143
309,0.678345298002
310,0.407608994965
311,0.617259607428
312,0.318073284361
313,0.735574611419
314,0.512977381966
315,0.210480201833
316,0.843943358926
317,0.655704636003
318,0.442244669715
319,0.555626519926
320,0.0
321,0.125
322,0.0
323,0.0
324,0.0
325,0.0
326,0.0
327,0.0
328,0.141031341951
329,0.0
330,0.0
331,0.749188511667
332,0.362874221346
333,0.639873275665
334,0.710161041241
335,0.222708846243
336,0.56516799801
337,0.380707656127
338,0.448036485175
339,0.0
340,0.0388387981655
341,0.345232693218
342,0.585221962227
343,0.313564881887
344,0.228419503788
345,0.102660486973
346,0.601886086678
347,0.387961026854
348,0.4380069793
349,0.291654699697
350,0.0
351,0.289098660851
352,0.542802571738
353,0.439018931786
354,0.408653719205
355,0.319146741826
356,0.452709164804
357,0.231393245672
358,0.0
359,0.170212765957
360,0.0571428571429
361,0.0
362,0.139016608494
363,0.0
364,0.0
365,0.166666666667
366,0.0
367,0.0
368,0.0695083042471
369,0.199955395779
370,0.0
371,0.0902969004385
372,0.0878889830934
373,0.0
374,0.0
375,0.142857142857
376,0.0
377,0.0
378,0.0867325491054
379,0.0
380,0.0
381,0.0775491027295
382,0.106638027778
383,0.133303597186
384,0.0
385,0.0
386,0.406271686825
387,0.774656576613
388,0.190518979759
389,0.547534112399
390,0.65334943602
391,0.414175397213
392,0.272674670139
393,0.0
394,0.178414531673
395,0.38371785775
396,0.672249735314
397,0.725024619051
398,0.527245857246
399,0.591703406578
400,0.379809005206
401,0.559649176573
402,0.665278851178
403,0.388051584567
404,0.533708439774
405,0.378816267362
406,0.0
407,0.43003450906
408,0.442820899538
409,0.477042014676
410,0.547547271488
411,0.349325721464
412,0.337134556197
413,0.669696513773
414,0.233248071408
415,0.0
416,0.256134923847
417,0.581241458608
418,0.750723157979
419,0.386435850739
420,0.262834999781
421,0.503821240971
422,0.622222453478
423,0.478055529341
424,0.408923045415
425,0.484783556365
426,0.106638027778
427,0.705240433989
428,0.47597610495
429,0.548277360708
430,0.286221267595
431,0.297930075515
432,0.38316656313
433,0.00475715600185
434,0.274257142654
435,0.163757935044
436,0.426164878651
437,0.280540882237
438,0.0
439,0.225487080528
440,0.478361884025
441,0.110837732118
442,0.215789034993
443,0.268878974392
444,0.637587643333
445,0.325642555189
446,0.442074127811
447,0.670904312123
448,0.516300133383
449,0.329473261842
450,0.646417949426
451,0.530312626508
452,0.334300068355
453,0.277597392336
454,0.359859810081
455,0.519473475089
456,0.689016769871
457,0.524813005867
458,0.637215136425
459,0.47636009025
460,0.286633934337
461,0.577471610055
462,0.363439483395
463,0.444832357391
464,0.23626385305
465,0.0
466,0.344265831277
467,0.258029098969
468,0.0
