site,dnds
1,0.142857142857
2,0.0894383458787
3,0.0
4,0.156795610533
5,0.29673049772
6,0.485899933185
7,0.555315940687
8,0.363787200661
9,0.330196333101
10,0.413818425848
11,0.550940339686
12,0.551681688018
13,0.489760510999
14,0.284933360262
15,0.252443738519
16,0.378990762701
17,0.526936364893
18,0.290011267805
19,0.170655989219
20,0.151547002095
21,0.268138330514
22,0.171848264853
23,0.260747613774
24,0.0205295413444
25,0.500766710737
26,0.0967512674606
27,0.193598516964
28,0.362122757474
29,0.359517507696
30,0.173882917146
31,0.259326078155
32,0.267817411154
33,0.267864915252
34,0.210526315789
35,0.602367494489
36,0.516724554721
37,0.32935668982
38,0.541077222878
39,0.138564981887
40,0.383235057747
41,0.397465137441
42,0.379819240924
43,0.296367712697
44,0.0222514528005
45,0.00661219950344
46,0.0918470535198
47,0.0198586397515
48,0.0752883141353
49,0.382876818358
50,0.506814291004
51,0.226212186647
52,0.277708386304
53,0.0417193971229
54,0.0
55,0.0
56,0.0
57,0.426267667756
58,0.670110373594
59,0.280226322558
60,0.248147898541
61,0.31756097149
62,0.667009774896
63,0.462428514527
64,0.448374736696
65,0.429948067587
66,0.569447447998
67,0.36442829774
68,0.636430259996
69,0.178130540087
70,0.201585806677
71,0.305052271427
72,0.173130667455
73,0.148499111575
74,0.157578440355
75,0.233812001633
76,0.0
77,0.151472200502
78,0.253443922009
79,0.0239667794045
80,0.200992856766
81,0.00159941662662
82,0.310578205122
83,0.0257553805291
84,0.371957155145
85,0.394572359061
86,0.377795423337
87,0.403025161635
88,0.562188142512
89,0.416198229753
90,0.336811446378
91,0.552083749388
92,0.373142960381
93,0.460478496947
94,0.349206924397
95,0.39435529467
96,0.0
97,0.0
98,0.0
99,0.232579301828
100,0.327062943693
101,0.282943444632
102,0.37183736138
103,0.333817740625
104,0.241271317429
105,0.352102185055
106,0.374922471106
107,0.268435912185
108,0.429687866637
109,0.513135354864
110,0.463906990505
111,0.316515413135
112,0.570505044566
113,0.520825127709
114,0.319271868751
115,0.0535253696963
116,0.319486215498
117,0.319388089165
118,0.353784900611
119,0.527332335798
120,0.531879769459
121,0.346027591186
122,0.288260006893
123,0.326517546579
124,0.469583134025
125,0.00235789118121
126,0.263173026068
127,0.00671367099815
128,0.062530889807
129,0.0
130,0.0390259630221
131,0.132306159979
132,0.259297187201
133,0.341399328679
134,0.40965756683
135,0.358531315948
136,0.194455478392
137,0.451968705108
138,0.502987525729
139,0.413658881911
140,0.0
141,0.375802130188
142,0.273377914012
143,0.124298862623
144,0.0644075888456
145,0.0
146,0.0
147,0.0
148,0.575665896042
149,0.619813182233
150,0.350642130503
151,0.294183494152
152,0.379076277698
153,0.207195251475
154,0.330084673641
155,0.251691071272
156,0.373236712327
157,0.466630372013
158,0.234266474308
159,0.382801711228
160,0.376861345161
161,0.465562837236
162,0.254056209748
163,0.613523139204
164,0.290732061299
165,0.550155562282
166,0.192520053937
167,0.542592298796
168,0.595072852034
169,0.609607872208
170,0.242309722498
171,0.0557600243661
172,0.478937905893
173,0.0172282245255
174,0.269112938303
175,0.30043507937
176,0.0914618438201
177,0.449617433257
178,0.280796850381
179,0.168899607308
180,0.0550145680187
181,0.144066549015
182,0.278083355194
183,0.360348119532
184,0.266046881797
185,0.476208626394
186,0.286688465327
187,0.463599431996
188,0.0813786880495
189,0.213418198848
190,0.0660140171962
191,0.0
192,0.156202181535
193,0.241094671499
194,0.112676056338
195,0.0
196,0.0935894927338
197,0.0695652173913
198,0.0947893580253
199,0.0
200,0.0
201,0.0
202,0.0
203,0.0
204,0.0
205,0.190429913412
206,0.0547257300771
207,0.0698126271904
208,0.177113195387
209,0.0868853803089
210,0.11090354889
211,0.0343857335498
212,0.0891913209431
213,0.20287234553
214,0.0
215,0.0364814305558
216,0.0579235868726
217,0.0
218,0.0
219,0.0680500880741
220,0.0
221,0.213596790075
222,0.20287234553
223,0.0323886639676
224,0.122611091813
225,0.338077694264
226,0.171649291131
227,0.197186821043
228,0.115643398807
229,0.17603737919
230,0.0
231,0.03983757209
232,0.089800444445
233,0.0405225844181
234,0.0
235,0.177422133985
236,0.15014427545
237,0.128041613087
238,0.0
239,0.656684719709
240,0.550203892426
241,0.195885831917
242,0.218180593612
243,0.439512290155
244,0.349842615131
245,0.298990027032
246,0.35436138338
247,0.717675727204
248,0.41234699162
249,0.164722774979
250,0.0588542297501
251,0.0741070191114
252,0.173231258118
253,0.571028304182
254,0.468415632237
255,0.576357581717
256,0.387270660182
257,0.412242463266
258,0.563980730456
259,0.493545734373
260,0.190115615413
261,0.0929089841504
262,0.602021818012
263,0.46663971999
264,0.29225514017
265,0.329103723614
266,0.362088307834
267,0.420189496159
268,0.44650874214
269,0.402315698892
270,0.41317783573
271,0.0596461498097
272,0.586022495182
273,0.466727042284
274,0.0977959078753
275,0.349242697961
276,0.563253923257
277,0.715480428595
278,0.55095715617
279,0.1288194366
280,0.17724633874
281,0.0695926493976
282,0.281249333007
283,0.0835046352868
284,0.26929778558
285,0.372819175035
286,0.193790268333
287,0.356114305545
288,0.0
289,0.0
290,0.0846188051704
291,0.651726188501
292,0.463433052681
293,0.0961186865637
294,0.287344582724
295,0.214948186574
296,0.277648154755
297,0.333809279691
298,0.493005615412
299,0.396369019522
300,0.464562345389
301,0.537943372723
302,0.340077830276
303,0.547750731952
304,0.413116037867
305,0.599500854335
306,0.521505427191
307,0.337699746487
308,0.184779303346
309,0.492379222077
310,0.474910305107
311,0.411653132735
312,0.348737085016
313,0.502407332439
314,0.239610063461
315,0.318142151256
316,0.478130964829
317,0.508439354401
318,0.53994195031
319,0.622132489413
320,0.416642187803
321,0.556402079847
322,0.504607690132
323,0.179480831069
324,0.519909318058
325,0.388991660685
326,0.0
327,0.0772314491635
328,0.132028034392
329,0.0588542297501
330,0.0958766111239
331,0.225352112676
332,0.0
333,0.178226019006
334,0.158433641271
335,0.151532729471
336,0.354905040952
337,0.50851136451
338,0.318111532862
339,0.0562360708363
340,0.250201073217
341,0.193396292849
342,0.133382517901
343,0.336077562941
344,0.174342320599
345,0.386936815207
346,0.549596976719
347,0.0349773524823
348,0.426445623192
349,0.352412636189
350,0.328295607268
351,0.250328621567
352,0.112013513038
353,0.185572496195
354,0.402801720395
355,0.38104226298
356,0.418151963723
357,0.214917857556
358,0.18675959063
359,0.0
360,0.460736042679
361,0.565923609864
362,0.305306179067
363,0.504469230937
364,0.358245636536
365,0.0196494627335
366,0.172952131344
367,0.0889377086743
368,0.336039439181
369,0.446368669995
370,0.261174965618
371,0.0308627369921
372,0.383875445248
373,0.389158463721
374,0.0
375,0.275771755622
376,0.298243388581
377,0.190270056993
378,0.0395261374723
379,0.335585250143
380,0.592239311479
381,0.525694182182
382,0.442030629665
383,0.445458367634
384,0.684950928941
385,0.460529970983
386,0.540312308452
387,0.578021803936
388,0.495900133763
389,0.340395548221
390,0.405824344858
391,0.313025883821
392,0.352496828863
393,0.0
394,0.391471759807
395,0.356022800385
396,0.278493897013
397,0.347681616123
398,0.436391255897
399,0.274679686521
400,0.447710664316
401,0.369386645579
402,0.426208969761
403,0.333653295779
404,0.0
405,0.225440903355
406,0.497781411731
407,0.452070236887
408,0.49620925313
409,0.193144144034
410,0.381238503312
411,0.501826915141
412,0.400002733831
413,0.586199548941
414,0.488331963218
415,0.294168387534
416,0.575635143969
417,0.370223345752
418,0.331956726846
419,0.494172261816
420,0.503050923514
421,0.00835030742209
422,0.372629074932
423,0.537480164995
424,0.492487318821
425,0.269061925394
426,0.147871398519
