site,dnds
1,0.372186711186
2,0.255741560531
3,0.218480345324
4,0.47043624825
5,0.522216565943
6,0.661456933137
7,0.267520417017
8,0.0280036598847
9,0.287069026804
10,0.572497083094
11,0.20241269151
12,0.0
13,0.277385367467
14,0.17225444149
15,0.105126410408
16,0.557101893176
17,0.495085643345
18,0.114254550305
19,0.0375268599188
20,0.238418548593
21,0.00965276705481
22,0.00758543872313
23,0.0517745538942
24,0.0266785014145
25,0.0
26,0.0
27,0.0756458707615
28,0.265428161648
29,0.486656631152
30,0.215975763755
31,0.278796310369
32,0.442925080894
33,0.0502136893815
34,0.390629188581
35,0.0111866746305
36,0.0173549782997
37,0.378717289254
38,0.0790056828268
39,0.118462391138
40,0.0
41,0.164915741539
42,0.182111455669
43,0.0324095075927
44,0.508529128971
45,0.277423287885
46,0.49917455034
47,0.577703332826
48,0.115524530093
49,0.0
50,0.0
51,0.125
52,0.0
53,0.0317491639882
54,0.131507578255
55,0.442897964448
56,0.236789589356
57,0.311816640316
58,0.286684590635
59,0.330193019116
60,0.0
61,0.149904190649
62,0.0267854097474
63,0.286555195796
64,0.227123784414
65,0.0200046455987
66,0.480586755903
67,0.0145057886677
68,0.0987690752755
69,0.37708219216
70,0.271752874161
71,0.00393143119923
72,0.602009470901
73,0.483091871953
74,0.370266988167
75,0.292379810059
76,0.0
77,0.472461878717
78,0.0913890384245
79,0.36632988355
80,0.642912824458
81,0.21927652382
82,0.29852890134
83,0.565475012447
84,0.344946633092
85,0.354364978393
86,0.07621171451
87,0.391207424418
88,0.390422209571
89,0.575490116735
90,0.597744206307
91,0.359165884293
92,0.0
93,0.258255886416
94,0.182111362563
95,0.0620293251652
96,0.160542277063
97,0.0
98,0.0955842999611
99,0.206345365746
100,0.169875686391
101,0.482911118916
102,0.28148432251
103,0.628730190013
104,0.382682974093
105,0.160798179555
106,0.235741155293
107,0.241942450476
108,0.0205327206249
109,0.254154181137
110,0.0439986708656
111,0.079937838801
112,0.495100997364
113,0.543797080319
114,0.494051609821
115,0.620577306867
116,0.436921358302
117,0.0
118,0.0
119,0.703894147477
120,0.346515477176
121,0.382881613956
122,0.299256344063
123,0.480499905068
124,0.0637805758279
125,0.0
126,0.132853004056
127,0.209025780092
128,0.733821157855
129,0.607025736568
130,0.544457579843
131,0.541581612882
132,0.6358021299
133,0.563002781993
134,0.727694234327
135,0.562158664272
136,0.584111801246
137,0.0
138,0.0
139,0.0
140,0.0
141,0.0
142,0.0
143,0.0
144,0.313821610715
145,0.654709131606
146,0.62262247411
147,0.599348261311
148,0.743153643525
149,0.615529879116
150,0.608389782135
151,0.58912026875
152,0.0974779929016
153,0.412058106776
154,0.00723483483156
155,0.215585797645
156,0.397560952756
157,0.0285649093865
158,0.381906740635
159,0.176910125461
160,0.564124185599
161,0.185187900848
162,0.713204462418
163,0.245541745558
164,0.00496810619951
165,0.0460538837571
166,0.244687151184
167,0.0
168,0.539098680112
169,0.430133679283
170,0.0515470404185
171,0.481527009941
172,0.0996637911457
173,0.296430552228
174,0.521244300961
175,0.677180292967
176,0.55826867523
177,0.113358648851
178,0.0837480543404
179,0.263236681411
180,0.426501326146
181,0.489657611408
182,0.777300947731
183,0.647313870503
184,0.480422979854
185,0.701167119598
186,0.500950247924
187,0.635883047857
188,0.605316133744
189,0.537843642116
190,0.503542534217
191,0.492370540902
192,0.262683258651
193,0.675566144989
194,0.676422414341
195,0.132201005907
196,0.0952380952381
197,0.425085467475
198,0.0327240444872
199,0.0
200,0.0
201,0.0063376065008
202,0.210336560268
203,0.097203257826
204,0.235937900559
205,0.0391799845096
206,0.585383984632
207,0.35572121666
208,0.392720770972
209,0.568743580745
210,0.525405413435
211,0.462539678102
212,0.556533257222
213,0.0
214,0.0
215,0.0
216,0.0
217,0.0
218,0.0
219,0.630055274127
220,0.0264247075963
221,0.306721342679
222,0.375834685522
223,0.452318372746
224,0.418911461194
225,0.270220943716
226,0.495232710127
227,0.588216745922
228,0.557005250798
229,0.743392762745
230,0.578343009231
231,0.292194008347
232,0.296294764853
233,0.466025499656
234,0.639099514821
235,0.113166886622
236,0.251163746854
237,0.539064688092
238,0.528145838969
239,0.372262752449
240,0.713830312102
241,0.0692615869282
242,0.688270378992
243,0.426405612871
244,0.650522673438
245,0.549684239982
246,0.0913557014815
247,0.522433304139
248,0.176501973371
249,0.0
250,0.688204776908
251,0.120902475322
252,0.314345962548
253,0.48454722285
254,0.597687242854
255,0.0232631249763
256,0.543055256201
257,0.433392758725
258,0.626073565891
259,0.548794877709
260,0.0
261,0.642655555212
262,0.433771284058
263,0.325547709406
264,0.449741182306
265,0.430410578991
266,0.608158607027
267,0.343385626826
268,0.501049738835
269,0.570207758213
270,0.324534397371
271,0.0
272,0.0
273,0.0
274,0.636983578202
275,0.725799287906
276,0.608336658681
277,0.626814719715
278,0.326494368438
279,0.26551834327
280,0.15689683713
281,0.0162453974026
282,0.0
283,0.000867680130377
284,0.0828644391157
285,0.0450987302124
286,0.311204997897
287,0.214641116724
288,0.30974118717
289,0.386775751915
290,0.632398617197
291,0.0
292,0.0
293,0.199955395779
294,0.170212765957
295,0.365249782726
296,0.133303597186
297,0.757232124914
298,0.70335956782
299,0.395598473652
300,0.252863908952
301,0.422474504149
302,0.336193122243
303,0.767248931622
304,0.566228319073
305,0.22356081317
306,0.358300991778
307,0.0253466585736
308,0.253684016343
309,0.115234216577
310,0.233945928834
311,0.168812888501
312,0.607106878302
313,0.559955243171
314,0.627718894533
315,0.48787763265
316,0.296544881673
317,0.260062859193
318,0.363827237752
319,0.0920081819604
320,0.311617848825
321,0.0704149516759
322,0.0775491027295
323,0.0
324,0.119402985075
325,0.551621921417
326,0.633418180865
327,0.583541187239
328,0.735748747676
329,0.474496013172
330,0.269871846245
331,0.126320048286
332,0.355738100131
333,0.310083989612
334,0.345635562019
335,0.437039875274
336,0.189564188544
337,0.480945837887
338,0.256597827055
339,0.406510377324
340,0.563751009697
341,0.467449902572
342,0.58529364836
343,0.256758850052
344,0.428394713266
345,0.488759299811
346,0.299724956494
347,0.46570308546
348,0.0109367839067
349,0.418105688529
350,0.196572037454
351,0.19307286603
352,0.485531589328
353,0.191183707559
354,0.0
355,0.0
356,0.312817540075
357,0.453010705177
358,0.478671036485
359,0.297388857957
360,0.256685891813
361,0.00501092601208
362,0.404442821823
363,0.455273609288
364,0.0
365,0.602695229847
366,0.107176556813
367,0.254574901285
368,0.306037058828
369,0.792847221007
370,0.586711006667
371,0.55380943485
372,0.650369891883
373,0.0
374,0.0
375,0.266877736674
376,0.422290571851
377,0.777335043204
378,0.0
379,0.349448383736
380,0.353009527516
381,0.733462590313
382,0.113662596626
383,0.0945685154644
384,0.501134506602
385,0.203243893525
386,0.106638027778
387,0.273260023683
388,0.599984084273
389,0.499569552848
390,0.61453797414
391,0.718718172042
392,0.236342215835
393,0.0
394,0.584445617758
395,0.481756763153
396,0.545791320663
397,0.367878116531
398,0.572800197995
399,0.375166996729
400,0.38744506347
401,0.0
402,0.0
403,0.0
404,0.524952492626
405,0.272914862974
406,0.361433711255
407,0.584857981096
408,0.546934774068
409,0.51798212055
410,0.49922053567
411,0.135984124525
412,0.483852312896
413,0.274286850474
414,0.405644095026
415,0.459583722135
416,0.508030576016
417,0.298379682302
418,0.280325150817
419,0.0915762067573
420,0.228007154895
421,0.362178009117
422,0.0
423,0.0
424,0.0
425,0.0
426,0.021121786196
427,0.236885043339
428,0.00400235414541
429,0.221690863744
430,0.346510519442
431,0.255499639989
432,0.0
433,0.00633046217894
434,0.450509002331
435,0.202245253788
436,0.254570834619
437,0.13484369968
438,0.0
439,0.0
440,0.0
441,0.0
442,0.0
443,0.206725672634
444,0.170983363284
445,0.345321366487
446,0.319918939152
447,0.527004264862
448,0.705370395106
449,0.414200591779
450,0.398933520307
451,0.10345523911
452,0.193008455996
453,0.267298715226
454,0.51173758141
455,0.307789810082
456,0.202688846047
457,0.0
458,0.324292732282
459,0.311449506351
460,0.0998293512681
461,0.23619236494
462,0.281172859906
463,0.385081871083
464,0.636023445821
465,0.246370876477
466,0.659227734138
467,0.424343717292
468,0.240791519941
469,0.0
470,0.0
471,0.0
472,0.0
473,0.676318082049
474,0.410966342047
475,0.355184688531
476,0.458206463179
477,0.450928368979
478,0.481350060666
479,0.327995250417
480,0.0165533834302
481,0.240730850333
482,0.0944640918951
483,0.450468297082
484,0.255150593249
485,0.0
486,0.0
487,0.0
488,0.0
489,0.0
490,0.0
491,0.0
492,0.0
493,0.0
494,0.0
495,0.0
496,0.0
497,0.0
498,0.0
499,0.0
500,0.0
501,0.0
502,0.423508305958
503,0.398427727773
504,0.080892564688
505,0.0198276439835
506,0.435590980343
507,0.396583035
508,0.537511460587
509,0.322973109207
510,0.487285947306
511,0.641068102183
512,0.530746310006
513,0.681787725298
514,0.40871400973
515,0.0
516,0.562297030891
517,0.450265728541
518,0.617901480246
519,0.492567977337
520,0.262503646546
521,0.644180678877
522,0.132665786821
523,0.404894876587
524,0.0
525,0.0
526,0.0
527,0.0285688299937
528,0.278535989344
529,0.488731955964
530,0.104052028873
531,0.525138782572
532,0.420155612333
533,0.635067594721
534,0.254882388897
535,0.163056688072
536,0.751077190465
537,0.677639943014
538,0.759366341193
539,0.717365540544
540,0.64506755197
541,0.330000706418
542,0.71342811624
543,0.565866892918
544,0.182538628059
545,0.820060023769
546,0.714951974341
547,0.729607833495
548,0.760722323532
549,0.869048154473
550,0.755151717389
551,0.713411557865
552,0.0
553,0.0
554,0.0
555,0.0
556,0.0
557,0.0
558,0.0
559,0.0
560,0.0
561,0.0
562,0.683000206841
563,0.208572207604
564,0.512082755457
565,0.667199253934
566,0.171457942335
567,0.685812355685
568,0.322624644415
569,0.683315010274
570,0.69464925649
571,0.740546729403
572,0.474430748164
573,0.677721984369
574,0.725614929697
575,0.666825056374
576,0.783299144577
577,0.761229344744
578,0.681604941985
579,0.0
580,0.746540323527
581,0.415966361559
582,0.464655128985
583,0.361122502825
584,0.450628520393
585,0.540559054212
586,0.356083710751
587,0.544155974408
588,0.328639454573
589,0.543807419992
590,0.630068180426
591,0.0
592,0.0
593,0.0
594,0.0
595,0.0
596,0.0
597,0.599706940121
598,0.285731540942
599,0.297837075283
600,0.570429728673
601,0.638726800709
602,0.673977225026
603,0.724897314251
604,0.654800914711
605,0.373368435549
606,0.344913515039
607,0.731344095716
608,0.779012487143
609,0.448509020852
610,0.0775491027295
611,0.0
612,0.334907508653
613,0.42362976388
614,0.517556322591
615,0.217671092451
616,0.692578053808
617,0.423877036702
618,0.496395552486
619,0.18995946426
620,0.432273326949
621,0.402127331616
622,0.369154612513
623,0.44930621778
624,0.0
625,0.56778394016
626,0.0
627,0.0
628,0.0
629,0.0
630,0.59235467742
631,0.328961132854
632,0.231290593315
633,0.0257426139656
634,0.237749259408
635,0.501669226191
636,0.0
637,0.635622380647
638,0.486604442555
639,0.0737864394927
640,0.534481488903
641,0.697544121556
642,0.491613490105
643,0.0924847300557
644,0.264455182032
645,0.164308860003
646,0.475491540438
647,0.693536509854
648,0.474170734348
649,0.591460364157
650,0.387699776376
651,0.481030409419
652,0.605479175193
653,0.412851570528
654,0.482712528268
655,0.0990210257943
656,0.246080348044
657,0.0
658,0.0
659,0.592930327782
660,0.242739806097
661,0.568375080568
662,0.185593071491
663,0.687865513005
664,0.442154240159
665,0.396757455026
666,0.22295295069
667,0.288696122075
668,0.0
669,0.703994227148
670,0.0
671,0.646251560929
672,0.54149537884
673,0.656524052358
674,0.721340097241
675,0.0
676,0.276385933676
677,0.186899842112
678,0.198248547797
679,0.33687120886
680,0.527631315959
681,0.441253958453
682,0.394949512032
683,0.408868855377
684,0.444302036727
685,0.517009315378
686,0.144611377807
687,0.346667389253
688,0.387612477992
689,0.366153505258
690,0.589357201381
691,0.0948396361657
692,0.377997259619
693,0.558974314575
694,0.506547208473
695,0.0
696,0.0
697,0.143009095148
698,0.252283705006
699,0.760537562255
700,0.781583135347
701,0.677871443457
702,0.374657735621
703,0.483784449561
704,0.644043251525
705,0.320002344054
706,0.245465157837
707,0.230108705667
708,0.0
709,0.0
710,0.263251553465
711,0.0
712,0.330349942992
713,0.10802522787
714,0.172008909046
715,0.310819467028
716,0.288309455248
717,0.0
718,0.0
719,0.211547012926
720,0.0
721,0.0
722,0.0
723,0.0867325491054
724,0.106638027778
725,0.0690987843549
726,0.0
727,0.0554517744448
728,0.0876620746366
729,0.13040757338
730,0.0
731,0.0
732,0.111929160528
733,0.252367388782
734,0.21094045216
735,0.121032544335
736,0.0
737,0.0
738,0.241807060333
739,0.13651198059
740,0.534552175698
741,0.0124967358223
742,0.0
743,0.517220439209
744,0.317986939485
745,0.130483665617
746,0.118825230953
747,0.559321104327
748,0.788433734027
749,0.756907231262
750,0.561476581642
751,0.649988128741
752,0.338767055861
753,0.641616224527
754,0.65987482147
755,0.521731918061
756,0.184978171012
757,0.313311369874
758,0.270285645528
759,0.221740234856
760,0.186975151089
761,0.327907520916
762,0.313135031157
763,0.702405457979
764,0.756067551205
765,0.664010374379
766,0.260573516853
767,0.170393598843
768,0.502616226933
769,0.632962592135
770,0.495915649902
771,0.516205659744
772,0.362512421069
773,0.279558267544
774,0.473337416361
775,0.39243196845
776,0.331231468597
777,0.00953659454551
778,0.417946304273
779,0.209277724652
780,0.213107826004
781,0.176882804338
782,0.0
783,0.329637949558
784,0.0417692045979
785,0.467730793788
786,0.24414189682
787,0.427561287044
788,0.0
789,0.0
790,0.0
791,0.0
792,0.00711535603849
793,0.393914614528
794,0.596980744623
795,0.211794641207
796,0.416347218851
797,0.183006742707
798,0.330927653417
799,0.247665613047
800,0.241696719115
801,0.157854302718
802,0.0437885732003
803,0.622585712057
804,0.66945601884
805,0.53692195189
806,0.253433194492
807,0.0
808,0.0736052286061
809,0.411361863134
810,0.668076027809
811,0.61964738274
812,0.591497667435
813,0.317580621361
814,0.483138308761
815,0.537678677514
816,0.506488017269
817,0.247290310223
818,0.243354492105
819,0.488220436155
820,0.161712056946
821,0.503187059885
822,0.505681912835
823,0.757368876164
824,0.570246836672
825,0.459236663082
826,0.568032705919
827,0.52795880187
828,0.790331473765
829,0.615764006388
830,0.52545714106
831,0.620274935068
832,0.369450177104
833,0.102294514014
834,0.641202555616
835,0.245885525046
836,0.497864217666
837,0.42887209036
838,0.289637819683
839,0.0
