site,dnds
1,0.00190917015204
2,0.308342992628
3,0.0
4,0.138025520744
5,0.398082783814
6,0.27520651717
7,0.480540355556
8,0.0
9,0.284742314931
10,0.0
11,0.0810966643285
12,0.4265732608
13,0.0
14,0.321638835487
15,0.426989394527
16,0.223656755012
17,0.231809124278
18,0.576364170937
19,0.466627960368
20,0.196125383155
21,0.473932496441
22,0.570867337918
23,0.0
24,0.425654739778
25,0.141144916452
26,0.370111054469
27,0.457679455909
28,0.0740740740741
29,0.0
30,0.106638027778
31,0.213091151706
32,0.126811392904
33,0.534676502799
34,0.35844941802
35,0.292715260927
36,0.2
37,0.458614378751
38,0.473020782349
39,0.494760807119
40,0.525665880562
41,0.458106808981
42,0.655066812915
43,0.668525612416
44,0.252053520204
45,0.0
46,0.0518240882662
47,0.469530823603
48,0.593950875789
49,0.614144415127
50,0.51076171424
51,0.434846996213
52,0.310069936314
53,0.382334331952
54,0.390900984919
55,0.402746777561
56,0.0496492659799
57,0.527531033114
58,0.130900597103
59,0.219945607221
60,0.701681223193
61,0.47700231458
62,0.186434612631
63,0.46147485217
64,0.409058441442
65,0.0
66,0.316764170806
67,0.0
68,0.0955315033624
69,0.0
70,0.0827638424549
71,0.0
72,0.0
73,0.272727272727
74,0.0
75,0.172189084812
76,0.0952380952381
77,0.1263858107
78,0.493927951835
79,0.460720545998
80,0.33984794287
81,0.395133048214
82,0.388839102251
83,0.0
84,0.0
85,0.0
86,0.0
87,0.0
88,0.378420675599
89,0.545955352032
90,0.253828093614
91,0.0
92,0.0
93,0.0
94,0.0
95,0.0
96,0.183619639059
97,0.199024465294
98,0.0690436973884
99,0.1897918433
100,0.198922821986
101,0.0
102,0.0
103,0.0452655023805
104,0.150915185548
105,0.0
106,0.0
107,0.0
108,0.309266122292
109,0.145952293367
110,0.0808080808081
111,0.169014084507
112,0.302503059388
113,0.0
114,0.0378831823679
115,0.464576121676
116,0.10907472943
117,0.1635718737
118,0.141031341951
119,0.127982819231
120,0.353176364484
121,0.663447903527
122,0.726623236566
123,0.623152433061
124,0.199728322351
125,0.245986789775
126,0.732648253012
127,0.638618846263
128,0.664028499418
129,0.125769466104
130,0.623262955874
131,0.709569254829
132,0.594047318699
133,0.609287152182
134,0.626782700871
135,0.73624026909
136,0.592900084783
137,0.486782550537
138,0.696155259637
139,0.771476658187
140,0.712299996729
141,0.795765655545
142,0.7393605858
143,0.673536897593
144,0.795562325087
145,0.609928938192
146,0.763463026053
147,0.480776798668
148,0.701188953961
149,0.534558108557
150,0.640078407326
151,0.399554856691
152,0.623751034197
153,0.703634183232
154,0.736853189352
155,0.72406857254
156,0.491001098486
157,0.461940737555
158,0.462280242193
159,0.500077983727
160,0.670282535336
161,0.561669915934
162,0.295582301422
163,0.473477175364
164,0.657053893155
165,0.324124693501
166,0.0
167,0.254572715138
168,0.350666987317
169,0.380527336896
170,0.461522922567
171,0.438560319449
172,0.310406016343
173,0.194583640612
174,0.0
175,0.235896852356
176,0.314048493925
177,0.33278711549
178,0.310513268349
179,0.601383739965
180,0.674421359984
181,0.205805724234
182,0.509655051613
183,0.697925994979
184,0.746819834281
185,0.414117199204
186,0.162191270907
187,0.0956065076634
188,0.613159210649
189,0.590844368253
190,0.711061327927
191,0.453584417889
192,0.631354880837
193,0.54373259375
194,0.610040755861
195,0.296270381694
196,0.739015891167
197,0.369850523011
198,0.409367511776
199,0.474675348862
200,0.36313354923
201,0.314437706593
202,0.0
203,0.0
204,0.389985692794
205,0.0
206,0.0
207,0.0
208,0.0
209,0.0
210,0.342046733469
211,0.314971869839
212,0.0203069698201
213,0.0
214,0.0303820142233
215,0.139231013646
216,0.25172509399
217,0.0835248116543
218,0.0
219,0.191029551519
220,0.211381095429
221,0.292884923065
222,0.29315794858
223,0.188897138005
224,0.0
225,0.163465464068
226,0.323409725087
227,0.631531876724
228,0.426736054587
229,0.628745552603
230,0.420065901492
231,0.738066455152
232,0.722111675238
233,0.660226252938
234,0.59381980864
235,0.509715385988
236,0.838284511624
237,0.650851722113
238,0.513658306806
239,0.0821948778434
240,0.0368604643735
241,0.0
242,0.288645185222
243,0.508888373513
244,0.558872863169
245,0.629531794637
246,0.223202177279
247,0.493154820444
248,0.181779830343
249,0.479852047672
250,0.064392817162
251,0.393217424867
252,0.37664311605
253,0.297524155277
254,0.747222954236
255,0.531535899293
256,0.772319202164
257,0.528243076038
258,0.444681656128
259,0.26556662681
260,0.551965677888
261,0.323433326568
262,0.617525903987
263,0.321350413174
264,0.575786588946
265,0.384308031782
266,0.171428571429
267,0.885168839422
268,0.205316225792
269,0.833320447923
270,0.574542769382
271,0.351533107714
272,0.687054951138
273,0.410123508741
274,0.190602003451
275,0.623164306265
276,0.668978094115
277,0.584898926672
278,0.771999462439
279,0.671179686323
280,0.598968717515
281,0.799969273676
282,0.195604608139
283,0.0
284,0.0
285,0.0
286,0.0
287,0.0
288,0.0
289,0.728290328961
290,0.672897533748
291,0.645809599707
292,0.447008790128
293,0.683052078784
294,0.568766354295
295,0.721222023935
296,0.640241605344
297,0.523910506791
298,0.64938071679
299,0.732568359534
300,0.459175928245
301,0.426735107568
302,0.567138043236
303,0.594162588926
304,0.313979488679
305,0.634105197599
306,0.681985480627
307,0.253089129833
308,0.241294404484
309,0.523495879121
310,0.582280898622
311,0.4268503429
312,0.789359660185
313,0.286184076391
314,0.536603308947
315,0.528553589698
316,0.347210605815
317,0.278125035163
318,0.810900824569
319,0.782935236144
320,0.702428293132
321,0.461906072879
322,0.0311765299347
323,0.758141934625
324,0.0
325,0.243878134687
326,0.418300152796
327,0.470495451837
328,0.017408709029
329,0.351307607473
330,0.42805376464
331,0.439173003626
332,0.032863369192
333,0.372939586952
334,0.285974256604
335,0.262043954484
336,0.345776557158
337,0.366076194201
338,0.457952219139
339,0.494415752268
340,0.349454481736
341,0.605675757397
342,0.262421294046
343,0.263703645912
344,0.619603689375
345,0.394833272369
346,0.775449791547
347,0.636570643912
348,0.821752972417
349,0.532890043838
350,0.729382538512
351,0.571145823311
352,0.777515268804
353,0.706138250574
354,0.574772188031
355,0.506492108918
356,0.751537657275
357,0.636993843045
358,0.41873685289
359,0.46271506323
360,0.692131422233
361,0.0
362,0.503848897474
363,0.675184770791
364,0.589992496416
365,0.17016153361
366,0.194922316384
367,0.640306513471
368,0.424823199178
369,0.491862618162
370,0.233371581695
371,0.1
372,0.407478377416
373,0.705527496181
374,0.589797231283
375,0.578956693161
376,0.846651960276
377,0.683604771934
378,0.649663630915
379,0.587911418832
380,0.191211212883
381,0.807709907505
382,0.641742139348
383,0.664485262314
384,0.352813842014
385,0.72443797694
386,0.678265984328
387,0.0
388,0.273127261
389,0.264651030933
390,0.514315744319
391,0.583633148498
392,0.661353524835
393,0.711107508079
394,0.240390264252
395,0.189977360631
396,0.198149041966
397,0.0
398,0.106693174944
399,0.446967172379
400,0.47498567908
401,0.741101341805
402,0.214269993396
403,0.434802199395
404,0.0
405,0.0
406,0.0
407,0.37030925003
408,0.0
409,0.0757839219136
410,0.285160483262
411,0.0848109313032
412,0.0
413,0.505354393838
414,0.200610855483
415,0.601418533359
416,0.460374723985
417,0.391595819975
418,0.172099588649
419,0.615574152515
420,0.160345557296
421,0.0
422,0.0855073411282
423,0.182669366188
424,0.271159659759
425,0.1580625272
426,0.223575724714
427,0.0203441948764
428,0.317122899556
429,0.376253069195
430,0.509842062277
431,0.437492775481
432,0.49143687486
433,0.184875579182
434,0.473816362814
435,0.546018283134
436,0.51212385594
437,0.229951770045
438,0.436627723049
439,0.573917527028
440,0.24428393175
441,0.0509511988055
442,0.391190407797
443,0.106517656851
444,0.572299795341
445,0.599800479023
446,0.266568436077
447,0.344841340539
448,0.623369219513
449,0.510261388945
450,0.199698330535
451,0.167432285014
452,0.671543183038
453,0.362256885634
454,0.0742623405041
455,0.540234258309
456,0.572901261229
457,0.101729964484
