site,dnds
1,0.0670076561614
2,0.160615070443
3,0.070121841471
4,0.528032018223
5,0.37258306612
6,0.259642267589
7,0.0
8,0.397156532583
9,0.535594081855
10,0.122859020469
11,0.160222302654
12,0.133413524596
13,0.272206796866
14,0.198662303688
15,0.306003399232
16,0.763894899352
17,0.73219814742
18,0.506008424382
19,0.293704768015
20,0.235472253354
21,0.38554716279
22,0.351068509165
23,0.296389341856
24,0.765624819867
25,0.379286625652
26,0.490195821549
27,0.596669260648
28,0.141031341951
29,0.0
30,0.354240621925
31,0.508085526974
32,0.211744919098
33,0.282578420816
34,0.367267512194
35,0.0
36,0.114928924766
37,0.489497197713
38,0.413082363181
39,0.438595852102
40,0.539783251675
41,0.610273031251
42,0.321036784357
43,0.317469892983
44,0.0338840075706
45,0.370681924216
46,0.297622518207
47,0.248689214486
48,0.12010434535
49,0.227612663178
50,0.586588344267
51,0.678047626334
52,0.330580795807
53,0.125
54,0.0
55,0.0
56,0.108124028829
57,0.0
58,0.132776341132
59,0.0
60,0.0
61,0.0
62,0.0
63,0.0
64,0.0
65,0.0
66,0.0803862650245
67,0.0
68,0.0
69,0.0
70,0.0
71,0.168918456716
72,0.444986652409
73,0.483573010259
74,0.453835599301
75,0.109925352893
76,0.149228523305
77,0.140641405245
78,0.346881431505
79,0.0354527887165
80,0.137482033603
81,0.0
82,0.0
83,0.0
84,0.0
85,0.0
86,0.0
87,0.0
88,0.0725504882023
89,0.145378402315
90,0.140344559798
91,0.0953766922412
92,0.0
93,0.185637317436
94,0.0
95,0.0
96,0.352466511953
97,0.0
98,0.0
99,0.0680500880741
100,0.500138902058
101,0.0
102,0.324816662991
103,0.254533255933
104,0.134899473774
105,0.225955931026
106,0.226793823585
107,0.112023786757
108,0.227299094207
109,0.582595647854
110,0.0
111,0.0
112,0.559872585448
113,0.141726125052
114,0.0
115,0.0
116,0.0401068104501
117,0.342243012631
118,0.387049752421
119,0.293965780015
120,0.00370150467728
121,0.223129892685
122,0.0912628375281
123,0.170212765957
124,0.00235789118121
125,0.0
126,0.0
127,0.0
128,0.0
129,0.0
130,0.0
131,0.0
132,0.0
133,0.0
134,0.0
135,0.0
136,0.0
137,0.0604740709359
138,0.200010359356
139,0.106194690265
140,0.101281779808
141,0.199368464171
142,0.00582478489479
143,0.0
144,0.0160646304076
145,0.0875639985242
146,0.0507642661418
147,0.00688543747144
148,0.457037442952
149,0.169438905828
150,0.515224262365
151,0.128550536063
152,0.196522660159
153,0.205071963122
154,0.378545988773
155,0.00543556434181
156,0.0
157,0.251155252153
158,0.0
159,0.0
160,0.0
161,0.0
162,0.0
163,0.0
164,0.0
165,0.0
166,0.0
167,0.0
168,0.0
169,0.0
170,0.0
171,0.0
172,0.0
173,0.0
174,0.00581727107847
175,0.0203131916139
176,0.377929843775
177,0.656292972072
178,0.352980463413
179,0.542966523287
180,0.64079730557
181,0.249850481563
182,0.619506732057
183,0.0797636278246
184,0.0363636363636
185,0.326389817939
186,0.43718632893
187,0.0
188,0.0
189,0.0
190,0.211547012926
191,0.199955395779
192,0.0
193,0.0
194,0.0
195,0.200951104094
196,0.635232809335
197,0.572519375742
198,0.289215345807
199,0.39323294993
200,0.660224764135
201,0.650779579361
202,0.0618420676445
203,0.367505372091
204,0.27073251716
205,0.23607411533
206,0.0
207,0.158244499624
208,0.522107394884
209,0.0
210,0.0
211,0.0
212,0.0
213,0.0
214,0.0
215,0.409889999088
216,0.153831258427
217,0.156634066564
218,0.412520412141
219,0.367836425506
220,0.0969427489157
221,0.327176942424
222,0.210023075365
223,0.0845956038719
224,0.0
225,0.0
226,0.0
227,0.0117488658208
228,0.346093009825
229,0.0877187644548
230,0.0422596144184
231,0.0
232,0.128876186786
233,0.0150287357701
234,0.116792133646
235,0.454760825476
236,0.197800550264
237,0.275174681244
238,0.250435783695
239,0.30921084265
240,0.162103806408
241,0.222477289371
242,0.300988942316
243,0.0900521320404
244,0.132521284746
245,0.427594137088
246,0.122618404598
247,0.080235133148
248,0.196720926508
249,0.466506568864
250,0.153972077084
251,0.125594440059
252,0.0
253,0.235416919
254,0.0
255,0.126718772383
256,0.207503857489
257,0.0921440642482
258,0.0772604507802
259,0.0
260,0.0698971946783
261,0.137730001244
262,0.156241510261
263,0.206634039319
264,0.182459298649
265,0.0957145698767
266,0.0210631224991
267,0.0
268,0.154841288617
269,0.215756108115
270,0.0
271,0.167184273743
272,0.0908091402892
273,0.230305577242
274,0.358955078157
275,0.0956065076634
276,0.237652768716
277,0.317457157034
278,0.13451969222
279,0.105491080556
280,0.418543624435
281,0.156125267475
282,0.354269797688
283,0.361383266517
284,0.394458157348
285,0.359888516152
286,0.785245818424
287,0.621139450584
288,0.52358040141
289,0.368080999559
290,0.314373887476
291,0.219134312829
292,0.235760196189
293,0.682104133891
294,0.627301733477
295,0.628720499185
296,0.196852478167
297,0.703567520505
298,0.303965697817
299,0.249855697593
300,0.757487339042
301,0.778210623143
302,0.349834126572
303,0.268484804382
304,0.588125603969
305,0.203193502874
306,0.531204771018
307,0.296438750026
308,0.651333916717
309,0.17973369152
310,0.214380456095
311,0.503189375142
312,0.506080703571
313,0.0204494278014
314,0.0
315,0.0
316,0.0
317,0.289479944057
318,0.0
319,0.589619004994
320,0.562686493101
321,0.140878559721
322,0.0
323,0.0
324,0.126465408948
325,0.389094980704
326,0.218697047336
327,0.0
328,0.0
329,0.599526827133
330,0.23585357448
331,0.268508683326
332,0.0908946479767
333,0.254996102058
334,0.593819011296
335,0.183561104702
336,0.050295002645
337,0.147871398519
338,0.0660140171962
339,0.0
340,0.321071380616
341,0.0
342,0.183619639059
343,0.0
344,0.24427480916
345,0.0733006069471
346,0.466558434431
347,0.231705827719
348,0.0
349,0.0
350,0.133303597186
351,0.108124028829
352,0.0
353,0.0
354,0.166666666667
355,0.196254770624
356,0.260103290356
357,0.275801248957
358,0.340745103304
359,0.0583919609592
360,0.00957003428659
361,0.0
362,0.0
363,0.0
364,0.0
365,0.0
366,0.0263757213347
367,0.0
368,0.0
369,0.0
370,0.135370491117
371,0.00236447357457
372,0.159716975784
373,0.068712675938
374,0.247167522148
375,0.00559491183181
376,0.448172812822
377,0.456805639759
378,0.226320098403
379,0.582114951814
380,0.528365049225
381,0.231953167632
382,0.583500800618
383,0.628167653454
384,0.697858986276
385,0.349057595364
386,0.506649927357
387,0.453242180466
388,0.472098093686
389,0.472667798423
390,0.56904712023
391,0.419722095429
392,0.588183499007
393,0.267211712623
394,0.417762856202
395,0.451128041708
396,0.359552413038
397,0.491709209706
398,0.660510721288
399,0.66339621529
400,0.567914928
401,0.79671529496
402,0.694184344587
403,0.652265679409
404,0.502263259942
405,0.63092553976
406,0.632025160616
407,0.713536787493
408,0.262579537589
409,0.250514970451
410,0.245400516846
411,0.403335155277
412,0.178123447297
413,0.525696173037
414,0.322993583578
415,0.142724029961
416,0.0435754052515
417,0.0117656345005
418,0.153055328897
419,0.481872151731
420,0.351095591934
421,0.19797906291
422,0.410385424707
423,0.633099797525
424,0.554082824947
425,0.121087795044
426,0.52057291277
427,0.640523190843
428,0.39507262753
429,0.28246641048
430,0.730758657268
431,0.394510517675
432,0.142525615399
433,0.315529262657
434,0.3805284966
435,0.180486783739
436,0.275596991702
437,0.236668639404
438,0.280639841362
439,0.529303268267
440,0.0
441,0.0357753383515
442,0.302388595229
443,0.165583316959
444,0.334102015274
445,0.672180182837
446,0.50212822226
447,0.425428086506
448,0.494999353228
449,0.475588810132
450,0.412441901767
451,0.559459397148
452,0.0791000847841
453,0.166877816
454,0.201375582204
455,0.636245555642
456,0.557648502504
457,0.385003526164
458,0.682234806651
459,0.726418242563
460,0.467017856694
461,0.7156294404
462,0.670944996705
463,0.672116153793
464,0.562225863972
465,0.580197054465
466,0.408371932402
467,0.678440008516
468,0.055218153968
469,0.0
470,0.0182214701601
471,0.359404038519
472,0.180522294365
473,0.518713825416
474,0.621995385495
475,0.383583632342
476,0.280435533907
477,0.274868670233
478,0.0724859796664
479,0.258482556733
480,0.298617647885
481,0.736938805696
482,0.791826255689
483,0.677789221996
484,0.0
485,0.0
486,0.0
487,0.0
488,0.0
489,0.0
490,0.0
491,0.0
492,0.0
493,0.0
494,0.567536175631
495,0.456695844276
496,0.645038366922
497,0.76746979996
498,0.0173075619946
499,0.599496940696
500,0.741841616081
501,0.195298244932
502,0.246369244217
503,0.177041514348
504,0.258911039922
505,0.604296872764
506,0.0336331009132
507,0.574302819578
508,0.596545322062
509,0.772772420382
510,0.32412233135
511,0.209102610904
512,0.630580065449
513,0.279371109112
514,0.386412999852
515,0.421468862911
516,0.488361707794
517,0.538648171708
518,0.640568882174
519,0.476588665968
520,0.495572547498
521,0.497432835377
522,0.729776128724
523,0.0790628330153
524,0.718389108255
525,0.664774418594
526,0.316231644637
527,0.71912605144
528,0.761687166288
529,0.487724475732
530,0.331440346733
531,0.306020200229
532,0.496125562916
533,0.0
534,0.354608993194
535,0.124831518011
536,0.345720250041
537,0.32120341765
538,0.0566619518511
539,0.349296836268
540,0.179793314076
541,0.432714576548
542,0.481528946119
543,0.141471053964
544,0.580026323315
545,0.513163813901
546,0.666403665833
547,0.649672949354
548,0.609267658085
549,0.682102947784
550,0.692784683212
551,0.468709666464
552,0.455476998795
553,0.574671337509
554,0.598120825263
555,0.732122218339
556,0.289561608222
557,0.466256432171
558,0.264352943327
559,0.340851618257
560,0.41181650085
561,0.253516082312
562,0.0816347501307
563,0.0326320481783
564,0.552792212868
565,0.611368025424
566,0.546253140393
567,0.154352657608
568,0.471372504378
569,0.076715619908
570,0.109047822455
571,0.226929127715
572,0.204526590384
573,0.605153277201
574,0.418938164217
575,0.354076958376
576,0.40175359581
577,0.758357660917
578,0.636362735833
579,0.672597570359
580,0.652438962843
581,0.586610439836
582,0.535483072117
583,0.653647394974
584,0.743868870105
585,0.502109278799
586,0.373715797159
587,0.672960565746
588,0.67768602407
589,0.545641830994
590,0.752409121367
591,0.818150048627
592,0.730388960289
593,0.541702897838
594,0.771975162884
595,0.426372925299
596,0.42614395628
597,0.545278173392
598,0.620883094558
599,0.590526143146
600,0.684642832183
601,0.613196797829
602,0.404677956908
603,0.495792393074
604,0.435725743724
605,0.408836683545
606,0.240875672236
607,0.373228725529
608,0.137411182331
609,0.404429591731
610,0.217061210659
611,0.358463166103
612,0.25410615404
613,0.213309859024
614,0.301365528159
615,0.417406604763
616,0.127409275933
617,0.0335888255909
618,0.140917667929
619,0.242346173427
620,0.368792823682
621,0.182445079231
622,0.0894383458787
623,0.716512169672
624,0.700715642083
625,0.464661681774
626,0.415583997097
627,0.395752696189
628,0.106583870629
629,0.396651688319
630,0.504787429451
631,0.576375749174
632,0.112138771139
633,0.0722437218339
634,0.0
635,0.639171031121
636,0.436626980012
637,0.447738764866
638,0.582703259557
639,0.494385296824
640,0.277146940457
641,0.545055211391
642,0.605908172761
643,0.711908986006
644,0.136882151937
645,0.264276643074
646,0.191445444156
647,0.481652780005
648,0.484329893811
649,0.572157814729
650,0.0576935807265
651,0.366187637803
652,0.547082070436
653,0.253440790372
654,0.416763166668
655,0.0858862271228
656,0.324724242116
657,0.250692066806
658,0.144104404517
659,0.345666061258
660,0.343990588423
661,0.268020300767
662,0.174831515324
663,0.490418560564
664,0.436151453736
665,0.586451979742
666,0.646155696624
667,0.0722881934484
668,0.506082264294
669,0.383542187378
670,0.464537083641
671,0.0716703787691
672,0.683479389837
673,0.741836344805
674,0.0859064899685
675,0.551651769931
676,0.605684947524
677,0.0947026382863
678,0.26538160419
679,0.43073236329
680,0.124371202491
681,0.670911728005
682,0.147144147965
683,0.36668347173
684,0.699067846436
685,0.469958685783
686,0.110101778967
687,0.0
688,0.396959806306
689,0.643623155477
690,0.329484917608
691,0.690624697054
692,0.758078920562
693,0.600053044461
694,0.633592733345
695,0.546236847883
696,0.297642551164
697,0.0
698,0.0
699,0.0
700,0.0
701,0.326157209749
702,0.320232292914
703,0.330415635552
704,0.60905676065
705,0.245778799899
706,0.465589367271
707,0.400153057571
708,0.194389152513
709,0.786956450892
710,0.339049534184
711,0.541702253141
712,0.618122151819
713,0.683733609509
714,0.666053551705
715,0.35726828716
716,0.655096732155
717,0.65758640435
718,0.403415319729
719,0.393306186368
720,0.53279359492
721,0.595810199533
722,0.126988796438
723,0.250276463477
724,0.373823965197
725,0.430705058377
726,0.336567506735
727,0.164152433026
728,0.380071990776
729,0.155402754688
730,0.219424879072
731,0.0
732,0.227703275076
733,0.508654086087
734,0.0
735,0.0
736,0.43309070542
737,0.306228432368
738,0.0412796453698
739,0.0507593373072
740,0.13940533001
741,0.540596094966
742,0.0
743,0.0
744,0.0
745,0.0
746,0.0
747,0.0
748,0.130048010888
749,0.194851019658
750,0.495731048316
751,0.417132591026
752,0.241555076997
753,0.498612616351
754,0.512005801723
755,0.0
756,0.0
757,0.0
758,0.0
759,0.534880104271
760,0.300585655453
761,0.507020269634
762,0.128045814665
763,0.616313664076
764,0.469665232855
765,0.591355397664
766,0.618699793939
767,0.606358289143
768,0.134204350657
769,0.631511376867
770,0.627416475932
771,0.193894000465
772,0.0
773,0.0
774,0.0204081632653
775,0.0369404732938
776,0.452205885073
777,0.575849723291
778,0.573870955894
779,0.573926778663
780,0.452173174648
781,0.186969844406
782,0.643053928993
783,0.409650764475
784,0.663617927483
785,0.0
786,0.0
787,0.0
788,0.0
789,0.0
790,0.0
791,0.0
792,0.0
793,0.0
794,0.0
795,0.0
796,0.0
797,0.0
798,0.0
799,0.0
800,0.0
801,0.0
802,0.0
803,0.099173553719
804,0.156889128347
805,0.288645185222
806,0.225440344203
807,0.274405511619
808,0.379450507171
809,0.0745380804356
810,0.578803731631
811,0.677866290371
812,0.614366663769
813,0.362008542153
814,0.255849845918
815,0.0
816,0.40978983845
817,0.541061309028
818,0.650961391414
819,0.363640171427
820,0.451858863603
821,0.0660140171962
822,0.16195078755
823,0.606757405192
824,0.43967108466
825,0.377666395903
826,0.554693052414
827,0.22157161189
828,0.465457838553
829,0.320117751936
830,0.340487651256
831,0.552378857584
832,0.343056130163
833,0.00661219950344
834,0.523882025948
835,0.527689522751
836,0.282862953139
837,0.516956579631
838,0.138772078569
839,0.0373269435135
840,0.142986439876
841,0.101584012993
842,0.199123469721
843,0.359473563396
844,0.284772685323
845,0.32017731827
846,0.3672884612
847,0.41548337837
848,0.374099907021
849,0.427614500005
850,0.518484909334
851,0.191990497049
852,0.367706027954
853,0.308741429603
854,0.324483220627
855,0.327823217198
856,0.472400526814
857,0.34202961251
858,0.374564799553
859,0.146974452046
860,0.4204892087
861,0.396040971006
862,0.308079132621
863,0.343033339711
864,0.436301580876
865,0.138788152487
866,0.0
867,0.0
868,0.0
869,0.0
870,0.0
871,0.0
872,0.0
873,0.0
874,0.0
875,0.0
876,0.0
877,0.0
878,0.0
879,0.0
880,0.0
881,0.0
882,0.0
883,0.0
884,0.0
885,0.0
886,0.0
887,0.0
888,0.0
889,0.0
890,0.0
891,0.0
892,0.0
893,0.029344366278
894,0.0
895,0.0984197926937
896,0.0642158415955
897,0.020585360761
898,0.389568368721
899,0.262338983287
900,0.0
901,0.0
902,0.0
903,0.0
904,0.0
905,0.0
906,0.0
907,0.208498114803
908,0.0231934653041
909,0.458540045403
910,0.483254697557
911,0.229452744035
912,0.273456208156
913,0.565081633764
914,0.304108361869
915,0.529570778987
916,0.547573496272
917,0.50899531192
918,0.0486902587456
919,0.0
920,0.444289087197
921,0.618371732786
922,0.0783347280204
923,0.483850302174
924,0.351133670335
925,0.427785397499
926,0.348403516532
