site,dnds
1,0.124752619325
2,0.320795912058
3,0.268127740656
4,0.00236447357457
5,0.248342588238
6,0.384080010126
7,0.226448230016
8,0.37840365048
9,0.280918399099
10,0.0
11,0.131702835346
12,0.662078508485
13,0.082395567839
14,0.432952566937
15,0.197442707209
16,0.0
17,0.142273749031
18,0.192956478397
19,0.230320473587
20,0.288007963624
21,0.239727154309
22,0.253542661822
23,0.351666174407
24,0.0976924641019
25,0.310287004609
26,0.422942939647
27,0.385297956132
28,0.54364418139
29,0.0
30,0.0
31,0.0
32,0.0
33,0.0
34,0.303505632976
35,0.37967234855
36,0.0
37,0.050983672695
38,0.208122639908
39,0.0
40,0.0
41,0.138965222302
42,0.0
43,0.277974774295
44,0.0
45,0.0
46,0.0
47,0.340681592728
48,0.0936400186789
49,0.25309828094
50,0.0
51,0.237530619924
52,0.0197915790391
53,0.0989748647511
54,0.296212072156
55,0.0782942030912
56,0.488284327026
57,0.0
58,0.34380535646
59,0.0746415991135
60,0.0182408805847
61,0.0474584683851
62,0.392620106795
63,0.331160341318
64,0.389784524558
65,0.31141872877
66,0.340159633493
67,0.309901736196
68,0.308219758003
69,0.422664997541
70,0.3291345255
71,0.0
72,0.0
73,0.46593053768
74,0.0
75,0.427845493275
76,0.372376832736
77,0.381657853699
78,0.449367637763
79,0.435900580537
80,0.225315575562
81,0.0
82,0.516093586013
83,0.492722078954
84,0.0603867176733
85,0.256758373611
86,0.0251129108818
87,0.369234694964
88,0.00476631048223
89,0.455170063373
90,0.292868070594
91,0.00236447357457
92,0.451837527766
93,0.354044935467
94,0.383916214167
95,0.515833982252
96,0.103523006325
97,0.319283940313
98,0.0695502551387
99,0.30012046304
100,0.544336036556
101,0.51895516479
102,0.453485783671
103,0.416351008558
104,0.510005209696
105,0.406332562847
106,0.565653710303
107,0.79811056813
108,0.519185839437
109,0.426204193791
110,0.671102332939
111,0.553920057259
112,0.479450551882
113,0.466026968496
114,0.616748858338
115,0.559155924516
116,0.335874399323
117,0.411688161219
118,0.735723171486
119,0.637497552
120,0.14348723652
121,0.458683643925
122,0.0077011318649
123,0.502742047515
124,0.228185601881
125,0.545311713408
126,0.0
127,0.265161810481
128,0.0063376065008
129,0.194241291602
130,0.0711271200526
131,0.164973944439
132,0.0157457521971
133,0.00451996229571
134,0.286254695842
135,0.0242497194281
136,0.261027172923
137,0.369350321377
138,0.0
139,0.241982824666
140,0.149264187655
141,0.0093794793855
142,0.015407115799
143,0.244805456457
144,0.0281036892956
145,0.0
146,0.0
147,0.344383863035
148,0.00235789118121
149,0.287392369414
150,0.19052394152
151,0.201861358733
152,0.144159684312
153,0.113917631187
154,0.351221592608
155,0.483685044026
156,0.0193932703049
157,0.642311117362
158,0.194299748876
159,0.360946563179
160,0.166249125671
161,0.368500773216
162,0.508051249439
163,0.318781857742
164,0.624870896087
165,0.523275602508
166,0.435786525266
167,0.513777616525
168,0.494911797412
169,0.495243877317
170,0.512972486519
171,0.114403568117
172,0.541720467223
173,0.304558651472
174,0.192831867565
175,0.569390373584
176,0.597362511953
177,0.0333043690359
178,0.475175646642
179,0.457178267949
180,0.43061175939
181,0.33789161653
182,0.602411924862
183,0.741957476311
184,0.542110546736
185,0.548672023027
186,0.508460024022
187,0.699920662916
188,0.69623082318
189,0.326132518876
190,0.503495871864
191,0.0
192,0.106638027778
193,0.0
194,0.0
195,0.506105066526
196,0.559066894839
197,0.453761790076
198,0.430569360765
199,0.218922708493
200,0.508366835355
201,0.0
202,0.0776872020693
203,0.0393861640817
204,0.0
205,0.00394176903121
206,0.0111403658795
207,0.132231591033
208,0.0
209,0.205361496498
210,0.139016700083
211,0.33739396474
212,0.511335677555
213,0.0325147955445
214,0.217140782395
215,0.0728065329423
216,0.319328046696
217,0.37687055781
218,0.0755770183206
219,0.0837809778857
220,0.170653924479
221,0.179159555894
222,0.150941124358
223,0.0773546801478
224,0.257156915245
225,0.60521785662
226,0.573408786421
227,0.0
228,0.333503247639
229,0.0
230,0.235377809329
231,0.547492638237
232,0.28796981084
233,0.289317536248
234,0.682205437461
235,0.252417682524
236,0.683043984873
237,0.528752799443
238,0.486081718299
239,0.577241645544
240,0.265212819321
241,0.0
242,0.0
243,0.50452694186
244,0.323155039679
245,0.357940700665
246,0.394872385164
247,0.47233721642
248,0.0
249,0.323923167141
250,0.511188160264
251,0.604430154812
252,0.577082720701
253,0.806869198085
254,0.48486399401
255,0.380504417239
256,0.428612046571
257,0.293004278699
258,0.612525536785
259,0.375361285107
260,0.41715531972
261,0.300784565172
262,0.480395506613
263,0.514301648432
264,0.0
265,0.0742657693457
266,0.605637374025
267,0.170212765957
268,0.237053237981
269,0.301704123868
270,0.696178595807
271,0.56860776363
272,0.633013169813
273,0.495336904187
274,0.443431082371
275,0.257644726855
276,0.10971993168
277,0.0932733504377
278,0.0
279,0.0448413179048
280,0.0332614387032
281,0.0491454025845
282,0.0
283,0.313566581682
284,0.136395893206
285,0.0831747869185
286,0.707485472933
287,0.582803115582
288,0.277712289991
289,0.578757396312
290,0.209065905438
291,0.470045516046
292,0.303352066314
293,0.627583799588
294,0.433661214165
295,0.522126871708
296,0.736100602417
297,0.547201574912
298,0.407656503243
299,0.271369721854
300,0.566956864121
301,0.447137288354
302,0.683713905559
303,0.476416663938
304,0.646933568892
305,0.0
306,0.621690402425
307,0.684102549806
308,0.181818181818
309,0.774363569982
310,0.570827632224
311,0.658523794568
312,0.45450381009
313,0.512871583282
314,0.631985253504
315,0.311481474816
316,0.0
317,0.219016419446
318,0.638685127402
319,0.534173756266
320,0.73727060879
321,0.79734501856
322,0.0
323,0.0
324,0.0
325,0.0
326,0.0
327,0.0
328,0.0
329,0.0
330,0.0
331,0.714678073711
332,0.829420454563
333,0.838968817341
334,0.847571420165
335,0.69674256805
336,0.779648475466
337,0.717553438904
338,0.870885564039
339,0.766663647703
340,0.768499843143
341,0.713228195445
342,0.766224934991
343,0.689245184877
344,0.432321150294
345,0.437396614227
346,0.537464987874
347,0.437313612473
348,0.0609360158734
349,0.430557655366
350,0.463012704299
351,0.448680249571
352,0.462982859345
353,0.472216432448
354,0.45965487293
355,0.546698709303
356,0.507556641334
357,0.423499234159
358,0.401727167537
359,0.278052741846
360,0.248214118524
361,0.570262897637
362,0.457731449682
363,0.19148252605
364,0.523659105291
365,0.580759238794
366,0.392372458564
367,0.213153587674
368,0.491244963465
369,0.410467568913
370,0.225352112676
371,0.208511886987
372,0.17223293527
373,0.0843036585975
374,0.141184948003
375,0.344005164148
376,0.126936109353
377,0.124303114842
378,0.373717444366
379,0.362980694461
380,0.477321933611
381,0.704846633803
382,0.646784270033
383,0.551142713379
384,0.222580091917
385,0.143296934461
386,0.445957078034
387,0.111723283593
388,0.309380467849
389,0.0
390,0.257566520877
391,0.0995921662972
392,0.287273660726
393,0.620542183133
394,0.249904277131
395,0.447112507097
396,0.16817390391
397,0.466952306103
398,0.219794503606
399,0.0
400,0.0
401,0.0
402,0.0
403,0.241094671499
404,0.0
405,0.539178159368
406,0.543058233227
407,0.739333855563
408,0.646890820262
409,0.614253498799
410,0.592206943171
411,0.507399652719
412,0.338828794354
413,0.605085912974
414,0.587614223751
415,0.520167265739
416,0.561507820147
417,0.782184145179
418,0.429565952936
419,0.290463264559
420,0.172279974934
421,0.640866913402
422,0.141657764898
423,0.369939884317
424,0.453662717622
425,0.506495767241
426,0.782408996958
427,0.682982046522
428,0.419343316696
429,0.489326875119
430,0.407057065174
431,0.25803770574
432,0.250165824323
433,0.311457970587
434,0.0
435,0.0
