site,dnds
1,0.0375991821258
2,0.312530049988
3,0.304898685136
4,0.263263113064
5,0.297947255402
6,0.327985381244
7,0.0
8,0.208900407626
9,0.0063376065008
10,0.0
11,0.0546752142079
12,0.0
13,0.0
14,0.0
15,0.00677994344356
16,0.00156348997439
17,0.0423074053551
18,0.480061239593
19,0.509551454867
20,0.229603444183
21,0.427736504565
22,0.460045936672
23,0.485161516914
24,0.239543790901
25,0.490334203727
26,0.14228080405
27,0.147379620004
28,0.212414575507
29,0.0713126215193
30,0.0485795529889
31,0.0
32,0.0
33,0.0047532048756
34,0.262856804061
35,0.181026940456
36,0.0
37,0.235533870195
38,0.0425138946526
39,0.3169880816
40,0.135732110741
41,0.403243810201
42,0.234412369503
43,0.0885272007698
44,0.208792333615
45,0.147133061767
46,0.0
47,0.394856374431
48,0.306727442248
49,0.0470112485497
50,0.0806230957967
51,0.437006624417
52,0.254955954225
53,0.123544286535
54,0.104684268168
55,0.337384805213
56,0.0
57,0.484919654085
58,0.0
59,0.00821313130092
60,0.13768879763
61,0.0
62,0.227472134426
63,0.374255445583
64,0.175783744455
65,0.213074363396
66,0.401858517061
67,0.342485273794
68,0.264337178451
69,0.433467200183
70,0.331253456683
71,0.0276495257752
72,0.147871398519
73,0.414394507726
74,0.60436695814
75,0.365023978009
76,0.355215992176
77,0.0570059502287
78,0.0837092947232
79,0.520247249441
80,0.0
81,0.475948053733
82,0.00816983793146
83,0.106323143155
84,0.386976625765
85,0.0935876291248
86,0.0
87,0.0
88,0.0463751072042
89,0.0
90,0.0
91,0.0809551768752
92,0.333405014481
93,0.576136106956
94,0.0
95,0.0111681319534
96,0.365837683527
97,0.22899845716
98,0.0870999774905
99,0.394003436142
100,0.650697659341
101,0.497196269658
102,0.0977794863248
103,0.630950217636
104,0.0
105,0.542423447089
106,0.556163115292
107,0.274501437558
108,0.68086967663
109,0.567277970353
110,0.361427774409
111,0.0878789138564
112,0.527173793619
113,0.167236988787
114,0.298953526083
115,0.328680519055
116,0.405313509531
117,0.534224616624
118,0.0527600290465
119,0.22999304963
120,0.474762068298
121,0.351397210862
122,0.573852863088
123,0.289097412443
124,0.44854945108
125,0.568466823214
126,0.0
127,0.376711300393
128,0.429288622817
129,0.0129277212271
130,0.0
131,0.186636171776
132,0.397920769127
133,0.0161051179103
134,0.544213734321
135,0.640988952014
136,0.128552424679
137,0.123625507524
138,0.069899871157
139,0.290865543493
140,0.317760141667
141,0.104644939209
142,0.0350315724654
143,0.453223343724
144,0.579555117787
145,0.207232028113
146,0.334568136171
147,0.114185407933
148,0.19938768078
149,0.211378580816
150,0.383355536747
151,0.341997357766
152,0.10115775462
153,0.248312040296
154,0.0
155,0.0446469061845
156,0.594581139298
157,0.0209395124155
158,0.10349839402
159,0.37083388532
160,0.036436688969
161,0.453540534995
162,0.250247502387
163,0.259393562789
164,0.192301974686
165,0.0
166,0.421220234282
167,0.0
168,0.0167614814978
169,0.471975749594
170,0.203821394561
171,0.0
172,0.244575853224
173,0.152733800319
174,0.194601206256
175,0.563444244614
176,0.538715818214
177,0.0
178,0.0949727605988
179,0.601657092876
180,0.200831950635
181,0.131569043635
182,0.497670268658
183,0.530630983694
184,0.185680792366
185,0.132207129618
186,0.381792951811
187,0.0200918322686
188,0.154046639244
189,0.296756936268
190,0.40670409961
191,0.149682115182
192,0.0
193,0.596772044408
194,0.298242056387
195,0.0864700988756
196,0.0508637606342
197,0.31341653119
198,0.131406718645
199,0.241094671499
200,0.200951104094
201,0.319314718056
202,0.549918581712
203,0.433864572367
204,0.0
205,0.206290271845
206,0.457480845004
207,0.278380566341
208,0.532008079314
209,0.637519832417
210,0.242663982354
211,0.235259859401
212,0.116793868939
213,0.482932747052
214,0.433341213482
215,0.45761741906
216,0.355515425347
217,0.479705354993
218,0.55532858304
219,0.0855464875516
220,0.284752102989
221,0.527250068021
222,0.467150033135
223,0.27293567357
224,0.701388679066
225,0.56997410868
226,0.396332735676
227,0.256795750007
228,0.456797683619
229,0.492386775474
230,0.543009381445
231,0.570576854688
232,0.152783204827
