site,dnds
1,0.0
2,0.0
3,0.0
4,0.0
5,0.0
6,0.0
7,0.0
8,0.0
9,0.0
10,0.216934040367
11,0.184004356019
12,0.192359480577
13,0.421739538753
14,0.43181363364
15,0.3825732891
16,0.472415434907
17,0.540094498074
18,0.468824460873
19,0.278246968313
20,0.473377905444
21,0.0
22,0.711355766512
23,0.328209077687
24,0.0
25,0.0
26,0.0
27,0.0
28,0.0
29,0.0
30,0.0502589469877
31,0.58024004562
32,0.0588989610454
33,0.0531586591291
34,0.134071812015
35,0.0370318748989
36,0.15839880145
37,0.139903145315
38,0.490583687131
39,0.0536680685123
40,0.0
41,0.264619857864
42,0.31615593803
43,0.458249703007
44,0.0
45,0.0
46,0.0666517985931
47,0.214285714286
48,0.175390230562
49,0.0
50,0.0
51,0.142857142857
52,0.0
53,0.0
54,0.0963481445009
55,0.144771326619
56,0.0
57,0.684906917222
58,0.39470300534
59,0.0155630320926
60,0.549206184629
61,0.0
62,0.0283998696781
63,0.641193573833
64,0.569063955215
65,0.0
66,0.0
67,0.0
68,0.0
69,0.0
70,0.0
71,0.0
72,0.0
73,0.0
74,0.31821873189
75,0.0
76,0.107211299018
77,0.360679233645
78,0.166666666667
79,0.0463388694981
80,0.400717981191
81,0.0523129947592
82,0.0951378483121
83,0.202734257125
84,0.0524068110006
85,0.199389676919
86,0.114775123061
87,0.200205137475
88,0.0
89,0.171861058127
90,0.0
91,0.0
92,0.0
93,0.0
94,0.0680500880741
95,0.0
96,0.0616130827164
97,0.203606161317
98,0.612600897735
99,0.673774934321
100,0.578837354232
101,0.683280987972
102,0.334095763754
103,0.292090564569
104,0.470349737733
105,0.471144885542
106,0.587153517152
107,0.510691952287
108,0.434544207331
109,0.682137849974
110,0.10021139142
111,0.194703810919
112,0.531565746788
113,0.389854100588
114,0.0875004406828
115,0.237852181506
116,0.455724128824
117,0.441764388563
118,0.434472901015
119,0.102898849433
120,0.176030626867
121,0.611349452483
122,0.295106853486
123,0.591652105336
124,0.362520898637
125,0.433810320248
126,0.521117936245
127,0.518717969488
128,0.58581533222
129,0.643762613563
130,0.34523147683
131,0.7124430048
132,0.249691409853
133,0.278952634656
134,0.610543254513
135,0.61222558104
136,0.329968306588
137,0.0
138,0.0
139,0.0
140,0.0
141,0.0
142,0.0
143,0.0
144,0.0
145,0.0701921195504
146,0.0
147,0.0
148,0.0579235868726
149,0.0
150,0.281194877841
151,0.181818181818
152,0.0
153,0.161252112434
154,0.125533995252
155,0.155619339792
156,0.116152841093
157,0.3247175981
158,0.171424669325
159,0.548830553583
160,0.666967962401
161,0.439866056739
162,0.273612708376
163,0.688825539076
164,0.691874038355
165,0.166931445609
166,0.474920868091
167,0.67944288832
168,0.0997985356014
169,0.773254054295
170,0.430349918248
171,0.522176876453
172,0.682135901318
173,0.687206440481
174,0.433057214356
175,0.595357220765
176,0.723343042111
177,0.655034841284
178,0.550398921432
179,0.279491227428
180,0.720339917224
181,0.633707091373
182,0.42882398645
183,0.408490721745
184,0.543737309861
185,0.412209809859
186,0.242742029926
187,0.658235749752
188,0.606499771807
189,0.456033844292
190,0.478456457147
191,0.12953926976
192,0.069314718056
193,0.444455979059
194,0.739843032914
195,0.197238094778
196,0.368931582186
197,0.350962262758
198,0.178404092235
199,0.252354376107
200,0.369817471489
201,0.152078211709
202,0.170559336965
203,0.441563058644
204,0.145511114624
205,0.0
206,0.444932093341
207,0.0
208,0.714201264097
209,0.494579593932
210,0.345390823497
211,0.383714333181
212,0.461482261826
213,0.22198740985
214,0.622491347647
215,0.472701118303
216,0.256214731694
217,0.362483374853
218,0.317899338906
219,0.361524985762
220,0.383400141771
221,0.31773752339
222,0.413177388285
223,0.296960553362
224,0.504309850838
225,0.0
226,0.309462149877
227,0.299918454824
228,0.244984645431
229,0.0
230,0.361728721666
231,0.708358059216
232,0.597732724221
233,0.0968336629191
234,0.373548384844
235,0.650686950773
236,0.228628192404
237,0.31103059614
238,0.695021197204
239,0.26308596891
240,0.0
241,0.357382503291
242,0.00566625617749
243,0.530986905482
244,0.391516811826
245,0.156889128347
246,0.310254062948
247,0.35080976058
248,0.122880200077
249,0.513269076895
250,0.0821529098158
251,0.289626161455
252,0.689379769514
253,0.257241652504
254,0.603485032016
255,0.543209135531
256,0.656102655724
257,0.228808630644
258,0.336146093502
259,0.609066783902
260,0.510432534884
261,0.216980888153
262,0.221436538379
263,0.443687716429
264,0.37701888271
265,0.22309629699
266,0.25854521736
267,0.5629237748
268,0.269900733445
269,0.234732264208
270,0.290367672856
271,0.274689335044
272,0.182183241614
273,0.330329370106
274,0.0
275,0.153588263625
276,0.331401847373
277,0.0
