site,dnds
1,0.0
2,0.249719598545
3,0.270283497859
4,0.152003875432
5,0.0
6,0.0699135233368
7,0.0264668196869
8,0.0254224199213
9,0.0
10,0.00962473829927
11,0.0
12,0.0863205324394
13,0.356429741749
14,0.424083927982
15,0.0
16,0.0659067022043
17,0.0
18,0.0
19,0.0
20,0.0
21,0.126734438086
22,0.13397422133
23,0.0
24,0.0
25,0.243189003491
26,0.322922608902
27,0.148309722389
28,0.184486583403
29,0.0344985262053
30,0.0416046681177
31,0.0
32,0.0175595839426
33,0.0
34,0.0924777485506
35,0.108694532011
36,0.394475647459
37,0.0467929699052
38,0.325551457696
39,0.405332745981
40,0.0
41,0.256140675665
42,0.461170710255
43,0.231894029736
44,0.0258727352419
45,0.0
46,0.0
47,0.0
48,0.203703227774
49,0.070364007206
50,0.0208039649594
51,0.0
52,0.0
53,0.0105299489046
54,0.16761345205
55,0.0
56,0.181820168394
57,0.33634905161
58,0.297201163052
59,0.489006579663
60,0.0120549575805
61,0.444300846259
62,0.182648176639
63,0.421198136138
64,0.511021895417
65,0.394660279333
66,0.411117862869
67,0.125810517308
68,0.340768205791
69,0.346445159251
70,0.190790712494
71,0.0437876002591
72,0.3989292327
73,0.385400509222
74,0.182712697627
75,0.0685379447652
76,0.232834005085
77,0.0
78,0.279138052434
79,0.0330612738531
80,0.0551288389604
81,0.00661219950344
82,0.0
83,0.0
84,0.178944191213
85,0.252355208627
86,0.461246896967
87,0.428110975616
88,0.390889933687
89,0.0558335395071
90,0.343341378211
91,0.338116591971
92,0.558094729488
93,0.281594089349
94,0.0992091369478
95,0.376664027047
96,0.168501870412
97,0.0
98,0.00740133419196
99,0.0
100,0.0
101,0.147925722372
102,0.0941476954946
103,0.384749927225
104,0.0
105,0.199846235755
106,0.140577574792
107,0.0111681319534
108,0.186932975399
109,0.562336209495
110,0.206337003895
111,0.0352415701583
112,0.464816857955
113,0.388176539258
114,0.169804320522
115,0.672771467903
116,0.371411636218
117,0.25538303897
118,0.14516859481
119,0.637072488454
120,0.370522234625
121,0.0994853104212
122,0.0
123,0.214671456321
124,0.00301053937906
125,0.0514663733751
126,0.18562643593
127,0.0128592730822
128,0.168042021003
129,0.0152860072861
130,0.118360021888
131,0.0
132,0.129537537867
133,0.0
134,0.0679456677788
135,0.428198847028
136,0.466018312725
137,0.421104485329
138,0.485384619065
139,0.473350023528
140,0.614788129742
141,0.363591182881
142,0.529132194319
143,0.541009692825
144,0.345845855324
145,0.512638530563
146,0.541754024547
147,0.452353398509
148,0.260950321929
149,0.201479292082
150,0.213321513779
151,0.119381425303
152,0.0994686764587
153,0.365104310506
154,0.321771370017
155,0.359601440461
156,0.429459393724
157,0.432039085639
158,0.530222428077
159,0.0
160,0.0
161,0.0
162,0.0
163,0.0
164,0.0
165,0.0461190388736
166,0.390169200972
167,0.153790497402
168,0.201316212879
169,0.281092991703
170,0.176945071901
171,0.0239667794045
172,0.0
173,0.0906836997223
174,0.4782449385
175,0.373173903083
176,0.0920815778201
177,0.226529997387
178,0.27231776117
179,0.226033303651
180,0.150098927095
181,0.458921342253
182,0.364430600599
183,0.00866059292887
184,0.106450337572
185,0.425413311832
186,0.312949019571
187,0.230562220834
188,0.372180001777
189,0.0
190,0.0
191,0.532448043942
192,0.306376100269
193,0.0
194,0.0402712590256
195,0.0
196,0.0
197,0.0836809654904
198,0.00964663419734
199,0.278493280595
200,0.0131972867771
201,0.0
202,0.0337803611259
203,0.0597819874665
204,0.433097062619
205,0.0
206,0.0
207,0.130888057843
208,0.114459669416
209,0.520052704431
210,0.0
211,0.140531805742
212,0.154064868245
213,0.239821248075
214,0.461341040572
215,0.291516829415
216,0.12833841769
217,0.271081976514
218,0.333017782962
219,0.296241493945
220,0.343755964385
221,0.432058826913
222,0.364412928094
223,0.173571547208
224,0.549115959893
225,0.0
226,0.171365689425
227,0.0
228,0.13878686814
229,0.0204926995165
230,0.0
231,0.0
232,0.0
233,0.0
234,0.167523826819
235,0.00235789118121
236,0.480304933591
237,0.399828686949
238,0.334626747855
239,0.0629572238121
240,0.369092421616
241,0.360242239708
242,0.345188590441
243,0.34840095694
244,0.438740888142
245,0.0
246,0.550504326432
247,0.604917704542
248,0.0534768624478
249,0.0
250,0.367206280787
251,0.0643334397089
252,0.108802151776
253,0.0328319664754
254,0.191599288008
255,0.0
256,0.0138374357462
257,0.0
258,0.0206479638059
259,0.227350288699
260,0.010186522131
261,0.0
262,0.137786323592
263,0.186529720356
264,0.178841320789
265,0.367207383284
266,0.411520528269
267,0.136150511434
268,0.639459711536
269,0.289611586471
270,0.25537776749
271,0.0
272,0.549380979307
273,0.278881876717
274,0.135150342257
275,0.423094811449
276,0.569400072979
277,0.429771584709
278,0.104921072234
279,0.208280034544
280,0.388072813458
281,0.158251509085
282,0.0
283,0.289718804919
284,0.27819396914
