site,dnds
1,0.0
2,0.0
3,0.0
4,0.0
5,0.0135029934927
6,0.270683062262
7,0.403519004832
8,0.0
9,0.590214398102
10,0.361391869335
11,0.237157604789
12,0.66890322611
13,0.381255657215
14,0.292880136866
15,0.391817908041
16,0.509042989719
17,0.236497578684
18,0.219743061089
19,0.432348130345
20,0.51450192471
21,0.520354217882
22,0.218104975382
23,0.0510634041191
24,0.0
25,0.0
26,0.575953740678
27,0.181115465102
28,0.0
29,0.365844189647
30,0.196417069562
31,0.12230023363
32,0.0
33,0.504972505824
34,0.171696548231
35,0.61008200733
36,0.267018522512
37,0.157640557825
38,0.0773817737274
39,0.0944723445642
40,0.0101711948829
41,0.0535977396435
42,0.147609664346
43,0.0732075563998
44,0.0174437256847
45,0.478417908957
46,0.0263892449398
47,0.0100191571801
48,0.0
49,0.0
50,0.17406011682
51,0.0
52,0.0
53,0.252039803336
54,0.323640876721
55,0.0105355874787
56,0.0
57,0.241883397796
58,0.22514605548
59,0.0579298953261
60,0.456067930372
61,0.379001426144
62,0.117340717982
63,0.117576267131
64,0.238709722659
65,0.424168131776
66,0.0833880552349
67,0.205666254233
68,0.100409689225
69,0.0838023959994
70,0.30948171785
71,0.32449848605
72,0.411096065318
73,0.388785617355
74,0.447179848195
75,0.0986904074166
76,0.234059370995
77,0.346085965562
78,0.420226405938
79,0.340623975053
80,0.352111777344
81,0.391858352667
82,0.491850677646
83,0.266515817296
84,0.0824485175666
85,0.192322609259
86,0.324493688437
87,0.0920184620413
88,0.00329313694559
89,0.206740908844
90,0.15533669255
91,0.220719493387
92,0.362748140274
93,0.0
94,0.17096514092
95,0.282522198612
96,0.162344767126
97,0.301072966825
98,0.350341134395
99,0.361771657086
100,0.186964861049
101,0.152567272489
102,0.409207808065
103,0.403197782354
104,0.119512650401
105,0.428554234817
106,0.331274359467
107,0.474764504477
108,0.149525993555
109,0.314167577477
110,0.0872959720901
111,0.341278478461
112,0.0749159383406
113,0.0
114,0.582019096643
115,0.319282284368
116,0.248938074058
117,0.362393877333
118,0.304518449227
119,0.00962473829927
120,0.188594786951
121,0.290179443104
122,0.0
123,0.0867786377554
124,0.0
125,0.0216594892076
126,0.0239667463552
127,0.0341042046672
128,0.0
129,0.00677994344356
130,0.00633848392106
131,0.0469810142984
132,0.0291142104829
133,0.137408066278
134,0.133621063264
135,0.106451734687
136,0.216365131486
137,0.0621604409529
138,0.0292352870129
139,0.228927124755
140,0.345168200363
141,0.0348023688984
142,0.210995151764
143,0.243640418641
144,0.0
145,0.0
146,0.0
147,0.0
148,0.0
149,0.0
150,0.0
151,0.292606115617
152,0.121366729018
153,0.0144923696638
154,0.0
155,0.0
156,0.0
157,0.186878056461
158,0.130530524427
159,0.0
160,0.220109884682
161,0.345910866651
162,0.13422137659
163,0.0
164,0.183976024097
165,0.257555904846
166,0.38042158647
167,0.180724025819
168,0.411579385913
169,0.0
170,0.123226165433
171,0.223350992366
172,0.277462334057
173,0.195655874833
174,0.00866826648153
175,0.48985424775
176,0.454710072589
177,0.0996728020565
178,0.0070358002482
179,0.545717569147
180,0.396031799473
181,0.170038173749
182,0.399240129382
183,0.239770035833
184,0.549985373461
185,0.330398490724
186,0.0522176883516
187,0.435168721
188,0.0
189,0.0
190,0.310164043599
191,0.287452887061
192,0.229235307802
193,0.659459350278
194,0.298287963815
195,0.392412007642
196,0.0117682444002
197,0.0312120238195
198,0.112412763069
199,0.332369573929
200,0.0406631789892
201,0.259906261991
202,0.0134836700176
203,0.0
204,0.0
205,0.103041375436
206,0.246374565882
207,0.0
208,0.345147018961
209,0.0263335947595
210,0.10865400439
211,0.213225664332
212,0.0
213,0.41943033789
214,0.0
215,0.460601930888
216,0.543403387454
217,0.0
218,0.626915324924
219,0.236735821802
220,0.388655620629
221,0.204370445398
222,0.311921393994
223,0.0
224,0.360929074552
225,0.259842686953
226,0.230215363195
227,0.575423242046
228,0.132711753521
229,0.297046169723
230,0.333536566885
231,0.362932818854
232,0.0
