site,dnds
1,0.230420424448
2,0.526548143594
3,0.654006258124
4,0.67477025856
5,0.653288801598
6,0.487731213987
7,0.534441013492
8,0.525886351013
9,0.620773180928
10,0.68196985936
11,0.399670163915
12,0.48752064227
13,0.193692785894
14,0.528940599384
15,0.0
16,0.511394876959
17,0.0
18,0.0108593143648
19,0.0427620405553
20,0.0291344350792
21,0.0
22,0.226653708988
23,0.0756806323252
24,0.0351337973406
25,0.0
26,0.0
27,0.0
28,0.0
29,0.0
30,0.0
31,0.0
32,0.22713588787
33,0.379727866864
34,0.220916298452
35,0.415681661006
36,0.599717441202
37,0.559847079296
38,0.11025836398
39,0.692743339349
40,0.555177401977
41,0.373596334183
42,0.260830940541
43,0.319908869578
44,0.525006731027
45,0.0
46,0.116519409071
47,0.109328621385
48,0.464431473181
49,0.0
50,0.371013045287
51,0.636972683034
52,0.48189059468
53,0.118987474937
54,0.388033344036
55,0.0
56,0.0496979138828
57,0.42155483342
58,0.344393823866
59,0.542516313383
60,0.456009858552
61,0.225036700679
62,0.0817239532352
63,0.0
64,0.595254935669
65,0.666259498963
66,0.641307828779
67,0.553145106785
68,0.459540638284
69,0.575211929937
70,0.684592911638
71,0.221597954811
72,0.652894265635
73,0.734329804953
74,0.248845598827
75,0.212550214007
76,0.684008720049
77,0.753495954976
78,0.545681636063
79,0.208274725488
80,0.128368988239
81,0.20791147611
82,0.722869878737
83,0.16950266288
84,0.470107507326
85,0.165737096623
86,0.438282820329
87,0.576684538454
88,0.4663801273
89,0.617586538471
90,0.591371080616
91,0.533285789428
92,0.492562445679
93,0.647610410637
94,0.0
95,0.0
96,0.688999537702
97,0.641928028961
98,0.279719619946
99,0.0373831775701
100,0.695882546543
101,0.68746996542
102,0.801015841882
103,0.689375430388
104,0.210178126878
105,0.256972695539
106,0.496384733019
107,0.614400356325
108,0.299763169611
109,0.0
110,0.692611776881
111,0.515753823989
112,0.0
113,0.689657132374
114,0.0534759056225
115,0.331968880736
116,0.224456390486
