site,dnds
1,0.0
2,0.0
3,0.0
4,0.0
5,0.0
6,0.0
7,0.11925890049
8,0.348316385461
9,0.103959302752
10,0.304846968071
11,0.307670280288
12,0.270325605874
13,0.48693685518
14,0.48888743821
15,0.652165182607
16,0.504056114646
17,0.0220876674176
18,0.654010631304
19,0.350049325799
20,0.372849859305
21,0.141338121208
22,0.391802676867
23,0.327845736273
24,0.427807743726
25,0.507482992846
26,0.196106648295
27,0.108147746046
28,0.459622678824
29,0.268387712171
30,0.129419322412
31,0.684757454154
32,0.30367260662
33,0.12749631394
34,0.684039390796
35,0.564521307771
36,0.0
37,0.0
38,0.121639532432
39,0.0
40,0.0
41,0.415740252693
42,0.0
43,0.391377128599
44,0.419923373412
45,0.306659070117
46,0.440965265233
47,0.163683128337
48,0.440769249114
49,0.0927059009824
50,0.415021361394
51,0.574253082908
52,0.472791641725
53,0.310375684335
54,0.648685856382
55,0.459856232604
56,0.807763483082
57,0.238080677773
58,0.561472570395
59,0.650249754082
60,0.480116205616
61,0.329359524929
62,0.143629196792
63,0.0785103507722
64,0.383834995698
65,0.223460238775
66,0.357500968316
67,0.0
68,0.0
69,0.00725110876995
70,0.283357661166
71,0.278037049128
72,0.577040396843
73,0.116170402625
74,0.324308053391
75,0.204887540277
76,0.389470958477
77,0.563499713093
78,0.0552501022149
79,0.485040976284
80,0.0
81,0.604872267931
82,0.630246174774
83,0.124616390649
84,0.0
85,0.0
86,0.0
87,0.479520031838
88,0.59483651865
89,0.560047947443
90,0.0
91,0.0
92,0.578248512637
93,0.0
94,0.0
95,0.0
96,0.289158331125
97,0.247686302739
98,0.232386456218
99,0.333446131096
100,0.303131847318
101,0.0570116141295
102,0.716487286579
103,0.337596627321
104,0.190937942061
105,0.538415365284
106,0.212719471298
107,0.512075681035
108,0.227649208906
109,0.354890364466
110,0.400930107968
111,0.10461166271
112,0.0
113,0.190476190476
114,0.446138139843
115,0.665600498451
116,0.421009949914
117,0.710200478323
118,0.59314487056
119,0.535043436149
120,0.589544839394
121,0.480569151125
122,0.58074345025
123,0.243190564902
124,0.466006723631
125,0.694230629318
126,0.565421856447
127,0.472907814286
128,0.49348857876
129,0.526238888552
130,0.584289617634
131,0.301033756449
132,0.312566335971
133,0.576649833156
134,0.257000520057
135,0.504150903204
136,0.522443570697
137,0.299588543004
138,0.363139044826
139,0.242863934232
140,0.367649441119
141,0.315566935042
142,0.491309185462
143,0.550213036128
144,0.216087484041
145,0.532747802395
146,0.524099619709
147,0.49833969632
148,0.0
149,0.0
150,0.0
151,0.0
152,0.0
153,0.0
154,0.0
155,0.0
156,0.0
157,0.0
158,0.0
159,0.300354166841
160,0.471108371252
161,0.327555652537
162,0.393425617937
163,0.182481657971
164,0.00776268312337
165,0.0
166,0.389879802787
167,0.295907891087
168,0.282482500544
169,0.308155107163
170,0.333137174876
171,0.321519888652
172,0.0816415434235
173,0.465657943652
174,0.262486117783
175,0.0
176,0.626988943884
177,0.0621308397141
178,0.193913479216
179,0.531170068088
180,0.0
181,0.0
182,0.0
183,0.0
184,0.0
185,0.110678681663
186,0.0329736907938
187,0.00329300431008
188,0.478026049761
189,0.0970212861974
190,0.391568573914
191,0.216439980531
192,0.243920827831
193,0.0816960449399
194,0.151540591811
195,0.307671577397
196,0.357365299474
197,0.32757271719
198,0.0751689976691
199,0.463551723732
200,0.328690574115
201,0.114234587107
202,0.310967771229
203,0.512574374663
204,0.314330908658
205,0.0896826358096
206,0.215963738625
207,0.529847174957
208,0.123181696216
209,0.221049884667
210,0.309862600316
211,0.329432540398
212,0.0
213,0.142857142857
214,0.106638027778
215,0.100821408081
216,0.266666666667
217,0.106638027778
218,0.0
219,0.371749274696
220,0.547083279529
221,0.440494496163
222,0.534487961468
223,0.599934388903
224,0.218195713457
225,0.449300471192
226,0.505552695252
227,0.0313622015198
228,0.480897905098
229,0.707411811073
230,0.33770628803
231,0.0978539218669
232,0.00543223414354
233,0.0780751047004
234,0.0
235,0.225774705294
236,0.0193453573936
237,0.0618223154236
238,0.369673495318
239,0.0
240,0.0
241,0.0
242,0.0
243,0.387760233843
244,0.0757663647357
245,0.187019851288
246,0.241524826798
247,0.0268287027715
248,0.0
249,0.540588112014
250,0.245426852197
251,0.400994705037
252,0.428010086243
253,0.346748178148
254,0.530201880313
255,0.564573551137
256,0.404379015167
257,0.407791047272
258,0.239619364247
259,0.17636351015
260,0.336990528415
261,0.0
262,0.0600695732148
263,0.351291167654
264,0.430941464921
265,0.502012657352
266,0.359140777845
267,0.184654010148
268,0.38392334402
269,0.0986769996625
270,0.298634445408
271,0.563664245242
272,0.490297885683
273,0.3721494975
274,0.564558387362
275,0.0
276,0.0
277,0.336103325696
278,0.492866941882
279,0.509717589894
280,0.537337478637
281,0.538045061569
282,0.349550320282
283,0.0930251797047
284,0.383256711013
285,0.383060393893
286,0.543955224807
287,0.606880401548
288,0.557761926337
289,0.638041430808
290,0.447657338484
291,0.681034520064
292,0.228976273559
293,0.147912580033
294,0.340320787146
295,0.378870914492
296,0.523690266074
297,0.546435367121
298,0.422990503209
299,0.0743215892802
300,0.0416547841601
301,0.293210363874
302,0.118972183789
303,0.351490845049
304,0.427493749211
305,0.474622095966
306,0.0
307,0.0
308,0.540031413734
309,0.341704840592
310,0.52734860001
311,0.575800079212
312,0.196479515273
313,0.529251140449
314,0.0817057799547
315,0.304145196796
316,0.159817860824
317,0.0422887926535
318,0.190396082031
319,0.542726460189
320,0.584710831726
321,0.282431961613
322,0.410133852534
323,0.345272125529
324,0.299327696971
325,0.531239134355
326,0.229443361464
327,0.823051142814
328,0.498519199631
329,0.60699005898
330,0.674012478831
331,0.435807353948
332,0.0
333,0.477881479831
334,0.417688544433
335,0.135428068105
336,0.0620979447733
337,0.21452010088
338,0.0
339,0.1087289695
340,0.0
341,0.569209737954
342,0.380179285291
343,0.55976632956
344,0.606527981923
345,0.660262828506
346,0.0191282446342
347,0.283316217843
348,0.215694587272
349,0.442640259169
350,0.491051143643
351,0.570395595523
352,0.449809967387
353,0.357334384148
354,0.317923809237
355,0.453760861885
356,0.503463663798
357,0.283304274066
358,0.362636469155
359,0.212720318733
360,0.186839779722
361,0.0
362,0.0
363,0.0
364,0.0
365,0.0
366,0.169314718056
367,0.0283640789999
368,0.0205128205128
369,0.0720277483922
370,0.0
371,0.419967198777
372,0.428150460687
373,0.219699008977
374,0.0579912094
375,0.260426997068
376,0.431062967138
377,0.335902097584
378,0.35245907772
379,0.12085294682
380,0.427369419152
381,0.0157109158273
382,0.323736733697
383,0.200824183311
384,0.271012734785
385,0.411365213051
386,0.0970896071863
387,0.313095989112
388,0.35795690983
389,0.322387337046
390,0.435011906577
391,0.0350925942227
392,0.189029105821
393,0.253924644939
394,0.0
395,0.0
396,0.579185519447
397,0.0824812026929
398,0.403688367022
399,0.248890313567
400,0.507132486089
401,0.272713445529
402,0.606890305262
403,0.302558262699
404,0.320922686415
405,0.196591808025
406,0.281474752323
407,0.392694583845
408,0.35801281535
409,0.402424823848
410,0.669795571888
411,0.150910581658
412,0.235982727696
413,0.165219439687
414,0.0964818907429
415,0.445144522844
416,0.459019751239
417,0.108759445088
418,0.166666666667
419,0.0616130827164
420,0.474548577872
421,0.0760576020971
422,0.146765962861
423,0.162178354292
424,0.213257866563
425,0.217523221777
426,0.190992261681
427,0.0956619433632
428,0.368706723711
429,0.21777568444
