site,dnds
1,0.0
2,0.213091151706
3,0.0781621391147
4,0.0
5,0.465466033044
6,0.178409900287
7,0.123823010739
8,0.155751323789
9,0.208581292186
10,0.236377747141
11,0.441924364167
12,0.558151313035
13,0.36799620445
14,0.657310857146
15,0.697724355316
16,0.554871536159
17,0.531233124711
18,0.701202039646
19,0.622775575564
20,0.334919466755
21,0.567842476626
22,0.101848904056
23,0.624912474631
24,0.30982181143
25,0.238425301005
26,0.530809728649
27,0.323977888767
28,0.503296051539
29,0.535502481851
30,0.455384619958
31,0.295929320324
32,0.132862601389
33,0.337472897468
34,0.187845897898
35,0.210330466498
36,0.351790746154
37,0.219848749433
38,0.603632398792
39,0.0301873195178
40,0.225663915715
41,0.113671050342
42,0.0164807145823
43,0.0110761587041
44,0.0
45,0.0
46,0.23133221736
47,0.221248440845
48,0.00591721085752
49,0.360811294966
50,0.0
51,0.0
52,0.0
53,0.0
54,0.0
55,0.0
56,0.0
57,0.0
58,0.0
59,0.0
60,0.0
61,0.0
62,0.0
63,0.147871398519
64,0.266666666667
65,0.0
66,0.0
67,0.207256494337
68,0.0441541754528
69,0.0492784949105
70,0.0402661104396
71,0.0829880742052
72,0.0
73,0.0
74,0.0
75,0.0
76,0.0
77,0.0
78,0.0
79,0.0
80,0.0
81,0.255516243142
82,0.234635902954
83,0.106638027778
84,0.0
85,0.253711079727
86,0.161210252732
87,0.23712699424
88,0.0238543615939
89,0.406555697092
90,0.386711224883
91,0.460095490817
92,0.395772414876
93,0.720542028828
94,0.829860458069
95,0.598802663128
96,0.583123111642
97,0.688819065311
98,0.783723797944
99,0.294910886484
100,0.0991229132633
101,0.0
102,0.0
103,0.0
104,0.0
105,0.0
106,0.0
107,0.0
108,0.0
109,0.0
110,0.0
111,0.0
112,0.125
113,0.0571428571429
114,0.0
115,0.0
116,0.0
117,0.603751486551
118,0.70961191982
119,0.0
120,0.0
121,0.0
122,0.0
123,0.0
124,0.0
125,0.680138216306
126,0.460116332168
127,0.0
128,0.0
129,0.0
130,0.0
131,0.0
132,0.0
133,0.0
134,0.0
135,0.0
136,0.438153610498
137,0.0610530847432
138,0.453392272519
139,0.557736595346
140,0.73776460527
141,0.521719190189
142,0.527898448721
143,0.500706502217
144,0.733466322834
145,0.556065642621
146,0.459714369522
147,0.149173446037
148,0.119789617224
149,0.197152707555
150,0.419581086428
151,0.65611492626
152,0.607159808201
153,0.358513164731
154,0.630731585473
155,0.51598365293
156,0.566166825602
157,0.611142531527
158,0.428229603692
159,0.367261915712
160,0.272802371178
161,0.40101351605
162,0.69142046965
163,0.536725057104
164,0.480935870997
165,0.487682995939
166,0.508059191071
167,0.20385946717
168,0.199571884018
169,0.140314518732
170,0.24255741371
171,0.254874994113
172,0.117602014476
173,0.167238216784
174,0.220757128322
175,0.448626466436
176,0.340274730912
177,0.0980219797585
178,0.251566918228
179,0.270892390867
180,0.23281207861
181,0.146467171118
182,0.0885494740152
183,0.282241848033
184,0.223206504879
185,0.256670958703
186,0.376306661911
187,0.161289987756
188,0.330455873513
189,0.0712180922239
190,0.295137198969
191,0.246903335453
192,0.349665641664
193,0.581851120351
194,0.570291454379
195,0.657117973459
196,0.557392668511
197,0.759934366279
198,0.62906747249
199,0.619267396467
200,0.708521333061
201,0.487529308377
202,0.512516649687
203,0.548655965296
204,0.79705879241
205,0.643206256232
206,0.604809428072
207,0.361259110836
208,0.274015067965
209,0.508119158656
210,0.133626137006
211,0.537003127206
212,0.546530279164
213,0.500022324331
214,0.349601913579
215,0.357111750758
216,0.066809366801
217,0.206469993175
218,0.303415490767
219,0.0340215418426
220,0.523288119295
221,0.167050667031
222,0.179785395676
223,0.0
224,0.238820787154
225,0.381735513096
226,0.0725171060543
227,0.0
228,0.776520274805
229,0.0692042738288
230,0.232802932885
231,0.205846321095
232,0.196398227198
233,0.263796227183
234,0.609952819207
235,0.481513803111
236,0.187356270917
237,0.102420300364
238,0.142349507855
239,0.0216069606591
240,0.0
241,0.0
242,0.0
243,0.0
244,0.0
245,0.0
246,0.0
247,0.0
248,0.0
249,0.0
250,0.0
251,0.0
252,0.0
253,0.0
254,0.0
255,0.0
256,0.0
257,0.098855694854
258,0.0
259,0.0
260,0.0
261,0.266666666667
262,0.0
263,0.0
264,0.266666666667
265,0.142857142857
266,0.0
267,0.0
268,0.0
269,0.0
270,0.0
271,0.415002932758
272,0.0282565406467
273,0.412628767436
274,0.305714648716
275,0.0592049616608
276,0.796956640679
277,0.0
278,0.0
279,0.0139661058886
280,0.599491901941
281,0.416242060021
282,0.529313564986
283,0.608297723471
284,0.540300898292
285,0.191475095545
286,0.230678294311
287,0.340184566311
288,0.219866371883
289,0.240758687208
290,0.234013048859
291,0.163913539353
292,0.0913293863099
293,0.0918107975808
294,0.0821948778434
295,0.25951181282
296,0.202676848769
297,0.319183854118
298,0.692489860971
299,0.748906955339
300,0.537017767729
301,0.402133376361
302,0.286560814398
303,0.538965382971
304,0.535042291292
305,0.590317602871
306,0.230639713731
307,0.0
308,0.559802964497
309,0.0
310,0.0
311,0.0
312,0.0
313,0.0
314,0.0
315,0.0
316,0.0
317,0.0
318,0.0
319,0.0
320,0.0
321,0.0
322,0.0
323,0.0
324,0.0
325,0.0
326,0.0
327,0.603448718177
328,0.390036889522
329,0.503393543283
330,0.58097003938
331,0.600844348253
332,0.477319199789
333,0.769716729345
334,0.691934711105
335,0.626791063572
336,0.531472361185
337,0.687043890961
338,0.714505989526
339,0.0
340,0.0
341,0.0
342,0.0
343,0.0
344,0.0
345,0.0
346,0.0
347,0.378978572473
348,0.187326536084
349,0.332444690916
350,0.534073647422
351,0.593965878708
352,0.653601140668
353,0.796805267323
354,0.502574685618
355,0.292463298619
356,0.645378532289
357,0.713192003178
358,0.568548917506
359,0.449091329072
360,0.334043045833
361,0.662236740258
362,0.554020053173
363,0.430776193666
364,0.728396610485
365,0.702372049265
366,0.157478728123
367,0.555351229558
368,0.213712124052
369,0.0
370,0.0666087380718
371,0.689558011784
372,0.567145809693
373,0.330576620761
374,0.53806139867
375,0.540026303237
376,0.625087739786
377,0.0449341149904
378,0.0792818958929
379,0.658665005155
380,0.0655297144417
381,0.298215301443
382,0.611969323376
383,0.398081074967
384,0.159438701471
385,0.0321459561999
386,0.483973057578
387,0.697562358767
388,0.731495237939
389,0.657406416411
390,0.753553273116
391,0.69422770553
392,0.569745086855
393,0.512246803898
394,0.757971848386
395,0.468447889005
396,0.230226649939
397,0.604869026998
398,0.407708363296
399,0.596492516702
400,0.337994064944
401,0.68350506783
402,0.750948361314
403,0.594172605442
404,0.110803421125
405,0.173986562288
406,0.186360014335
407,0.219360022465
408,0.2944403853
409,0.381592427087
410,0.51093954171
411,0.447111641924
412,0.460747054265
413,0.414833618431
414,0.596561869855
415,0.35649257488
416,0.482100387772
417,0.183040105916
418,0.463421135456
419,0.574934838256
420,0.681546890367
421,0.300586696708
422,0.369949266667
423,0.306350927091
424,0.48015096331
425,0.110266629467
426,0.731555726271
427,0.512291807022
428,0.477207768608
429,0.603007909442
430,0.569429132519
431,0.577523737235
432,0.531081724223
433,0.4429299385
434,0.631508272583
435,0.255825030779
436,0.274759552453
437,0.537312546749
438,0.275492215576
439,0.24952001663
440,0.37403259968
441,0.475421542778
442,0.448382761364
443,0.504885983548
444,0.32790042965
445,0.29382516574
446,0.209592885537
447,0.319901688587
448,0.0829140378514
449,0.343477033124
450,0.496918403117
451,0.398866429554
452,0.283719589106
453,0.0854161527223
454,0.384042013337
455,0.389087156161
456,0.0339311651474
457,0.522401465486
458,0.0400910728184
459,0.17383940304
460,0.419130168629
461,0.0132378201936
462,0.582546898958
463,0.441567892323
464,0.22576756123
465,0.0
466,0.0226306106851
467,0.379409246778
468,0.54796400788
469,0.44010291075
470,0.672587570022
471,0.666711239215
472,0.568211145233
473,0.592053935644
474,0.589808855413
475,0.656450885776
476,0.595914543983
477,0.474342181301
478,0.549744186652
479,0.603003103868
480,0.769621115814
481,0.729140849254
482,0.640467776102
483,0.640436164364
484,0.462285131934
485,0.421744114449
486,0.551256752777
487,0.58197565029
488,0.589804567557
489,0.353383503543
490,0.495393211622
491,0.661958369948
492,0.503604431949
493,0.498524668334
494,0.14122839875
495,0.493933120084
496,0.432117309437
497,0.44318577202
498,0.50064407211
499,0.391944463113
500,0.22628994629
501,0.285450534938
502,0.059391775912
503,0.440435753676
504,0.242526013006
505,0.422759972369
506,0.331695201656
507,0.293443353753
508,0.422046626405
509,0.149249660839
510,0.550366788335
511,0.448835240389
512,0.129855415081
513,0.445173295642
514,0.270952333617
515,0.739104287316
516,0.662790156386
517,0.573017689665
518,0.567426649905
519,0.517888440676
520,0.541697828489
521,0.0
522,0.0528112137569
523,0.299172677987
524,0.250158323871
525,0.161232205975
526,0.0
527,0.0
528,0.0
529,0.72433947876
530,0.431358562065
531,0.0840178400679
532,0.238629436112
533,0.501287772045
534,0.632711595452
535,0.621817555127
536,0.0
537,0.0
538,0.0
539,0.0
540,0.581870455377
541,0.437376238569
542,0.280140925108
543,0.200669295474
544,0.555216511056
545,0.490377066927
546,0.328806557258
547,0.58639484344
548,0.355264922146
549,0.455955354729
550,0.468281877777
551,0.66307890254
552,0.488971320918
553,0.541194176421
554,0.55933510739
555,0.390924680226
556,0.545191745742
557,0.696047251072
558,0.51848169818
559,0.495443269475
560,0.262309350527
561,0.521173773166
562,0.293517443012
563,0.414814814815
564,0.269597605628
565,0.463398991425
566,0.273823531619
567,0.404657077879
568,0.284007677665
569,0.239494120406
570,0.174252424456
571,0.236815093784
572,0.19025634733
573,0.300528054207
574,0.131506577131
575,0.202079114308
576,0.0849835623675
577,0.0
578,0.0797636278246
579,0.0547965852289
580,0.190377433387
581,0.0
582,0.0
