site,dnds
1,0.147103407826
2,0.257451697203
3,0.269337428426
4,0.291899766163
5,0.335047581027
6,0.395324697482
7,0.490593010023
8,0.58768021983
9,0.297200139379
10,0.292499518179
11,0.413126872287
12,0.361261704245
13,0.32530599765
14,0.174641890631
15,0.181741343178
16,0.0836321604738
17,0.0137372555007
18,0.0954351665765
19,0.0179028350172
20,0.394927843969
21,0.0275975194414
22,0.539163835525
23,0.0901514713481
24,0.119773765449
25,0.0376242493294
26,0.494081964084
27,0.0466956799141
28,0.0
29,0.108909057451
30,0.355561552631
31,0.215639687672
32,0.0284832964354
33,0.167287656769
34,0.0463150157421
35,0.468315978993
36,0.0196968377795
37,0.18367735854
38,0.282331100488
39,0.130314723798
40,0.102211783215
41,0.0565235728469
42,0.180984177561
43,0.048247387628
44,0.013970670384
45,0.133274741741
46,0.175108590538
47,0.0811632106723
48,0.224051269673
49,0.123226165433
50,0.0912296493243
51,0.346552154695
52,0.375750315767
53,0.315072907855
54,0.48541097226
55,0.608796929334
56,0.516263687175
57,0.625773186694
58,0.219974980885
59,0.0
60,0.0
61,0.410829602395
62,0.0
63,0.0
64,0.124371202491
65,0.0
66,0.156924200254
67,0.507001708888
68,0.474672017396
69,0.199838132943
70,0.0
71,0.0
72,0.0188842094729
73,0.156632349464
74,0.202055077029
75,0.0
76,0.0133686441115
77,0.0108429495165
78,0.282389290245
79,0.0606687825542
80,0.0493870398377
81,0.0
82,0.0
83,0.199955395779
84,0.474336289044
85,0.124882977646
86,0.26130739184
87,0.592901476809
88,0.227879323036
89,0.0645607292379
90,0.21168041161
91,0.0
92,0.231700499153
93,0.134424929032
94,0.506170718441
95,0.296110886131
96,0.114285099119
97,0.293248513286
98,0.267425242631
99,0.00507460916055
100,0.175629108108
101,0.546793510746
102,0.157330738971
103,0.0
104,0.0
105,0.268222055599
106,0.387315106536
107,0.218487082239
108,0.0209741549296
109,0.0556112830655
110,0.0364814305558
111,0.098855694854
112,0.170212765957
113,0.0
114,0.0
115,0.0775491027295
116,0.142857142857
117,0.0
118,0.0
119,0.0
120,0.0
121,0.0
122,0.0
123,0.0
124,0.0
125,0.323262514051
126,0.175736688761
127,0.109986691129
128,0.161431533163
129,0.0281600578044
130,0.392186976017
131,0.203894911226
132,0.437880024689
133,0.0110958725903
134,0.0790358069856
135,0.0
136,0.0
137,0.0
138,0.0
139,0.0
140,0.0
141,0.0215366389943
142,0.323126687183
143,0.273057421492
144,0.478717921892
145,0.192830782988
146,0.525427529639
147,0.444509954519
148,0.594001161481
149,0.483517929762
150,0.457882611966
151,0.678128255712
152,0.54804040117
153,0.459423822327
154,0.569933739136
155,0.10046650544
156,0.191541393905
157,0.194020492073
158,0.0291851444446
159,0.0964159337826
160,0.0447191729394
161,0.247137719265
162,0.0176216411384
163,0.257231570226
164,0.634958354975
165,0.263301325927
166,0.2289395224
167,0.312522104223
168,0.462537527448
169,0.510186953872
170,0.619658312039
171,0.684610977202
172,0.397180834401
173,0.408607551972
174,0.167622738097
175,0.0430459002531
176,0.387099842479
177,0.354429898431
178,0.0
179,0.0
180,0.224635663981
181,0.282217453962
182,0.397643911285
183,0.0198624606289
184,0.0
185,0.195861392376
186,0.380694332297
187,0.0596614451198
188,0.140192997211
189,0.322974301742
190,0.779563252777
191,0.531966809724
192,0.0910748438143
193,0.0298382308278
194,0.217478838145
195,0.589214895768
196,0.212768194269
197,0.506682436594
198,0.491542061716
199,0.670706817659
200,0.0272201985096
201,0.695795079076
202,0.360713477461
203,0.454058448363
204,0.236094144094
205,0.430406604186
206,0.695712297261
207,0.267577770469
208,0.0767442021362
209,0.0
210,0.587533613394
211,0.170287941139
212,0.0242510342399
213,0.381543285433
214,0.340190489917
215,0.144077011495
216,0.0
217,0.0
218,0.422111486973
219,0.556383192796
220,0.21948528772
221,0.112466783248
222,0.177067897158
223,0.256515861517
224,0.0
225,0.0250798169336
226,0.268261154555
227,0.064421379305
228,0.268684038375
229,0.0
230,0.0
231,0.173229032454
232,0.074600716366
233,0.59053033135
234,0.0
235,0.0
236,0.0
237,0.0
238,0.0
239,0.0
240,0.0
241,0.0047794946651
242,0.0679071672855
243,0.285556271577
244,0.131999304528
245,0.388874760544
246,0.528780528253
247,0.419589491623
248,0.198292121371
249,0.0174223461419
250,0.121121759103
251,0.476469462272
252,0.380883388406
253,0.330061339356
254,0.384300059791
255,0.503627036229
256,0.22066757873
257,0.250802917728
258,0.157338316276
259,0.403384056099
260,0.142316693832
261,0.346643585912
262,0.426327101466
263,0.332286059501
264,0.0
265,0.0399113466054
266,0.167133459405
267,0.00663042756548
268,0.0643773371329
269,0.00869196680687
270,0.353038375742
271,0.00841887496513
272,0.0311366444848
273,0.211326923682
274,0.0153089668917
275,0.0185189807039
276,0.122142802831
277,0.206723151933
278,0.296996077785
279,0.578161220213
280,0.0445214947014
281,0.380537800206
282,0.537378544537
283,0.474706918129
284,0.155732839214
285,0.278933777218
286,0.442822220774
287,0.384801924699
288,0.408218893864
289,0.575985516497
290,0.390997914924
291,0.125498745384
292,0.155750031054
293,0.0468658129735
294,0.454909711538
295,0.337672885094
296,0.394808394616
297,0.0
298,0.305474133528
299,0.307539140287
300,0.160037606936
301,0.362943140627
302,0.524522028668
303,0.234781161061
304,0.0917247466236
305,0.105263157895
306,0.0518475701239
307,0.052493969298
308,0.42241064417
309,0.658488649763
310,0.14033913711
311,0.0
312,0.0
313,0.0
314,0.0
315,0.434063146801
316,0.362328577923
317,0.254484406718
318,0.194708664946
319,0.229858829976
320,0.338773106093
321,0.181489684934
322,0.0373391390611
323,0.104823561592
324,0.0825480372986
325,0.205964866145
326,0.451063587705
327,0.284575358925
328,0.27977989384
329,0.261644373208
330,0.167799821067
331,0.138629436112
332,0.457388113668
333,0.219681311245
334,0.38343553785
335,0.192492563075
336,0.384913701038
337,0.496664139584
338,0.648703143613
339,0.0
340,0.0
341,0.0
342,0.0
343,0.17769879578
344,0.0450895940138
345,0.418374543315
346,0.472243602377
347,0.0
348,0.0
349,0.0
350,0.0
351,0.0
352,0.0
353,0.0
354,0.0
355,0.0
356,0.0
357,0.0
358,0.0
359,0.0
360,0.0
361,0.0
362,0.0
363,0.0
364,0.0
365,0.0
366,0.0
367,0.0
368,0.0
369,0.0
370,0.0
371,0.0
372,0.0
373,0.0
374,0.0
375,0.0
376,0.199955395779
377,0.0
378,0.0
379,0.0
380,0.0571428571429
381,0.460906177447
382,0.0803790132614
383,0.443017495132
384,0.131416815197
385,0.186113146831
386,0.096207509259
387,0.0200954014887
388,0.464705238199
389,0.212559114287
390,0.370203431407
391,0.752693375111
392,0.125533995252
393,0.57460813465
394,0.316467021699
395,0.28111768115
396,0.683877333412
397,0.47583455426
398,0.140166135706
399,0.433429479699
400,0.213047495342
401,0.522489954879
402,0.0577622650467
403,0.388589831736
404,0.182679167808
405,0.173395029816
406,0.530005723428
407,0.367661318506
408,0.507008776628
409,0.383738385249
410,0.174056416684
411,0.592683588714
412,0.303015145759
413,0.0
414,0.0
415,0.128706382388
416,0.231596063369
417,0.172423976572
418,0.406163083562
419,0.531506744623
420,0.155679386551
421,0.620557231533
422,0.188976377953
423,0.0701921195504
424,0.0428685576854
425,0.105909618437
426,0.140924336206
427,0.257119713052
428,0.567844723792
429,0.344211021264
430,0.331090839686
431,0.423519896189
432,0.202850651846
433,0.597754769902
434,0.527147845312
435,0.223494526639
436,0.491589976194
437,0.189879926289
438,0.00734571403242
439,0.128863863399
440,0.116080819665
441,0.0271464406856
442,0.0171892434406
443,0.0166394674333
444,0.124116125619
445,0.149194650821
446,0.00163542394155
447,0.189982231869
448,0.146899953367
449,0.15680233079
450,0.133303597186
451,0.0
452,0.294302306474
453,0.189013520864
454,0.0
455,0.0
456,0.0
457,0.0
458,0.0
459,0.0
460,0.0
461,0.0
462,0.158627616574
463,0.297536591712
464,0.534198362689
465,0.621378003476
466,0.398960982498
467,0.291694786876
468,0.199181190299
469,0.0
470,0.0
471,0.0
472,0.0
473,0.0
474,0.0
475,0.0
476,0.0
477,0.0
478,0.0
479,0.0
480,0.0
481,0.0
482,0.0
483,0.0
484,0.0
485,0.216332466425
486,0.180365450999
487,0.44884255117
488,0.108759567112
489,0.428662267371
490,0.369982568876
491,0.0
492,0.609549631719
493,0.0748068606603
494,0.332947258921
495,0.202389563165
496,0.0520438499706
497,0.349270607474
498,0.379797302242
499,0.0645618937717
500,0.0861453587527
501,0.0545852086848
502,0.0625632215113
503,0.193322825745
504,0.0949023798448
505,0.12713150919
506,0.0391035347865
507,0.21718766483
508,0.590253143275
509,0.361573435594
510,0.323819802354
511,0.256819964335
512,0.132264258586
513,0.0232135393136
514,0.0786740472101
515,0.143112806861
516,0.619957773563
517,0.0184606475374
518,0.354986308487
519,0.397869823643
520,0.316846968296
521,0.522632344899
522,0.285305038654
523,0.546444682992
524,0.133303597186
525,0.0
526,0.258837012431
527,0.547985555368
528,0.637387561938
529,0.33664339757
530,0.0754353689504
531,0.20398581485
532,0.130979004062
533,0.353065675803
534,0.0236678832873
535,0.0
536,0.0
537,0.0
538,0.0
539,0.0
540,0.0527949520072
541,0.0187714969185
542,0.25029925771
543,0.14107587611
544,0.107101281833
545,0.018817418472
546,0.439503650979
547,0.471042004768
548,0.0
549,0.561997517567
550,0.58356659918
551,0.464596668405
552,0.0
553,0.0
554,0.127804148271
555,0.468348621499
556,0.332393901825
557,0.588250859638
558,0.0
559,0.0
560,0.0
561,0.0
562,0.0
563,0.0
564,0.0
565,0.0
566,0.0
567,0.0
568,0.0
569,0.0
570,0.0
571,0.0
572,0.302102865812
573,0.191990497049
574,0.0619819273541
575,0.149833544465
576,0.0
577,0.210911168808
578,0.245493753832
579,0.0840724066109
580,0.623613870015
581,0.357453098924
582,0.374246354735
583,0.542443886855
584,0.161907697295
585,0.170941565866
586,0.35294775226
587,0.440752295483
588,0.020820434755
589,0.100821408081
590,0.521243307571
591,0.45218957374
592,0.309643516752
593,0.0
594,0.0
595,0.0
596,0.0
597,0.35557463261
598,0.0990210257943
599,0.0
600,0.0
601,0.0
602,0.0
603,0.0
604,0.0
605,0.0680500880741
606,0.170212765957
607,0.0
608,0.0
609,0.325779806399
610,0.276914199597
611,0.00217559032796
612,0.403319200214
613,0.0
614,0.0
615,0.0100853683767
616,0.170099740325
617,0.118565389958
618,0.0798063461186
619,0.0723667739349
620,0.0
621,0.420868451592
622,0.327800258681
623,0.189542410301
624,0.39874485655
625,0.199583430365
626,0.0
627,0.0227453596519
628,0.175341882469
629,0.538535954293
630,0.037440253577
631,0.171585758977
632,0.0991598191864
633,0.47300316917
634,0.197976956425
635,0.610826277183
636,0.0
637,0.30080263534
638,0.400970194544
639,0.0651676836424
640,0.62028863826
641,0.559421646497
642,0.494202065539
643,0.230596717959
644,0.0306193808435
645,0.0674589757246
646,0.151692129012
647,0.17760926953
648,0.154416458756
649,0.448335846977
650,0.0
651,0.0
652,0.199955395779
653,0.276549346686
654,0.207800072832
655,0.236560311542
656,0.106197052446
657,0.0201689965257
658,0.298753271788
659,0.0129502068035
660,0.0
661,0.0
662,0.0
663,0.0
664,0.0
665,0.130629127758
666,0.405949755958
667,0.329456988176
668,0.128510605424
669,0.0866598904691
670,0.390347691314
671,0.207055234277
672,0.310069288864
673,0.0515006439599
674,0.339697446826
675,0.434043154508
676,0.467992188981
677,0.600516235144
678,0.0
679,0.0
680,0.517243215829
681,0.459525460722
682,0.455259395846
683,0.50627254801
684,0.0
685,0.516503199327
686,0.439174918018
687,0.426580624132
688,0.367429525775
689,0.0478093447178
690,0.307543940861
691,0.0816389892296
692,0.186205238412
693,0.374989108955
694,0.0
695,0.465035335234
696,0.00690323579428
697,0.0141454726596
698,0.0906457914087
699,0.206203846661
700,0.223369126089
701,0.33599519417
702,0.186548428506
703,0.0
704,0.211547012926
705,0.465509923096
706,0.211107323799
707,0.515695996309
708,0.438097688761
709,0.576353473842
710,0.504835201175
711,0.278179245748
712,0.483593307375
713,0.310018781536
714,0.502040416172
715,0.403181774039
716,0.690983670677
717,0.102822878229
718,0.367965794036
719,0.0631616368408
720,0.154032706791
721,0.0
722,0.156202181535
723,0.154032706791
724,0.0
725,0.0636347441368
726,0.0
727,0.496400734586
728,0.506862703677
729,0.210703823899
730,0.518934939804
731,0.0184404707195
732,0.391069228851
733,0.510539298106
734,0.299026772744
735,0.0644356430298
736,0.566651110828
737,0.0
738,0.29973215938
739,0.67553743558
740,0.356217007737
741,0.64611121962
742,0.302862459767
743,0.541877022571
744,0.536001518391
745,0.604008870524
746,0.0
747,0.0
748,0.434007344654
749,0.395879277887
750,0.185241518086
751,0.422746532066
752,0.32031686043
753,0.496445565036
754,0.0490781474279
755,0.2810259647
756,0.12201017204
757,0.43986827245
758,0.408749394732
759,0.175057682632
760,0.100448313639
761,0.306309943357
762,0.0
763,0.0
764,0.0
765,0.0
