site,dnds
1,0.0
2,0.0
3,0.0492005361751
4,0.161039448579
5,0.0989911655518
6,0.330374014607
7,0.143183462101
8,0.198266496734
9,0.417178037068
10,0.520096594544
11,0.166782901978
12,0.16712155051
13,0.200754363333
14,0.173544037609
15,0.312387542791
16,0.321366968572
17,0.0
18,0.0
19,0.643876124172
20,0.0313909268365
21,0.334752395369
22,0.0
23,0.079995710013
24,0.236940411933
25,0.0847005459806
26,0.0
27,0.169219312152
28,0.550942042657
29,0.110821410631
30,0.143192343528
31,0.585657382094
32,0.233802910945
33,0.131673691756
34,0.498296650489
35,0.505119678498
36,0.166020201814
37,0.159328331425
38,0.0
39,0.0
40,0.0
41,0.0
42,0.512949305117
43,0.643788130793
44,0.66628053269
45,0.196549509165
46,0.274847901087
47,0.0
48,0.288642449878
49,0.233554680013
50,0.365937909231
51,0.545631088876
52,0.384569603817
53,0.111431506225
54,0.0414114760543
55,0.219444251589
56,0.143038879214
57,0.240030479729
58,0.562297307236
59,0.0
60,0.512782195056
61,0.0
62,0.548881728394
63,0.586818104846
64,0.198823131091
65,0.185363147922
66,0.253066634841
67,0.375303150387
68,0.368202174045
69,0.299145165336
70,0.156730085841
71,0.148535887298
72,0.142278885082
73,0.223599269429
74,0.340700022179
75,0.611734192787
76,0.643457271348
77,0.665478508589
78,0.648324455599
79,0.573674415643
80,0.69913540438
81,0.688470195448
82,0.268031328824
83,0.599796566816
84,0.603312391602
85,0.623448248051
86,0.627795359142
87,0.55300707399
88,0.529503273923
89,0.510003710222
90,0.668204766574
91,0.616131522076
92,0.485555349258
93,0.506597643339
94,0.668451561788
95,0.788861952982
96,0.72009626043
97,0.616598872952
98,0.432140812671
99,0.606296219339
100,0.610460867198
101,0.727037438529
102,0.502351261361
103,0.633478235386
104,0.66765359941
105,0.655078326317
106,0.695692018768
107,0.670509639083
108,0.568199570381
109,0.738757362898
110,0.697287765505
111,0.531301210229
112,0.715639924701
113,0.4839088379
114,0.576957468462
115,0.566959886814
116,0.512946837527
117,0.424242248655
118,0.555316358061
119,0.486188983848
120,0.45387246716
121,0.221857091311
122,0.376103460954
123,0.315432217704
124,0.2391566077
125,0.234518782536
126,0.0742405348263
127,0.0405465108108
128,0.134899473774
129,0.0
130,0.0
131,0.0
132,0.0
133,0.0680500880741
134,0.0
135,0.106638027778
136,0.0
137,0.0867325491054
138,0.0
139,0.0
140,0.0
141,0.0
142,0.106638027778
143,0.0
144,0.0
145,0.0
146,0.266666666667
147,0.0
148,0.0
149,0.0
150,0.0
151,0.0775491027295
152,0.0
153,0.0
154,0.0
155,0.723120795136
156,0.507685303216
157,0.322604076084
158,0.247917360182
159,0.285322640818
160,0.23463413812
161,0.0374525787826
162,0.144310810587
163,0.309976819173
164,0.153338473431
165,0.00475715600185
166,0.0
167,0.0
168,0.0
169,0.429404893471
170,0.327217863239
171,0.0
172,0.0
173,0.0342638973868
174,0.0
175,0.334579175707
176,0.43732256885
177,0.0
178,0.0593805441459
179,0.393220286085
180,0.139470585229
181,0.200330723081
182,0.527117393611
183,0.348268832699
184,0.318720435769
185,0.320733198966
186,0.0504076155161
187,0.113531633627
188,0.0346235743821
189,0.0
190,0.294018532259
191,0.119143254159
192,0.0848506734808
193,0.17897738078
194,0.231087035629
195,0.0387358789993
196,0.0810976504605
197,0.404384213408
198,0.407020721914
199,0.054890319666
200,0.0531580894221
201,0.0
202,0.633524422124
203,0.373261354978
204,0.283821192732
205,0.00543630586729
206,0.560136530336
207,0.48111029937
208,0.183510543565
209,0.46445467811
210,0.530506188395
211,0.547192546607
212,0.129152148052
213,0.0
214,0.0
215,0.0
216,0.0
217,0.0
218,0.0
219,0.236247494242
220,0.385967703843
221,0.16055228738
222,0.406246130691
223,0.408408350308
224,0.237337212247
225,0.568959021782
226,0.645306807804
227,0.54137615869
228,0.741960479551
229,0.524059817116
230,0.739302599076
231,0.552306311404
232,0.0579235868726
233,0.0
234,0.0
235,0.0
236,0.0
237,0.0
238,0.106638027778
239,0.157472192714
240,0.264989115529
241,0.616996410555
242,0.716350962568
243,0.772467008655
244,0.753843284556
245,0.0
246,0.391879046866
247,0.547580783864
248,0.619841009371
249,0.788384442236
250,0.751775120672
251,0.848313932069
252,0.741614009395
253,0.549070613739
254,0.686259896774
255,0.75070881859
256,0.561692257006
257,0.570948717969
258,0.631637942141
259,0.591293894326
260,0.629900492461
261,0.0
262,0.326443822785
263,0.214108093514
264,0.361164983937
265,0.265481802082
266,0.273027417941
267,0.075467529372
268,0.342127601131
269,0.284338548648
270,0.138616918889
271,0.0
272,0.0609183076599
273,0.327585989753
274,0.388171020837
275,0.156410196733
276,0.0
277,0.0100197890287
278,0.130780418003
279,0.315213860949
280,0.0275439601981
281,0.409153253034
282,0.488055256628
283,0.147483067183
284,0.100686333307
285,0.674364077516
286,0.652799541938
287,0.624839090785
288,0.561351048392
289,0.44711410754
290,0.342478279204
291,0.718487418618
292,0.62406398459
293,0.107285325419
294,0.50743972677
295,0.65325115485
296,0.534013096421
297,0.109026090163
298,0.323535911416
299,0.190392358609
300,0.375607550636
301,0.545706940831
302,0.322276733533
303,0.0
304,0.103928599989
305,0.72297910246
306,0.599954406418
307,0.261370267221
308,0.431297539233
309,0.289052464889
310,0.0
311,0.429398100487
312,0.223491834289
313,0.349019138664
314,0.810270152471
315,0.0845720299924
316,0.0627769741043
317,0.0
318,0.564429992604
319,0.0
320,0.431090459884
321,0.109230775952
322,0.186018036276
323,0.424256908671
324,0.347114370124
325,0.257749056742
326,0.266635719948
327,0.0
328,0.374868480233
329,0.0622824949519
330,0.211156544894
331,0.10406887018
332,0.435217097879
333,0.711401072584
334,0.257611129575
335,0.559702004283
336,0.30931650035
337,0.183296349396
338,0.222279241936
339,0.51658197949
340,0.140735902144
341,0.248026918293
342,0.230841497535
343,0.472437674579
344,0.431985923175
345,0.589751324683
346,0.610461707663
347,0.568683782493
348,0.142829804024
349,0.305208069717
350,0.0621763406864
351,0.0187804408639
352,0.0188319445459
353,0.0784058344354
354,0.48335838826
355,0.233294132157
356,0.0
357,0.00633059587414
358,0.0
359,0.576384118803
360,0.582704615853
361,0.3513507908
362,0.574233258374
363,0.069185175084
364,0.287160744004
365,0.471048215427
366,0.225451319272
367,0.623483186816
368,0.156796862202
369,0.0
370,0.250556971745
371,0.0
372,0.5068786613
373,0.323110112856
374,0.451525548525
375,0.612677286845
376,0.538455085281
377,0.676238743481
378,0.360907282964
379,0.5291741316
380,0.554463454402
381,0.453040815164
382,0.415623256617
383,0.600424345967
384,0.424364076876
385,0.289595076724
386,0.555606484571
387,0.43252316997
388,0.155204401624
389,0.225306069277
390,0.50541363033
391,0.379007149887
392,0.402662906625
393,0.0
394,0.243874088021
395,0.122999492648
396,0.501440948847
397,0.0520824557058
398,0.189276876108
399,0.350388459321
400,0.0
401,0.255528494865
402,0.0
403,0.346126886381
404,0.262665790817
405,0.524352006709
406,0.265540525378
407,0.548717700591
408,0.661878451745
409,0.467915603534
410,0.0708188143164
411,0.245096830812
412,0.372571462442
413,0.110469915821
414,0.239448693199
415,0.224679312108
416,0.0
417,0.106638027778
418,0.603938269321
419,0.387610928873
420,0.3091828746
421,0.455465010166
422,0.13238727022
423,0.0
424,0.334276001648
425,0.0
426,0.0444509142469
427,0.452844576022
428,0.0
429,0.0
430,0.0147156875359
431,0.0
432,0.501944783734
433,0.198958525082
434,0.0
435,0.153932355959
436,0.274921104078
437,0.0063376065008
438,0.205560164587
439,0.18760125591
440,0.00724327173619
441,0.0735080807888
442,0.375140013174
443,0.363616682275
444,0.524497511781
445,0.0105587628327
446,0.454720381316
447,0.359497208049
448,0.132593879241
449,0.535520910142
450,0.411492438382
451,0.11725386843
452,0.19457068612
453,0.613006204886
454,0.472294344753
455,0.360118536285
456,0.276485639713
457,0.479811064494
458,0.352741514139
459,0.0796684612011
460,0.141296227535
