site,dnds
1,0.0
2,0.0
3,0.0
4,0.1087289695
5,0.0
6,0.0680500880741
7,0.125
8,0.0
9,0.0
10,0.0
11,0.1087289695
12,0.0
13,0.112676056338
14,0.155691694764
15,0.154032706791
16,0.136675460474
17,0.422253083544
18,0.573565463093
19,0.58387447624
20,0.641839395514
21,0.638290142615
22,0.409618514572
23,0.473795856908
24,0.560388291071
25,0.337334307479
26,0.314499744308
27,0.0972899788162
28,0.353215448182
29,0.32352065646
30,0.389611729192
31,0.0825426001889
32,0.409077767096
33,0.500929345815
34,0.280037448577
35,0.430034517672
36,0.624078337235
37,0.48620561089
38,0.705555402039
39,0.237867419357
40,0.536004426321
41,0.21664401503
42,0.701348796779
43,0.519012281256
44,0.545410874863
45,0.495743768418
46,0.319739861007
47,0.217851786435
48,0.55149468131
49,0.380712514795
50,0.366979655101
51,0.323776160951
52,0.214958026547
53,0.229958321007
54,0.405165175889
55,0.144469852223
56,0.42435110342
57,0.160471895622
58,0.178193526721
59,0.260819890087
60,0.300847403941
61,0.407016321181
62,0.343841161977
63,0.662792055027
64,0.684026996445
65,0.542265228225
66,0.345688533666
67,0.0818326751503
68,0.0
69,0.0869565217391
70,0.190866144722
71,0.399813028084
72,0.340976291446
73,0.342364028252
74,0.274067448577
75,0.103485905138
76,0.371594328197
77,0.495234879057
78,0.486346650931
79,0.468713906686
80,0.737361284618
81,0.491958653649
82,0.251188880118
83,0.0
84,0.0909090909091
85,0.139506322371
86,0.308185604727
87,0.29757005046
88,0.546113763619
89,0.338816121036
90,0.3932011983
91,0.603586558921
92,0.584573143539
93,0.649627350295
94,0.641935313836
95,0.54236519006
96,0.588811075569
97,0.419731063522
98,0.382646286882
99,0.470347838254
100,0.256441580868
101,0.44405594028
102,0.343731331908
103,0.605758362274
104,0.543367101931
105,0.573262594287
106,0.487518538886
107,0.41302476916
108,0.460850149408
109,0.727346135614
110,0.575399654597
111,0.470515271146
112,0.469245148979
113,0.523838488359
114,0.550245712546
115,0.178159721303
116,0.0888859265633
117,0.546901295141
118,0.0
119,0.737483309515
120,0.32238565209
121,0.676747680346
122,0.597706000281
123,0.497672207948
124,0.499785554096
125,0.667351117174
126,0.661390285302
127,0.324716119765
128,0.283401337005
129,0.265327781832
130,0.31069063883
131,0.125804809815
132,0.429250758003
133,0.383599857435
134,0.58822257076
135,0.394816467627
136,0.29906268564
137,0.595298365304
138,0.0740321634854
139,0.250441298468
140,0.506305684864
141,0.406176235904
142,0.318127574718
143,0.402940531034
144,0.0486434645048
145,0.00815902100743
146,0.0450708656087
147,0.315515453673
148,0.300075065282
149,0.330621186043
150,0.433467652819
151,0.295798668546
152,0.322870633321
153,0.0
154,0.624759227976
155,0.413157827147
156,0.242097430632
157,0.528426714988
158,0.626936506349
159,0.428690656765
160,0.354806827443
161,0.584665156067
162,0.266438347998
163,0.295424933897
164,0.333283545748
165,0.407248716934
166,0.600979309749
167,0.548486667364
168,0.528501497117
169,0.162762421679
170,0.615716997223
171,0.0
172,0.0
173,0.0
174,0.0
175,0.0
176,0.0
177,0.588780923173
178,0.0977023549809
179,0.266799378386
180,0.648049763999
181,0.446820724165
182,0.435409991146
183,0.478516665781
184,0.71783858481
185,0.282521912862
186,0.429778477102
187,0.601435682571
188,0.540299475452
189,0.305140172277
190,0.333010341595
191,0.273267117733
192,0.11827179387
193,0.0236803382032
194,0.469602722599
195,0.129524020388
196,0.480211331486
197,0.0465546123853
198,0.0173930574808
199,0.058747563505
200,0.100171509932
201,0.252235289698
202,0.516457900622
203,0.369573985414
204,0.35581488623
205,0.430304389084
206,0.54731685874
207,0.17707631999
208,0.193919268454
209,0.0432992845504
210,0.383632108135
211,0.460369289467
212,0.157872789868
213,0.252925002048
214,0.260724128083
215,0.0
216,0.133303597186
217,0.417967415814
218,0.444272475151
219,0.475031640244
220,0.5720583751
221,0.113947219723
222,0.0
223,0.426340977352
224,0.179384676828
225,0.626812945097
226,0.592236413545
227,0.62859112131
228,0.173592329982
229,0.467496724325
230,0.259262974575
231,0.381125470214
232,0.294277942923
233,0.227946258767
234,0.140608712388
235,0.43092565005
236,0.494603196701
237,0.41438510298
238,0.516787976656
239,0.371797678258
240,0.26527157973
241,0.580292548618
242,0.734796558096
243,0.334198173721
244,0.179096635029
245,0.615992341232
246,0.718487544634
247,0.334426659771
248,0.423812512785
249,0.465356323897
250,0.0
251,0.0
252,0.0
253,0.0
254,0.0
255,0.383511725313
256,0.326865493678
257,0.330271633228
258,0.612978668103
259,0.0
260,0.0
261,0.0
262,0.0
263,0.450422315016
264,0.369225245096
265,0.568968794992
266,0.302023059628
267,0.0607527532904
268,0.103303212257
269,0.552294791827
270,0.62649166816
271,0.412777561333
272,0.331769535689
273,0.432919270023
274,0.359632103794
275,0.443745937295
276,0.25243310656
277,0.231912255704
278,0.206198788055
279,0.324907496754
280,0.235230268576
281,0.393841746092
282,0.386514426799
283,0.311066040234
284,0.499789445948
285,0.128889710443
286,0.486586321207
287,0.401457252088
288,0.474724939811
289,0.688254963913
290,0.577401205402
291,0.459973074763
292,0.444245527026
293,0.430388305169
294,0.535667429305
295,0.502246022195
296,0.421814279555
297,0.501357559013
298,0.546042263972
299,0.619266277205
300,0.57142870009
301,0.708508577145
302,0.512587214376
303,0.316718587297
304,0.56900814112
305,0.717664941767
306,0.40168933969
307,0.254549463869
308,0.250013763882
309,0.327423787453
310,0.281083563413
311,0.444586069737
312,0.614596449244
313,0.544717720672
314,0.433430508389
315,0.679740256669
316,0.510305670624
317,0.537633898365
318,0.0573647253399
319,0.226295164832
320,0.379058431136
321,0.30508161635
322,0.362975319139
323,0.0
324,0.0
325,0.0
326,0.0
327,0.0
328,0.0
329,0.0
330,0.0
331,0.0
332,0.0
333,0.0
334,0.0
335,0.0
336,0.0
337,0.0
338,0.0
339,0.0
340,0.0
341,0.0
342,0.0
343,0.0
344,0.0
345,0.105511972168
346,0.426573250416
347,0.219224421914
348,0.0936283240562
349,0.371531711116
350,0.168947237747
351,0.213020940819
352,0.0
353,0.0
354,0.198580699181
355,0.65455024655
356,0.211499357646
357,0.139016608494
358,0.239967149511
359,0.051344235597
360,0.0
361,0.277936736655
362,0.316593300853
363,0.255250599492
364,0.0823959216501
365,0.0
366,0.295929601047
367,0.321628421017
368,0.261401421661
369,0.286075192193
370,0.326442082492
371,0.0998738444244
372,0.0806449938779
373,0.0
374,0.115524530093
375,0.190476190476
376,0.116454891431
377,0.371813781269
378,0.686659168577
379,0.0646650034007
380,0.664427647479
381,0.335685251573
382,0.290907463826
383,0.258655087323
384,0.312382005417
385,0.320043346394
386,0.634477184898
387,0.33203022127
388,0.454495264004
389,0.603320950672
390,0.732316580011
391,0.646448503065
392,0.582652167641
393,0.356800647656
394,0.539600937806
395,0.642571777529
396,0.5616361279
397,0.71765942564
398,0.801757177787
399,0.735511107859
400,0.656210144648
401,0.560546459297
402,0.413971609343
403,0.478657034908
404,0.609220785575
405,0.727442185488
406,0.633771145018
407,0.637214902864
408,0.437382678888
409,0.222656830248
410,0.501115387405
411,0.634518739334
412,0.505406251725
413,0.453392588193
414,0.477809842316
415,0.638029718632
416,0.382109643784
417,0.321027372278
418,0.65811669134
419,0.561011827189
420,0.636378246249
421,0.601615549184
422,0.273869101273
423,0.560217243939
424,0.493761611656
425,0.601646487096
426,0.584745594994
427,0.25613148204
428,0.455522373727
429,0.513089051046
430,0.534075434213
431,0.0
432,0.470500009712
433,0.51234191531
434,0.491311242551
435,0.0330818824428
436,0.119764664041
437,0.485579324961
438,0.461491861646
439,0.213511745785
440,0.577816925087
441,0.425565947107
442,0.561084232523
443,0.619865360565
444,0.711950729646
445,0.6359402362
446,0.482179135717
447,0.680677646641
448,0.415560495251
449,0.435020852493
450,0.536561279528
451,0.409577358454
452,0.62249053515
453,0.506933638301
454,0.572872114053
455,0.395595880343
456,0.621701491396
457,0.556214229212
458,0.837809026614
459,0.741102273174
460,0.732910379695
461,0.549656070931
462,0.515938208389
463,0.512180493506
464,0.505712829234
465,0.549766363589
466,0.5708228206
467,0.516707044573
468,0.612903177695
469,0.609801937369
470,0.745677222657
471,0.592342492319
472,0.610640332585
473,0.454502504424
474,0.418811962052
475,0.441443957693
476,0.169386471808
477,0.580430590123
478,0.472858521518
479,0.484446475141
480,0.572441396421
481,0.732781534658
482,0.352705209052
483,0.162348206309
484,0.587200775608
485,0.328595617491
486,0.505321723036
487,0.529939069472
488,0.529371250042
489,0.576278365265
490,0.513154765468
491,0.559432641969
492,0.456258177627
493,0.554579375666
494,0.561063016381
495,0.21836150044
496,0.504851803344
497,0.241066437817
498,0.184954157142
499,0.0409105371828
500,0.109315747318
501,0.173342247037
502,0.15694720662
503,0.0958766111239
504,0.159426327007
505,0.0863046217355
506,0.15392247096
507,0.241650061886
508,0.1
509,0.0
510,0.169314718056
511,0.0
512,0.0660140171962
513,0.0
514,0.0
515,0.257371105018
516,0.169314718056
517,0.138629436112
518,0.0831723298683
519,0.0
520,0.0
521,0.0
522,0.0571428571429
523,0.141031341951
524,0.0
525,0.0
526,0.0
527,0.0
528,0.0
529,0.0
530,0.0
531,0.0
532,0.0
533,0.0
534,0.0
535,0.0
536,0.0
537,0.0
538,0.0
539,0.0
540,0.0
