site,dnds
1,0.0213351844902
2,0.366023931751
3,0.11330834847
4,0.540152433884
5,0.231951443364
6,0.0460551674347
7,0.0826206662952
8,0.056366986448
9,0.00378879211958
10,0.00260982368888
11,0.0185229115925
12,0.00668947272556
13,0.0523030063665
14,0.175446767817
15,0.124918608419
16,0.0307110783472
17,0.225840179397
18,0.00246305418719
19,0.688687631611
20,0.336547573985
21,0.0
22,0.292313680572
23,0.371813420157
24,0.69684605014
25,0.0
26,0.0
27,0.0
28,0.0
29,0.0
30,0.0
31,0.0
32,0.0
33,0.0
34,0.0571428571429
35,0.0
36,0.170212765957
37,0.0
38,0.0
39,0.0
40,0.0
41,0.0
42,0.0
43,0.0
44,0.0
45,0.0
46,0.0
47,0.0
48,0.0
49,0.258520925306
50,0.557257938651
51,0.388303736216
52,0.645743566226
53,0.599387966973
54,0.69565880837
55,0.165415528876
56,0.261149583855
57,0.680608352663
58,0.333620964045
59,0.0
60,0.443634357892
61,0.288786905427
62,0.347748968608
63,0.163796292979
64,0.547850106429
65,0.504162290038
66,0.614733771992
67,0.594735611758
68,0.624864960074
69,0.142729698945
70,0.325503690064
71,0.373198009385
72,0.437016873046
73,0.54659010685
74,0.431786850425
75,0.478654046065
76,0.241415921855
77,0.0499565535539
78,0.24834745818
79,0.0426552111114
80,0.191750385737
81,0.194389152513
82,0.0
83,0.172469544402
84,0.0
85,0.0247552564486
86,0.140530154449
87,0.322863505364
88,0.557573431503
89,0.491778647271
90,0.151770644084
91,0.201542834533
92,0.0315345894485
93,0.0
94,0.0
95,0.262456102734
96,0.314889447588
97,0.401877516634
98,0.456900421385
99,0.189737981095
100,0.0638426405357
101,0.592661352506
102,0.0
103,0.0
104,0.0
105,0.0
106,0.0
107,0.0
108,0.0
109,0.0
110,0.0
111,0.0
112,0.0
113,0.0
114,0.0
115,0.0
116,0.0
117,0.0
118,0.0
119,0.0
120,0.0
121,0.0
122,0.0
123,0.0
124,0.0
125,0.0
126,0.0
127,0.0
128,0.0
129,0.303486189143
130,0.152537689217
131,0.217738143448
132,0.0
133,0.514043415065
134,0.306474446616
135,0.188367935598
136,0.0
137,0.0
138,0.0
139,0.0
140,0.0
141,0.0
142,0.0
143,0.0
144,0.276014074101
145,0.149249072945
146,0.120273304046
147,0.372410152224
148,0.218164965559
149,0.206445969131
150,0.271582361497
151,0.28234199105
152,0.24062654674
153,0.331905398346
154,0.422381753712
155,0.191980149703
156,0.0
157,0.195650727647
158,0.0607054188393
159,0.0653329456293
160,0.217083699016
161,0.0467264923673
162,0.325202331106
163,0.578479084896
164,0.50758730619
165,0.535538841368
166,0.194933049959
167,0.184162394869
168,0.0
169,0.0
170,0.150943396226
171,0.0852053964453
172,0.259553458248
173,0.681081667249
174,0.172153917397
175,0.0540540540541
176,0.159609579273
177,0.0
178,0.327052104735
179,0.571956838922
180,0.516068114928
181,0.458927651479
182,0.018113846152
183,0.080767133537
184,0.524977841537
185,0.0
186,0.300229277739
187,0.374333313269
188,0.256249688791
189,0.325252497915
190,0.0607689276663
191,0.217624439025
192,0.329157115868
193,0.381842892707
194,0.0
195,0.0
196,0.0
197,0.477610946838
198,0.132818621425
199,0.33122152265
200,0.23386454007
201,0.348925193344
202,0.353553396902
203,0.224783500106
204,0.214343311767
205,0.218397049618
206,0.285308650482
207,0.250217515844
208,0.476366813834
209,0.428071987331
210,0.0
211,0.0240235906489
212,0.0
213,0.0
214,0.549636516674
215,0.108996478466
216,0.0421859522477
217,0.524796499436
218,0.0463696003941
219,0.0
220,0.0986976727994
221,0.0
222,0.304691492168
223,0.162072249317
224,0.359751996572
225,0.14674038361
226,0.0289856016873
227,0.438564107022
228,0.18927049207
229,0.0316085382135
230,0.167771273287
231,0.0555243889227
232,0.0
233,0.0
234,0.196721311475
235,0.0778597395561
236,0.145647069295
237,0.365311767306
238,0.124157591863
239,0.295515397258
240,0.379924505026
241,0.369242904201
242,0.526723127284
243,0.0756057583546
244,0.154032706791
245,0.0
246,0.0
247,0.0
248,0.203088881797
249,0.170212765957
250,0.335497268475
251,0.0728002628327
252,0.091480335645
253,0.321973921981
254,0.193118662207
255,0.36896673742
256,0.0264378463741
257,0.0490937374118
258,0.0461967874817
259,0.0
260,0.196913615945
261,0.0
262,0.254376675422
263,0.165903278157
264,0.261840120646
265,0.387425603889
266,0.141683893894
267,0.0
268,0.0
269,0.0
270,0.0
271,0.0
272,0.0
273,0.0
274,0.0
275,0.0
276,0.0
277,0.0
278,0.0
279,0.0
280,0.491586353821
281,0.698920445197
282,0.098548351066
283,0.0
284,0.0
285,0.0
286,0.0
287,0.0
288,0.0
289,0.0
290,0.154032706791
291,0.0
292,0.0
293,0.0
294,0.083889332712
295,0.0
296,0.0
297,0.154032706791
298,0.0
299,0.0
300,0.0
301,0.120948141872
302,0.0
303,0.0
304,0.0
305,0.0
306,0.0
307,0.115524530093
308,0.144376485652
309,0.291168626456
310,0.222877061074
311,0.529828880621
312,0.230749083662
313,0.395505472509
314,0.482180979969
315,0.404212409704
316,0.442558953257
317,0.305143540507
318,0.107861333166
319,0.131412848547
320,0.0933271675463
321,0.0302478918016
322,0.447996769296
323,0.205914925855
324,0.107254871851
325,0.0500862071341
326,0.0105480088064
327,0.310016785553
328,0.0960393582685
329,0.520210221679
330,0.357178578003
331,0.0
332,0.298378884949
333,0.304788121948
334,0.264056068785
335,0.355931309757
336,0.35141257178
337,0.111540925607
338,0.148858295674
339,0.0608524273743
340,0.145142002947
341,0.230045718172
342,0.0
343,0.0
344,0.0
345,0.0
346,0.0
347,0.260814982806
348,0.0714285714286
349,0.380447114263
350,0.156649390262
351,0.0236275973964
352,0.127094679058
353,0.31889881885
354,0.0
355,0.328190365978
356,0.438581754657
357,0.420835385231
358,0.443233768779
359,0.0
360,0.362090533671
361,0.536612482053
362,0.305876878496
363,0.319580470707
364,0.0459391153511
365,0.546994536374
366,0.28937559215
367,0.141532965759
368,0.0965881729313
369,0.0
370,0.0
371,0.0
372,0.0
373,0.266666666667
374,0.0
375,0.142857142857
376,0.166666666667
377,0.297767290403
378,0.692715620436
379,0.12779939802
380,0.224322407159
381,0.54358703024
382,0.0437044998515
383,0.011856356598
384,0.586564650498
385,0.0255435312538
386,0.137797499607
387,0.0750967691194
388,0.280207990053
389,0.263776676851
390,0.0661723164658
391,0.274862871502
392,0.39115458397
393,0.188818255331
394,0.0
395,0.0
396,0.100821408081
397,0.0
398,0.394794407634
399,0.159962998564
400,0.0133028651761
401,0.00712123131694
402,0.609624633437
403,0.455596292427
404,0.28159051561
405,0.120448536178
406,0.503137826016
407,0.102297349856
408,0.437459802068
409,0.301623066936
410,0.0603798663967
411,0.648535005472
412,0.0
413,0.0177171762327
414,0.477427596361
415,0.333644102723
416,0.196190321869
417,0.288794745757
418,0.45640417326
419,0.31173649506
420,0.260021366653
421,0.119758534392
422,0.101684648561
423,0.623976028303
424,0.152923052507
425,0.452756907075
426,0.0277043500141
427,0.176674845356
428,0.347336988652
429,0.305321431612
430,0.265017255429
431,0.174037810188
432,0.149710193763
433,0.0
