site,dnds
1,0.0
2,0.0
3,0.0
4,0.0
5,0.0
6,0.0
7,0.0
8,0.0
9,0.0
10,0.0
11,0.0
12,0.0
13,0.0
14,0.0
15,0.0
16,0.0
17,0.0
18,0.0
19,0.0
20,0.0
21,0.0
22,0.264669043972
23,0.604236366558
24,0.177596089461
25,0.0241349538004
26,0.628446990587
27,0.47013946071
28,0.194879780123
29,0.581912078915
30,0.313778842841
31,0.485856116134
32,0.42566163482
33,0.320545147268
34,0.0
35,0.0
36,0.245398010627
37,0.477282805276
38,0.135716081313
39,0.0735278375204
40,0.256546121423
41,0.119265752081
42,0.467324202973
43,0.287931602308
44,0.508822909529
45,0.422036977575
46,0.511478312876
47,0.247474879787
48,0.212124872764
49,0.569477943252
50,0.666729187343
51,0.511958482937
52,0.562175149644
53,0.655980384415
54,0.731113256824
55,0.714156997568
56,0.715011830268
57,0.78266095428
58,0.720650526425
59,0.663180620935
60,0.670659335012
61,0.622848107354
62,0.566472592909
63,0.867059510199
64,0.657105202606
65,0.367900182627
66,0.532115933531
67,0.373430205227
68,0.557157426458
69,0.632954699832
70,0.619835481625
71,0.482372225045
72,0.751247152577
73,0.729852063021
74,0.626608425864
75,0.766364960894
76,0.765213452969
77,0.797256625024
78,0.811414458534
79,0.743022325927
80,0.755670802727
81,0.626158954957
82,0.813613740984
83,0.649023443786
84,0.775608141171
85,0.855666522507
86,0.740231351678
87,0.315687169192
88,0.703802686698
89,0.395623918536
90,0.582488805709
91,0.639261799183
92,0.587507396938
93,0.575751457033
94,0.395754651586
95,0.653759805146
96,0.63704081451
97,0.38668895249
98,0.355576491981
99,0.226758986666
100,0.125398751678
101,0.093054948993
102,0.207532112337
103,0.647869233535
104,0.585685601171
105,0.396817184313
106,0.296080548039
107,0.131443691565
108,0.440211952332
109,0.53155006016
110,0.594709328424
111,0.48934314942
112,0.750981066181
113,0.789270471625
114,0.79156132281
115,0.546398881349
116,0.702243932192
117,0.464697552256
118,0.490429312012
119,0.558261305367
120,0.602673759328
121,0.705957145196
122,0.700109862462
123,0.785951516228
124,0.794085858775
125,0.828593401653
126,0.762269695687
127,0.783522627001
128,0.763905159455
129,0.844621056407
130,0.750389022515
131,0.855648866867
132,0.862896201404
133,0.7094177599
134,0.712602526491
135,0.73440462009
136,0.40682619269
137,0.687618759379
138,0.423094492221
139,0.444852803235
140,0.636143526048
141,0.607012805745
142,0.671118888314
143,0.593821947988
144,0.331765522684
145,0.0282837557128
146,0.61756525475
147,0.417860410793
148,0.62349646759
149,0.0935894927338
150,0.0546487080227
151,0.122246856701
152,0.0100983153007
153,0.321104461023
154,0.282216450737
155,0.469392054902
156,0.159383790563
157,0.355336516695
158,0.321601907239
159,0.498230547403
160,0.414231698133
161,0.643521234091
162,0.405306517859
163,0.529196278089
164,0.628276912482
165,0.0
166,0.0966479728885
167,0.168769204002
168,0.609854500286
169,0.0564386330987
170,0.0736499858325
171,0.0
172,0.0
173,0.0
174,0.0
175,0.699567549254
176,0.357148721872
177,0.478637135391
178,0.635900655351
179,0.182647757344
180,0.649395227522
181,0.642760702287
182,0.210252963473
183,0.632009438754
184,0.618284500427
185,0.539689922779
186,0.288290226654
187,0.585258071331
188,0.600079011444
189,0.203947836325
190,0.144179621081
191,0.36152362074
192,0.43964355313
193,0.462732135466
194,0.124029966281
195,0.144263529247
196,0.111723283593
197,0.0
198,0.634402788458
199,0.635398248487
200,0.64751769702
201,0.0
202,0.0
203,0.0
204,0.0
205,0.0
206,0.0
207,0.0
208,0.0
209,0.0
210,0.661460840134
211,0.174417406586
212,0.394065599854
213,0.36761494756
214,0.407678177586
215,0.403016008081
216,0.540231985969
217,0.530038649096
218,0.00940180209949
219,0.507709755996
220,0.398627635499
221,0.339452727653
222,0.187870406092
223,0.359576809421
224,0.312256824764
225,0.00965510690007
226,0.22111265504
227,0.4779485635
228,0.311922739903
229,0.171816847088
230,0.316073828282
231,0.174448778141
232,0.273200720153
233,0.789438961247
234,0.222851617075
235,0.245003796923
236,0.148786094466
237,0.295128422523
238,0.0378831823679
239,0.148406129485
240,0.713405341003
241,0.759212630875
242,0.101264673285
243,0.0
244,0.333735959978
245,0.27047208981
246,0.308024240282
247,0.313215114502
248,0.623948812677
249,0.473986786284
250,0.670986490993
251,0.387510791607
252,0.506556837316
253,0.521733102248
254,0.52942354585
255,0.063580729189
256,0.658951486098
257,0.0
258,0.647154487712
259,0.280126623642
260,0.0
261,0.0
262,0.0
263,0.0
264,0.0
265,0.0
266,0.0
267,0.678853805861
268,0.0
269,0.0963481445009
270,0.0796337541879
271,0.033788759009
272,0.0546271303758
273,0.5386506886
274,0.053630399062
275,0.438557653851
276,0.434025660448
277,0.0
278,0.0
279,0.0
280,0.0
281,0.0
282,0.0
283,0.0
284,0.166666666667
285,0.0
286,0.259367715473
287,0.67499687845
288,0.681373698718
289,0.462672738659
290,0.614561748888
291,0.690702620589
292,0.264222674203
293,0.527884848997
294,0.514018786637
295,0.0
296,0.0
297,0.266666666667
298,0.125
299,0.0
300,0.0
301,0.132776341132
302,0.0
303,0.0
304,0.0
305,0.0
306,0.0
307,0.0
308,0.266666666667
309,0.0
310,0.0
311,0.142857142857
312,0.655010492848
313,0.461393919518
314,0.348726888728
315,0.275021487798
316,0.530942282423
317,0.396292069284
318,0.371362024278
319,0.512485950011
320,0.229841187763
321,0.0
322,0.0
323,0.132776341132
324,0.0
325,0.0695083042471
326,0.142857142857
327,0.0680500880741
328,0.0
329,0.0
330,0.467600627871
331,0.556781748163
332,0.510265401528
333,0.125563277878
334,0.0
335,0.142857142857
336,0.0
337,0.0
338,0.0
339,0.0
340,0.0
341,0.0
342,0.0
343,0.0
344,0.0
345,0.0
346,0.0
347,0.0
348,0.0
349,0.0
350,0.0
351,0.0
352,0.0
353,0.0
354,0.0
355,0.0
356,0.0
357,0.211547012926
358,0.0
359,0.0
360,0.1883335352
361,0.566900405919
362,0.580803717052
363,0.722822645802
364,0.701093466912
365,0.486262469048
366,0.43218141978
367,0.154642296464
368,0.201391348365
369,0.428194617392
370,0.694695872324
371,0.511109259972
372,0.467202270067
373,0.492031593475
374,0.448226983242
375,0.354026979929
376,0.312460422446
377,0.162380293349
378,0.0
379,0.260301841721
380,0.256646687433
381,0.0200811246886
382,0.558158297895
383,0.0157122249469
384,0.045247180804
385,0.0371688725489
386,0.47357758293
387,0.340465984617
388,0.461854810685
389,0.413603286591
390,0.418888209074
391,0.184842255753
392,0.467702070969
393,0.223547834573
394,0.216935851011
395,0.315361213781
396,0.139587973461
397,0.272343645974
398,0.158712551305
399,0.0
400,0.534363267441
401,0.275746842094
402,0.594662081065
403,0.0
404,0.0
405,0.0
406,0.0
407,0.0
408,0.0
409,0.0
410,0.0
411,0.0
412,0.0
413,0.0
414,0.0
415,0.482141477688
416,0.419449413266
417,0.542368788132
418,0.597546107853
419,0.651984685031
420,0.429956124978
421,0.672598709882
422,0.493193850077
423,0.641254479533
424,0.411309020211
425,0.232214167734
426,0.428309383079
427,0.271749935857
428,0.282145046294
429,0.269604330463
430,0.20011847699
431,0.359965315822
432,0.24687121291
433,0.289647716439
434,0.434199803598
435,0.52863442795
436,0.368106490968
437,0.382353511971
438,0.549572382476
439,0.689557206292
440,0.408769321568
441,0.251339062609
442,0.188422844438
443,0.148783911231
444,0.591113799186
445,0.282422119536
446,0.345648229308
447,0.590256734755
448,0.496379065208
449,0.383634647449
450,0.229570614379
451,0.539107176303
452,0.238267560036
453,0.156371735496
454,0.104976070014
455,0.226320842213
456,0.41045992256
457,0.232905061341
458,0.384953266128
459,0.352126071478
460,0.256299922524
461,0.30727592804
462,0.0330481013095
463,0.44027804139
464,0.260828630222
465,0.284430128148
466,0.22993090679
467,0.357674373102
468,0.223315876461
469,0.200222246753
470,0.3306122136
471,0.279539006787
472,0.429389879111
473,0.256577086371
474,0.396917475838
475,0.179917591287
476,0.275691546574
477,0.566800272298
478,0.0
479,0.102688471194
480,0.650204624166
481,0.398989478668
482,0.420527028828
483,0.562236221272
484,0.528316430189
485,0.10371628849
486,0.0798877064413
487,0.487859660351
488,0.0932980230732
489,0.306125952133
490,0.0
491,0.454690691937
492,0.188508858777
493,0.201217112108
494,0.438689213562
495,0.439041410605
496,0.313298879682
497,0.0916907904426
498,0.0915510240557
499,0.484661222007
500,0.509104742353
501,0.568977457429
502,0.0724704748405
503,0.409632221806
504,0.525184817851
505,0.0
506,0.308648073483
507,0.336012613788
508,0.319183668651
509,0.479765732101
510,0.220173826757
511,0.520688196041
512,0.105663294145
513,0.00475715600185
514,0.0197011887457
515,0.104531070698
516,0.643513295001
517,0.493898116958
518,0.0769451994317
519,0.324909232071
520,0.517076216014
521,0.465049279164
522,0.405206536228
523,0.54837369897
524,0.737870826624
525,0.208832825688
526,0.181076169787
527,0.103825108855
528,0.510207745668
529,0.735144832978
530,0.0775491027295
531,0.400119267685
532,0.122374069801
533,0.0
534,0.329123784152
535,0.0374674151654
536,0.138945974707
537,0.212825967537
538,0.301304684714
539,0.271786848305
540,0.341908564835
541,0.113860612445
542,0.822061236528
543,0.189757423788
544,0.52754557028
545,0.398008833557
546,0.561585694362
547,0.515943886602
548,0.117699510361
549,0.0
550,0.0
551,0.154032706791
552,0.0
553,0.0
554,0.0
555,0.1263858107
556,0.293621065542
557,0.478904258244
558,0.579573091522
559,0.131142128159
560,0.396027745227
561,0.435100698906
562,0.580418109664
563,0.553663718335
564,0.187793665826
565,0.268962552268
566,0.13624055009
567,0.467775934792
568,0.244136064148
569,0.0
570,0.266666666667
571,0.0463708218354
572,0.049316926706
573,0.196055861155
574,0.415726013631
575,0.525556982943
576,0.605348886619
577,0.477003945889
578,0.33911697998
579,0.463498283021
580,0.643833925844
581,0.574542535442
582,0.283512137059
583,0.0941526142238
584,0.578201919701
585,0.387494226926
586,0.0
587,0.0
588,0.0
589,0.0
590,0.0
591,0.0849835623675
592,0.0555555555556
593,0.451301459048
594,0.248703699474
595,0.481396510289
596,0.577885585549
597,0.354587396982
598,0.0400133291528
599,0.255455481993
600,0.0652373816998
601,0.154974363994
602,0.0955085752466
603,0.320296525669
604,0.0613492331349
605,0.437071453127
606,0.0
607,0.0
608,0.0
609,0.0
610,0.0
611,0.0
612,0.0
613,0.488986035398
614,0.710308920414
615,0.592117266301
616,0.46072323609
617,0.627713666808
618,0.11786118497
619,0.174848680891
620,0.102840536432
621,0.191727135618
622,0.153649935704
623,0.312875180579
624,0.0
625,0.141756424344
626,0.158433641271
627,0.0
628,0.0
629,0.20175093528
630,0.242840112135
631,0.220995826417
632,0.333218165717
633,0.177770726305
634,0.619735121604
635,0.5664760143
636,0.597011051606
637,0.63483147625
638,0.428244776844
639,0.517216381411
640,0.168939740061
641,0.44383083832
642,0.410742888187
643,0.146392075717
644,0.311026765488
645,0.313511214686
646,0.214189380144
647,0.0998738444244
648,0.339683928747
649,0.154032706791
650,0.252053520204
651,0.196110128143
652,0.0
653,0.0
654,0.263018189242
655,0.473826296616
656,0.814846997294
657,0.712391209999
658,0.48559746965
659,0.477737674562
660,0.454835906856
661,0.649626578323
662,0.164389755687
663,0.068288860313
664,0.066809366801
665,0.160472822531
666,0.258005605655
667,0.54774879505
668,0.112676056338
669,0.180602365926
670,0.61969815409
671,0.397899760883
672,0.68095573872
673,0.29329454279
674,0.12973227503
675,0.514237685227
676,0.0
677,0.0
678,0.0
679,0.0
680,0.0
681,0.318444602484
682,0.464100934654
683,0.494890479635
684,0.113968412246
685,0.0
686,0.0
687,0.0
688,0.0
689,0.120948141872
690,0.083889332712
691,0.0
692,0.547979643829
693,0.208583268097
694,0.336037806176
695,0.124889574215
696,0.323418446117
697,0.059415393238
698,0.54184732739
699,0.24718338945
700,0.532463456857
701,0.518372257505
702,0.298966919908
703,0.457702521731
704,0.491551423736
705,0.598146537011
706,0.18042183332
707,0.635464668201
708,0.166666666667
709,0.0
710,0.0488661673426
711,0.0
712,0.383882438362
713,0.454037693878
714,0.651230212386
715,0.489230211579
716,0.684014561854
717,0.66247445867
718,0.413213771721
719,0.698410305211
720,0.220005379405
721,0.0
722,0.0
723,0.0458279127643
724,0.188976377953
725,0.11776836577
726,0.740168436613
727,0.482893332656
728,0.339938309736
729,0.63628609972
730,0.660570125324
731,0.0
732,0.0
733,0.343279802926
734,0.144430048844
735,0.449138978045
736,0.154032706791
737,0.0
738,0.0
739,0.0
740,0.0
741,0.35836261395
742,0.552778488209
743,0.599721827168
744,0.495180505753
745,0.454176991425
746,0.371455479048
747,0.128069487732
748,0.00595476487581
749,0.166666666667
750,0.0680500880741
751,0.0
752,0.0
753,0.213091151706
754,0.0
755,0.0
756,0.132776341132
757,0.0
758,0.266666666667
759,0.147871398519
760,0.166666666667
761,0.0
762,0.271536165383
763,0.128555006049
764,0.288845116468
765,0.0
766,0.25982647045
767,0.0647978567708
768,0.242925227755
769,0.26351337635
770,0.238378360506
771,0.106264266424
772,0.190724122177
773,0.0802153988084
774,0.159214055508
775,0.199469615424
776,0.112636608583
777,0.0
778,0.260869565217
779,0.0924196240747
780,0.0
781,0.0
782,0.0
783,0.323600410634
784,0.0589767429976
785,0.107202386239
786,0.121500168835
787,0.493587737283
788,0.0460761322408
789,0.423697752332
790,0.356638001505
791,0.381545361815
792,0.377248901747
793,0.253877578546
794,0.605483223404
795,0.461343984302
796,0.40301726014
797,0.457703626493
798,0.551408574823
799,0.617961815738
800,0.645091647263
801,0.653017650086
802,0.623155283523
803,0.447596488916
804,0.391346866997
805,0.64673398726
806,0.419337451731
807,0.255949514208
808,0.388686006983
809,0.407825527233
810,0.347663684669
811,0.231918645058
812,0.706650575062
813,0.109357904963
814,0.728752266937
815,0.476264918528
816,0.554887340186
817,0.531989308045
818,0.454712228597
819,0.468199341412
820,0.491990426516
821,0.421411669805
822,0.0871850939702
823,0.340960174832
824,0.650731713575
825,0.613059440405
826,0.50350182793
827,0.550657858399
828,0.681929149026
829,0.355631236076
830,0.362070656498
831,0.176275585491
832,0.112266848387
833,0.307881242303
834,0.107551069255
835,0.0406008819941
836,0.0
837,0.118041748585
838,0.101965469161
839,0.576342293588
840,0.0389829127393
841,0.2632440403
842,0.289485498853
843,0.729824364562
844,0.233463811592
845,0.617840657455
846,0.521344421559
847,0.630340641043
848,0.0
849,0.0796337541879
850,0.0495105128971
851,0.0
852,0.0
853,0.0
854,0.0
855,0.168769204002
856,0.0
857,0.0
858,0.0811206430698
859,0.0
860,0.0632385695022
861,0.0
862,0.0
863,0.137326536084
864,0.0484681892059
865,0.485291333462
866,0.424185115003
867,0.537642580954
868,0.59527643255
869,0.262753832398
870,0.589598370263
871,0.456073719023
872,0.332327621872
873,0.227558574739
874,0.323212213461
875,0.499672061512
876,0.639842102092
877,0.171106858912
878,0.0775015899485
879,0.504098499301
880,0.669972272784
881,0.4065617394
882,0.198957532433
883,0.537017206894
884,0.453506530957
885,0.0141503715599
886,0.109326515142
887,0.418485420644
888,0.474238490544
889,0.159328786672
890,0.0
891,0.0
892,0.132776341132
893,0.211547012926
894,0.0
895,0.209366497345
896,0.666872692306
897,0.714188155246
898,0.0
899,0.0
900,0.0
901,0.0
902,0.0
903,0.0846188051704
904,0.0
905,0.15392247096
906,0.0
907,0.202079114308
908,0.390425525347
909,0.160962463021
910,0.0593408709398
911,0.451681959357
912,0.322187301077
913,0.212608024067
914,0.17634801657
915,0.188901808113
916,0.125293938986
917,0.0
918,0.0
919,0.0
920,0.0
921,0.0803862650245
922,0.31832319012
923,0.409017930966
924,0.628587901129
925,0.255445276478
926,0.485008876497
927,0.3704937311
928,0.0
929,0.0
930,0.0
931,0.133200021419
932,0.260721822905
933,0.0
934,0.0
935,0.0
936,0.340283897967
937,0.513813440843
938,0.0
939,0.0196941011523
940,0.111895510436
941,0.0111639714971
942,0.0
943,0.0
944,0.0
945,0.0
946,0.0
947,0.0
948,0.0
949,0.0
950,0.0
951,0.0
952,0.0
953,0.0
954,0.0
955,0.0
956,0.0
957,0.0
958,0.0
959,0.0
960,0.0
961,0.0
962,0.0
963,0.0
964,0.0
965,0.0
966,0.0
967,0.0
968,0.0
969,0.0
970,0.0
971,0.0
972,0.0
973,0.0
974,0.0
975,0.0
976,0.0
977,0.0
978,0.0
979,0.0
980,0.0
981,0.0
982,0.0
983,0.0
984,0.0
985,0.0
986,0.0
987,0.0
988,0.0
989,0.0
990,0.0
991,0.0
992,0.0
993,0.0
994,0.0
995,0.0
996,0.0
997,0.0
998,0.0
999,0.490700823519
1000,0.102122294628
1001,0.493790042549
1002,0.292006986411
1003,0.448013201291
1004,0.300427658442
1005,0.475916996606
1006,0.343503157489
1007,0.483694909568
1008,0.560204090243
1009,0.320619749798
1010,0.129965096355
1011,0.104294151028
1012,0.0592592592593
1013,0.256490207672
1014,0.10980549395
1015,0.0897599468814
1016,0.125533995252
1017,0.134899473774
1018,0.2438527586
1019,0.0897599468814
1020,0.08
1021,0.34333300575
1022,0.779324033712
1023,0.69407721833
1024,0.624408679323
1025,0.688225297686
1026,0.0
1027,0.0
1028,0.0
1029,0.0
1030,0.0
1031,0.0
1032,0.0
1033,0.0
1034,0.0
1035,0.0
1036,0.0
1037,0.0
1038,0.0
1039,0.0
1040,0.0
1041,0.0
1042,0.0
1043,0.0
1044,0.0
1045,0.0
1046,0.0
1047,0.0
1048,0.0
1049,0.0
1050,0.0
1051,0.0
1052,0.0
1053,0.0
1054,0.0
1055,0.0
1056,0.0
1057,0.0
1058,0.0
1059,0.0
1060,0.0
1061,0.0
1062,0.0
1063,0.0990210257943
1064,0.133303597186
1065,0.0
1066,0.0
1067,0.142857142857
1068,0.0
1069,0.0
1070,0.58761141495
1071,0.496715982149
1072,0.0
1073,0.0
1074,0.476859994555
1075,0.572571967798
1076,0.408157684294
1077,0.238232190112
1078,0.544742096738
1079,0.41008106696
1080,0.181405767149
1081,0.114102221306
1082,0.551085175591
1083,0.439251345149
1084,0.327887616091
1085,0.196459508172
1086,0.3190465753
1087,0.19760628034
1088,0.196443804782
1089,0.23563499216
1090,0.366679904786
1091,0.567967289658
1092,0.259865652661
1093,0.064152493844
1094,0.0
1095,0.292768457383
1096,0.0886643861061
1097,0.143260964312
1098,0.22319719498
1099,0.379571143883
1100,0.246221946679
1101,0.445354918676
1102,0.2112946441
1103,0.344301291043
1104,0.0
1105,0.167778665424
1106,0.139016608494
1107,0.666702642984
1108,0.611129358324
1109,0.740268011772
1110,0.833630495171
1111,0.751565555771
1112,0.810788993875
1113,0.734602731604
1114,0.813955445084
1115,0.482590493671
1116,0.502664607763
1117,0.513536697469
1118,0.411913591085
1119,0.0
1120,0.173285703155
1121,0.103825108855
1122,0.256083226174
1123,0.0
1124,0.0784694921389
1125,0.0
1126,0.0
1127,0.0
1128,0.0
1129,0.0
1130,0.0
1131,0.104625989518
1132,0.0767152193205
1133,0.0
1134,0.443677700812
1135,0.551014395263
1136,0.777375623685
1137,0.625906313312
1138,0.622510792438
1139,0.578425538348
1140,0.720529514338
1141,0.710621822972
1142,0.42502216034
1143,0.221131402849
1144,0.0
1145,0.0
1146,0.0
1147,0.0
1148,0.0
1149,0.0
1150,0.0
1151,0.0
1152,0.0
1153,0.0
1154,0.0
1155,0.0
1156,0.0
1157,0.199823184308
1158,0.577363237403
1159,0.211152343342
1160,0.12578167437
1161,0.0
1162,0.409081817715
1163,0.299544022506
1164,0.354565081429
1165,0.280650266377
1166,0.0
1167,0.0
1168,0.0
1169,0.0
1170,0.0
1171,0.226910642585
1172,0.369098424854
1173,0.256826357795
1174,0.545664247815
1175,0.515633383282
1176,0.365118274544
1177,0.526674905265
1178,0.261983670645
1179,0.495789020049
1180,0.57068763069
1181,0.0210066557713
1182,0.848958626278
1183,0.629559221272
1184,0.677355075
1185,0.736753977997
1186,0.558965518435
1187,0.446562411733
1188,0.443994920735
1189,0.133100607127
1190,0.448479626698
1191,0.343501349958
1192,0.433000751696
1193,0.297014634493
1194,0.400988916585
1195,0.167266338349
1196,0.177432947081
1197,0.403914717948
1198,0.414368507059
1199,0.313604459963
1200,0.206901283908
1201,0.311021695204
1202,0.159519997951
1203,0.372443094039
1204,0.189338465341
1205,0.364870245748
1206,0.360832277392
1207,0.110512678881
1208,0.374848651223
1209,0.204662955602
1210,0.784808115303
1211,0.850132763765
1212,0.702230905206
1213,0.68702526469
1214,0.606312642246
1215,0.763751354069
1216,0.656346659977
1217,0.842486543159
1218,0.76532753468
1219,0.758652431216
1220,0.589112798817
1221,0.754209670501
1222,0.736965255503
1223,0.758727638461
1224,0.542470097419
1225,0.653847678644
1226,0.789039609552
1227,0.770431663738
1228,0.475846308627
1229,0.858100836049
1230,0.824017800471
1231,0.484622987723
1232,0.682976439301
1233,0.518343326413
1234,0.359305316955
1235,0.461696274575
1236,0.55383595337
1237,0.309081765572
1238,0.500761628159
1239,0.536768580011
1240,0.120956195466
1241,0.481983966071
1242,0.494932700014
1243,0.0832028350594
1244,0.497926763924
1245,0.49115602838
1246,0.303737575536
1247,0.0
