site,dnds
1,0.0
2,0.348468619718
3,0.299692399611
4,0.384200850555
5,0.157684612601
6,0.359120967251
7,0.0561413226611
8,0.407090672268
9,0.354239703468
10,0.527669851401
11,0.316558967824
12,0.140173429427
13,0.221803405138
14,0.250607483997
15,0.160294457001
16,0.405830126672
17,0.352818244419
18,0.337626293267
19,0.116145098072
20,0.168231921958
21,0.122266013623
22,0.0310313358332
23,0.437520899208
24,0.536623709774
25,0.613912023813
26,0.195218472492
27,0.383315016693
28,0.46019980184
29,0.526097631088
30,0.0982578785589
31,0.501767435218
32,0.546308157993
33,0.0
34,0.476894402068
35,0.0375694347293
36,0.203584596697
37,0.244973781537
38,0.365963751039
39,0.353821441137
40,0.0
41,0.555040137916
42,0.0
43,0.306885081921
44,0.57280637809
45,0.361410851049
46,0.0
47,0.0544331990652
48,0.0377176844752
49,0.435077872644
50,0.368274977755
51,0.15392247096
52,0.0
53,0.0883388822915
54,0.102999346734
55,0.186059065966
56,0.0
57,0.0
58,0.11058139312
59,0.213794257609
60,0.190624233286
61,0.0
62,0.290972714891
63,0.352112693018
64,0.36298623896
65,0.312082977182
66,0.483197103374
67,0.498054168899
68,0.525146632244
69,0.257957100102
70,0.423469034408
71,0.447331019817
72,0.0
73,0.0
74,0.341289714836
75,0.0160501635553
76,0.0
77,0.0
78,0.0369165316289
79,0.199955395779
80,0.0
81,0.138030675101
82,0.0
83,0.0
84,0.0546271303758
85,0.107710809285
86,0.291226239452
87,0.145925722223
88,0.202998385863
89,0.209588262347
90,0.106060301669
91,0.23914025883
92,0.0
93,0.19307131982
94,0.232418851279
95,0.0
96,0.0
97,0.142857142857
98,0.0
99,0.192047873906
100,0.419051738181
101,0.49770413466
102,0.265104608706
103,0.589942651745
104,0.344088979938
105,0.401375067699
106,0.334080719256
107,0.305912140247
108,0.425394230919
109,0.0
110,0.0
111,0.0
112,0.0
113,0.0
114,0.0
115,0.0
116,0.160471895622
117,0.181214949166
118,0.187157409515
119,0.071092018519
120,0.0
121,0.0679553992991
122,0.0
123,0.184117219836
124,0.666182683363
125,0.274219220407
126,0.620663108031
127,0.217446971286
128,0.539402147197
129,0.358841871351
130,0.462649355638
131,0.266129353135
132,0.338713215482
133,0.549775509973
134,0.304531424987
135,0.285556646078
136,0.397929993599
137,0.0
138,0.142857142857
139,0.0
140,0.0990210257943
141,0.55523729869
142,0.501953216918
143,0.378272675912
144,0.388705967962
145,0.379301422267
146,0.453229068397
147,0.436858082652
148,0.226349723192
149,0.562508631557
150,0.515285446066
151,0.188060439908
152,0.269736319205
153,0.125683190835
154,0.25223203125
155,0.062951020225
156,0.307100884015
157,0.0694690579282
158,0.178732642487
159,0.510556106328
160,0.250667308116
161,0.533792818855
162,0.408005408281
163,0.0
164,0.0
165,0.100821408081
166,0.464233221139
167,0.528155719117
168,0.0867325491054
169,0.493950044853
170,0.344642081543
171,0.412937764753
172,0.464778038663
173,0.371631605335
174,0.508624517465
175,0.510123569334
176,0.0660140171962
177,0.526773374231
178,0.49255792894
179,0.47322169293
180,0.764029443319
181,0.580436584436
182,0.5168431102
183,0.606145325088
184,0.0707236781827
185,0.0768384547929
186,0.300360765968
187,0.365557863427
188,0.231259379551
189,0.208639668694
190,0.603629810995
191,0.457212089754
192,0.683395133942
193,0.56284258419
194,0.480734431771
195,0.655929934329
196,0.488271305766
197,0.391100565184
198,0.466550388786
199,0.275918236079
200,0.0
201,0.0
202,0.0
203,0.0
204,0.0
205,0.0
206,0.0
207,0.403534179359
208,0.00959271889584
209,0.203441380586
210,0.196414375661
211,0.346604394574
212,0.449076223043
213,0.352127363606
214,0.112676056338
215,0.418090319192
216,0.527444029203
217,0.680326805165
218,0.591809546439
219,0.681143250688
220,0.627627259596
221,0.756809731789
222,0.518412626036
223,0.432391572961
224,0.71038969197
225,0.545828468373
226,0.577174024765
227,0.348083618389
228,0.591006402236
229,0.507869781477
230,0.500539213195
231,0.532036032128
232,0.601056969862
233,0.658495856964
234,0.278203697942
235,0.374024905329
236,0.605721669475
237,0.705169575614
238,0.113200222525
239,0.115384615385
240,0.225167356169
241,0.128152549912
242,0.0
243,0.148287656455
244,0.0742378055405
245,0.0
246,0.0
247,0.201239390531
248,0.322135037614
249,0.249210829232
250,0.223027374879
251,0.15126081881
252,0.145202487261
253,0.206963453282
254,0.105263157895
255,0.155691694764
256,0.112676056338
257,0.143077547438
258,0.475747694234
259,0.509527614883
260,0.295417236748
261,0.0821366909641
262,0.674868858792
263,0.516778950811
264,0.193025928188
265,0.324525610948
266,0.16076616913
267,0.110554339044
268,0.280938938011
269,0.335543719557
270,0.302105727931
271,0.218111951776
272,0.433270472291
273,0.323638903344
274,0.251299498004
275,0.348115452294
276,0.392163927025
277,0.477896405099
278,0.496996715428
279,0.378916786203
280,0.45091949235
281,0.493135693094
282,0.509395013888
283,0.551695340788
284,0.51217880993
285,0.291799672017
286,0.624134116602
287,0.611627340779
288,0.477826288232
289,0.622522929623
290,0.59661274565
291,0.39143542416
292,0.445589519401
293,0.606642765343
294,0.556936066978
295,0.622286673741
296,0.55273449912
297,0.640883112001
298,0.40633783786
299,0.149288364803
300,0.24123236417
301,0.431389626517
302,0.386039757858
303,0.154791488598
304,0.0792616726442
305,0.32592135688
306,0.0878889830934
307,0.133688585722
308,0.384892233656
309,0.0
310,0.202884877119
311,0.0
312,0.055055197035
313,0.066809366801
314,0.146414810837
315,0.097311625946
316,0.0666666666667
317,0.0956065076634
318,0.137326536084
319,0.0457755120278
320,0.119567128603
321,0.316332451852
322,0.148377317467
323,0.285068699418
324,0.137634168959
325,0.186203096726
326,0.186588922152
327,0.384831905595
328,0.113056900539
329,0.361114006782
330,0.495557361448
331,0.513576373873
332,0.36697855649
333,0.388122514181
334,0.573739273807
335,0.66956237402
336,0.512485160628
337,0.610595117046
338,0.741526698654
339,0.394131903898
340,0.0
341,0.142857142857
342,0.0
343,0.0
344,0.0
345,0.0
346,0.0701921195504
347,0.0
348,0.0
349,0.0813786880495
350,0.166666666667
351,0.0
352,0.0
353,0.147871398519
354,0.0579235868726
355,0.0
356,0.0
357,0.0
358,0.0
359,0.0
360,0.0
361,0.0
362,0.0
363,0.0
364,0.0
365,0.0
366,0.0
367,0.0
368,0.0
369,0.0
370,0.0
371,0.0
372,0.0
373,0.0
374,0.0
375,0.0
376,0.0
377,0.0
378,0.0
379,0.0
380,0.0
381,0.0
382,0.0
383,0.0
384,0.0867325491054
385,0.0571428571429
386,0.0
387,0.0
388,0.0
389,0.0
390,0.0357986246404
391,0.14731634756
392,0.308945400281
393,0.423656493408
394,0.330547634374
395,0.505581432752
396,0.531756652336
397,0.41105558124
398,0.493875523505
399,0.418041315297
400,0.631981882559
401,0.628299578335
402,0.55868707688
403,0.192801630389
404,0.509944543849
405,0.609667604294
406,0.674840106569
407,0.339286931775
408,0.328327449344
409,0.419836054142
410,0.334438666432
411,0.315253790729
412,0.340168046249
413,0.413913240413
414,0.361894063496
415,0.539099444079
416,0.587004854197
417,0.404476361293
418,0.442425692567
419,0.506971286018
420,0.492797754443
421,0.4832253512
422,0.63814309255
423,0.630928870619
424,0.688769805128
425,0.474032081478
426,0.442960644828
427,0.603742165407
428,0.531143253672
429,0.47978379608
430,0.388493160699
431,0.496110231841
432,0.595988286716
433,0.536407263039
434,0.692005327495
435,0.0
436,0.0
437,0.0
438,0.0
439,0.0
440,0.0
441,0.0
442,0.0
443,0.0
444,0.0
445,0.0
446,0.0
447,0.0
448,0.0
449,0.514441497155
450,0.179844450997
451,0.247579193659
452,0.375752575206
453,0.430315731447
454,0.228236661806
455,0.442375237975
456,0.519746308305
457,0.490490576986
458,0.360133572396
459,0.664134272759
460,0.586901700018
461,0.561174853548
462,0.463520418701
463,0.581783701665
464,0.559031120745
465,0.312122954654
466,0.0
467,0.0
468,0.0
469,0.111919651091
470,0.197953267429
471,0.471724964695
472,0.370832783823
473,0.144147346652
474,0.171092719861
475,0.167613250307
476,0.234763828109
477,0.0239843315073
478,0.0802831818078
479,0.217554345161
480,0.0463829251772
481,0.0225094259985
482,0.142127936822
483,0.0391845725283
484,0.0655915852313
485,0.0797130869876
486,0.454770704914
487,0.44495759962
488,0.395443175868
489,0.418299239891
490,0.624411765697
491,0.151317670999
492,0.252588331662
493,0.328927977616
494,0.545370778785
495,0.0935074734768
496,0.292609497184
497,0.358114263031
498,0.382616922521
499,0.0844314245572
500,0.350394576559
501,0.345917807897
502,0.420764296921
503,0.0
504,0.3247175981
505,0.308674525994
506,0.46415985996
507,0.366765190513
508,0.531893077663
509,0.406847692048
510,0.43597206895
511,0.411294618156
512,0.272773082678
513,0.624311958836
514,0.432574968772
515,0.617806462999
516,0.293493259749
517,0.189969422665
518,0.388170171101
519,0.409756052738
520,0.0171309146707
521,0.142607205956
522,0.251943331441
523,0.329480308321
524,0.1413473578
525,0.233447602282
526,0.479240295378
527,0.487628340218
528,0.631562044871
529,0.484815078901
530,0.407113592545
531,0.504847987316
532,0.583655046333
533,0.180291396623
534,0.392537305153
535,0.490874184081
536,0.482989820532
537,0.401789818589
538,0.196081699984
539,0.140623535897
540,0.0521698718282
541,0.118146778966
542,0.335253335201
543,0.305715156596
544,0.0
545,0.0
546,0.132795758243
547,0.148202998529
548,0.0927995061912
549,0.340876611653
550,0.131832706865
551,0.418776132924
552,0.525269885588
553,0.526766620104
554,0.564830463701
555,0.528589698275
556,0.368168019452
557,0.352908671635
558,0.552281130404
559,0.318139828317
560,0.567961125284
561,0.4835459786
562,0.430634992068
563,0.362846257527
564,0.331012308299
565,0.453488978144
566,0.395847281777
567,0.325678575449
568,0.373516792968
569,0.049674009643
570,0.191012422429
571,0.451096384633
572,0.440408832986
573,0.238511182226
574,0.286519424714
575,0.534851263326
576,0.235057211438
577,0.287285217158
578,0.083929481507
579,0.422321382158
580,0.0132402407016
581,0.180267983075
582,0.194362203942
583,0.415383137998
584,0.0410398740156
585,0.113485421587
586,0.0
587,0.0
588,0.188005422884
589,0.169713880571
590,0.103904888626
591,0.0727143490493
592,0.019490250545
