site,dnds
1,0.0
2,0.0
3,0.0
4,0.00769079816176
5,0.0
6,0.0
7,0.0
8,0.0
9,0.0
10,0.0
11,0.0
12,0.0
13,0.0
14,0.0
15,0.0423400923266
16,0.0
17,0.0
18,0.00602309141161
19,0.0
20,0.0
21,0.00769079816176
22,0.0
23,0.0274919199372
24,0.0
25,0.0
26,0.0
27,0.0
28,0.0
29,0.0
30,0.0
31,0.00691656193974
32,0.0
33,0.0
34,0.0
35,0.0
36,0.0
37,0.0
38,0.0
39,0.0
40,0.0
41,0.0
42,0.0
43,0.0
44,0.0
45,0.0
46,0.00703128383674
47,0.0
48,0.0
49,0.00814018019147
50,0.0
51,0.0
52,0.0
53,0.00768004180069
54,0.0
55,0.0
56,0.0
57,0.0
58,0.00834564916938
59,0.0131763164667
60,0.0
61,0.0
62,0.0
63,0.0
64,0.0
65,0.0
66,0.0
67,0.0
68,0.0
69,0.0
70,0.0
71,0.0
72,0.0462375055974
73,0.00471817540406
74,0.0
75,0.0
76,0.00860862611535
77,0.154030469661
78,0.0
79,0.0
80,0.0
81,0.0
82,0.0
83,0.0
84,0.0
85,0.0231921144926
86,0.0198789552793
87,0.0
88,0.0
89,0.0313838574977
90,0.0173240616939
91,0.0233264245637
92,0.00999559088239
93,0.0
94,0.0
95,0.00471817540406
96,0.0
97,0.0
98,0.0
99,0.0
100,0.0
101,0.0
102,0.0
103,0.0
104,0.0
105,0.0469879852428
106,0.0
107,0.0
108,0.0
109,0.0
110,0.00769214482577
111,0.0
112,0.0
113,0.0
114,0.0
115,0.0654614922019
116,0.00971866450266
117,0.0
118,0.0
119,0.0
120,0.0
121,0.0
122,0.0
123,0.0
124,0.0
125,0.0
126,0.0
127,0.00471817540406
128,0.00412974833648
129,0.00286849393154
130,0.0
131,0.0
132,0.0
133,0.0
134,0.0
135,0.0
136,0.0
137,0.0
138,0.0
139,0.0
140,0.0216601775625
141,0.0
142,0.0
143,0.00577605169994
144,0.0
145,0.0339975371351
146,0.0
147,0.0509068274299
148,0.0
149,0.0
150,0.0
151,0.0
152,0.0
153,0.0
154,0.0
155,0.0
156,0.0
157,0.136020895063
158,0.0
159,0.0
160,0.0653199515443
161,0.0
162,0.0287440672529
163,0.0161017646679
164,0.0
165,0.0132218847063
166,0.00551826913542
167,0.0667201416494
168,0.0016097160448
169,0.0
170,0.00659964908461
171,0.0
172,0.00265246907298
