site,dnds
1,0.123604513823
2,0.00120379399009
3,0.0554705043465
4,0.00113389394601
5,0.000192737029294
6,0.0
7,0.00610234804064
8,0.0
9,0.0
10,0.0
11,0.0567518313414
12,0.0794395310977
13,0.0927207347691
14,0.181833475305
15,0.081460377075
16,0.0
17,0.156760099795
18,0.0
19,0.25941017466
20,0.2287032894
21,0.0
22,0.181394923473
23,0.0
24,0.00264823413748
25,0.0
26,0.11803595689
27,0.0
28,0.189446825308
29,0.00120379399009
30,0.157413205426
31,0.253855337818
32,0.00208505688156
33,0.0672991487087
34,0.177008105625
35,0.0
36,0.125855220537
37,0.0
38,0.151306433424
39,0.00120379399009
40,0.0495891288095
41,0.189655375017
42,0.167464222773
43,0.137337826147
44,0.00440411968394
45,0.0
46,0.0
47,0.000846620458521
48,0.00115361526185
49,0.000215358769586
50,0.000276847596495
51,0.0
52,0.0
53,0.0
54,0.0
55,0.0
56,0.0403479865214
57,0.00109614244835
58,0.0659003129352
59,0.0430016729239
60,0.14470561406
61,0.291588672622
62,0.00495688586901
63,0.00100135442091
64,0.0
65,0.148419977571
66,0.000939897371623
67,0.0
68,0.0731695540037
69,0.0
70,0.00109656627745
71,0.025345590696
72,0.00270498824322
73,0.0239505356864
74,0.0922331148786
75,0.0
76,0.061213224717
77,0.00523466447241
78,0.00101143870939
79,0.0
80,0.00114420182542
81,0.0
82,0.0
83,0.0
84,0.0880859812021
85,0.190064009438
86,0.17952786899
87,0.204151979204
88,0.152524877391
89,0.000385470172604
90,0.296672185355
91,0.182905687868
92,0.0448972900439
93,0.000511819250171
94,0.0922057949348
95,0.00290040750452
96,0.0
97,0.00105600572565
98,0.134007986943
99,0.00109654693356
100,0.257530609565
101,0.00187968105744
102,0.0
103,0.00400108270932
104,0.000357542830547
105,0.0
106,0.000769076841235
107,0.0708976667352
108,0.0405096623782
109,0.0921812839822
110,0.0
111,0.0
112,0.16412464404
113,0.0
114,0.0
115,0.160811236138
116,0.0
117,0.123420042294
118,0.0
119,0.285459851345
120,0.0273056579134
121,0.0
122,0.00426239809007
123,0.126871389145
124,0.0
125,0.00109654693356
126,0.122561408433
127,0.212727945596
128,0.0
129,0.0
130,0.0
131,0.0
132,0.0
133,0.0
134,0.00115361526185
135,0.000355653121465
136,0.00104245319292
137,0.0
138,0.00199810022525
139,0.0
140,0.132622186644
141,0.113203416013
142,0.0716202347014
143,0.137466513033
144,0.00577068502915
145,0.000659288712317
146,0.132978326851
147,0.0550910576123
148,0.0
149,0.0
150,0.0
151,0.0
152,0.000822410200171
153,0.0
154,0.00105600572565
155,0.00191710558745
156,0.0
157,0.176382117437
158,0.0751262536452
159,0.0
160,0.25068460289
161,0.0
162,0.00233993294456
163,0.0
164,0.142522178861
165,0.00242260957887
166,0.0538968154712
167,0.000357542830547
168,0.167598692385
169,0.279302898231
170,0.0464099972466
171,0.0419307461021
172,0.0785982106798
173,0.220090803631
174,0.111918196983
175,0.00359699627947
176,0.0175094880097
177,0.00076368236343
178,0.0203828297352
179,0.175895837147
180,0.0921789368662
181,0.231910264316
182,0.259781879913
183,0.278025313953
184,0.0
185,0.0892225904987
186,0.000357408558984
187,0.0840966746855
188,0.0231373881857
189,0.00184329916338
190,0.0
191,0.00638407292186
192,0.0
193,0.000447688207532
194,0.00308199049215
195,0.0
196,0.0
197,0.0
198,0.128693861988
199,0.0
200,0.00136338974189
201,0.00119377653597
202,0.0898896107389
203,0.0812404890378
204,0.000669447294792
205,0.00308199049215
206,0.0
207,0.0450171546037
208,0.0233719975503
209,0.0137428203366
210,0.000997132620026
211,0.00247441019024
212,0.000768791120789
213,0.0488963927812
214,0.0111805437851
215,0.00178908510545
216,0.179309649081
217,0.0139808055583
218,0.0
219,0.00215156444686
220,0.0
221,0.0172582174309
222,0.0
223,0.0
224,0.0
225,0.00109614244835
226,0.0
227,0.0
228,0.0
229,0.00109614244835
230,0.129048985168
231,0.0
232,0.00021525882468
233,0.10071954177
234,0.0
235,0.00109614244835
236,0.00184329916338
237,0.0783484998619
238,0.0
239,0.121053499816
240,0.0
241,0.00133612466185
242,0.0
243,0.0
244,0.0
245,0.0
246,0.159757434255
247,0.00109614244835
248,0.177264722537
249,0.0613327201603
250,0.213202617607
251,0.0069199578967
252,0.0
253,0.0
254,0.0
255,0.0877376268344
256,0.0
257,0.0
258,0.00199737355145
259,0.000447688207532
260,0.0
261,0.0
262,0.000357408558984
263,0.0
264,0.00328883364436
265,0.0029954594209
266,0.0
267,0.0
268,0.0135076975602
269,0.00129561176637
270,0.00205476807059
271,0.0
272,0.0
273,0.0408063466979
274,0.0573199915601
275,0.0
276,0.00109616177691
277,0.00140747799691
278,0.0
279,0.0
280,0.0
281,0.106580409514
282,0.0164382082727
283,0.044095245146
284,0.000430558496868
285,0.0
286,0.0
287,0.0
288,0.0
289,0.000938245921658
290,0.00115304574271
291,0.0
292,0.00076882727155
293,0.142329245467
294,0.00167517731897
295,0.0382573578288
296,0.00109614244835
297,0.00126772417103
298,0.000352463563432
299,0.0
300,0.0
301,0.0
302,0.0
303,0.0
304,0.00110024051683
305,0.0
306,0.109637296246
307,0.0
308,0.0
309,0.0
310,0.00709438583086
311,0.00203640848943
312,0.152525499698
313,0.0
314,0.000312737610119
315,0.0
316,0.00115318668118
317,0.0
318,0.00109614244835
319,0.0
320,0.00109614244835
321,0.0
322,0.225257167139
323,0.194986118879
324,0.264385216543
325,0.161844674635
326,0.0
327,0.0
328,0.000357412160549
329,0.0
330,0.000576630621721
331,0.0422921152244
332,0.0178699865174
333,0.0
334,0.107602543094
335,0.0
336,0.00461914608126
337,0.0
338,0.016905709746
339,0.249173307897
340,0.0
341,0.0
342,0.000511628198658
343,0.0
344,0.0
345,0.0
346,0.00308189558584
347,0.0749200495781
348,0.0
349,0.29053246319
350,0.200022435914
351,0.0
352,0.113853177617
353,0.000901458855033
354,0.0114973253682
355,0.0414159973249
356,0.193887520594
357,0.0
358,0.00214627219589
359,0.00227377207056
360,0.00105561837696
361,0.0
362,0.0
363,0.00109616177691
364,0.0
365,0.00151660283799
366,0.00141294530955
367,0.00393924345695
368,0.163445674782
369,0.0
370,0.00195711002256
371,0.00182361031198
372,0.000730728949393
373,0.00219216576984
374,0.0012231202649
375,0.0
376,0.0
377,0.00315562208663
378,0.000357408558984
379,0.0183353849404
380,0.00224519232923
381,0.00129696686222
382,0.0838769855952
383,0.0
384,0.00847635189062
385,0.0
386,0.0
387,0.0
388,0.0
389,0.00093967577525
390,0.0
391,0.000938292231556
392,0.00690725522366
393,0.177534819695
394,0.0
395,0.0
396,0.0589839965957
397,0.000357408558984
398,0.000998675764222
399,0.0760749993369
400,0.109506861256
401,0.0279268384329
402,0.00164430065414
403,0.0
404,0.0
405,0.136165575673
406,0.00115324090733
407,0.00313661374437
408,0.0
409,0.0
410,0.0
411,0.0
412,0.0
413,0.00145115132108
414,0.0
415,0.0
416,0.00109614244835
417,0.0
418,0.000312737610119
419,0.087434429993
420,0.00309327794382
421,0.276340138345
422,0.0
423,0.0
424,0.00242173695263
425,0.000822193822487
426,0.00076882727155
427,0.0
428,0.0
429,0.0
430,0.111678717027
431,0.000939550670011
432,0.0
433,0.00215160238329
434,0.0
435,0.00831685938221
436,0.111577338905
437,0.00957740297954
438,0.000734308574282
439,0.00408079949902
440,0.000939550670011
441,0.00165039158759
442,0.0
443,0.00809171709
444,0.0
445,0.0
446,0.0
447,0.0
448,0.0494641518722
449,0.000768791120789
450,0.00410759644736
451,0.00115318668118
452,0.136951829461
453,0.120128852822
454,0.000647798328418
455,0.0
456,0.0
457,0.0
458,0.0
459,0.00165039158759
460,0.0
461,0.0
462,0.104194937587
463,0.00114377977057
464,0.0
465,0.00165653893571
466,0.260888407429
467,0.28170339794
468,0.277892033669
469,0.00247437279211
470,0.0680641410103
471,0.000822106836259
472,0.0
473,0.0
474,0.0763637441029
475,0.133334224349
476,0.0680037676327
477,0.0
478,0.188067882622
479,0.0
480,0.00272693092015
481,0.104274529233
482,0.00572309882001
483,0.000447688207532
484,0.00171234820154
485,0.00149803016358
486,0.0
487,0.0
488,0.00294222641661
489,0.0
490,0.104749132566
491,0.00187898774424
492,0.00219220442488
493,0.0
494,0.000299721683142
495,0.0
496,0.00184329916338
497,0.0021654198378
498,0.000880293914826
499,0.0049685069969
500,0.0420102010998
501,0.0
502,0.0
503,0.0
504,0.00114377977057
505,0.0
506,0.00412411601808
507,0.0
508,0.210220642586
509,0.112978798396
510,0.000822193822487
511,0.0345924828597
512,0.0
513,0.0
514,0.00165039158759
515,0.00222363899884
516,0.0022364070002
517,0.0693647849173
518,0.0995721097973
519,0.00219243153379
520,0.0223038806364
521,0.000447709264024
522,0.00120334675836
523,0.000511628198658
524,0.0557955655313
525,0.0
526,0.00113356574702
527,0.0807157041379
528,0.0
529,0.0
530,0.101667367287
531,0.0
532,0.0023463864982
533,0.00211121699536
534,0.00173016855497
535,0.0038334326233
536,0.246719616237
537,0.0
538,0.00195366096689
539,0.0107895731973
540,0.00299169351378
541,0.0
542,0.00223935815031
543,0.00262220318247
544,0.00199737355145
545,0.0
546,0.000385336562086
547,0.0
548,0.134822238263
549,0.122464282772
550,0.0398999693525
551,0.00117968727268
552,0.00382319597439
553,0.124215295974
554,0.0293003792581
555,0.0
556,0.110292450979
557,0.24281280038
558,0.0
559,0.338025593978
560,0.0
561,0.00211470818532
562,0.12007622552
563,0.000357427526695
564,0.00171213634737
565,0.00151474799155
566,0.00153176620406
567,0.00120334675836
568,0.130113950607
569,0.0896780893139
570,0.000576630621721
571,0.00139882928493
572,0.000357408558984
573,0.128561096307
574,0.0
575,0.0
576,0.000939550670011
577,0.000312737610119
578,0.0504315330419
579,0.249766241249
580,0.000998675764222
581,0.000939550670011
582,0.0107407074581
583,0.0
584,0.00525120369906
585,0.0229637682881
586,0.000939641632701
587,0.00120334675836
588,0.0
589,0.0043627509181
590,0.0842845825349
591,0.00126896836522
592,0.00726248278304
593,0.00237392078287
594,0.0882795426196
595,0.00209447420653
596,0.0300794182235
597,0.0
598,0.00113356574702
599,0.00164430065414
600,0.00204415373033
601,0.00274987516382
602,0.151683032639
603,0.0
604,0.0472426712628
605,0.00164430065414
606,0.0
607,0.0652772538231
608,0.00318957149946
609,0.00113356574702
610,0.0844355791459
611,0.0922057949348
612,0.00176121436985
613,0.0
614,0.201355691695
615,0.0
616,0.00405375542707
617,0.0442318277045
618,0.0
619,0.0
620,0.0809565085248
621,0.0
622,0.0
