site,dnds
1,0.0
2,0.0
3,0.0
4,0.0
5,0.0
6,0.0
7,0.0
8,0.0
9,0.0
10,0.0
11,0.0
12,0.0
13,0.0
14,0.0
15,0.0
16,0.0
17,0.0
18,0.0
19,0.0
20,0.0
21,0.0990210257943
22,0.209018604809
23,0.226539478316
24,0.438025383195
25,0.387965584302
26,0.694831585811
27,0.0645630156271
28,0.499591810012
29,0.403512417247
30,0.398284853415
31,0.414821522204
32,0.636902738261
33,0.385118753222
34,0.581460463876
35,0.716564688526
36,0.584242119049
37,0.685662848567
38,0.404529505381
39,0.0
40,0.366960110519
41,0.6570333712
42,0.114871095393
43,0.469701383494
44,0.481168819015
45,0.417803377753
46,0.194419420868
47,0.093535329424
48,0.677703576954
49,0.0210758769286
50,0.0
51,0.204735456486
52,0.581605710365
53,0.216912422081
54,0.404341469048
55,0.495264440169
56,0.623502512803
57,0.609292929935
58,0.631797092506
59,0.684425294665
60,0.665615767375
61,0.124231089518
62,0.567834659861
63,0.52283106227
64,0.182637690158
65,0.148002397078
66,0.563931814208
67,0.5338682617
68,0.583571698578
69,0.423015918854
70,0.567229393931
71,0.7145027952
72,0.709893909028
73,0.47408260829
74,0.531875451995
75,0.637726441214
76,0.69197032029
77,0.412688033036
78,0.513263957182
79,0.639446884363
80,0.332305111981
81,0.707198915924
82,0.593609358237
83,0.655038909272
84,0.612169502824
85,0.665018865394
86,0.676756901758
87,0.537988793801
88,0.578573233198
89,0.194357898683
90,0.556321885095
91,0.458003717659
92,0.652167206622
93,0.127932937877
94,0.147360193303
95,0.55384280208
96,0.129777157705
97,0.213248322709
98,0.60617281259
99,0.449166768873
100,0.524054466556
101,0.291422716715
102,0.400917655195
103,0.219952997106
104,0.641703467398
105,0.529106633558
106,0.607190655842
107,0.186086289362
108,0.138498289768
109,0.24862233137
110,0.250533446693
111,0.120076422175
112,0.13864155138
113,0.247518782188
114,0.123782680902
115,0.351382496554
116,0.248133424506
117,0.418825079609
118,0.250930511192
119,0.458604206554
120,0.155435042082
121,0.109621960322
122,0.410571994368
123,0.104714909487
124,0.28395993423
125,0.0970951063795
126,0.435312469702
127,0.52823614558
128,0.594981217045
129,0.380357335351
130,0.527762777763
131,0.622219582943
132,0.729510479135
133,0.774400800065
134,0.156202181535
135,0.63267499361
136,0.726532675874
137,0.627850265304
138,0.536632612339
139,0.251932897397
140,0.345931125273
141,0.386639555814
142,0.333333333333
143,0.196110128143
144,0.0824674796152
145,0.0
146,0.0884787619132
147,0.215749785293
148,0.257607585129
149,0.191378977214
150,0.262140595974
151,0.112023786757
152,0.718873591832
153,0.333817274522
154,0.0939799738338
155,0.502170401133
156,0.598174520727
157,0.425558983721
158,0.430961423325
159,0.100821408081
160,0.0701921195504
161,0.0
162,0.0
163,0.0
164,0.0
165,0.0
166,0.0
167,0.0
168,0.0
169,0.5489190834
170,0.430848866553
171,0.211547012926
172,0.0535908433497
173,0.135783664111
174,0.0797636278246
175,0.0
176,0.627359402175
177,0.125
178,0.129612171524
179,0.508270766098
180,0.486962004424
181,0.600972777035
182,0.477270652497
183,0.627202077276
184,0.42629843971
185,0.638333233522
186,0.140075687746
187,0.539466961372
188,0.571781195172
189,0.734856858636
190,0.527859894112
191,0.723329118445
192,0.438365999153
193,0.481506558571
194,0.676139746026
195,0.0
196,0.450535798625
197,0.256724338666
198,0.0760528705575
199,0.110784432471
200,0.0
201,0.307996122488
202,0.167372588163
203,0.391230323153
204,0.3395151221
205,0.381742300499
206,0.379985406408
207,0.321029636889
208,0.467657283237
209,0.337703273712
210,0.494643866594
211,0.320572133785
212,0.208945422437
213,0.399726828754
214,0.609364767654
215,0.456040623472
216,0.30789754557
217,0.493139166947
218,0.398873186805
219,0.603093085151
220,0.448691643629
221,0.565208530871
222,0.591542879766
223,0.404589902138
224,0.192422130953
225,0.384852925892
226,0.236100264079
227,0.216328538991
228,0.0828363653295
229,0.505291629737
230,0.0276340401724
231,0.387458305401
232,0.512310185618
233,0.677681932976
234,0.575457234053
235,0.604578507612
236,0.230459578324
237,0.360111128963
238,0.655483225066
239,0.517362088988
240,0.625667641257
241,0.696999562864
242,0.498337405781
243,0.657239702819
244,0.641912191214
245,0.62255151259
246,0.671307454004
247,0.229207273528
248,0.547558565114
249,0.460755761531
250,0.0146071698834
251,0.399182148137
252,0.0109379313667
253,0.0
254,0.0
255,0.0
256,0.0
257,0.0
258,0.0
259,0.0
260,0.0
261,0.0
262,0.0
263,0.0
264,0.0
265,0.0
266,0.0
267,0.0
268,0.0
269,0.0
270,0.0
271,0.241625455288
272,0.00181989887687
273,0.0
274,0.0990210257943
275,0.0
276,0.0
277,0.199955395779
278,0.0
279,0.0
280,0.13283773947
281,0.45134857387
282,0.36297129987
283,0.514442649424
284,0.645792178528
285,0.0
286,0.123940657115
287,0.336559498766
288,0.268929836018
289,0.0923635641783
290,0.25157480806
291,0.0397689344791
292,0.497421262717
293,0.270873597535
294,0.366994101904
295,0.401916593957
296,0.154573487154
297,0.411644278702
298,0.290489672055
299,0.463112306831
300,0.581941824418
301,0.590276481986
302,0.698350821318
303,0.627372018106
304,0.589852663191
305,0.178841654711
306,0.261336217183
307,0.41530648096
308,0.372714972513
309,0.400840110279
310,0.49289845637
311,0.678700127202
312,0.553775274357
313,0.652332185665
314,0.682324105902
315,0.590618263171
316,0.530799983522
317,0.568154392496
318,0.384718229341
319,0.329222902986
320,0.123431517104
321,0.470989307605
322,0.570270176286
323,0.542574520532
324,0.519706837425
325,0.729981834302
326,0.412267180499
327,0.0356094339732
328,0.0
329,0.0
330,0.0
331,0.0
332,0.0
333,0.0
334,0.0
335,0.0
336,0.0
337,0.0
338,0.0
339,0.0
340,0.0
341,0.520435460388
342,0.274454931601
343,0.120560502258
344,0.1883335352
345,0.157556557051
346,0.294040422329
347,0.159109257522
348,0.0992359090649
349,0.144121501799
350,0.0
351,0.112676056338
352,0.685772490455
353,0.0570921255141
354,0.243607647082
355,0.188437827593
356,0.332258725797
357,0.126362222738
358,0.78337532205
359,0.0881426110546
360,0.255870035903
361,0.309157146012
362,0.297800617144
363,0.187697589862
364,0.561828189089
365,0.264128593421
366,0.126911669158
367,0.166877816
368,0.0
369,0.0
370,0.0
371,0.0
372,0.0
373,0.0
374,0.143815353689
375,0.187262336825
376,0.237280471322
377,0.31567550357
378,0.264982589777
379,0.0590247707633
380,0.120825030943
381,0.442529375202
382,0.0
383,0.166666666667
384,0.0867325491054
385,0.0990210257943
386,0.0
387,0.112676056338
388,0.359467599124
389,0.422687407444
390,0.464582299154
391,0.527528758167
392,0.433771034441
393,0.507948120768
394,0.404326828939
395,0.403322525681
396,0.741829315543
397,0.190457901727
398,0.369647800191
399,0.246971712846
400,0.186794844945
401,0.38873496072
402,0.226315268703
403,0.382594265767
404,0.479430650113
405,0.37020448091
406,0.353221294947
407,0.767438199107
408,0.540758862025
409,0.694969096198
410,0.256962047586
411,0.479039190659
412,0.490196176378
413,0.0522308707486
414,0.149355132466
415,0.446719325312
416,0.471059348394
417,0.170212765957
418,0.0
419,0.15694720662
420,0.552472971819
421,0.687362944831
422,0.588388519115
423,0.0
424,0.139016608494
425,0.0990210257943
426,0.0840178400679
427,0.125555690133
428,0.132028034392
429,0.0
430,0.0
431,0.191990497049
432,0.198042051589
433,0.583207825813
434,0.610503390769
435,0.535786039921
436,0.442416240117
437,0.321991052364
438,0.563281380619
439,0.519445853655
440,0.487714684146
441,0.149766074648
442,0.528243510199
443,0.507138356733
444,0.564227544143
445,0.282046087072
446,0.53416442022
447,0.496545473031
448,0.569487185172
449,0.326018038083
450,0.625744183483
451,0.440551587303
452,0.323712338699
453,0.733841751402
454,0.727636030755
455,0.604093368125
456,0.695749508711
457,0.630595559958
458,0.57685782829
459,0.355840100038
460,0.304720631447
461,0.0
462,0.222385414386
463,0.722926980425
464,0.490729643845
465,0.61496342417
466,0.593775872294
467,0.70484269341
468,0.638052550924
469,0.432098209017
470,0.390529119539
471,0.250151763064
472,0.439354073565
473,0.519205159128
474,0.102564102564
475,0.142857142857
476,0.0680500880741
477,0.0
478,0.0616130827164
479,0.0
480,0.0775491027295
481,0.0
482,0.0
483,0.0
484,0.0
485,0.664910997378
486,0.509318431485
487,0.189856928437
488,0.317615630503
489,0.00274429620031
490,0.293228376187
491,0.0
492,0.35934676259
493,0.210060922058
494,0.498904313086
495,0.403022309652
496,0.136703483324
497,0.230021674478
498,0.463556970217
499,0.383071486416
500,0.477085844288
501,0.535551254523
502,0.546564338533
503,0.536594262293
504,0.404823115244
505,0.632923674267
506,0.397480617406
507,0.562244754259
508,0.599015559574
509,0.216927907664
510,0.447594026645
511,0.391174469185
512,0.527663461529
513,0.362655934786
514,0.365314870976
515,0.152059722392
