site,dnds
1,0.0
2,0.0
3,0.0
4,0.0
5,0.0
6,0.0
7,0.0
8,0.0
9,0.0
10,0.0
11,0.0
12,0.0
13,0.133303597186
14,0.211547012926
15,0.11090354889
16,0.121255247178
17,0.204680461737
18,0.335810649434
19,0.494355281114
20,0.182716498705
21,0.325791042631
22,0.0
23,0.0
24,0.0
25,0.481010853996
26,0.0568984606207
27,0.00871453321799
28,0.0176123925389
29,0.0
30,0.0680500880741
31,0.0568037044483
32,0.384225099295
33,0.373657164791
34,0.458836956591
35,0.0
36,0.0
37,0.142857142857
38,0.0
39,0.0
40,0.294059827954
41,0.267306729876
42,0.550099560847
43,0.445280290939
44,0.500389089996
45,0.724611567933
46,0.616996459374
47,0.719079907312
48,0.634362485178
49,0.615834620114
50,0.580525345284
51,0.508434434961
52,0.0849835623675
53,0.139360399824
54,0.218630289078
55,0.153683996242
56,0.208604164443
57,0.425322043674
58,0.376432388837
59,0.502805751846
60,0.643646613827
61,0.529553013869
62,0.586839329353
63,0.51487894409
64,0.468571892062
65,0.518785853667
66,0.256650015477
67,0.319935358947
68,0.489933452911
69,0.342204457538
70,0.129320275815
71,0.402934819902
72,0.622544326903
73,0.158221282637
74,0.0
75,0.175868669991
76,0.0
77,0.0
78,0.0
79,0.0
80,0.0
81,0.0
82,0.0
83,0.0
84,0.0
85,0.0
86,0.0
87,0.0
88,0.0
89,0.0
90,0.0
91,0.0
92,0.147871398519
93,0.0
94,0.0
95,0.0
96,0.0
97,0.60607610804
98,0.490068265076
99,0.120879640255
100,0.293423095194
101,0.0143433854769
102,0.515961887589
103,0.432924480065
104,0.348635966105
105,0.159814367379
106,0.457533459935
107,0.557077359229
108,0.275474943523
109,0.521667290983
110,0.634166929463
111,0.451797048299
112,0.0
113,0.0
114,0.0
115,0.0
116,0.0
117,0.0
118,0.0
119,0.0
120,0.0
121,0.0
122,0.0
123,0.0
124,0.0
125,0.0
126,0.0
127,0.0
128,0.0
129,0.0
130,0.0
131,0.0
132,0.0
133,0.0
134,0.0
135,0.0
136,0.0
137,0.0
138,0.0
139,0.0
140,0.0
141,0.0
142,0.0
143,0.0
144,0.0
145,0.0
146,0.0
147,0.0
148,0.0
149,0.0
150,0.0
151,0.0
152,0.0
153,0.0
154,0.0
155,0.132028034392
156,0.0
157,0.463323978366
158,0.58474755534
159,0.244660534158
160,0.420556206541
161,0.162939789902
162,0.575398920895
163,0.184339180235
164,0.0250946736148
165,0.524106784015
166,0.520634745761
167,0.153430507006
168,0.0
169,0.0379169831039
170,0.110201186508
171,0.0425921975959
172,0.0600599282565
173,0.0
174,0.0
175,0.304515300224
176,0.347286401192
177,0.237764064641
178,0.234743760063
179,0.0866739596026
180,0.0868706699221
181,0.0868746472911
182,0.402865078265
183,0.0303682224994
184,0.16728933592
185,0.590673609709
186,0.380066395564
187,0.144274624769
188,0.225673563066
189,0.591176865923
190,0.0
191,0.205191533341
192,0.163693078744
193,0.464983892247
194,0.0
195,0.370003265161
196,0.0079894289538
197,0.129521656571
198,0.169493813544
199,0.650500373933
200,0.417430599916
201,0.479306553457
202,0.0426423990155
203,0.169757615823
204,0.325037529905
205,0.0886463155808
206,0.133978347818
207,0.0907654046676
208,0.418036502159
209,0.268315037636
210,0.0
211,0.0
212,0.0849835623675
213,0.485512054119
214,0.532725550573
215,0.149214208619
216,0.33732074788
217,0.396519411276
218,0.191897055083
219,0.151055890215
220,0.241847757567
221,0.191790081389
222,0.127982979884
223,0.0208464115489
224,0.376025757269
225,0.209517141036
226,0.233352999878
227,0.0478234879958
228,0.556016256962
229,0.61034546835
230,0.467124811113
231,0.475071077283
232,0.350149205928
233,0.503041248141
234,0.283025842308
235,0.54347936687
236,0.639316408075
237,0.66661915995
238,0.230775049151
239,0.0
240,0.271282246998
241,0.0
242,0.0
243,0.142857142857
244,0.125
245,0.233481155557
246,0.1177084595
247,0.227299094207
248,0.0
249,0.100321263862
250,0.142857142857
251,0.0
252,0.0
253,0.0
254,0.0
255,0.0
256,0.0
257,0.0
258,0.0
259,0.125
260,0.0
261,0.0
262,0.149037781155
263,0.251855462899
264,0.0676241151766
265,0.208126838546
266,0.0712094883317
267,0.0616130827164
268,0.229623960819
269,0.203392671549
270,0.566405311786
271,0.531066249605
272,0.50367381459
273,0.298559160645
274,0.346578522775
275,0.239662017939
276,0.103914167055
277,0.0458869214024
278,0.060157247295
279,0.0874711017934
280,0.0116625417537
281,0.187147614668
282,0.0627589359676
283,0.0780231000855
284,0.222469212331
285,0.0
286,0.176923253032
287,0.0
288,0.335396614695
289,0.100839710462
290,0.143849824325
291,0.369832755387
292,0.152211745363
293,0.0173502199274
294,0.0
295,0.225296655118
296,0.109645845096
297,0.0267937202649
298,0.179698987504
299,0.0
300,0.0
301,0.0
302,0.0
303,0.0
304,0.00820624422344
305,0.19084053042
306,0.062379166738
307,0.0176313955294
308,0.0894984445242
309,0.211566243165
310,0.220624183226
311,0.344673078323
312,0.603884503583
313,0.197228985619
314,0.277189919436
315,0.0549419274772
316,0.138971163625
317,0.0703223940978
318,0.367015998103
319,0.0858338837948
320,0.0609563423063
321,0.0
322,0.0
323,0.0
324,0.315498929998
325,0.106316891635
326,0.366321621568
327,0.394715553281
328,0.21687256161
329,0.124589806731
330,0.38080332184
331,0.0754363796473
332,0.308478395853
333,0.398769582321
334,0.410468785226
335,0.162003497367
336,0.226945311938
337,0.0287117962035
338,0.133274036137
339,0.0248985120164
340,0.0350760689227
341,0.402558228132
342,0.13442459999
343,0.115885555715
344,0.20315153333
345,0.466909524724
346,0.0447718236291
347,0.0
348,0.0
349,0.0
350,0.0
351,0.0
352,0.0
353,0.399676041815
354,0.35865266946
355,0.237663552408
356,0.202502445854
357,0.0432987873216
358,0.256761508446
359,0.635234210187
360,0.331502276264
361,0.503412894624
362,0.619833192408
363,0.364002605863
364,0.222965798926
365,0.200312965088
366,0.277670313151
367,0.0
368,0.089800444445
369,0.0659542723582
370,0.0
371,0.341302389362
372,0.331408824633
373,0.359959666931
374,0.118040673993
375,0.31475044496
376,0.502863995314
377,0.269922480004
378,0.504816137414
379,0.222633202523
380,0.425638145632
381,0.185979593801
382,0.175221898911
383,0.496623207635
384,0.21610116082
385,0.12063424704
386,0.0869565217391
387,0.133868566349
388,0.132776341132
389,0.0
390,0.0680500880741
391,0.0
392,0.119402985075
393,0.169014084507
394,0.0
395,0.0
396,0.0878889830934
397,0.0
398,0.0
399,0.0
400,0.0
401,0.704223579408
402,0.374442078818
403,0.623468300475
404,0.280339494244
405,0.492014577235
406,0.0978074154128
407,0.180384220477
408,0.392228958355
409,0.0754773725455
410,0.437014630625
411,0.117559020015
412,0.330446487462
413,0.701575757484
414,0.395218694
415,0.0326577084192
416,0.423861535913
417,0.436147929035
418,0.489166165106
419,0.27994673758
420,0.506818497229
421,0.575251950745
422,0.176309747979
423,0.333338303333
424,0.64204200471
425,0.555316305898
426,0.168063892625
427,0.169866400841
428,0.351478562983
429,0.533619083407
430,0.455489631872
431,0.0
432,0.0
433,0.137986295029
434,0.53397069037
435,0.0
436,0.0
437,0.0
438,0.125
439,0.266666666667
440,0.0
441,0.0
442,0.0
443,0.0
444,0.0
445,0.0
446,0.125
447,0.0
448,0.0
449,0.0
450,0.0
451,0.0
452,0.0
453,0.0
454,0.0579235868726
455,0.0
456,0.0
457,0.170212765957
458,0.106638027778
459,0.142857142857
460,0.0
461,0.0
462,0.0
463,0.0
464,0.0
465,0.0
466,0.106638027778
467,0.0
468,0.142857142857
469,0.0
470,0.0
471,0.0
472,0.244136064148
473,0.0
474,0.0
475,0.0
476,0.147871398519
477,0.132776341132
478,0.497065984148
479,0.472927187352
480,0.305937409686
481,0.682802613567
482,0.203889575641
483,0.427253400824
484,0.274558919166
485,0.480134227325
486,0.398621174052
487,0.244691862191
488,0.379038521067
489,0.55120816344
490,0.0363390922746
491,0.174824824241
492,0.383588988653
493,0.494695768642
494,0.281713539583
495,0.37311079265
496,0.613862123226
497,0.526052388599
498,0.641665819614
499,0.521901661007
500,0.0
501,0.0
502,0.125
503,0.133303597186
504,0.0990210257943
505,0.266666666667
506,0.166666666667
507,0.0
508,0.135034285956
509,0.204353963421
510,0.105622427514
511,0.142555405766
512,0.279972277243
513,0.112957318313
514,0.338342703945
515,0.317270258187
516,0.504702622853
517,0.491185472876
518,0.554673969908
519,0.476543248403
520,0.375676271648
521,0.152398942403
522,0.234810365711
523,0.405021950424
524,0.345670793188
525,0.162199495776
526,0.141686784029
527,0.149577758004
528,0.119059148196
529,0.1995407474
530,0.169014084507
531,0.0
532,0.0
533,0.0680500880741
534,0.0
535,0.0
536,0.0
537,0.0
538,0.0
539,0.0
540,0.0
541,0.0
542,0.158433641271
543,0.172746960887
544,0.112676056338
545,0.247411571087
546,0.191750385737
547,0.198724929851
548,0.12063424704
549,0.221342690464
550,0.199256609205
551,0.196691073464
552,0.181044885481
553,0.0531586591291
554,0.069314718056
555,0.0660140171962
556,0.389045003399
557,0.52687675365
558,0.461349436145
559,0.61826886184
560,0.576200778966
561,0.210430603947
562,0.0
563,0.245062115376
564,0.546412857421
565,0.27980483084
566,0.0
567,0.12312054498
568,0.0
569,0.0
570,0.0
571,0.0744548691763
572,0.249427832015
573,0.471383254076
574,0.10072591458
575,0.0953085527992
576,0.0717567155359
577,0.537318413915
578,0.234415416255
579,0.175625166609
580,0.238095423601
581,0.327841854053
582,0.202223688645
583,0.449537939585
584,0.441519322939
585,0.195265312091
586,0.254798027935
587,0.143671422877
588,0.571553657397
589,0.487038140781
590,0.109861228867
591,0.238766914629
592,0.542259583224
593,0.67633865878
594,0.425194526089
595,0.441186929746
596,0.158138523377
597,0.13409805744
598,0.0498112280667
599,0.321888091438
600,0.213744663969
601,0.0755800802916
602,0.240576634487
603,0.349275194063
604,0.483092634594
605,0.388306196123
606,0.514598928774
607,0.442139284516
608,0.24969082424
609,0.30686148925
610,0.0
611,0.174613873696
612,0.0965848303349
613,0.221342690464
614,0.181044885481
615,0.178226019006
616,0.169314718056
617,0.15694720662
618,0.066809366801
619,0.156202181535
620,0.0
621,0.251188880118
622,0.188976377953
623,0.333333333333
624,0.0797636278246
625,0.190476190476
626,0.112676056338
627,0.178226019006
628,0.0
629,0.126928207756
630,0.0742657693457
631,0.333333333333
632,0.114285714286
633,0.251188880118
634,0.0601979336256
635,0.169314718056
636,0.0
637,0.0724859796664
638,0.0
639,0.0
640,0.164539799106
641,0.188775665465
642,0.276157813009
643,0.295478080114
644,0.524941778515
645,0.415870306889
646,0.252244536919
647,0.482406176179
648,0.0
649,0.0
650,0.0
651,0.0
652,0.0
653,0.0
654,0.0
655,0.0
656,0.0
657,0.0
658,0.0
659,0.0
660,0.0
661,0.0
662,0.0
663,0.0
664,0.0
665,0.0
666,0.464718442013
667,0.543838036137
668,0.501918110592
669,0.394758456229
670,0.317691681873
671,0.564043257408
672,0.398685793306
673,0.508071920398
674,0.192273560035
675,0.192454048726
676,0.488007930409
677,0.393101440947
678,0.392010080357
679,0.630317790336
680,0.459837498666
681,0.172843593937
682,0.300553488082
683,0.479536596901
684,0.0964509482537
685,0.218569018102
686,0.253436424509
687,0.181695104499
688,0.638734674487
689,0.146307196412
690,0.257498211741
691,0.516524535882
692,0.673413604069
693,0.0
694,0.424776984312
695,0.273161491996
696,0.0146273688266
697,0.0728767122822
698,0.14256045701
699,0.101175841434
700,0.162863389365
701,0.130110463226
702,0.225152840531
703,0.434249461135
704,0.139107217259
705,0.426357720847
706,0.0334957355132
707,0.0
708,0.0
709,0.607773833161
710,0.602165135379
711,0.18821258795
712,0.33697479125
713,0.418831277374
714,0.508234727056
715,0.203137313561
716,0.110305319133
717,0.00532372876711
718,0.304937647493
719,0.499382570029
720,0.0
721,0.1087289695
722,0.0535081145735
723,0.0817115117029
724,0.0898608099258
725,0.486496994524
726,0.137986162093
727,0.413538752208
728,0.091100731895
729,0.0269025583846
730,0.237401431641
731,0.143984069833
732,0.0
733,0.0090688640636
734,0.264144136646
735,0.406597350381
736,0.454197246541
737,0.0612022804692
738,0.157884400767
739,0.294199851576
740,0.605890099269
741,0.456088605286
742,0.676398020288
743,0.0205081275492
744,0.0270008426815
745,0.324585052336
746,0.217250450806
747,0.461715632625
748,0.467005334165
749,0.274892805447
750,0.524693069789
751,0.57408835751
752,0.408303301788
753,0.478685548473
754,0.644604741374
755,0.648977826893
756,0.505577515009
757,0.0
758,0.0
759,0.0
760,0.0
761,0.0
762,0.0
763,0.0
764,0.0
765,0.0
766,0.0
767,0.0
768,0.125533995252
769,0.221342690464
770,0.151532729471
771,0.241650061886
772,0.496929427028
773,0.435803781404
774,0.48491688264
775,0.402624269429
776,0.0528076731467
777,0.465246307099
778,0.129936424413
779,0.134390363709
780,0.379550697685
