site,dnds
1,0.0
2,0.0
3,0.0
4,0.0
5,0.0
6,0.0
7,0.0
8,0.0
9,0.0
10,0.0
11,0.0
12,0.0
13,0.0
14,0.0
15,0.0
16,0.188300992878
17,0.0749348303308
18,0.106693174944
19,0.373860772671
20,0.336355511366
21,0.36785443259
22,0.258107262527
23,0.441798799705
24,0.443345781384
25,0.215337236906
26,0.208840976996
27,0.255969894928
28,0.270035881776
29,0.375996225903
30,0.358849699581
31,0.384317850387
32,0.405550925261
33,0.272964044968
34,0.395536399973
35,0.277310609645
36,0.294074012381
37,0.580243591095
38,0.0770738024044
39,0.114681531183
40,0.1243125222
41,0.447785095724
42,0.643463955507
43,0.391513203526
44,0.540547034352
45,0.0155594721676
46,0.346289274416
47,0.582678514276
48,0.154244217197
49,0.378632128908
50,0.643180189741
51,0.328225774917
52,0.702062695139
53,0.572055207707
54,0.182053748598
55,0.410193952821
56,0.261198415403
57,0.307880016759
58,0.359375086232
59,0.134899473774
60,0.149164700507
61,0.0
62,0.111723283593
63,0.154032706791
64,0.659394953067
65,0.622584727365
66,0.0
67,0.0
68,0.1087289695
69,0.0701921195504
70,0.0
71,0.0
72,0.0990210257943
73,0.0
74,0.0
75,0.0
76,0.0754108045946
77,0.322099717918
78,0.105263157895
79,0.0
80,0.143334366441
81,0.262632531858
82,0.347025556547
83,0.193742291544
84,0.0
85,0.0
86,0.0
87,0.0
88,0.290363879695
89,0.577897217231
90,0.42417628463
91,0.318301821483
92,0.373318100346
93,0.230776039067
94,0.241007538156
95,0.470049043342
96,0.387887491145
97,0.236040959079
98,0.305042456427
99,0.0782249553516
100,0.0928383419561
101,0.265020870157
102,0.402755617104
103,0.477518752934
104,0.626604955996
105,0.505312722864
106,0.109850396081
107,0.286872448213
108,0.0928068582733
109,0.0666210027131
110,0.382291119736
111,0.0
112,0.0
113,0.0
114,0.0
115,0.0
116,0.212583358951
117,0.557942507141
118,0.44112752089
119,0.425105062109
120,0.227732482541
121,0.501115927173
122,0.0742849212455
123,0.628310593433
124,0.337917884858
125,0.0672138978639
126,0.346866222039
127,0.174861003109
128,0.277407834592
129,0.330470575908
130,0.310369847711
131,0.178916657046
132,0.0492199717701
133,0.104508955353
134,0.375855410669
135,0.0646242522746
136,0.132795758243
137,0.1620040189
138,0.151996601375
139,0.117982498819
140,0.0888888888889
141,0.0977323346852
142,0.112592163284
143,0.282678545395
144,0.294150708962
145,0.0
146,0.0
147,0.0
148,0.134454984983
149,0.223992455599
150,0.0
151,0.0
152,0.0
153,0.23907309378
154,0.177777777778
155,0.0
156,0.0
157,0.109507538823
158,0.0
159,0.2409505657
160,0.308546055903
161,0.148497638958
162,0.105402546592
163,0.106178338917
164,0.0616130827164
165,0.0
166,0.0
167,0.0
168,0.0
169,0.51948691746
170,0.297963137981
171,0.671105451681
172,0.551890974052
173,0.323340854717
174,0.175658513096
175,0.501065647571
176,0.265688368743
177,0.549494281173
178,0.364520930486
179,0.266317024541
180,0.350748258502
181,0.402200461202
182,0.553500713733
183,0.57809133358
184,0.1087289695
185,0.169014084507
186,0.133303597186
187,0.0990210257943
188,0.621480912182
189,0.317830723607
190,0.418650887949
191,0.57222100775
192,0.415636823848
193,0.49215964542
194,0.0
195,0.0
196,0.213091151706
197,0.213091151706
198,0.0
199,0.0
200,0.268132380847
201,0.270070970864
202,0.3760245684
203,0.186824557626
204,0.387283931394
205,0.149851864768
206,0.128837386459
207,0.162438654497
208,0.174908519763
209,0.0662271685226
210,0.223939606494
211,0.0788014322073
212,0.532027010823
213,0.0
214,0.465790863757
215,0.346263496922
216,0.373279550211
217,0.322345802734
218,0.605329835723
219,0.0975691045949
220,0.268878787134
221,0.132197608398
222,0.457746330439
223,0.0
224,0.185727079128
225,0.368755647939
226,0.446711966343
227,0.397134152764
228,0.495988706495
229,0.0
230,0.540120216812
231,0.344316538099
232,0.516943859135
233,0.172152926044
234,0.139452355636
235,0.0504089359008
236,0.205276659253
237,0.256559055124
238,0.0169264430115
239,0.45582995001
240,0.486563961645
241,0.281616777001
242,0.249608254197
243,0.467824299937
244,0.352097854753
245,0.450749265721
246,0.536853537048
247,0.629517364908
248,0.415010185215
249,0.0299621533273
250,0.122374069801
251,0.151164913551
252,0.32309834904
253,0.445981218353
254,0.206338673637
255,0.187953513201
256,0.427893092805
257,0.377383460832
258,0.50954212837
259,0.354352057361
260,0.467063368353
261,0.364159002501
262,0.413341673159
263,0.523828371035
264,0.213780261242
265,0.539841165806
266,0.124934792762
267,0.489040281008
268,0.0968652920699
269,0.320126688933
270,0.6019289784
271,0.298442357528
272,0.151519924686
273,0.159637090167
274,0.00137661129106
275,0.248237647859
276,0.222094445278
277,0.502734933963
278,0.314697689526
279,0.333181748056
280,0.455118476197
281,0.0
282,0.266666666667
283,0.125
284,0.0
285,0.0
286,0.497778377976
287,0.397394488615
288,0.644923708206
289,0.394464183844
290,0.0
291,0.0
292,0.0
293,0.0
294,0.0
295,0.154069297843
296,0.0
297,0.207014666223
298,0.0047532048756
299,0.0216383494507
300,0.0964765284773
301,0.312139220695
302,0.40745855771
303,0.424223827116
304,0.444421704937
305,0.209280699298
306,0.412411203716
307,0.327459992933
308,0.224594710122
309,0.0
310,0.0
311,0.0
312,0.0
313,0.0
314,0.052314870889
315,0.128041613087
316,0.0
317,0.0
318,0.0660140171962
319,0.0
320,0.0
321,0.0
322,0.117699510361
323,0.39839810826
324,0.299842557104
325,0.462492683244
326,0.515605156325
327,0.435693804272
328,0.506263309584
329,0.244780751719
330,0.396042907718
331,0.303221099762
332,0.479652204656
333,0.365261960909
334,0.160611044737
335,0.274868285233
336,0.418255928927
337,0.617625186254
338,0.100834894176
339,0.0825630662754
340,0.0586303847922
341,0.43298324516
342,0.00951912500441
343,0.358427820862
344,0.333731561758
345,0.541401419426
346,0.332980087997
347,0.220111713077
348,0.272372463821
349,0.409093065716
350,0.15332288621
351,0.0211137094953
352,0.270515783686
353,0.0349463214497
354,0.139464530041
355,0.153173490519
356,0.322219444759
357,0.293326196146
358,0.0
359,0.0
360,0.0
361,0.0
362,0.0
363,0.0
364,0.410555029205
365,0.466522312262
366,0.113191912837
367,0.378855477175
368,0.213919490732
369,0.287231159189
370,0.198685256744
371,0.0362093419173
372,0.581706254472
373,0.0132786932377
374,0.179946293106
375,0.241201027857
376,0.196931631603
377,0.486121702676
378,0.354516002967
379,0.537998619306
380,0.166666666667
381,0.0
382,0.514347065979
383,0.643918511563
384,0.591910242389
385,0.211078382863
386,0.46785898608
387,0.677624765275
388,0.275343490831
389,0.464678785197
390,0.213231397614
391,0.018776654511
392,0.31697941033
393,0.0563798825246
394,0.194274066957
395,0.0308441252345
396,0.36673970326
397,0.098129556496
398,0.0365241200042
399,0.56100628046
400,0.239193025186
401,0.406651783162
402,0.574531419888
403,0.144058895356
404,0.0
405,0.24954201727
406,0.0063376065008
407,0.192074688687
408,0.304871939122
409,0.0044740417631
410,0.191682367293
411,0.0416414280356
412,0.508120812895
413,0.358064484334
414,0.116773951135
415,0.0567685573937
416,0.0
417,0.0
418,0.0
419,0.0
420,0.0
421,0.0
422,0.0
423,0.451912796316
424,0.226192174894
425,0.030330490999
426,0.0114793954018
427,0.423600955212
428,0.126489151227
429,0.303047582327
430,0.507262270076
431,0.515972759829
432,0.247333734158
433,0.65489986431
434,0.426319785032
435,0.265665095508
436,0.155339805825
437,0.0616130827164
438,0.0
439,0.0
440,0.0
441,0.0
442,0.0990210257943
443,0.0
444,0.293156972883
445,0.344023087147
446,0.168814998211
447,0.238331430295
448,0.225907753533
449,0.348908975076
450,0.338787348276
451,0.423589595864
452,0.108145197234
453,0.160142653263
454,0.25635375926
455,0.0
456,0.16849729105
457,0.0
458,0.0821072827796
459,0.422889006468
460,0.284913172948
461,0.330501834247
462,0.259703702816
463,0.478790773859
464,0.168000582041
465,0.226178795389
466,0.335796879752
467,0.0200448630524
468,0.311046884307
469,0.119894429936
470,0.656098711731
471,0.25762932758
472,0.405698824043
473,0.327591635198
474,0.577397094827
475,0.390912470348
476,0.302843997183
477,0.560196732182
478,0.449800280715
479,0.791756230503
480,0.0255411091722
481,0.622691826338
482,0.529188604063
483,0.0592994036205
484,0.326985594267
485,0.501368457233
486,0.548557469092
487,0.535318772679
488,0.293355515137
489,0.36666802022
490,0.253286963577
491,0.484112694814
492,0.434356440262
493,0.0
494,0.0
495,0.20287234553
496,0.0
497,0.0
498,0.0
499,0.209251979037
500,0.0
501,0.0
502,0.0
503,0.0
504,0.0
505,0.170401115015
506,0.0784723063334
507,0.23375944762
508,0.372332688072
509,0.351650284242
510,0.0904961805341
511,0.374457725806
512,0.452751552301
513,0.580696041199
514,0.747007112136
515,0.552404637899
516,0.324341614617
517,0.238529235546
518,0.455239981651
519,0.1217228778
520,0.103979918455
521,0.0861524045886
522,0.418245177714
523,0.59101590928
524,0.213287197098
525,0.464484098529
526,0.176383515691
527,0.477670602346
528,0.455742912427
529,0.652823603996
530,0.449267767441
531,0.429319277212
532,0.462425299578
533,0.440034457903
534,0.562346265272
535,0.676330884785
536,0.683149825431
537,0.580557994302
538,0.659542028825
539,0.553566074349
540,0.0
541,0.680469475546
542,0.163750491186
543,0.398958600557
544,0.0
545,0.461189112281
546,0.0567708325511
547,0.040666518244
548,0.0967160786108
549,0.539696452449
550,0.0
551,0.200845648061
552,0.00660094113091
553,0.245875667512
554,0.0
555,0.431324638004
556,0.433712891029
557,0.50432989057
558,0.0
559,0.0
560,0.0
561,0.0
562,0.0
563,0.0
564,0.0
565,0.0
566,0.0
567,0.0
568,0.0
569,0.0
570,0.0
571,0.0
572,0.0
573,0.0
574,0.313982252121
575,0.690261737005
576,0.403311612237
577,0.672292580667
578,0.366321330726
579,0.210337976343
580,0.431392597261
581,0.275941419477
582,0.105593608102
583,0.0716703787691
584,0.0619819273541
585,0.108471053532
586,0.256241300558
587,0.145121962235
588,0.485063564111
589,0.565397281257
590,0.3049082319
591,0.268216918515
592,0.499964745128
593,0.629889657683
594,0.653852785916
595,0.606450698668
596,0.731514794825
597,0.666797859125
598,0.677037208671
599,0.642160761947
600,0.31117062366
601,0.688184277823
602,0.557205170512
603,0.330641396917
604,0.11643761627
605,0.633342801512
606,0.356864568506
607,0.566185707129
608,0.148756012122
609,0.159086290741
610,0.634010220067
611,0.682463077933
612,0.608895126638
613,0.329907007727
614,0.526160148418
615,0.52215149137
616,0.618535570944
617,0.413793932302
618,0.330967361005
619,0.661502669401
620,0.753421881416
621,0.445159896644
622,0.638192471178
623,0.607954776265
624,0.648732633815
625,0.0991082910294
626,0.0236938830365
627,0.35806248306
628,0.195559616104
629,0.260796920697
630,0.211716706118
631,0.318449561354
632,0.421215802812
633,0.326320785705
634,0.308984379093
635,0.242032715263
636,0.250232602411
637,0.393380335941
638,0.263145091435
639,0.131805796608
640,0.0892822178441
