site,dnds
1,0.232629080576
2,0.546695886208
3,0.438010725578
4,0.636913677999
5,0.570850834177
6,0.580816756081
7,0.75110765062
8,0.454385163124
9,0.504612931605
10,0.643428319826
11,0.315342967506
12,0.0
13,0.166666666667
14,0.469106394551
15,0.154665594695
16,0.714062755535
17,0.605066965332
18,0.392727950331
19,0.537800984965
20,0.747733442643
21,0.417055433641
22,0.279757962623
23,0.0
24,0.0
25,0.657997225603
26,0.306167499964
27,0.0
28,0.0
29,0.256512121162
30,0.53836526226
31,0.563344176568
32,0.435500060184
33,0.352898616602
34,0.348541495523
35,0.570568948286
36,0.0804228313603
37,0.617123171994
38,0.585689577809
39,0.396545015099
40,0.500668877307
41,0.211569765554
42,0.729800500761
43,0.619749176344
44,0.0973015289113
45,0.243941193691
46,0.104668056346
47,0.684686820825
48,0.107588928145
49,0.477045503098
50,0.236317715537
51,0.0058214237956
52,0.0970171356646
53,0.0288682875635
54,0.250875101094
55,0.175480925212
56,0.328187990643
57,0.533056437024
58,0.0
59,0.0
60,0.188976377953
61,0.443699141697
62,0.0667275631831
63,0.370829735407
64,0.301112856514
65,0.385129078984
66,0.35161360897
67,0.455282365214
68,0.100962398429
69,0.355964048328
70,0.238472065349
71,0.285812084985
72,0.321467079934
73,0.250259807433
74,0.26417394757
75,0.0
76,0.0
77,0.0
78,0.0
79,0.0
80,0.0
81,0.0
82,0.170212765957
83,0.0
84,0.253969860466
85,0.0
86,0.0
87,0.0
88,0.698657706269
89,0.585328292065
90,0.00870840388591
91,0.194722997795
92,0.0
93,0.0574791502015
94,0.135825712948
95,0.232787716386
96,0.256810321511
97,0.14914339757
98,0.142069513132
99,0.192906635546
100,0.211624768605
101,0.464932797004
102,0.270015450463
103,0.664690042684
104,0.176762545268
105,0.469837707316
106,0.665537453656
107,0.0
108,0.105263157895
109,0.069314718056
110,0.0
111,0.61275771643
112,0.594991379978
113,0.143642099513
114,0.490521047161
115,0.271806706165
116,0.267635578355
117,0.0745251342125
118,0.207815373939
119,0.255055743876
120,0.382446871066
121,0.0
122,0.0
123,0.0
124,0.453873583535
125,0.5604096435
126,0.0
127,0.0
128,0.0965448710343
129,0.206990957903
130,0.0
131,0.0803394093075
132,0.0
133,0.470191821679
134,0.45657913733
135,0.4389079822
136,0.039014306748
137,0.432318720047
138,0.646233175771
139,0.478817089524
140,0.658549017007
141,0.480625967611
142,0.0143811619962
143,0.348127700949
144,0.668756227922
145,0.409118457416
146,0.710027870136
147,0.238301605277
148,0.461221160372
149,0.625572185371
150,0.00994022929123
151,0.299189570732
152,0.0141854941734
153,0.452354792823
154,0.0181165274298
155,0.505829604215
156,0.27682280278
157,0.674094912388
158,0.438964428283
159,0.608530153001
160,0.357414011837
161,0.408512236391
162,0.725513542057
163,0.373763404444
164,0.0
165,0.0
166,0.0
167,0.0
168,0.0
169,0.0
170,0.0
171,0.712978550337
172,0.470335312786
173,0.436402893342
174,0.407597116089
175,0.262090902934
176,0.509331809593
177,0.147479674985
178,0.136427634714
179,0.0
180,0.0311568938437
181,0.0
182,0.136598618203
183,0.0
184,0.0
185,0.504444710719
186,0.408614650152
187,0.407830196048
188,0.0802390009042
189,0.303045586184
190,0.522662892308
191,0.421514712037
192,0.0555555555556
193,0.193782274403
194,0.596701973381
195,0.641002198515
196,0.704973601886
197,0.349078986143
198,0.631102408893
199,0.53512942568
200,0.202314710562
201,0.251925037792
202,0.157861142958
203,0.449446660027
204,0.334877971628
205,0.248450412731
206,0.0693866776733
207,0.421966818684
208,0.477483298659
209,0.143759554716
210,0.445929172922
211,0.573078260207
212,0.550351835576
213,0.656171630114
214,0.394603349986
215,0.135378726906
216,0.0738295630174
217,0.698723909412
218,0.468431842136
219,0.255376336252
220,0.35319631236
221,0.485620584945
222,0.50799000523
223,0.362230991572
224,0.0
225,0.0
226,0.702584611699
227,0.577830155875
228,0.237167556302
229,0.724754827025
230,0.693900683471
231,0.43690020595
232,0.577212025488
233,0.569969198878
234,0.549202702508
235,0.444748946322
236,0.59679803235
237,0.647839184085
238,0.247973997798
239,0.0
240,0.0
241,0.49577317842
242,0.198737963895
243,0.164465966306
244,0.0524371403916
245,0.135602572451
246,0.319592146137
247,0.134009636384
248,0.344991482462
249,0.138658065661
250,0.0942195205605
251,0.356212493966
252,0.472466123182
253,0.479387220319
254,0.772665596999
255,0.624882009746
256,0.689448506266
257,0.526306597132
258,0.694041599599
259,0.596638055342
260,0.389386194548
261,0.517144783204
262,0.26011191664
263,0.664136071496
264,0.704545394487
265,0.560767628072
266,0.0
267,0.0
268,0.0
269,0.0
270,0.441745629766
271,0.0
272,0.0
273,0.0
274,0.0
275,0.0
276,0.625400755619
277,0.425101448058
278,0.724436717679
279,0.651876032554
280,0.718988885683
281,0.246686654051
282,0.183413511044
283,0.142628342017
284,0.193585684234
285,0.614702121749
286,0.450998241723
287,0.13420623827
288,0.539742062601
289,0.327789915254
290,0.46820799706
291,0.0792017086654
292,0.349262941985
293,0.0
294,0.0
295,0.00451262801553
296,0.668431829694
297,0.412530583102
298,0.258401471301
299,0.270194342736
300,0.440422577456
301,0.382654118127
302,0.35778830668
303,0.620618384793
304,0.606006722736
305,0.65494455447
306,0.207951104469
307,0.30537898183
308,0.650599413661
309,0.710482611792
310,0.508151247504
311,0.173366419817
312,0.327080032586
313,0.481324970632
314,0.673561994738
315,0.704407553708
316,0.473391276356
317,0.391254383428
318,0.0584275042394
319,0.577268007388
320,0.0
321,0.468678161293
322,0.00475715600185
323,0.50906403509
324,0.499711984898
325,0.562795591763
326,0.635112017102
327,0.513292040063
328,0.62888512882
329,0.744870760805
330,0.786508604169
331,0.704895480528
332,0.741065717069
333,0.685639548942
334,0.59820288268
335,0.494065201064
336,0.447669469592
337,0.350432036724
338,0.486975751905
339,0.564455299604
340,0.445558125115
341,0.437732077747
342,0.497894945855
343,0.477846243931
344,0.664247832471
345,0.654184289848
346,0.710353663126
347,0.611307169589
348,0.555984929808
349,0.541750457993
350,0.34487962408
351,0.385010622341
352,0.170212765957
353,0.166666666667
354,0.213091151706
355,0.0
356,0.0908469702479
357,0.102688471194
358,0.137326536084
359,0.241703561636
360,0.166666666667
361,0.158433641271
362,0.247137736933
363,0.207472625474
364,0.729075684792
365,0.738487053003
366,0.451829424764
367,0.691381791801
368,0.230489594983
369,0.133317011989
370,0.194406751476
371,0.0
372,0.0621856012454
373,0.0621856012454
374,0.0
375,0.0990210257943
376,0.0
377,0.0
378,0.0
379,0.580555039984
380,0.428980170299
381,0.266427351375
382,0.350526019152
383,0.63564474915
384,0.402543598698
385,0.551347244964
386,0.368169830428
387,0.401700074388
388,0.426456707834
389,0.470285693076
390,0.118569808968
391,0.369136883104
392,0.22788809659
393,0.458118096844
394,0.378396807906
395,0.0
396,0.451275179109
397,0.496507333444
398,0.269993984179
399,0.155246469165
400,0.567811701929
401,0.504491687002
402,0.515922499112
403,0.716543715888
404,0.151854272654
405,0.457376948848
406,0.490570573372
407,0.0
408,0.420735886293
409,0.435343665392
410,0.290210081477
411,0.299781001976
412,0.440416032582
413,0.47458105507
414,0.29019307093
415,0.319443450748
416,0.482114735255
417,0.566546843908
418,0.0581460882069
419,0.430821582927
420,0.143545634312
421,0.351033072876
422,0.611432350788
423,0.421028470966
424,0.472165353907
425,0.572247352919
426,0.0664136109012
427,0.0
428,0.342226463689
429,0.301013399959
430,0.0
431,0.533463443948
432,0.0
433,0.0498588862781
434,0.290866531618
435,0.0
436,0.4413127209
437,0.183158983923
438,0.528330430621
439,0.223467161356
440,0.337613179049
441,0.0
442,0.0
443,0.0
444,0.401925348315
445,0.0058214237956
446,0.406918055433
447,0.167752540963
448,0.22594051208
449,0.056673369508
450,0.0478416449857
451,0.201993472346
452,0.0702390484775
453,0.722250611762
454,0.472359720268
455,0.22109156386
456,0.330926307895
457,0.483399718212
458,0.549880745069
459,0.153873952061
460,0.332648404419
461,0.380761048362
462,0.52127564689
463,0.207174985821
464,0.500533294496
465,0.346823669702
466,0.0
467,0.312860098276
468,0.226498217206
469,0.437233630442
470,0.0
471,0.0469610801455
472,0.0583061376435
473,0.146158585742
474,0.304498999783
475,0.139372164989
476,0.366024900216
477,0.0
478,0.0
479,0.0
480,0.0
481,0.346551311183
482,0.504752080013
483,0.100690994132
484,0.0
485,0.508470352396
486,0.111219507911
487,0.155723782917
488,0.184732228614
489,0.18228431771
490,0.273951264289
