site,dnds
1,0.326055608857
2,0.253285436951
3,0.178098543369
4,0.266463164724
5,0.277039659413
6,0.145652259575
7,0.00582478489479
8,0.0
9,0.116832224705
10,0.0
11,0.00935076989074
12,0.0362769508444
13,0.511113475089
14,0.407792153335
15,0.0174302308249
16,0.379545834057
17,0.620735839226
18,0.090655047339
19,0.0294739939546
20,0.0
21,0.0
22,0.245163570175
23,0.0
24,0.0413325573524
25,0.203035164004
26,0.434187774535
27,0.363909230264
28,0.189044355397
29,0.525090427307
30,0.227124097522
31,0.117473515067
32,0.545695830248
33,0.526130872581
34,0.484397177746
35,0.149233756799
36,0.305736588231
37,0.531702428704
38,0.710056708388
39,0.545436992928
40,0.350873847003
41,0.62374383992
42,0.0
43,0.619815002666
44,0.756814616898
45,0.202480443475
46,0.264473895593
47,0.243927630677
48,0.502954942455
49,0.22052598022
50,0.500569113186
51,0.44481759114
52,0.438062118851
53,0.389630417007
54,0.435968553572
55,0.602566265508
56,0.0
57,0.28821782575
58,0.576825163816
59,0.168769204002
60,0.0808080808081
61,0.0730804406025
62,0.23682227826
63,0.0
64,0.0216254653369
65,0.0267830163154
66,0.596658728197
67,0.25661257811
68,0.56474947013
69,0.133303597186
70,0.0
71,0.0
72,0.343986398938
73,0.301400156974
74,0.534401714521
75,0.150763905278
76,0.311236753775
77,0.228119458154
78,0.00802658319722
79,0.378860793125
80,0.0979230179094
81,0.148430517687
82,0.0
83,0.0
84,0.270571039573
85,0.0
86,0.0
87,0.394459584553
88,0.340217250397
89,0.180489153154
90,0.594877090323
91,0.372531953454
92,0.452160945195
93,0.321866773186
94,0.455024929473
95,0.109104757781
96,0.121347141203
97,0.275302941216
98,0.329157100204
99,0.581807530247
100,0.45155796213
101,0.42096291751
102,0.326522881467
103,0.455036826232
104,0.423207826288
105,0.426862462464
106,0.161721584016
107,0.323738511947
108,0.200675040471
109,0.0
110,0.266605655585
111,0.300521474246
112,0.0350197956551
113,0.363686842202
114,0.295523303731
115,0.3736740536
116,0.0730886678021
117,0.420098916811
118,0.370896911733
119,0.0880549014701
120,0.479505012412
121,0.0985792671011
122,0.573300051469
123,0.2059885352
124,0.00418653971276
125,0.087389786764
126,0.312346731561
127,0.0975237134618
128,0.0161609229087
129,0.0582267434419
130,0.0473097860573
131,0.0
132,0.38588748593
133,0.140242698509
134,0.0961314353872
135,0.301799484598
136,0.253211748611
137,0.470196914869
138,0.342639446358
139,0.395731125398
140,0.0
141,0.133210870324
142,0.301174878791
143,0.103502369736
144,0.568386516082
145,0.49233340244
146,0.113293174063
147,0.546526744364
148,0.0
149,0.413517948109
150,0.0703267170727
151,0.44113057958
152,0.00661219950344
153,0.0932662399217
154,0.0
155,0.116514490084
156,0.306534546629
157,0.0754568318129
158,0.227238556341
159,0.318072664096
160,0.0657559022747
161,0.133390207526
162,0.108115236789
163,0.0
164,0.0
165,0.0
166,0.0
167,0.0
168,0.444328465177
169,0.677373297358
170,0.413757628827
171,0.485138516452
172,0.20422809703
173,0.344827586207
174,0.0410597577831
175,0.498664231382
176,0.364062266792
177,0.353551570917
178,0.31479382539
179,0.178797180119
180,0.0
181,0.0
182,0.418732059611
183,0.412103989224
184,0.087279147455
185,0.655885077453
186,0.549428476118
187,0.556993202833
188,0.268965063813
189,0.500841742222
190,0.576144835023
191,0.621452268302
192,0.43946106249
193,0.499525848331
194,0.630705618292
195,0.548595948885
196,0.506371024501
197,0.513096790082
198,0.597100871172
199,0.365114548501
200,0.530132764484
201,0.507902503114
202,0.211654464048
203,0.454081963151
204,0.40838754477
205,0.698575744766
206,0.501358794588
207,0.559472361413
208,0.644380862699
209,0.139765111257
210,0.575185383574
211,0.315446008913
212,0.0
213,0.0
214,0.0
215,0.0
216,0.0
217,0.599561062306
218,0.646479261051
219,0.528717469802
220,0.286583987671
221,0.0960318292964
222,0.189308814079
223,0.572940522189
224,0.42434783127
225,0.118947858714
226,0.551860866428
227,0.337127229571
228,0.159489918681
229,0.186729810184
230,0.234791174189
231,0.0867325491054
232,0.0
233,0.0
234,0.0
235,0.0
