site,dnds
1,0.0
2,0.339836417759
3,0.348973417043
4,0.572819859654
5,0.408697943637
6,0.571730389583
7,0.642204104985
8,0.386314381743
9,0.410144178517
10,0.546204367765
11,0.318127677214
12,0.300800995206
13,0.635846568131
14,0.576437803139
15,0.327773473129
16,0.415289308287
17,0.417304378593
18,0.571337323374
19,0.51871267028
20,0.0330584644521
21,0.542579731502
22,0.561097281932
23,0.248916876446
24,0.0
25,0.0105822799521
26,0.194226412355
27,0.00473395900826
28,0.202479511977
29,0.262983047797
30,0.310713421047
31,0.309429631233
32,0.333372107406
33,0.0
34,0.330232655629
35,0.152171488526
36,0.400319221514
37,0.13517185383
38,0.441079850716
39,0.404276343042
40,0.277536909581
41,0.244227006351
42,0.319297510271
43,0.268826799845
44,0.46981653283
45,0.371330172453
46,0.50265896322
47,0.380526195064
48,0.340947613479
49,0.275865760543
50,0.200172702161
51,0.593603877271
52,0.176973748228
53,0.281518824993
54,0.246019963386
55,0.672229047439
56,0.447986956493
57,0.631609228804
58,0.508877389758
59,0.74178768358
60,0.47135419345
61,0.452809645187
62,0.548914736628
63,0.608174357996
64,0.210847472831
65,0.354678517917
66,0.49045328005
67,0.286298957569
68,0.133995072022
69,0.304734137164
70,0.251792649026
71,0.459679030941
72,0.387184186025
73,0.0201620416977
74,0.365620770821
75,0.500808665589
76,0.306750023405
77,0.141031341951
78,0.0
79,0.0
80,0.0
81,0.0
82,0.0
83,0.0
84,0.0
85,0.0
86,0.0
87,0.142857142857
88,0.142857142857
89,0.0724859796664
90,0.211547012926
91,0.0
92,0.119402985075
93,0.0
94,0.0
95,0.132776341132
96,0.0
97,0.0
98,0.0
99,0.0
100,0.0
101,0.0
102,0.0
103,0.0
104,0.0
105,0.0
106,0.266666666667
107,0.0
108,0.0
109,0.0
110,0.0
111,0.0
112,0.0
113,0.266666666667
114,0.0
115,0.0
116,0.0
117,0.153846153846
118,0.0
119,0.0
120,0.0
121,0.0
122,0.0
123,0.0
124,0.0
125,0.0
126,0.0
127,0.0
128,0.0
129,0.0
130,0.106638027778
131,0.355098459794
132,0.142857142857
133,0.31851446846
134,0.0188122410991
135,0.114854763945
136,0.0076711299566
137,0.342177851192
138,0.389097882832
139,0.2085208319
140,0.080376379989
141,0.27681686363
142,0.344293539184
143,0.161708167143
144,0.465333921247
145,0.125955549019
146,0.322598913203
147,0.349267601272
148,0.309896612107
149,0.18802657889
150,0.327240776001
151,0.218470250866
152,0.267039289061
153,0.256781821436
154,0.257094991412
155,0.0
156,0.441351839101
157,0.272833227127
158,0.126363064868
159,0.0960202454779
160,0.361517858492
161,0.332281935068
162,0.0
163,0.0
164,0.0
165,0.478808394677
166,0.528168169381
167,0.459766961502
168,0.380873519524
169,0.315608789329
170,0.325832726325
171,0.529173981752
172,0.0
173,0.0
174,0.0
175,0.0
176,0.0
177,0.0
178,0.204678247748
179,0.0
180,0.20993961499
181,0.621736463179
182,0.309106990939
183,0.305742723116
184,0.186157320302
185,0.0
186,0.0
187,0.0
188,0.0
189,0.122135296162
190,0.589443976764
191,0.243626455086
192,0.159787056766
193,0.159688888155
194,0.571013125899
195,0.186857831388
196,0.146659538499
197,0.301817120735
198,0.452657426196
199,0.359122535686
200,0.0100795762011
201,0.0476639421515
202,0.251914733313
203,0.493162784525
204,0.548060427862
205,0.427677506611
206,0.30384688991
207,0.2137394561
208,0.0441139199027
209,0.113559900844
210,0.0774214502739
211,0.465206467859
212,0.20674379122
213,0.0640140682796
214,0.229961505629
215,0.522165753293
216,0.416662326716
217,0.0679278626278
218,0.353135049038
219,0.350999028017
220,0.409253278923
221,0.00743969635787
222,0.525474066132
223,0.376076278591
224,0.401900871549
225,0.0488784257458
226,0.30616846497
227,0.341404630285
228,0.0533786414615
229,0.0980076548214
230,0.00075620981388
231,0.506624522335
232,0.188549700055
233,0.415050406321
234,0.31891573039
235,0.00134538401695
236,0.606279726515
237,0.0
238,0.350881141166
239,0.441448402352
240,0.0890113453183
241,0.0
242,0.0
243,0.0
244,0.0
245,0.0
246,0.0
247,0.1087289695
248,0.0
249,0.0
250,0.0
251,0.452921809158
252,0.22978596206
253,0.304509002939
254,0.0
255,0.0
256,0.366215327253
257,0.0
258,0.0
259,0.0
260,0.0
261,0.356409226674
262,0.304446455683
263,0.202011837645
264,0.274781619124
265,0.103995747308
266,0.319787921689
267,0.0
268,0.297295405876
269,0.206851061916
270,0.342068562542
271,0.374757683537
272,0.0539082131102
273,0.137087425899
274,0.40709181461
275,0.0
276,0.0
277,0.0
278,0.0
279,0.0
280,0.0
281,0.0
282,0.0
283,0.0
284,0.0
285,0.0
286,0.0
287,0.0
288,0.0
289,0.0
290,0.0
291,0.0
292,0.0
293,0.0
294,0.125086287923
295,0.298832064452
296,0.341856118791
297,0.377510547252
298,0.3228169332
299,0.149984540485
300,0.0860664369815
301,0.334016900244
302,0.377313484107
303,0.406091318869
304,0.36721640628
305,0.0
306,0.0
307,0.0
308,0.0946691161305
309,0.30840156555
310,0.534690437958
311,0.566648901767
312,0.673936684621
313,0.641843612279
314,0.310720536671
315,0.0264850861942
316,0.518927698803
317,0.0030511197171
318,0.120302578128
319,0.216779486961
320,0.644404447818
321,0.554177900661
322,0.228052887792
323,0.254295573038
324,0.217833158702
325,0.616828499834
326,0.649443466574
327,0.341259628099
328,0.395912672341
329,0.580376408521
330,0.270833395886
331,0.354464787349
332,0.311081212837
333,0.535562107623
334,0.295864184274
335,0.204596162666
336,0.301132166172
337,0.294921056491
338,0.454753618993
339,0.431106877303
340,0.140494781486
341,0.625622748614
342,0.601953620129
343,0.0
344,0.0
345,0.0
346,0.298975040707
347,0.442296909661
348,0.438620664748
349,0.491566925239
350,0.214866663335
351,0.435860782653
352,0.578296090783
353,0.468979322737
354,0.472982631011
355,0.266572434394
356,0.358482514244
357,0.0535908433497
358,0.0
359,0.0
360,0.0
361,0.0
362,0.0
363,0.0
364,0.0
365,0.0
366,0.0
367,0.299539777823
368,0.623346553987
369,0.478501063929
370,0.120841054328
371,0.332308369458
372,0.58601363827
373,0.121780505319
374,0.218150623702
375,0.218394735759
376,0.20895736332
377,0.0375806925809
378,0.395513657847
379,0.128800847139
380,0.219253620872
381,0.166546446757
382,0.168374247937
383,0.301607458032
384,0.329839522964
385,0.44523596302
386,0.0779926114731
387,0.235863064475
388,0.583148309429
389,0.56128245593
390,0.0736212531934
391,0.572300085304
392,0.802436106097
393,0.365701599626
394,0.387073239683
395,0.1
396,0.0
397,0.115524530093
398,0.657846241429
399,0.563135429578
400,0.585575679501
401,0.300183547267
402,0.538566218149
403,0.537083971509
404,0.44912254256
405,0.387235975148
406,0.613573841906
407,0.0
408,0.0
409,0.0
410,0.0
411,0.36266338161
412,0.370680712563
413,0.457162282919
414,0.478597296838
415,0.465009669941
416,0.502111236447
417,0.286845498454
418,0.0930278253352
419,0.222320628979
420,0.102236215811
421,0.325443338031
422,0.360562834149
423,0.065788413426
424,0.441117165595
425,0.346746298228
426,0.106544912678
427,0.360574718333
428,0.578823232904
429,0.696247996398
430,0.262894901657
431,0.344479020039
432,0.542841596603
433,0.120876170525
434,0.364183476458
435,0.382281416286
436,0.322912761704
437,0.0691319995622
438,0.231675403621
439,0.0680500880741
440,0.240245359135
441,0.346808159409
442,0.292325457505
443,0.403948874145
444,0.259301044225
445,0.315433870387
446,0.37494847717
447,0.114196489285
448,0.135835945554
449,0.288800812147
450,0.161197154424
451,0.237698038743
452,0.2066859566
453,0.32760540193
454,0.14090872909
455,0.230390087162
456,0.4287086455
457,0.406870778615
458,0.107385504797
459,0.173324568569
460,0.574970475294
461,0.3072420472
462,0.141688298556
463,0.129860313178
464,0.34596013479
465,0.44640677428
466,0.455658818628
467,0.0
468,0.0
469,0.0
470,0.0590268895193
471,0.0
472,0.0
473,0.389815939633
474,0.205837910323
475,0.302821088907
476,0.654035707668
477,0.296053162033
478,0.275756929752
479,0.517537567638
480,0.134289650016
481,0.429056817441
482,0.516424434733
483,0.353644150632
484,0.413289040534
485,0.483622508116
486,0.230960943104
487,0.387050172735
488,0.444795657537
489,0.293586913981
490,0.430043896429
491,0.566443275989
492,0.223645474667
493,0.326326234301
494,0.273749509459
495,0.274918391565
496,0.414899316911
497,0.10702284765
498,0.490968625206
499,0.0
500,0.0
501,0.0
502,0.183561104702
503,0.594968410027
504,0.173913043478
505,0.210603440114
506,0.169314718056
507,0.24
508,0.301886792453
509,0.20888182472
510,0.234438877578
511,0.105263157895
512,0.0959640922696
513,0.317054831973
514,0.0838248912726
515,0.194379097109
516,0.262565410864
517,0.2799329057
518,0.142305882386
519,0.0621308397141
520,0.0
521,0.162186043243
522,0.119314718056
523,0.140847729316
524,0.0
525,0.237228092035
526,0.141756424344
527,0.187556269753
528,0.0
529,0.0
530,0.0
531,0.0462098120373
532,0.239948050389
533,0.215841812859
534,0.161910825375
535,0.0
536,0.268544564293
537,0.517636623873
538,0.56572072711
539,0.280654737096
540,0.373802095748
541,0.371767896545
542,0.323244966761
543,0.308523287699
544,0.437252921232
545,0.265994613459
546,0.394660413342
547,0.327334934113
548,0.0243112635462
549,0.364423051897
550,0.300550216002
551,0.268441636241
552,0.150410936727
553,0.400349446747
554,0.30750383372
555,0.0832844196848
556,0.373269484285
557,0.0972914922799
558,0.126314433696
559,0.459128974333
560,0.0
561,0.0485648890887
562,0.141143737868
563,0.38368385594
564,0.316216174562
565,0.395389806726
566,0.569820169372
567,0.444085343582
568,0.0993759744219
569,0.41146158861
570,0.633406646831
571,0.403115505059
572,0.0
573,0.0
574,0.0
575,0.395036012741
576,0.192771084337
577,0.156202181535
578,0.0935894927338
579,0.257335894912
580,0.519355767002
581,0.755652193351
582,0.0836613287239
583,0.415782453753
584,0.279676070021
585,0.158134088379
586,0.503183758827
587,0.559386553653
588,0.0
589,0.0
590,0.276803734084
591,0.399901843237
592,0.361314779174
593,0.581901881308
594,0.438390999729
595,0.200578540432
596,0.335937372502
597,0.512020391683
598,0.57324634356
599,0.393237390228
600,0.400560598022
601,0.288795755698
602,0.20522996128
603,0.100821408081
604,0.0
605,0.0815467271247
606,0.135213820144
607,0.291315243937
608,0.118271335061
609,0.617132292322
610,0.497630720537
611,0.605122280029
612,0.106638027778
613,0.342277297593
614,0.59550157179
615,0.226223974868
616,0.200027195298
617,0.309188559664
618,0.528702917366
619,0.0803246559402
620,0.444629229495
621,0.305003581638
622,0.621918687097
623,0.408849440801
624,0.0861559043493
625,0.0
626,0.0
627,0.0
628,0.0
629,0.0
630,0.0
631,0.298202060122
632,0.489180900068
633,0.374103243916
634,0.320260214311
635,0.125
636,0.63831391875
637,0.44481352837
638,0.0815988803215
639,0.0725138042259
640,0.214366554241
641,0.0
642,0.0
643,0.604668887598
644,0.65165343417
645,0.359964117874
646,0.406653143237
647,0.222459676441
648,0.231049060187
649,0.440663877179
650,0.58532384743
651,0.573097327312
652,0.129904269971
653,0.0125498650305
654,0.242751080059
655,0.0
656,0.341821311387
657,0.0600981823672
658,0.0930331355472
659,0.260363951438
660,0.618480339904
661,0.179757067283
662,0.568976600449
663,0.24457631303
664,0.0269020986678
665,0.201629006256
666,0.176123045575
667,0.315912097349
668,0.0
669,0.00940459648913
670,0.115141431924
671,0.130624770976
672,0.260468908236
673,0.334499041277
674,0.473525428355
675,0.290082601511
676,0.223712470147
677,0.364296544207
678,0.476202728831
679,0.592382829403
680,0.611241191119
681,0.545184775858
682,0.317575583865
683,0.15913449789
684,0.213887703016
685,0.195647117176
686,0.471868735099
687,0.377145148128
688,0.275081373205
689,0.0775491027295
690,0.0
691,0.512292819057
692,0.336888713377
693,0.427355905702
694,0.149568241615
695,0.0428943878551
696,0.0
697,0.0
698,0.0
699,0.0
700,0.0
701,0.0
702,0.0
703,0.472854556518
704,0.359878921442
705,0.485825830243
706,0.493014792032
707,0.623329428732
708,0.0
709,0.0
710,0.0
711,0.0
712,0.0
713,0.0
714,0.0
715,0.0
716,0.0
717,0.0
718,0.0
719,0.0
720,0.0616130827164
721,0.266666666667
722,0.166666666667
723,0.100821408081
724,0.0
725,0.199955395779
726,0.0
727,0.0
728,0.0
729,0.0
730,0.0
731,0.0
732,0.0
733,0.0
734,0.0
735,0.426333934892
736,0.251551367148
737,0.0868853803089
738,0.0924196240747
739,0.0962098120373
740,0.25183219726
741,0.685689273377
742,0.549169193706
743,0.253959329485
744,0.273470173825
745,0.615818536158
746,0.147871398519
747,0.0
748,0.0
749,0.0
750,0.0
751,0.0
752,0.0
753,0.0
754,0.0
755,0.0
756,0.286023467761
757,0.654056976931
758,0.487719278382
759,0.561337415254
760,0.624313275774
761,0.592089190364
762,0.497709645408
763,0.19879116543
764,0.0742405348263
765,0.593395537231
766,0.533193260625
767,0.542719072259
768,0.583574968161
769,0.410430154057
770,0.619543799513
771,0.330283360688
772,0.547576450383
773,0.399544941589
774,0.534980011508
775,0.508486537577
776,0.132166552771
777,0.283221049725
778,0.339127681074
779,0.368843680962
780,0.264564860287
781,0.433138328614
782,0.461370750215
783,0.314897590337
784,0.0
785,0.180484004854
786,0.0
787,0.0
788,0.0
789,0.0
790,0.0
791,0.0
792,0.0
793,0.0
794,0.0
795,0.0
796,0.0
797,0.0
798,0.0
799,0.0285216849661
800,0.186059074003
801,0.57265440127
802,0.322028479025
803,0.0
804,0.0
805,0.0941938335388
806,0.269585778579
807,0.372211575904
808,0.354405860915
809,0.115947773834
810,0.269541434802
811,0.523775673921
812,0.425606793371
813,0.188056639911
814,0.537703903693
815,0.543048421517
816,0.730903176692
817,0.182517361422
818,0.369755756218
819,0.0161207353713
820,0.432257629632
821,0.434878697244
822,0.0734419945022
823,0.497085156739
824,0.448156995904
825,0.0395306330614
826,0.313664024294
827,0.111752267804
828,0.424883325966
829,0.127590533081
830,0.159755084785
831,0.202981239847
832,0.201042348621
833,0.360443752961
834,0.263848380325
835,0.243789804814
836,0.210384032465
837,0.275983551197
838,0.225946704675
839,0.372848286368
840,0.267079869277
841,0.108970953509
842,0.142966259234
843,0.313829261883
844,0.250855472652
845,0.298931787816
846,0.422891662992
847,0.322803623713
848,0.194539650113
849,0.261704478425
850,0.564410482348
851,0.645057638074
852,0.0
853,0.340161832871
854,0.404607948788
855,0.445764009592
856,0.43587520203
857,0.212948108983
858,0.0248834212923
859,0.46422420688
860,0.104862852182
861,0.0
862,0.380285800386
863,0.701196612652
864,0.631218804182
865,0.43254595471
866,0.0
867,0.133303597186
868,0.0
869,0.0
870,0.0729628611116
871,0.120948141872
872,0.0
873,0.0705156709753
874,0.0
875,0.0754910652753
876,0.680991821118
877,0.703210168075
878,0.539130096065
879,0.365832390044
880,0.634291427278
881,0.388922593105
882,0.202187598793
883,0.505562041512
884,0.636766811725
885,0.137708370992
886,0.328992060948
887,0.294367279759
888,0.514327626126
889,0.510002580437
890,0.0
891,0.387014694003
892,0.558449426258
893,0.191147127171
894,0.0
895,0.215674660019
896,0.0
897,0.179791647996
898,0.00584042353131
899,0.304241308995
900,0.00118735750815
901,0.0698834223904
902,0.342560038635
903,0.00451370845775
904,0.16060981011
905,0.281870939872
906,0.0189170410865
907,0.121208836396
908,0.196754374762
909,0.11758265384
910,0.24067277178
911,0.360101571972
912,0.354401632903
913,0.569464955916
914,0.211433573264
915,0.104021517235
916,0.50320910813
917,0.259823573454
918,0.336139071291
919,0.130288586381
920,0.561920408644
921,0.50646505309
922,0.445857771814
923,0.666379681726
924,0.480270769625
925,0.0
926,0.0
927,0.0
928,0.183156490755
929,0.575669159422
930,0.546462326346
931,0.363893989915
932,0.368447185529
933,0.229288822618
934,0.162672265321
935,0.195694585357
936,0.595458232164
937,0.0179925808722
938,0.176189200688
939,0.399446607704
940,0.473285292233
941,0.326571157855
942,0.0544813703252
943,0.339660521209
944,0.08664339757
945,0.0803862650245
946,0.0
947,0.106638027778
948,0.0
949,0.0
950,0.0
951,0.0
952,0.0
953,0.0
954,0.0
955,0.0
956,0.0
957,0.0
958,0.0
959,0.0
960,0.0
961,0.0
962,0.0
963,0.0
964,0.0
965,0.0
966,0.205989804125
967,0.0
968,0.0
969,0.0
970,0.0
971,0.0
972,0.0
973,0.0
974,0.0
975,0.0
976,0.125555690133
977,0.617110628572
978,0.168095994489
979,0.00989981674153
980,0.00235789118121
981,0.0
982,0.0266001270782
983,0.00543223414354
984,0.208502000132
985,0.344967346477
986,0.646483131204
987,0.0856326894812
988,0.263455507969
989,0.66448137448
990,0.499837218596
991,0.411346481222
992,0.507151405746
993,0.0457520211699
994,0.190720639748
995,0.623950807252
996,0.307456163581
997,0.583104254039
998,0.0531385123819
999,0.631787322664
1000,0.195711906517
1001,0.242466149227
1002,0.363810550383
1003,0.512902588812
1004,0.45633305476
1005,0.469749487563
1006,0.235192773042
1007,0.249375558531
1008,0.446919284288
1009,0.148923374244
1010,0.178129900957
1011,0.0120727051482
1012,0.201870478377
1013,0.0179806591966
1014,0.0968818375339
1015,0.258950249227
1016,0.246414375981
1017,0.271754161535
1018,0.0608005401113
1019,0.343900744877
1020,0.449514646763
1021,0.270150224803
1022,0.161086836538
1023,0.353646555802
1024,0.0
1025,0.0
1026,0.0
1027,0.0
1028,0.0
1029,0.0
1030,0.505055956794
1031,0.531453046764
1032,0.185297667015
1033,0.118522960058
1034,0.589489020274
1035,0.688664669913
1036,0.270224273103
1037,0.310459154865
1038,0.326842813568
1039,0.46115722191
1040,0.0
1041,0.0
1042,0.0
1043,0.0
1044,0.0
1045,0.362063390759
1046,0.354393023571
1047,0.409296756551
1048,0.0
1049,0.228213543298
1050,0.179217968495
1051,0.283855749443
1052,0.508341432468
1053,0.365974264518
1054,0.165550111859
1055,0.418807409946
1056,0.395090300557
1057,0.568425280747
1058,0.00494807364926
1059,0.557282635954
1060,0.444944584699
1061,0.349440107571
1062,0.0
1063,0.339388308085
1064,0.0211131135827
1065,0.371121994553
1066,0.209784170003
1067,0.448749845898
1068,0.444649025728
1069,0.0
1070,0.27421207143
1071,0.0
1072,0.11300012112
1073,0.273731877195
1074,0.124031007752
1075,0.139016608494
1076,0.131147540984
1077,0.141756424344
1078,0.283025986832
1079,0.329359398604
1080,0.12281402
1081,0.275138811444
1082,0.0
1083,0.0435444336212
1084,0.122391731668
1085,0.424121524407
1086,0.0
1087,0.0
1088,0.116773951135
1089,0.0
1090,0.157724861161
1091,0.0695083042471
1092,0.0871848224899
1093,0.285022419503
1094,0.0
1095,0.0383236844884
1096,0.251505914816
1097,0.154032706791
1098,0.156202181535
1099,0.150778921457
1100,0.169750329933
1101,0.0
1102,0.0
1103,0.0
1104,0.0858311818322
1105,0.0
1106,0.0
1107,0.0
1108,0.0
1109,0.0
1110,0.113166886622
1111,0.0
1112,0.355396115942
1113,0.21612842478
1114,0.130314829131
1115,0.280128069823
1116,0.449328770607
1117,0.0348438574376
1118,0.311017820986
1119,0.462183331287
1120,0.0429933967447
1121,0.318459537733
1122,0.471300193901
1123,0.403538884918
1124,0.0767795123255
1125,0.054635431244
1126,0.350803518731
1127,0.179965638358
1128,0.0408478461939
1129,0.101579051856
1130,0.247239077169
1131,0.209148161098
1132,0.0477122523451
1133,0.424415197041
1134,0.481278877749
1135,0.480406761343
1136,0.482597023875
1137,0.539741292753
1138,0.290222352723
