site,dnds
1,0.0
2,0.0418246468722
3,0.301450990134
4,0.165626581156
5,0.369544220825
6,0.225327049388
7,0.389942778056
8,0.54834573168
9,0.487005605537
10,0.390726332848
11,0.591437960298
12,0.452508581896
13,0.322023899216
14,0.351909993007
15,0.588274871412
16,0.500627960285
17,0.115786900175
18,0.0559219208985
19,0.0
20,0.449328145524
21,0.0
22,0.0935688711019
23,0.618692600968
24,0.65174808743
25,0.506784138049
26,0.420789348065
27,0.566492223264
28,0.481488070587
29,0.557281188191
30,0.553959237499
31,0.645252212485
32,0.0490020204748
33,0.260846876053
34,0.370831210663
35,0.420113568897
36,0.271977852675
37,0.326389817939
38,0.215004730438
39,0.308775329286
40,0.204537823561
41,0.478670984046
42,0.263241135991
43,0.494380230905
44,0.127002076998
45,0.31965800241
46,0.344869423399
47,0.427509087853
48,0.464482982603
49,0.45746652055
50,0.133303597186
51,0.0990210257943
52,0.227088182705
53,0.668453224093
54,0.363237215339
55,0.321202156266
56,0.248002980542
57,0.527725404645
58,0.399076627697
59,0.318732461959
60,0.348857965761
61,0.477762000398
62,0.560422419197
63,0.350265458688
64,0.359127364115
65,0.212876478704
66,0.260628155444
67,0.13347126592
68,0.0279850639987
69,0.0840178400679
70,0.198303124721
71,0.440015147904
72,0.538699251388
73,0.500705558589
74,0.478873300836
75,0.383754076487
76,0.583420349863
77,0.177121338347
78,0.300458552989
79,0.486588376934
80,0.200965951836
81,0.00271046956969
82,0.210789656136
83,0.467595408501
84,0.547557449804
85,0.557471356752
86,0.248517534146
87,0.491083939941
88,0.41042306487
89,0.116065869194
90,0.475785123054
91,0.335970459327
92,0.408008495864
93,0.13303120844
94,0.387651041981
95,0.485070568267
96,0.50829223747
97,0.210096620703
98,0.143589775409
99,0.216792399706
100,0.581997063821
101,0.22973355031
102,0.415263551411
103,0.454300298357
104,0.578185383428
105,0.520805488122
106,0.609578246974
107,0.0519029427717
108,0.132028034392
109,0.272727272727
110,0.154032706791
111,0.105263157895
112,0.0
113,0.572725037119
114,0.451630884535
115,0.552839580019
116,0.511831334068
117,0.711920576302
118,0.403403938069
119,0.407987714789
120,0.732398808221
121,0.512716262973
122,0.283735675219
123,0.497349994866
124,0.520146469147
125,0.296425989243
126,0.589656493167
127,0.588796959251
128,0.466087146885
129,0.55395946522
130,0.284042993943
131,0.455805360503
132,0.555873031622
133,0.62476480657
134,0.216568808717
135,0.0
136,0.0
137,0.0
138,0.424053702571
139,0.153913146162
140,0.467689064873
141,0.420645261779
142,0.090924480868
143,0.247207260602
144,0.479814003929
145,0.0
146,0.258681787299
147,0.443330576687
148,0.505596652588
149,0.343987972996
150,0.458468280868
151,0.512811980263
152,0.417130539933
153,0.389560538222
154,0.201995476707
155,0.0251865681788
156,0.0092817551429
157,0.211897427967
158,0.202960585383
159,0.405507994206
160,0.394603974049
161,0.488469409202
162,0.406317103063
163,0.271105228016
164,0.0977746922165
165,0.5325218829
166,0.547779630739
167,0.382645648769
168,0.296670151401
169,0.282915943989
170,0.561232912187
171,0.0
172,0.0
173,0.0
174,0.0
175,0.0
176,0.171779223191
177,0.111021972458
178,0.514976110679
179,0.276228850937
180,0.498214902293
181,0.568097854733
182,0.572426269702
183,0.475051151847
184,0.129871307477
185,0.556656495346
186,0.424122771677
187,0.515832451109
188,0.569394416726
189,0.560844274356
190,0.495140512812
191,0.686146302896
192,0.0239683807749
193,0.373589458495
194,0.460186733486
195,0.49885790959
196,0.524918734478
197,0.556615025007
198,0.500955730025
199,0.59731022883
200,0.511083997075
201,0.0840044940241
202,0.432599843893
203,0.424131671497
204,0.472563684545
205,0.379383883581
206,0.246876913124
207,0.312666497152
208,0.424720618633
209,0.257009060537
210,0.140683002524
211,0.127581197622
212,0.391338466827
213,0.336711408734
214,0.348048205346
215,0.299255755406
216,0.41298093967
217,0.661094941648
218,0.456989205118
219,0.403711267043
220,0.484246467958
221,0.584265488981
222,0.315426848975
223,0.0490797546012
224,0.376968765139
225,0.285563168414
226,0.0282798056705
227,0.188173746343
228,0.55719478125
229,0.33319144989
230,0.47163080931
231,0.234807788634
232,0.0
233,0.535597805757
234,0.506188013905
235,0.285512796636
236,0.541576958393
237,0.609336000228
238,0.271664165348
239,0.375647899107
240,0.117982498819
241,0.0676241151766
242,0.19041601156
243,0.0
244,0.131937595512
245,0.246241444928
246,0.201516497859
247,0.0591448183539
248,0.207481163304
249,0.391684776793
250,0.481814499411
251,0.529527208276
252,0.31490298421
253,0.371708351128
254,0.374898948664
255,0.439337745234
256,0.0
257,0.142857142857
258,0.0
259,0.0
260,0.267939805489
261,0.496532220693
262,0.542914930359
263,0.269292103257
264,0.498507793561
265,0.549602714895
266,0.395621580319
267,0.231592399903
268,0.488374513539
269,0.414821415657
270,0.455585861742
271,0.567925783505
272,0.582159119702
273,0.581735752075
274,0.594506781411
275,0.24872368549
276,0.607515435731
277,0.561149641427
278,0.249255225229
279,0.105773506463
280,0.193950236941
281,0.401789108549
282,0.0
283,0.0
284,0.166666666667
285,0.0
286,0.0
287,0.0
288,0.563786918963
289,0.620001769207
290,0.605553445034
291,0.52773337213
292,0.50717917108
293,0.304491273672
294,0.467033693202
295,0.197077875437
296,0.376647928854
297,0.448030035617
298,0.201622110224
299,0.470054841408
300,0.564670901565
301,0.642986403313
302,0.437496331774
303,0.0861730767043
304,0.515059076591
305,0.407415981925
306,0.0389241773141
307,0.416751932085
308,0.284320640867
309,0.423482782407
310,0.146213719043
311,0.306231300559
312,0.321705104016
313,0.258340980868
314,0.0
315,0.162764260073
316,0.320175612852
317,0.190337500831
318,0.29330426293
319,0.4340437673
320,0.573384744098
321,0.454031068854
322,0.174186722559
323,0.30753365841
324,0.549540466449
325,0.651850899162
326,0.467873590704
327,0.435109080398
328,0.55548554154
329,0.556639966229
330,0.362084506291
331,0.362674442005
332,0.614891615341
333,0.417733200433
334,0.321227815932
335,0.397467011739
336,0.419407009626
337,0.432838221526
338,0.341797313783
339,0.348726610386
340,0.324985797418
341,0.53721468677
342,0.416384566682
343,0.0315945277909
344,0.0
345,0.0
346,0.132776341132
347,0.0
348,0.0
349,0.0
350,0.746657907854
351,0.619944635027
352,0.565075522956
353,0.619215638948
354,0.237315621173
355,0.646910151405
356,0.670162859191
357,0.579668818351
358,0.612124497541
359,0.590585914844
360,0.433354720082
361,0.332778095791
362,0.316195713477
363,0.111327930356
364,0.367891902108
365,0.173926485024
366,0.346994145111
367,0.352288333693
368,0.361454121425
369,0.286273118187
370,0.40392033622
371,0.0
372,0.0
373,0.0
374,0.0
375,0.466043577944
376,0.563314303983
377,0.353326492835
378,0.361470402422
379,0.355387004794
380,0.405052245426
381,0.232177087084
382,0.490776908988
383,0.429096253526
384,0.539430073505
385,0.42651474528
386,0.361618051241
387,0.0689507484701
388,0.424515141505
389,0.431892346022
390,0.211546730948
391,0.39583861281
392,0.543676133413
393,0.164503019363
394,0.329880184992
395,0.34539226534
396,0.218902946822
397,0.446554503335
398,0.497676273455
399,0.397609558066
400,0.317127925269
401,0.61283817897
402,0.622862869909
403,0.486445172746
404,0.380131031062
405,0.615796577028
406,0.706873902918
407,0.688494980158
408,0.0
409,0.222341308618
410,0.0
411,0.334872650904
412,0.152391239242
413,0.215988989377
414,0.337757818064
415,0.05424435873
416,0.499917739225
417,0.312770629601
418,0.565348798892
419,0.326466108402
420,0.31484900303
421,0.0364532463563
422,0.407601864769
423,0.292373011313
424,0.626442372012
425,0.228114131625
426,0.49147095811
427,0.169014084507
428,0.0878889830934
429,0.133303597186
430,0.0
431,0.0836492609523
432,0.0
433,0.516176095076
434,0.436926487713
435,0.444268695691
436,0.524287738218
437,0.436075077882
438,0.579569706685
439,0.464568808062
440,0.521010936252
441,0.591698755354
442,0.405215204546
443,0.244013261547
444,0.254504842947
445,0.449308536354
446,0.502056408194
447,0.621982566171
448,0.646921353951
449,0.27657230791
450,0.427095681555
451,0.476930008842
452,0.632080719297
453,0.47260137348
454,0.513658140324
455,0.602151109252
456,0.180065996392
457,0.562172680385
458,0.315556886988
459,0.523663003043
460,0.351463950466
461,0.565694782367
462,0.476591714822
463,0.181392861667
464,0.654105048117
465,0.390148405462
466,0.617704436652
467,0.404888276275
468,0.24895056632
469,0.374871370201
470,0.279162349115
471,0.4350906761
472,0.350441023202
473,0.418631211142
474,0.514308009381
475,0.302803896825
476,0.455449525083
477,0.588056012801
478,0.476294514625
479,0.46508383731
480,0.332334186056
481,0.533452188043
482,0.251173329609
483,0.441243252851
484,0.58706872569
485,0.506909740982
486,0.437630162499
487,0.528505576342
488,0.510619514843
489,0.297272307036
490,0.442092151377
491,0.35696382779
492,0.526854376833
493,0.565299292514
494,0.422399706523
495,0.492056053288
496,0.366522233571
497,0.472123105555
498,0.179598727125
499,0.482818847003
500,0.463339001941
501,0.51362476049
502,0.280053039297
503,0.423611985132
504,0.51003144233
505,0.407668435289
506,0.509362471435
507,0.464571674949
508,0.578997253214
509,0.282437799107
510,0.507446163344
511,0.158433641271
