site,dnds
1,0.0
2,0.0
3,0.256726623321
4,0.384448933433
5,0.311997510447
6,0.136210231772
7,0.639952812691
8,0.410980624048
9,0.540652670763
10,0.772527910052
11,0.562292995647
12,0.776784829616
13,0.51623370037
14,0.564850946456
15,0.552051621986
16,0.687278895775
17,0.568328587603
18,0.419623763005
19,0.710121872805
20,0.438280445937
21,0.0256137440576
22,0.410814903995
23,0.202116958638
24,0.193616977438
25,0.242046339053
26,0.459785400143
27,0.203366954962
28,0.0515615024923
29,0.770406779477
30,0.534587825339
31,0.48984008639
32,0.763711845511
33,0.61901112042
34,0.167459253412
35,0.0778493007568
36,0.413292195736
37,0.221505505144
38,0.210269363184
39,0.672344626304
40,0.546552709219
41,0.335560457649
42,0.55281757465
43,0.505025721948
44,0.642433124324
45,0.671009682551
46,0.446655081623
47,0.366746269627
48,0.308642859692
49,0.489058434059
50,0.187878936564
51,0.318644792416
52,0.494402930068
53,0.206116593157
54,0.0105537155709
55,0.299386500601
56,0.253762976587
57,0.536097305976
58,0.412265548573
59,0.0
60,0.388865077372
61,0.0
62,0.223257212046
63,0.0030425493844
64,0.516562554018
65,0.634926941961
66,0.412385190375
67,0.385039515882
68,0.5004487716
69,0.535092592964
70,0.695343067928
71,0.260549120557
72,0.122952025959
73,0.0
74,0.0
75,0.657524535296
76,0.602533315841
77,0.383387762785
78,0.432905619692
79,0.577209304894
80,0.58547145599
81,0.140483269125
82,0.599739993585
83,0.494772698206
84,0.404891633558
85,0.401764528049
86,0.621378352089
87,0.424311374571
88,0.0766434295369
89,0.544170698863
90,0.0
91,0.0
92,0.65780050574
93,0.276894834986
94,0.408543778798
95,0.211744777204
96,0.29298973222
97,0.280660614886
98,0.314442039809
99,0.188711583599
100,0.0590122419371
101,0.0251176603721
102,0.230677152504
103,0.319922441391
104,0.314702782526
105,0.372076702433
106,0.0378694245582
107,0.434276496433
108,0.379762149633
109,0.419195096812
110,0.372520734336
111,0.0274887799268
112,0.155008787173
113,0.00661219950344
114,0.168501343201
115,0.0397277477545
116,0.32903093348
117,0.0157621418663
118,0.0976252642909
119,0.396711234318
120,0.0336713418495
121,0.288853276234
122,0.461247445995
123,0.0
124,0.0
125,0.0
126,0.394188620199
127,0.792073765414
128,0.656866600297
129,0.294040391741
130,0.155961204593
131,0.505699510581
132,0.507054081511
133,0.569006620353
134,0.232252516105
135,0.529493213729
136,0.475699563442
137,0.261316433694
138,0.259757727168
139,0.272634338857
140,0.0
141,0.425141338933
142,0.108812259191
143,0.287547027469
144,0.448610929217
145,0.0
146,0.367627524026
147,0.605551197773
148,0.486715650067
149,0.247453066337
150,0.22881826354
151,0.578184790824
152,0.571048069584
153,0.148469526423
154,0.506572165003
155,0.636425680024
156,0.738576730917
157,0.263186686539
158,0.245178984365
159,0.161076753781
160,0.020240923769
161,0.0763611375394
162,0.377816932827
163,0.0762685817982
164,0.498188152594
165,0.0245334035966
166,0.333684280286
167,0.345257737361
168,0.151726235881
169,0.586998798863
170,0.0682395961001
171,0.704124591398
172,0.181871912301
173,0.0
174,0.0
175,0.211547012926
176,0.63119701613
177,0.223481963763
178,0.464063404401
179,0.743260832486
180,0.738158329763
181,0.369685853736
182,0.108124028829
183,0.495499888997
184,0.260263619958
185,0.63371269532
186,0.564048435582
187,0.620440418952
188,0.358795213192
189,0.501009185242
190,0.579664990252
191,0.44589015543
192,0.406582985618
193,0.544101810248
194,0.70320298857
195,0.132776341132
196,0.734521414468
197,0.544679687368
198,0.670430914523
199,0.0
200,0.0518240882662
201,0.114949551596
202,0.0602736678748
203,0.192875737199
204,0.417390547165
205,0.00756453661159
206,0.480768530923
207,0.208691684434
208,0.20497579892
209,0.0546018783502
210,0.0
211,0.00418653971276
212,0.0928545524114
213,0.455753252572
214,0.737107188969
215,0.549570372041
216,0.127548276629
217,0.475147437198
218,0.844066074966
219,0.619628483172
220,0.376900779268
221,0.593802407758
222,0.104629741778
223,0.637507632956
224,0.547147314321
225,0.0
226,0.0
227,0.154032706791
228,0.0663881705658
229,0.0
230,0.0974068675807
231,0.351559181526
232,0.0
233,0.0
234,0.0
235,0.0
236,0.0857101603917
237,0.0
238,0.0
239,0.444686746664
240,0.195962054164
241,0.287181861495
242,0.174043010916
243,0.37275622022
244,0.133947429142
245,0.17688551292
246,0.246088415247
247,0.170135286751
248,0.551448238963
249,0.614430599742
250,0.318581047429
251,0.53244367089
252,0.250369748865
253,0.142625986131
254,0.617692833609
255,0.626843148806
256,0.453959900698
257,0.351178252037
258,0.513241858445
259,0.690271077613
260,0.394600662793
261,0.542043796992
262,0.651342575066
263,0.634637680145
264,0.622071841357
265,0.610704141694
266,0.533655358111
267,0.612964440989
268,0.374367316351
269,0.668222613406
270,0.385142471656
271,0.23100589102
272,0.199404180183
273,0.0
274,0.0
