site,dnds
1,0.0
2,0.0
3,0.0
4,0.0
5,0.0
6,0.0
7,0.00413973146999
8,0.0
9,0.00882492631666
10,0.0
11,0.0
12,0.0
13,0.0170987582787
14,0.0976496179516
15,0.00400033243144
16,0.0
17,0.0
18,0.0
19,0.0
20,0.0
21,0.0
22,0.0
23,0.0
24,0.0
25,0.0
26,0.0
27,0.0
28,0.00960769620866
29,0.0
30,0.0
31,0.029651752424
32,0.0
33,0.0
34,0.0114783652265
35,0.0
36,0.00827470553933
37,0.0
38,0.0
39,0.0
40,0.0
41,0.00933615573599
42,0.0
43,0.00986121623396
44,0.00350122634163
45,0.0
46,0.01050972866
47,0.0
48,0.0
49,0.0
50,0.0
51,0.0
52,0.011504752273
53,0.0
54,0.0
55,0.0
56,0.0
57,0.0
58,0.00781807918019
59,0.00922675943825
60,0.0
61,0.0
62,0.0234805029356
63,0.0
64,0.0
65,0.0
66,0.0
67,0.0
68,0.0
69,0.0111974227581
70,0.0
71,0.0
72,0.0
73,0.0170933224685
74,0.0
75,0.0
76,0.0
77,0.0
78,0.16746134738
79,0.0
80,0.0
81,0.0
82,0.0
83,0.0
84,0.0
85,0.0
86,0.0
87,0.0
88,0.0
89,0.0
90,0.0
91,0.0
92,0.0146603888008
93,0.00862856420471
94,0.0
95,0.0
96,0.0
97,0.0139464448391
98,0.0
99,0.0
100,0.0
101,0.00986121623396
102,0.00995844053522
103,0.0
104,0.0
105,0.205718333037
106,0.0
107,0.0137880327364
108,0.0121277892776
109,0.024649616993
110,0.0
111,0.0
112,0.0
113,0.0
114,0.0
115,0.0186132253573
116,0.0
117,0.0350601600659
118,0.011504752273
119,0.0
120,0.0205332186702
121,0.0
122,0.0170650661442
123,0.0832848032771
124,0.0120013602847
125,0.011504752273
126,0.0
127,0.0
128,0.0
129,0.0
130,0.0
131,0.0
132,0.0210547513813
133,0.0
134,0.0
135,0.0
136,0.0
137,0.0
138,0.0
139,0.0
140,0.0
141,0.00862856420471
142,0.033097933571
143,0.0
144,0.0
145,0.0
146,0.00781807918019
147,0.00781807918019
148,0.0
149,0.0
150,0.0
151,0.0
152,0.0
153,0.0
154,0.0115080591865
155,0.0
156,0.0
157,0.0
158,0.0
159,0.0129554890906
160,0.0
161,0.0
162,0.0
163,0.0
164,0.0
165,0.0
166,0.0
167,0.0
168,0.0
169,0.143524858725
170,0.0
171,0.0
172,0.0
173,0.0
174,0.0
175,0.0186132253573
176,0.0
177,0.263733111361
178,0.0
179,0.0
180,0.033963568101
181,0.0
182,0.0997807303261
183,0.0
184,0.0
185,0.0886025150479
186,0.0
187,0.00955765148144
188,0.00397736415692
189,0.0174462961721
190,0.0
191,0.0
192,0.0
193,0.0
194,0.0
195,0.00487950247694
196,0.0
197,0.0
198,0.00371344527114
199,0.0
200,0.0
201,0.0
202,0.0159818317294
203,0.0
204,0.0
205,0.0
206,0.0
207,0.0
208,0.00777441791518
209,0.0
210,0.00981884919515
211,0.0
212,0.0
213,0.0
214,0.0
215,0.0
216,0.0159434138646
217,0.0
218,0.0159818317294
219,0.0
220,0.0
221,0.0
222,0.0
223,0.0
224,0.0
225,0.0
226,0.0
227,0.0
228,0.0
229,0.0
230,0.0
231,0.0
232,0.0
233,0.0
234,0.0
235,0.0395215886793
236,0.0
237,0.0433800915394
238,0.0
239,0.0
240,0.0
241,0.0
242,0.0
243,0.0
244,0.0
245,0.0
246,0.0
247,0.0
248,0.0
249,0.0
250,0.0
251,0.0
252,0.0
253,0.0
254,0.0
255,0.0
256,0.00557247785319
257,0.0
258,0.0
259,0.0
260,0.0
261,0.0
262,0.0
263,0.0
264,0.0
265,0.0
266,0.0
267,0.0
268,0.0
269,0.0
270,0.0
271,0.00243097551083
272,0.0
273,0.0144027107441
274,0.0
275,0.0
276,0.0
277,0.0
278,0.0
279,0.0
280,0.0
281,0.0
282,0.0
283,0.0
284,0.0
285,0.0
286,0.0
287,0.0
288,0.0
289,0.0
290,0.0
291,0.0
292,0.0
293,0.0
294,0.00513275517749
295,0.0
296,0.0
297,0.0
298,0.0
299,0.0
300,0.0
301,0.0
302,0.0143807971484
303,0.0
304,0.00397736415692
305,0.0
306,0.0
307,0.0
308,0.0
309,0.0
310,0.0
311,0.0
312,0.0
313,0.0
314,0.0104493256529
315,0.0
316,0.0
317,0.0
318,0.0
319,0.00822835669227
320,0.0
321,0.0103324338113
322,0.0
323,0.00840112814027
324,0.0
325,0.0
326,0.00348111734986
327,0.0
328,0.0
329,0.0
330,0.00858098355036
331,0.0114413114005
332,0.0
333,0.0
334,0.0
335,0.0
336,0.0
337,0.0
338,0.0
339,0.0098176895316
340,0.0157197339109
341,0.0
342,0.0
343,0.0161988489549
344,0.0143807971484
345,0.0
346,0.0
347,0.0
348,0.0
349,0.0
350,0.0
351,0.0
352,0.0
353,0.0
354,0.0233525917142
355,0.0
356,0.00371437890525
357,0.0107926329553
358,0.263701431511
359,0.0
360,0.0404637174224
361,0.0
362,0.0
363,0.0
364,0.0
365,0.0
366,0.0
367,0.0
368,0.0
369,0.0
370,0.0
371,0.00706380602041
372,0.0
373,0.0
374,0.0
375,0.0
376,0.0
377,0.0
378,0.00606690760954
379,0.0
380,0.0
381,0.0
382,0.0
383,0.0
384,0.0
385,0.0
386,0.0123603745703
387,0.00989407030393
388,0.0167830921845
389,0.0
390,0.0
391,0.00348111734986
392,0.0
393,0.00980683834327
394,0.0175774526228
395,0.0
396,0.0
397,0.0
398,0.0
399,0.0
400,0.0
401,0.0
402,0.0079508333922
403,0.0
404,0.0
405,0.0
406,0.00487950247694
407,0.00442604966792
408,0.0
409,0.0
410,0.0
411,0.0
412,0.0
413,0.0
414,0.0
415,0.0
416,0.0
417,0.0
418,0.0024451466056
419,0.0
420,0.0
421,0.0
422,0.0
423,0.0
424,0.0
425,0.0
426,0.0
427,0.0
428,0.0
429,0.0
430,0.0
431,0.0
432,0.0
433,0.0
434,0.0
435,0.00980683834327
436,0.0
437,0.0185159357472
438,0.0
439,0.0
440,0.0
441,0.00980683834327
442,0.0103324338113
443,0.0
444,0.0
445,0.0
446,0.0
447,0.00903040455551
448,0.0
449,0.00749843627591
450,0.0
451,0.0
452,0.0
453,0.0
454,0.0
455,0.0
456,0.00877898451241
457,0.0
458,0.0
459,0.0
460,0.0
461,0.0
462,0.0
463,0.0
464,0.0
465,0.0
466,0.0
467,0.00429174234857
468,0.0
469,0.0
470,0.0
471,0.0206607975365
472,0.0
473,0.0
474,0.0
475,0.0
476,0.0
477,0.0
478,0.0
479,0.0
480,0.0
481,0.0
482,0.0365145724224
483,0.0107926329553
484,0.0
485,0.0
486,0.0197271109007
487,0.0
488,0.0547051656789
489,0.0
490,0.0
491,0.0
492,0.0
493,0.0
494,0.0
495,0.0
496,0.0
497,0.0
498,0.0
499,0.00344717387337
500,0.0
501,0.0
502,0.0
503,0.0
504,0.0
505,0.00870861127138
506,0.0
507,0.0
508,0.0
509,0.0
510,0.0
511,0.0114413114005
512,0.0
513,0.0
514,0.0
515,0.0
516,0.0
517,0.0
518,0.0
519,0.0098176895316
520,0.0
521,0.0
522,0.0149008388483
523,0.0
524,0.0
525,0.0
526,0.0119352054621
527,0.0
528,0.0
529,0.0
530,0.0
531,0.0
532,0.0
533,0.0
534,0.0
535,0.00397736415692
536,0.0
537,0.0
538,0.0
539,0.0
540,0.0
541,0.0
542,0.0243897779576
543,0.0
544,0.0
545,0.0
546,0.0
547,0.0
548,0.0
549,0.0
550,0.0
551,0.0
552,0.0
553,0.0
554,0.00397736415692
555,0.0
556,0.0
557,0.0175714088438
558,0.0171766731565
559,0.0
560,0.00903040455551
561,0.0
562,0.0
563,0.0
564,0.0
565,0.0
566,0.0147439908231
567,0.0
568,0.0
569,0.0
570,0.0
571,0.0
572,0.0
573,0.0
574,0.0
575,0.0
576,0.0
577,0.0
578,0.0
579,0.0
580,0.0
581,0.0268091891396
582,0.0251158537819
583,0.0
584,0.0
585,0.0
586,0.0
587,0.0185159357472
588,0.0
589,0.0
590,0.00434456578727
591,0.0
592,0.0
593,0.0
594,0.0
595,0.0155441809583
596,0.0
597,0.0
598,0.0
599,0.0
600,0.0
601,0.0
602,0.00859570221854
603,0.0
604,0.0
605,0.0
606,0.0
607,0.0
608,0.0
609,0.0
610,0.0
611,0.0114413114005
612,0.0
613,0.0
614,0.0
615,0.0
616,0.0
617,0.00488054890681
618,0.0
619,0.0
620,0.00822835669227
621,0.0
622,0.0
623,0.0
