site,dnds
1,0.0
2,0.0
3,0.0
4,0.0
5,0.0
6,0.0
7,0.0
8,0.0
9,0.0
10,0.0
11,0.0
12,0.0
13,0.0
14,0.0
15,0.0
16,0.0
17,0.0
18,0.0
19,0.0
20,0.0
21,0.0
22,0.0
23,0.0
24,0.0
25,0.100821408081
26,0.14810513758
27,0.455989574591
28,0.196644201565
29,0.0535396359604
30,0.0362289574457
31,0.0682199794176
32,0.00280267259302
33,0.0
34,0.0
35,0.0
36,0.0
37,0.0
38,0.0
39,0.0
40,0.0
41,0.0
42,0.0
43,0.00207315055733
44,0.00440291239848
45,0.00207143180625
46,0.00225938233249
47,0.203264279984
48,0.000812207153812
49,0.0
50,0.00850124136155
51,0.00677706554293
52,0.0402099083355
53,0.116815789749
54,0.0
55,0.00851694064328
56,0.00267626600142
57,0.169576121836
58,0.0986919023759
59,0.00106608217655
60,0.0062057599988
61,0.143456282226
62,0.0155772767661
63,0.0
64,0.00701223964025
65,0.0160448312706
66,0.0212875865797
67,0.134997957416
68,0.0055631890123
69,0.00721616082108
70,0.00169710139374
71,0.0271323831415
72,0.00367438675456
73,0.143944089257
74,0.00201715586011
75,0.0566525842879
76,0.00386427087047
77,0.00169575259395
78,0.127966744635
79,0.0232979155952
80,0.0
81,0.159104843622
82,0.00226011852745
83,0.0401881394788
84,0.0263354687844
85,0.0183514420892
86,0.00785188861804
87,0.00159434570063
88,0.263952779574
89,0.118374635661
90,0.0
91,0.00431019128996
92,0.0112017278025
93,0.0019377829523
94,0.0
95,0.00571470200142
96,0.00216720913899
97,0.0114648172228
98,0.0
99,0.217819544131
100,0.0
101,0.0373609286846
102,0.0947339141124
103,0.0
104,0.224341466992
105,0.0282680285746
106,0.0040687912029
107,0.187523437532
108,0.0949707947807
109,0.0303929331343
110,0.0298471432908
111,0.0708551647001
112,0.138196145961
113,0.17930966292
114,0.00561649634189
115,0.110961586932
116,0.0293982689137
117,0.0
118,0.0080711518834
119,0.15612324861
120,0.0
121,0.0653554415818
122,0.00633081041092
123,0.284926237318
124,0.0570507997105
125,0.0
126,0.0805063070174
127,0.148862126844
128,0.0019372444521
129,0.0260166177502
130,0.00226011852745
131,0.0
132,0.177670001459
133,0.00183656659132
134,0.00582267610236
135,0.00362920877737
136,0.024884053526
137,0.00697199128701
138,0.0
139,0.00407177443066
140,0.0881191115433
141,0.000733088885327
142,0.0367283771393
143,0.07400298968
144,0.00189173221527
145,0.082086192234
146,0.0139116387064
147,0.00632882879312
148,0.0187181894336
149,0.13047150934
150,0.00571470200142
151,0.0
152,0.149773202592
153,0.0842697862805
154,0.174775898887
155,0.254892873012
156,0.0565530666334
157,0.0
158,0.154229774812
159,0.169032110914
160,0.0406259603383
161,0.00326508804661
162,0.167513386379
163,0.00185396799343
164,0.0
165,0.000812207153812
166,0.164129387894
167,0.000932122720001
168,0.0
169,0.0227192006148
170,0.0192210732695
171,0.00132896480443
172,0.295512824149
173,0.304550453059
174,0.00433312371917
175,0.00616790995312
176,0.021899931021
177,0.0554975463398
178,0.0
179,0.00484544183923
180,0.0213988752635
181,0.0384190276749
182,0.00116373502103
183,0.0144761397077
184,0.000747776744833
185,0.0182376341311
186,0.0019372444521
187,0.00823965930112
188,0.00119593787544
189,0.0158220190398
190,0.0648783918856
191,0.0825173911959
192,0.0267674030316
193,0.109188137433
194,0.0062240458746
195,0.0
196,0.0
197,0.0607226225952
198,0.0
199,0.0653874850777
200,0.0022590653102
201,0.0065289721681
202,0.0565175211564
203,0.00484057139438
204,0.00250001460694
205,0.104733166909
206,0.00159434570063
207,0.00525515610927
208,0.0
209,0.0
210,0.0
211,0.0
212,0.0
213,0.0
214,0.0182618795689
215,0.0
216,0.0
217,0.00426763124455
218,0.0
219,0.0
220,0.0
221,0.0
222,0.0
223,0.0
224,0.00213085968795
225,0.00268501914912
226,0.0221630024763
227,0.00484563920153
228,0.00449185315524
229,0.0218706311718
230,0.00926809441971
231,0.147433799839
232,0.147175313187
233,0.186752461002
234,0.134950111553
235,0.00752003420977
236,0.0290703586334
237,0.347754007356
238,0.0437227254395
239,0.0718633257553
240,0.00384344045728
241,0.00236026051893
242,0.204713592459
243,0.0707800814586
244,0.00225958442804
245,0.00249771084746
246,0.00467170819134
247,0.0
248,0.00260009576596
249,0.00310972583599
250,0.00463704181018
251,0.165851396401
252,0.0695920568325
253,0.0
254,0.0
255,0.148461744881
256,0.0397310119615
257,0.0036776563637
258,0.132894853695
259,0.261777794362
260,0.0871969742261
261,0.000406779501057
262,0.127601631733
263,0.106843998093
264,0.00376522150911
265,0.0485465387192
266,0.238028729726
267,0.0042983907946
268,0.0135770002348
269,0.00597210816795
270,0.00534288300519
271,0.107255470666
272,0.0
273,0.0
274,0.0
275,0.00194219379941
276,0.00407449290937
277,0.00380369396335
278,0.00722192359032
279,0.0043607191872
280,0.00449642557267
281,0.006818920403
282,0.00433468009737
283,0.0044280972576
284,0.0
285,0.0
286,0.0
287,0.0
288,0.0
289,0.0
290,0.00449277209234
291,0.224253374165
292,0.000932887116257
293,0.00504773711043
294,0.024710274412
295,0.0462617127581
296,0.00106616920939
297,0.00928641508881
298,0.213232254687
299,0.0172790351237
300,0.0
301,0.0
302,0.0
303,0.00964927763521
304,0.0508705100587
305,0.00508982950304
306,0.0313417522618
307,0.00528564005189
308,0.241975608006
309,0.0712019603484
310,0.172718117337
311,0.00904816329485
312,0.0421796951026
313,0.141341863176
314,0.0873215368353
315,0.0150823551196
316,0.158758958682
317,0.023074480872
318,0.00296315584031
319,0.00476922583033
320,0.0161154151623
321,0.0
322,0.00232417332338
323,0.0
324,0.126551469785
325,0.0
326,0.0
327,0.0
328,0.0
329,0.0
330,0.0
331,0.104301917832
332,0.0660184163346
333,0.00169536894269
334,0.00185349036959
335,0.0887822228739
336,0.0
337,0.176062536146
338,0.0935764866117
339,0.00349322275205
340,0.0
341,0.00733405365343
342,0.0066266162357
343,0.00225401603802
344,0.00193697396279
345,0.0045089411609
346,0.0045182318259
347,0.0134514593204
348,0.00655056350081
349,0.00623615733001
350,0.164178038531
351,0.053481651333
352,0.00653186841136
353,0.0112732905058
354,0.0559434301561
355,0.00235705187214
356,0.00169508889559
357,0.0022590653102
358,0.187862318195
359,0.00225998549973
360,0.000901004569228
361,0.0156546775048
362,0.180862567298
363,0.00283846376321
364,0.00633055254727
365,0.38579794777
366,0.00385387397534
367,0.0065549317652
368,0.0152299575261
369,0.0720216676852
370,0.00993224132682
371,0.00524165419672
372,0.061202430699
373,0.0
374,0.0
375,0.0
376,0.0
377,0.0
378,0.0
379,0.0
380,0.0
381,0.0
382,0.0
383,0.0
384,0.0
385,0.0
386,0.0
387,0.0
388,0.0
389,0.0
390,0.0
391,0.0
392,0.0
393,0.0
394,0.0
395,0.0
396,0.0
397,0.0
398,0.0
399,0.0
400,0.0
401,0.0
402,0.0
403,0.0
404,0.0
405,0.0
406,0.0
407,0.0
408,0.0
409,0.0
410,0.0
411,0.0
412,0.0
413,0.0
414,0.0
415,0.0
416,0.0
417,0.0
418,0.0
419,0.0
420,0.0
421,0.0
422,0.0
423,0.0
424,0.0
425,0.0
426,0.0
427,0.0
428,0.0
429,0.0
430,0.0
431,0.0
432,0.0
433,0.0
434,0.0
435,0.0
436,0.0
437,0.0
438,0.0
439,0.0
440,0.0
441,0.0
442,0.0
443,0.0
444,0.0
445,0.0
446,0.0
447,0.0
448,0.0
449,0.0
450,0.0
451,0.0
452,0.0
453,0.0
454,0.0
455,0.117215784653
456,0.174430559181
457,0.0834971621352
458,0.0413828893095
459,0.0795068294031
460,0.00885791009653
461,0.00232224672314
462,0.00610258665636
463,0.0100065123576
464,0.00212374807235
465,0.00449262422866
466,0.0
467,0.0
468,0.0
469,0.0
470,0.0701921195504
471,0.00164329721939
472,0.00661644845541
473,0.0246721678251
474,0.0236256636773
475,0.0988886135752
476,0.0172975951937
477,0.00941080385577
478,0.113214747328
479,0.0
480,0.0
481,0.0
482,0.0
483,0.0
484,0.0
485,0.0
486,0.0
487,0.0591913317954
488,0.140560821998
489,0.00213103400862
490,0.00726747243558
491,0.165614325651
492,0.0467696023076
493,0.161564726676
494,0.0029608738566
495,0.0150640496419
496,0.157857949776
497,0.00205076059872
498,0.0101897329423
499,0.0526357098917
500,0.00226201255783
501,0.0
502,0.00388487529603
503,0.00112700801901
504,0.00225938233249
505,0.00534349613136
506,0.0
507,0.0097011123292
508,0.0072494184404
509,0.0
510,0.00249560073421
511,0.00610865694651
512,0.143347847379
513,0.00226011852745
514,0.0
515,0.0
516,0.0
517,0.0
518,0.0
519,0.137841306956
520,0.0114323108392
521,0.0319542587696
522,0.00437070382164
523,0.0
524,0.00256879222468
525,0.0034887791549
526,0.0258027546355
527,0.00431425854095
528,0.0121679946549
529,0.0
530,0.00136810272667
531,0.00446315343494
532,0.00921381546668
533,0.0
534,0.00388804460944
535,0.00207315055733
536,0.00226210478323
537,0.00484752794711
538,0.0707679132353
539,0.0147627857249
540,0.344205992384
541,0.417213298216
542,0.0
543,0.0695872388691
544,0.011387945179
545,0.0144284056855
546,0.0
547,0.0592905873577
548,0.00348625998506
549,0.00239354056247
550,0.00403529949781
551,0.00916767792759
552,0.0248667961522
553,0.0545797449658
554,0.0320610789466
555,0.00288832659062
556,0.149433727198
557,0.112097104408
558,0.00201879596844
559,0.00407479391836
560,0.00226201255783
561,0.000812207153812
562,0.00513266382499
563,0.0
564,0.0
565,0.0
566,0.0
567,0.0
568,0.0
569,0.0
570,0.0
571,0.0
572,0.00776400944795
573,0.0856657617552
574,0.0268590486104
575,0.00278721140523
576,0.101954362099
577,0.00551033574734
578,0.0522133413076
579,0.00608528782225
580,0.0080711518834
581,0.00373210358009
582,0.0
583,0.0
584,0.0
585,0.0
586,0.0
587,0.0
588,0.0
589,0.0
590,0.0
591,0.0
592,0.0
593,0.0
594,0.0
595,0.0
596,0.0
597,0.0
598,0.0
599,0.0
600,0.0
601,0.0
602,0.0
603,0.0
604,0.0
605,0.0
606,0.0
607,0.0
608,0.0
609,0.0
610,0.0
611,0.0
612,0.0
613,0.0
614,0.0
615,0.0
616,0.0
617,0.0
618,0.0
619,0.0
620,0.0
621,0.0
622,0.0
623,0.0
624,0.0
625,0.0
626,0.0
627,0.0
628,0.0
629,0.0
630,0.0
631,0.0
632,0.0
633,0.0
634,0.0
635,0.0
636,0.0
637,0.0
638,0.0
639,0.0
640,0.0
641,0.0
642,0.0
643,0.0
644,0.0
645,0.0
646,0.0
647,0.0
648,0.0
649,0.0
650,0.0
651,0.0
652,0.0
653,0.0
654,0.0
655,0.0
656,0.0
657,0.0
658,0.0
659,0.0
660,0.0
661,0.0
662,0.0
663,0.0
664,0.0
665,0.0
666,0.0
667,0.0
668,0.0
669,0.0
670,0.0
671,0.0
672,0.0
673,0.0
674,0.0
675,0.0
676,0.0
677,0.0
678,0.0
679,0.0
680,0.0
681,0.0
682,0.0
683,0.0
684,0.0
685,0.0
686,0.0
687,0.0
688,0.0
689,0.0
690,0.0
691,0.0
692,0.0
693,0.0
694,0.0
695,0.0
696,0.0
697,0.0
698,0.0
699,0.0
700,0.0
701,0.0
702,0.0
703,0.0
704,0.0
705,0.0
706,0.0
707,0.0
708,0.0990210257943
709,0.0
710,0.00232224672314
711,0.0
712,0.00222805870497
713,0.0
714,0.0
715,0.00601697903004
716,0.0127433119125
717,0.014343007434
718,0.144983662328
719,0.0071785717643
720,0.00226011852745
721,0.0182850218293
722,0.128651659923
723,0.0
724,0.0
725,0.0
726,0.0
727,0.0
728,0.0
729,0.14054884018
730,0.00201715586011
731,0.016869832182
732,0.0963013703563
733,0.17067382317
734,0.0253188578661
735,0.0145415383465
736,0.0
737,0.0
738,0.0
739,0.0
740,0.0
741,0.0
742,0.00810855747464
743,0.00248435700862
744,0.0364164823049
745,0.0
746,0.0
747,0.0
748,0.0
749,0.0
750,0.0
751,0.0
752,0.142281132677
753,0.00232224672314
754,0.267759646862
755,0.095231620154
756,0.0986964279275
757,0.260620162913
758,0.0353544302109
759,0.00623350971516
760,0.133520351936
761,0.0
762,0.0
763,0.0
764,0.0
765,0.0
766,0.0
767,0.0
768,0.0
769,0.0
770,0.0
771,0.0
772,0.0
773,0.0
774,0.0
775,0.168729660309
776,0.0719960092361
777,0.0173147476202
778,0.0
779,0.0824460831098
780,0.0999872419135
781,0.204588785867
782,0.176433965133
783,0.0
784,0.0104774965875
785,0.0664200195221
786,0.0574346155535
787,0.0143064809177
788,0.00702882599195
789,0.0770357122052
790,0.0731293163663
791,0.00425021229275
792,0.00232224672314
793,0.0
794,0.0209861984944
795,0.00159434570063
796,0.235992145611
797,0.00796543838372
798,0.0034947224916
799,0.115409430107
800,0.00201715586011
801,0.0203385282978
802,0.00169550324144
803,0.00212345001338
804,0.0486690723105
805,0.0961661001991
806,0.0
807,0.0
808,0.0576841283701
809,0.00964158695305
810,0.0
811,0.128011818833
812,0.0
813,0.0187531068631
814,0.00203704887253
815,0.0773190035766
816,0.00193886790671
817,0.083799104044
818,0.0454108348524
819,0.00112794305071
820,0.0
821,0.0309657431684
822,0.202831953514
823,0.0339795947105
824,0.0
825,0.0
826,0.00193886790671
827,0.0
828,0.0
829,0.10017154519
830,0.00159451888142
831,0.0
832,0.000821763914432
833,0.0
834,0.180505661772
835,0.000812207153812
836,0.0576671957937
837,0.00365015991031
838,0.0
839,0.0
840,0.00558011143361
841,0.188299421557
842,0.014238174343
843,0.0
844,0.0
845,0.156088808648
846,0.0
847,0.161145176229
848,0.118707046542
849,0.100216039364
850,0.0
851,0.0115722083793
852,0.0735948017131
853,0.00225915729543
854,0.00412219655454
855,0.210193371793
856,0.00106517616738
857,0.0
858,0.103483840709
859,0.00225938233249
860,0.00367017209706
861,0.00196314816382
862,0.00709778410533
863,0.0
864,0.00159434570063
865,0.00995979095794
866,0.0877773484256
867,0.00491516648666
868,0.000747776744833
869,0.0233352143944
870,0.0344696104519
871,0.0
872,0.00442575987718
873,0.00793740643973
874,0.103840144984
875,0.215591051842
876,0.167943486029
877,0.00429456614045
878,0.201305884826
879,0.171899107459
880,0.0062385767475
881,0.0
882,0.00430401543107
883,0.0055614631308
884,0.0901307113011
885,0.0
886,0.0
887,0.060495927147
888,0.119148924528
889,0.00150704181553
890,0.0482957033091
891,0.0820494931649
892,0.00378200729551
893,0.0050309813787
894,0.00363408137942
895,0.0201258943475
896,0.0720651822523
897,0.000654530141754
898,0.00775620922165
899,0.210015769077
900,0.0110809019006
901,0.157884618896
902,0.0162936663591
903,0.00249561750707
904,0.0357412884698
905,0.0074179372391
906,0.0848058156976
907,0.225810156546
908,0.0833266387986
909,0.226995284209
910,0.0458626790428
911,0.0
912,0.00864525768153
913,0.00953939052787
914,0.00348625998506
915,0.302637289594
916,0.176821347618
917,0.0
918,0.00226210478323
919,0.00596562884542
920,0.0540233466431
921,0.12364269558
