site,dnds
1,0.0
2,0.0
3,0.0
4,0.0
5,0.0
6,0.0175511698038
7,0.0346020946138
8,0.0428509430619
9,0.111682956765
10,0.0
11,0.0671927313495
12,0.0590767469017
13,0.0358809117693
14,0.0
15,0.0639129812641
16,0.0
17,0.0261382729097
18,0.0296589382404
19,0.0296589382404
20,0.0
21,0.0
22,0.0296589382404
23,0.0670147564082
24,0.0259515709604
25,0.0
26,0.0
27,0.0577450952563
28,0.0259515709604
29,0.0285335467115
30,0.0352167275764
31,0.0
32,0.0
33,0.0181400802615
34,0.0202293842811
35,0.0
36,0.0
37,0.0
38,0.0175511698038
39,0.074265479295
40,0.0571535286828
41,0.0
42,0.0
43,0.0
44,0.125158362
45,0.11302978523
46,0.0261382729097
47,0.0
48,0.0432495991444
49,0.0296589382404
50,0.0
51,0.0285335467115
52,0.0458306580414
53,0.0
54,0.0381645882193
55,0.0
56,0.0307432756832
57,0.0
58,0.0296589382404
59,0.0127791097765
60,0.0
61,0.0302776204954
62,0.0
63,0.0
64,0.0254430588129
65,0.0181400802615
66,0.0
67,0.0
68,0.0319513688094
69,0.0
70,0.0
71,0.0
72,0.0127791097765
73,0.0432495991444
74,0.0
75,0.0
76,0.0
77,0.0140229403724
78,0.0
79,0.0
80,0.0
81,0.0
82,0.0
83,0.113516905496
84,0.0
85,0.0491573836361
86,0.0
87,0.0
88,0.0239758624985
89,0.0
90,0.0
91,0.0511331315676
92,0.0
93,0.0
94,0.0
95,0.0
96,0.0
97,0.0590767469017
98,0.0
99,0.0153441884883
100,0.0
101,0.0
102,0.205005069914
103,0.0422888197375
104,0.0346020946138
105,0.0239758624985
106,0.0
107,0.0
108,0.0
109,0.0
110,0.0175511698038
111,0.0721103406561
112,0.0
113,0.173425608157
114,0.0296589382404
115,0.0
116,0.0127791097765
117,0.0
118,0.292306429717
119,0.0398765890807
120,0.0
121,0.0
122,0.0
123,0.0
124,0.0
125,0.0507563873077
126,0.187023390506
127,0.116787178016
128,0.0
129,0.0
130,0.0296589382404
131,0.0
132,0.0
133,0.0
134,0.0590767469017
135,0.0
136,0.0
137,0.0
138,0.0
139,0.0239758624985
140,0.0
141,0.0
142,0.0365453807321
143,0.0516384309635
144,0.0
145,0.0285335467115
146,0.0261382729097
147,0.0
148,0.140946102127
149,0.0258075601277
150,0.0
151,0.0
152,0.164527853072
153,0.0
154,0.0
155,0.0
156,0.034431324526
157,0.0
158,0.0
159,0.0
160,0.0
161,0.0
162,0.0
163,0.0
164,0.0239758624985
165,0.0783900796742
166,0.00791008877766
167,0.0540314459882
168,0.0319513688094
169,0.0
170,0.0
171,0.0
172,0.0
173,0.0
174,0.0
175,0.0
176,0.0
177,0.0
178,0.0
179,0.0
180,0.0
181,0.132992598618
182,0.0159418424294
183,0.0413785454029
184,0.0
185,0.0985629224495
186,0.0
187,0.0292091651396
188,0.0
189,0.0590767469017
190,0.0226688903578
191,0.0148902208216
192,0.0
193,0.0
194,0.0
195,0.0
196,0.0
197,0.0151563794666
198,0.075616708845
199,0.0
200,0.0
201,0.100306791043
202,0.189948606805
203,0.0
204,0.0
205,0.0
206,0.0
207,0.0
208,0.0848976258847
209,0.0
210,0.0
211,0.0267610611641
212,0.034275659759
213,0.0234496122224
214,0.0
215,0.0
216,0.0
217,0.0
218,0.0
219,0.0
220,0.0
221,0.0
222,0.0520891746875
223,0.0239758624985
224,0.0
225,0.0
226,0.0546233449171
227,0.0
228,0.0266713684169
229,0.0
230,0.0
231,0.0
232,0.0346020946138
233,0.0
234,0.063442688578
235,0.0
236,0.0
237,0.0
238,0.0
239,0.0
240,0.0
241,0.0
242,0.0346020946138
243,0.0
244,0.0203742247414
245,0.0101549238681
246,0.0
247,0.0
248,0.0295851516271
249,0.0319513688094
250,0.0
251,0.0858769018983
252,0.0296589382404
253,0.0
254,0.0
255,0.00730112525014
256,0.0381645882193
257,0.0319513688094
258,0.0175511698038
259,0.0521391814944
260,0.0
261,0.095422427745
262,0.0778358454889
263,0.0
264,0.0507503120739
265,0.0865043825852
266,0.0296589382404
267,0.0259515709604
268,0.0561209531932
269,0.0
270,0.0296589382404
271,0.0
272,0.0
273,0.0788895545635
274,0.0842034187841
275,0.0
276,0.0
277,0.0520891746875
278,0.120062315993
279,0.0114378119407
280,0.128385221171
281,0.0486402295838
282,0.0141550085232
283,0.0507503120739
284,0.10066261846
285,0.0296589382404
286,0.0
287,0.0139935269933
288,0.0407480625907
289,0.0175511698038
290,0.0
291,0.0127878566005
292,0.0175511698038
293,0.0
294,0.0
295,0.00731051265716
296,0.00197414607128
297,0.00664558820839
298,0.0244657728663
299,0.0
300,0.0819289727268
301,0.0439004870152
302,0.0
303,0.0
304,0.0132577261004
305,0.0
306,0.0
307,0.0
308,0.0
309,0.0
310,0.246802068094
311,0.0
312,0.0
313,0.0
314,0.132795758243
315,0.0
316,0.0
317,0.0203046553381
318,0.0
319,0.0
320,0.0
321,0.0
322,0.0204089853794
323,0.051646986789
324,0.0
325,0.176364735733
326,0.0
327,0.0
328,0.0
329,0.0638170462418
330,0.0945570298862
331,0.0
332,0.0
333,0.0
334,0.0
335,0.0
336,0.0
337,0.0
338,0.0
339,0.0175362154152
340,0.0402559615731
341,0.0
342,0.0266713684169
343,0.0
344,0.0
345,0.0
346,0.0
347,0.0
348,0.0296589382404
349,0.0
350,0.0
351,0.0
352,0.0413785454029
353,0.0553998636403
354,0.0
355,0.0
356,0.0380834328039
357,0.0259308356078
358,0.0
359,0.0
360,0.0
361,0.0127791097765
362,0.0169187957692
363,0.0
364,0.0
365,0.0
366,0.0
367,0.0
368,0.0
369,0.0259515709604
370,0.0267913400944
371,0.0
372,0.0
373,0.0567080640255
374,0.0
375,0.0
376,0.0
377,0.0
378,0.0
379,0.0
380,0.0
381,0.0
382,0.0
383,0.0
384,0.0
385,0.0254430588129
386,0.0
387,0.0
388,0.0646807679422
389,0.0
390,0.0
391,0.0114378119407
392,0.0
393,0.0319513688094
394,0.0255058819021
395,0.0
396,0.0
397,0.0346020946138
398,0.0324489028108
399,0.0
400,0.0
401,0.0346020946138
402,0.0535816939107
403,0.0
404,0.0
405,0.0
406,0.0
407,0.0
408,0.0458794963014
409,0.0
410,0.0
411,0.0
412,0.0
413,0.0
414,0.0
415,0.0302776204954
416,0.0239758624985
417,0.0203046553381
418,0.0
419,0.0
420,0.0557307277596
421,0.0
422,0.100495842848
423,0.0381645882193
424,0.0
425,0.070005578359
426,0.0
427,0.0
428,0.0
429,0.0
430,0.0204589179844
431,0.0596659733358
432,0.0319513688094
433,0.0
434,0.0
435,0.0129893285639
436,0.0
437,0.0
438,0.0
439,0.0399782092733
440,0.0
441,0.0175362154152
442,0.0515856483249
443,0.0
444,0.0261382729097
445,0.0531482338616
446,0.0
447,0.0787351442972
448,0.0153447576393
449,0.0170656234959
450,0.0
451,0.0
452,0.0
453,0.0
454,0.0
455,0.0
456,0.0
457,0.0
458,0.0
459,0.0
460,0.0
461,0.0
462,0.0251602214911
463,0.0
464,0.0
465,0.0
466,0.0127791097765
467,0.0
468,0.0
469,0.0
470,0.0
471,0.0
472,0.0
473,0.0
474,0.0
475,0.0319513688094
476,0.0
477,0.0
478,0.0
479,0.0
480,0.0
481,0.0247015534328
482,0.0261110868867
483,0.0
484,0.0
485,0.0
