site,dnds
1,0.0
2,0.0
3,0.0
4,0.0
5,0.0
6,0.0
7,0.0
8,0.0
9,0.0
10,0.0216981048517
11,0.0182703470933
12,0.0
13,0.0
14,0.0
15,0.0
16,0.0
17,0.00242236135855
18,0.0
19,0.00322008380569
20,0.0
21,0.0
22,0.0
23,0.0170187883969
24,0.0
25,0.0147810969898
26,0.0
27,0.00373794079773
28,0.0195276006516
29,0.0
30,0.00387085518105
31,0.0
32,0.0
33,0.0
34,0.00242102297092
35,0.0
36,0.0
37,0.0
38,0.0757461254836
39,0.0
40,0.023995096351
41,0.0643005898873
42,0.0
43,0.0
44,0.0
45,0.00659964908461
46,0.0
47,0.0
48,0.0
49,0.0
50,0.0
51,0.0
52,0.0
53,0.0
54,0.00316755066057
55,0.00923337897755
56,0.00666336298783
57,0.033523646454
58,0.00544718525601
59,0.0209570073374
60,0.00746499671621
61,0.0
62,0.0
63,0.0
64,0.00162155947601
65,0.0
66,0.0
67,0.0
68,0.0347060368917
69,0.0
70,0.0146748803813
71,0.0
72,0.00215629448295
73,0.0
74,0.0
75,0.00248584193933
76,0.0
77,0.0
78,0.0
79,0.0
80,0.00746499671621
81,0.0
82,0.0
83,0.0
84,0.0061851106044
85,0.0
86,0.0
87,0.0
88,0.0
89,0.0
90,0.0
91,0.0192845201832
92,0.0425550035865
93,0.0
94,0.0
95,0.0
96,0.0
97,0.0041496971122
98,0.0
99,0.0
100,0.0
101,0.0
102,0.0
103,0.00162155947601
104,0.0
105,0.0228484939691
106,0.0101505310117
107,0.0144163002606
108,0.0340883202433
109,0.0197999631429
110,0.0
111,0.0
112,0.0814810991331
113,0.0
114,0.00580875741053
115,0.0
116,0.0632988783866
117,0.0
118,0.0
119,0.0
120,0.0
121,0.0184500055288
122,0.0
123,0.0264405967059
124,0.0
125,0.0
126,0.0152432488757
127,0.0
128,0.0
129,0.00146527527658
130,0.0
131,0.0
132,0.000702014430092
133,0.000891563065801
134,0.0477448134467
135,0.0
136,0.00170891009767
137,0.018298332714
138,0.00455874635395
139,0.00252616849026
140,0.0
141,0.0
142,0.0
143,0.15200610243
144,0.0
145,0.0
146,0.0
147,0.0
148,0.0
149,0.0
150,0.0
151,0.0
152,0.0
153,0.0554183668159
154,0.00231974392434
155,0.0
156,0.0
157,0.0
158,0.0
159,0.0
160,0.0
161,0.0
162,0.0
163,0.0
164,0.00231974392434
165,0.0
166,0.00663282983265
167,0.0
168,0.0
169,0.0
170,0.0
171,0.0
172,0.0
173,0.0
174,0.0
175,0.0
176,0.0
177,0.0
178,0.0
179,0.0
180,0.0
181,0.0
182,0.0
183,0.0
184,0.0
185,0.0
186,0.00242102297092
187,0.0
188,0.00435589939037
189,0.00170891009767
190,0.00231974392434
191,0.0
192,0.0
193,0.00879004071627
194,0.0
195,0.0
196,0.0231585556577
197,0.0210606083623
198,0.0802988932448
199,0.0
200,0.0
201,0.0152474623567
202,0.00361938555386
203,0.00187202470553
204,0.00162155947601
205,0.000802269316287
206,0.0
207,0.0
208,0.00705234920701
209,0.000702665505068
210,0.00458563254781
211,0.0
212,0.0
213,0.0
214,0.0
215,0.0
216,0.0
217,0.0
218,0.00586896098812
219,0.0
220,0.0
221,0.0153387027716
222,0.0
223,0.0
224,0.0196968169611
225,0.0
226,0.0
227,0.00746499671621
228,0.0
229,0.00187202470553
230,0.0
231,0.0
232,0.00162155947601
233,0.0
234,0.0
235,0.0
236,0.0
237,0.0
238,0.0
239,0.0
240,0.00242102297092
241,0.0
242,0.0
243,0.0560702747115
244,0.00610880900888
245,0.0
246,0.00566776846199
247,0.0
248,0.0
249,0.0
250,0.0
251,0.0
252,0.0
253,0.0
254,0.00309805973218
255,0.0
256,0.0
257,0.0
258,0.00242102297092
259,0.0
260,0.0337116607373
261,0.0
262,0.00181576722819
263,0.0
264,0.0694890376611
265,0.0
266,0.00443045721072
267,0.0
268,0.0
269,0.0
270,0.00242102297092
271,0.0
272,0.00495267207718
273,0.00196002343256
274,0.0
275,0.0
276,0.00332606889883
277,0.00231974392434
278,0.00217755131782
279,0.0
280,0.0
281,0.0
282,0.0
283,0.0
284,0.0
285,0.0
286,0.0
287,0.00950267962674
288,0.0
289,0.0
290,0.0231620663099
291,0.00701600579615
292,0.00415378207237
293,0.00455874635395
294,0.00198132969119
295,0.0
296,0.0197937994492
297,0.0282723163643
298,0.0
299,0.00321727363758
300,0.0231515124134
301,0.0
302,0.0
303,0.0
304,0.0
305,0.00196002343256
306,0.0
307,0.0
308,0.108849585708
309,0.00363201539062
310,0.0
311,0.0
312,0.0149838262051
313,0.0
314,0.0
315,0.0
316,0.0732068782703
317,0.0
318,0.0041496971122
319,0.00580620431893
320,0.0264362954937
321,0.0
322,0.0
323,0.0
324,0.0
325,0.00170891009767
326,0.00363201539062
327,0.0
328,0.0
329,0.0
330,0.0160379123638
331,0.00181624822613
332,0.0
333,0.0
334,0.0
335,0.0
336,0.00580620431893
337,0.0
338,0.0
339,0.0
340,0.0
341,0.0479086524846
342,0.00829320273273
343,0.00242102297092
344,0.0
345,0.00326865582235
346,0.00114219769742
347,0.0
348,0.00563105734134
349,0.00215629448295
350,0.0265194803302
351,0.016948719263
352,0.0034961369991
353,0.0
354,0.0
355,0.0186100404661
356,0.0
357,0.0211855238424
358,0.0676564049872
359,0.0
360,0.155157298557
361,0.0
362,0.0
363,0.0
364,0.0173453443821
365,0.0
366,0.00198132969119
367,0.00242102297092
368,0.0
369,0.0
370,0.00879004071627
371,0.0
372,0.00162155947601
373,0.0
374,0.0
375,0.00363201539062
376,0.0
377,0.0
378,0.00684148045011
379,0.0859403210685
380,0.178109976611
381,0.169796134738
382,0.13598345442
383,0.0
384,0.0183973345861
385,0.0
386,0.0
387,0.0
388,0.0
389,0.0
390,0.0
391,0.0196379509184
392,0.0
393,0.0
394,0.0
395,0.0
396,0.0
397,0.0
398,0.0025290589139
399,0.0
400,0.0
401,0.0
402,0.00202592385567
403,0.00217948888225
404,0.00433829723377
405,0.00622922792031
406,0.0
407,0.0328306991051
408,0.00171047333385
409,0.0
410,0.00999949602028
411,0.00227410951674
412,0.0
413,0.0045560795088
414,0.0
415,0.123109456781
416,0.0
417,0.0
418,0.0
419,0.0
420,0.0
421,0.0
422,0.0
423,0.0
424,0.00181741321439
425,0.0031703693327
426,0.0
427,0.0
428,0.0447243851289
429,0.0220845120255
430,0.225263948893
431,0.0
432,0.0226513105753
433,0.000679066708717
434,0.00242321761919
435,0.00242321761919
436,0.0
437,0.216324764684
438,0.0
439,0.00849708233937
440,0.137217376906
441,0.0
442,0.0
443,0.0
444,0.0
445,0.0
446,0.0
447,0.0
448,0.0
449,0.0568838742383
450,0.0
451,0.0110570511861
452,0.0
453,0.0373306785085
454,0.00920193637761
455,0.0
456,0.0
457,0.0346992902567
458,0.0102187412761
459,0.0376532739648
460,0.0
461,0.00114324895878
462,0.149535957914
463,0.0279073026138
464,0.0
465,0.0
466,0.00524452558028
467,0.0
468,0.0
469,0.0
470,0.0
471,0.0
472,0.0
473,0.0573098188053
474,0.0
475,0.00363201539062
476,0.00321727363758
477,0.0602967567936
478,0.00852798109115
479,0.0922784558951
480,0.0161386537183
481,0.00170906096373
482,0.00162155947601
483,0.0
484,0.0
485,0.0
486,0.0
487,0.0
488,0.0
489,0.0119859457656
490,0.0
491,0.00446240819024
492,0.0
493,0.0
494,0.0
495,0.0
496,0.0
497,0.0
498,0.0
499,0.0
500,0.0
501,0.00690344245241
502,0.00126901812138
503,0.0
504,0.0
505,0.0108339335792
506,0.0
