site,dnds
1,0.411641570225
2,0.251633122607
3,0.287000277089
4,0.171463477266
5,0.0
6,0.0
7,0.489163313832
8,0.162257018555
9,0.345030751882
10,0.533258245134
11,0.0106492412913
12,0.29946437672
13,0.383893031588
14,0.316121101387
15,0.612843062158
16,0.20261706422
17,0.355664873862
18,0.239794994748
19,0.265293018056
20,0.41822041613
21,0.471878105315
22,0.0
23,0.730492950782
24,0.681957684107
25,0.570427638147
26,0.260408885514
27,0.174967079374
28,0.144623900674
29,0.68666234351
30,0.727259489385
31,0.47652165354
32,0.529466468664
33,0.287616564122
34,0.395444123503
35,0.05
36,0.274460692185
37,0.047014883345
38,0.0901033573574
39,0.20806581756
40,0.24243854732
41,0.599540594427
42,0.690197783578
43,0.310568014559
44,0.194752477116
45,0.508344508353
46,0.661425023191
47,0.758986308428
48,0.800255643466
49,0.461052669134
50,0.711746105036
51,0.593245925364
52,0.42986779726
53,0.586197718965
54,0.455252830851
55,0.617051069574
56,0.194081311551
57,0.0
58,0.15448001967
59,0.466976984735
60,0.459055393042
61,0.222881909846
62,0.0
63,0.194934300287
64,0.265143817902
65,0.677070502738
66,0.334429526842
67,0.452301042526
68,0.68771479003
69,0.608427943682
70,0.695564425543
71,0.688434586992
72,0.75329422271
73,0.610634502077
74,0.704555852056
75,0.115524530093
76,0.0
77,0.668032412659
78,0.545508436695
79,0.199955395779
80,0.0
81,0.545998455105
82,0.170212765957
83,0.0539352524504
84,0.25034182414
85,0.276862072751
86,0.363012709763
87,0.197785116741
88,0.11640022624
89,0.456526148089
90,0.120833409843
91,0.0
92,0.0
93,0.0
94,0.0
95,0.0
96,0.738138411355
97,0.770872894639
98,0.0
99,0.0
100,0.0
101,0.0
102,0.0
103,0.606321324939
104,0.505679356048
105,0.343271974362
106,0.549391653715
107,0.390032285491
108,0.120802087204
109,0.187383255975
110,0.55766623642
111,0.407659784752
112,0.312573316122
113,0.197023948436
114,0.035556029301
115,0.0453947710371
116,0.377079852891
117,0.465343179843
118,0.196006975552
119,0.190136532833
120,0.0597820408593
121,0.387019393983
122,0.647582116766
123,0.187225359437
124,0.0653672127518
125,0.543488294127
126,0.601384506881
127,0.469774811989
128,0.182115266613
129,0.0
130,0.0
131,0.0
132,0.602849184273
133,0.73091554326
134,0.494758488545
135,0.0
136,0.198922821986
137,0.183624382245
138,0.486770909066
139,0.180645575499
140,0.241215451459
141,0.324710354218
142,0.646381621316
143,0.741492708606
144,0.695850747348
145,0.748244126936
146,0.749337470546
147,0.789320298471
148,0.689412206666
149,0.0
150,0.688135495739
151,0.662217658715
152,0.693774711782
153,0.550504993521
154,0.738525156887
155,0.529826439677
156,0.332100290008
157,0.333737243182
158,0.589602473005
159,0.81353259159
160,0.725005842674
161,0.792189777809
162,0.167619312046
163,0.176614522406
164,0.406118758252
165,0.613655286436
166,0.457610363746
167,0.184556510115
168,0.208044988081
169,0.669022476569
170,0.0607902988738
171,0.0940707406355
172,0.247683088615
173,0.252600920378
174,0.0127593985825
175,0.240020613153
176,0.414777598279
177,0.0450847343165
178,0.268636963861
179,0.681824635529
180,0.355983817426
181,0.247073088597
182,0.311313927134
183,0.180602365926
184,0.0
185,0.0
186,0.0
187,0.0
188,0.0
189,0.0
190,0.0
191,0.0
192,0.0
193,0.0
194,0.0
195,0.0
196,0.0
197,0.0
198,0.0
199,0.24305341928
200,0.0
201,0.0
202,0.0
203,0.0
204,0.0
205,0.0
206,0.350184385514
207,0.069314718056
208,0.345189329167
209,0.0799928556545
210,0.527426738877
211,0.568303914541
212,0.0
213,0.101711679691
214,0.29518751423
215,0.215592669381
216,0.35309723578
217,0.631362297077
218,0.0
219,0.227299094207
220,0.615279743939
221,0.0
222,0.095271125942
223,0.638731523289
224,0.0
225,0.101548790157
226,0.37667883981
227,0.14339789349
228,0.0
229,0.0568247735518
230,0.22046229981
231,0.530752111857
232,0.0
233,0.606050846716
234,0.359407259288
235,0.0
236,0.0
237,0.0
238,0.0
239,0.0
240,0.0
241,0.0
242,0.0
243,0.0
244,0.0
245,0.0
246,0.0
247,0.0
248,0.0
249,0.0
250,0.0
251,0.0
252,0.0
253,0.0
254,0.0
255,0.0
256,0.0
257,0.388497091352
258,0.797573696413
259,0.57698791617
260,0.188121689595
261,0.0
262,0.0
263,0.0
264,0.0
265,0.568112317543
266,0.0
267,0.0
268,0.0
269,0.0
270,0.255561774899
271,0.118421911764
272,0.0
273,0.463541017054
274,0.205288893267
275,0.388836658439
276,0.11715262421
277,0.307558393582
278,0.0814365075502
279,0.112050121563
280,0.0592154227393
281,0.0598768688328
282,0.294985769314
283,0.360929583697
284,0.424818215266
285,0.0
286,0.0
287,0.0
288,0.0
289,0.56515790026
290,0.532297842582
291,0.405676832469
292,0.294496455006
293,0.111026582614
294,0.527143730886
295,0.337304755912
296,0.305104778651
297,0.202692207231
298,0.347533819606
299,0.367660854777
300,0.0169218510993
301,0.551408962994
302,0.660337879641
303,0.0491453840948
304,0.32924375461
305,0.408301993805
306,0.750076817771
307,0.423401135517
308,0.0426204273325
309,0.472378379039
310,0.431897475205
311,0.54316279266
312,0.524280329544
313,0.642062246951
314,0.32349316234
315,0.377522016192
316,0.389156352898
317,0.632883365655
318,0.559760566599
319,0.44759855604
320,0.553955991928
321,0.53595980932
322,0.659754666454
323,0.518368302684
324,0.591517154058
325,0.570640804007
326,0.286212289967
327,0.0637070033503
328,0.246707046226
329,0.0821948778434
330,0.157472192714
331,0.154032706791
332,0.530619468522
333,0.665519833307
334,0.489616416855
335,0.505693645123
336,0.390727317931
337,0.412250427141
338,0.422787050149
339,0.214481027157
340,0.177521563114
341,0.0
342,0.0
343,0.0
344,0.0
345,0.0
346,0.143012874862
347,0.0
348,0.0
349,0.102564102564
350,0.359944565285
351,0.550537226961
352,0.116590631165
353,0.297271038793
354,0.189805821608
355,0.158012347422
356,0.0
357,0.0636347441368
358,0.0544766424133
359,0.0
360,0.190476190476
361,0.540677883636
362,0.382284421033
363,0.668776600871
364,0.584513848183
365,0.15392247096
366,0.0990210257943
367,0.0
368,0.0
369,0.220440522066
370,0.0
371,0.377681216967
372,0.523579968997
373,0.662208120736
374,0.51292128319
375,0.221373886628
376,0.795119058419
377,0.442937365336
378,0.307914048612
379,0.0827801196037
380,0.485832080641
381,0.108108108108
382,0.596455506563
383,0.18265758136
384,0.51993580342
385,0.326492125718
386,0.335664482018
387,0.0
388,0.486808293746
389,0.522651260205
390,0.0
391,0.530976334898
392,0.196853043737
393,0.4810052548
394,0.270564301066
395,0.274707367916
396,0.237240540917
397,0.548635627046
398,0.220506573414
399,0.279191615178
400,0.0
401,0.420056161632
402,0.0
403,0.556062135835
404,0.0
405,0.107046436683
406,0.44262024938
407,0.60775089255
408,0.554598312604
409,0.0
410,0.0
411,0.0
412,0.433988108828
413,0.385608295483
414,0.386917853545
415,0.0549924390613
416,0.253856415511
417,0.239553132516
418,0.295962631014
419,0.271658308331
420,0.514781176453
421,0.655946803478
422,0.656029190387
423,0.630293291245
424,0.410340161533
425,0.355804594701
426,0.0
427,0.303374429035
428,0.51815384635
429,0.632435588995
430,0.273623201246
431,0.268414078495
432,0.30512589563
433,0.280128832381
434,0.0752783997864
435,0.0754536776824
436,0.207304778904
437,0.262438912881
438,0.0821198710026
439,0.0520188428091
440,0.534499955176
441,0.498339435559
442,0.141977891508
443,0.376623523574
444,0.500896905788
445,0.294809938346
446,0.286456915426
447,0.445354865383
448,0.186564450501
449,0.214034689702
450,0.455024219597
451,0.64380865647
452,0.546346827914
453,0.394659874105
454,0.403600395662
455,0.0128841415467
456,0.0
457,0.0
458,0.0
459,0.0
460,0.0
461,0.0
462,0.0
463,0.0
464,0.0
465,0.00991324382656
466,0.375189987074
467,0.454800283068
468,0.36364647574
469,0.423278584141
470,0.460217962226
471,0.55196856995
472,0.602613996412
473,0.615360432536
474,0.42307216761
475,0.345223972637
476,0.430519072339
477,0.140205026881
478,0.0
479,0.36087074339
480,0.0156349920779
481,0.164927925589
482,0.079747723404
483,0.538400935886
484,0.22930688617
485,0.0491931539569
486,0.56901681774
487,0.188616827301
488,0.271819407914
489,0.11087467051
490,0.528035930066
491,0.0
492,0.535222667001
493,0.26550025204
494,0.0
495,0.567777934698
496,0.541012967784
497,0.0
498,0.299541234598
499,0.185579269804
500,0.140852666873
501,0.385782182044
502,0.276435683359
503,0.436158400742
504,0.71312009071
505,0.0
506,0.0
507,0.44508936875
508,0.0323234427817
509,0.599405275852
510,0.465119934148
511,0.620881211348
512,0.356893567823
513,0.101253269274
514,0.535215990932
515,0.50470568098
516,0.535837641248
517,0.0
518,0.0
519,0.0
520,0.0
521,0.0
522,0.0
523,0.445885601755
524,0.506583887391
525,0.349780505805
526,0.462866914451
527,0.504707737102
528,0.0172826658901
529,0.0
530,0.321833405887
531,0.174412042442
532,0.0168065279532
533,0.397264437779
534,0.127699129102
535,0.142495242957
536,0.202070647568
537,0.587323646421
538,0.335087135119
539,0.0427312509588
540,0.231855659053
541,0.483289682685
542,0.537953455096
543,0.209935031058
544,0.184012667694
545,0.494028051933
546,0.215424528028
547,0.333832688981
548,0.491116870527
549,0.0
550,0.0
551,0.0
552,0.0
553,0.0
554,0.0
555,0.0
556,0.0
557,0.0
558,0.199955395779
559,0.0990210257943
560,0.121695839265
561,0.0445646620765
562,0.186485063751
563,0.538394684325
564,0.478074918615
565,0.0374674151654
566,0.552239509642
567,0.527602565658
568,0.404732564872
569,0.677456259724
570,0.115827640045
571,0.0244899954777
572,0.0
573,0.289520657663
574,0.465417583069
575,0.123269644849
576,0.1272563916
577,0.162963924719
578,0.669567838061
579,0.475293044842
580,0.183291231865
581,0.586004436676
582,0.531897647816
583,0.45839210108
584,0.452037989267
585,0.385976756127
586,0.0
587,0.597411367375
588,0.388382251081
589,0.50694240126
590,0.0
591,0.0
592,0.0
593,0.0
594,0.0
595,0.0
596,0.0
597,0.0
598,0.0
599,0.0
600,0.0
601,0.279704378553
602,0.462927951405
603,0.375165709892
604,0.57828651396
605,0.5161439324
606,0.504207331181
607,0.645201446548
608,0.403800767869
609,0.556003263821
610,0.0
611,0.0
612,0.168439992006
613,0.150931556345
614,0.507274026302
615,0.479196053195
616,0.49799235798
617,0.388606525309
618,0.414459862646
619,0.617554988495
620,0.526804579608
621,0.0
622,0.691056135239
623,0.283726979988
624,0.410638382107
625,0.291074704191
626,0.465712006326
627,0.0
628,0.0
629,0.0775491027295
630,0.532245560232
631,0.242845174495
632,0.445263595071
633,0.571562154561
634,0.441389471719
635,0.43999772211
636,0.512355728042
637,0.0
638,0.427374460656
639,0.166394210175
640,0.488852426504
641,0.0
642,0.0
643,0.0
644,0.0
645,0.0
646,0.0
647,0.0
648,0.0
649,0.0
650,0.0
651,0.598565172674
652,0.0218317658441
653,0.181487496897
654,0.30062082645
655,0.012757662979
656,0.559344562012
657,0.571245531409
658,0.102994902063
659,0.561109101189
660,0.0
661,0.0
662,0.36160181251
663,0.0
664,0.281031291932
665,0.441642635952
666,0.0564168192054
667,0.149956038565
668,0.4366961408
669,0.510376108359
670,0.386160814174
671,0.12478517937
672,0.127684138389
673,0.409044399991
674,0.665571443814
675,0.185959896536
676,0.28043903652
677,0.535403217302
678,0.504852812275
679,0.208349538212
680,0.469970364621
681,0.0
682,0.369975838756
683,0.439745391097
684,0.803048533696
685,0.600275369456
686,0.601989854887
687,0.596276324303
688,0.59760621541
689,0.576352554862
690,0.52650924688
691,0.355217192747
692,0.57150099255
693,0.422760337921
694,0.350886089451
695,0.109920083351
696,0.247281889278
697,0.0985640763302
698,0.622750242941
699,0.531214886107
700,0.468881914753
701,0.396166536677
702,0.672495246383
703,0.48904207817
704,0.43046833786
705,0.454863886839
706,0.416186026717
707,0.621886387665
708,0.0523642472159
709,0.428552360729
710,0.45412101953
711,0.279762399056
712,0.541830090009
713,0.763867431962
714,0.593540008901
715,0.618991272817
716,0.458767315195
717,0.283305797176
718,0.0304680079367
719,0.50766390272
720,0.411486646362
721,0.537773514047
722,0.600869319461
723,0.37204654564
724,0.504698479749
725,0.575203458603
726,0.689146789158
727,0.354966202361
728,0.580201976055
729,0.0
730,0.344592985701
731,0.55414556789
732,0.142810701477
733,0.0
734,0.0180084738564
735,0.450846683691
736,0.578824943144
737,0.324570557535
738,0.379356362712
739,0.449044781567
740,0.475422129869
741,0.136370649806
742,0.48086185238
743,0.0
744,0.47831314266
745,0.0983066356267
746,0.252034061488
747,0.371198836457
748,0.495760288473
749,0.427534785746
750,0.265953848954
751,0.476099405397
752,0.22376488724
753,0.322444168378
754,0.0952639164623
755,0.0952179059272
756,0.114113942595
757,0.389252361122
758,0.303210390586
759,0.427758969225
760,0.147808670945
761,0.0
762,0.0
763,0.0
764,0.0
765,0.255492797448
766,0.412113675407
767,0.318822625782
768,0.30521490327
769,0.438140550131
770,0.487868803716
771,0.172463270322
772,0.0
773,0.498232106774
774,0.623223273555
775,0.351323160094
776,0.0
777,0.515172859821
778,0.634445252981
779,0.586985958972
780,0.437377808556
781,0.41076722371
782,0.636162739451
783,0.56227806718
784,0.524161872335
785,0.0573975473207
786,0.116904146377
787,0.425410735189
788,0.462320940379
789,0.0403439082514
790,0.427681692384
791,0.396577615853
792,0.67765764049
793,0.476096455184
794,0.0
795,0.309692869713
796,0.502063337528
797,0.209992847588
798,0.532197900765
799,0.564035775721
800,0.762241203372
801,0.675463893346
802,0.514938414866
803,0.442108083825
804,0.640362654401
805,0.342706637545
806,0.0
807,0.0
808,0.0
809,0.0
810,0.142857142857
811,0.476813691051
812,0.210536129707
813,0.0
814,0.0878889830934
815,0.201334398509
816,0.592965471079
817,0.157682770933
818,0.354247322078
819,0.614454788252
820,0.671058523993
821,0.596629258192
822,0.520664601679
823,0.674913630635
824,0.585080749205
825,0.491568447281
826,0.584764864447
827,0.137223960268
828,0.502460425994
829,0.504502631501
830,0.0583034671766
831,0.551954603395
832,0.575051506104
833,0.480694359714
834,0.495420227909
835,0.564765109463
836,0.0608650271374
837,0.0
838,0.503716379758
839,0.560841965749
840,0.527116184528
841,0.539225644247
842,0.00844162234074
843,0.399268730268
844,0.313105730982
845,0.055055197035
846,0.0894383458787
847,0.214170513376
848,0.610963985789
849,0.472167450286
850,0.534891674661
851,0.505638484734
852,0.232802932885
853,0.0
854,0.71940018372
855,0.710846098701
856,0.534725440332
857,0.269667546067
858,0.515211782788
859,0.711220219382
860,0.362346362559
861,0.71511783756
862,0.580850697565
863,0.42663496246
864,0.468517158654
865,0.423172575645
866,0.520969014314
867,0.260473715039
868,0.428358243641
869,0.404057079815
870,0.411055547886
