site,dnds
1,0.111444873906
2,0.0
3,0.555577984764
4,0.566098952301
5,0.468618449856
6,0.0910756753549
7,0.0
8,0.417882736494
9,0.683419027514
10,0.300338388062
11,0.0
12,0.0309600073359
13,0.534691249425
14,0.274058766212
15,0.510666852654
16,0.701929463913
17,0.161419208889
18,0.129267583935
19,0.451254965157
20,0.697223154631
21,0.548012570555
22,0.373611300788
23,0.689632807559
24,0.537163705562
25,0.277186584379
26,0.594848533481
27,0.681143725611
28,0.601596740762
29,0.367363036577
30,0.58289615395
31,0.23715222283
32,0.346825909711
33,0.270438138538
34,0.0955224803694
35,0.185794978227
36,0.203615549087
37,0.372358777439
38,0.0108778583463
39,0.151108968582
40,0.0457767028841
41,0.0
42,0.0
43,0.0
44,0.0
45,0.00602605352532
46,0.0210191064661
47,0.341019908805
48,0.137326536084
49,0.0
50,0.106638027778
51,0.0
52,0.0
53,0.0
54,0.0
55,0.0
56,0.0
57,0.0
58,0.0
59,0.0
60,0.0
61,0.0
62,0.0
63,0.0
64,0.0
65,0.0
66,0.0
67,0.0
68,0.0
69,0.0
70,0.0
71,0.0
72,0.0
73,0.0
74,0.0
75,0.00235789118121
76,0.0
77,0.0167614814978
78,0.16825804089
79,0.00501092863816
80,0.282156392261
81,0.0168153719566
82,0.0959583621626
83,0.15776118163
84,0.341426270525
85,0.169211434544
86,0.327765028617
87,0.387290787085
88,0.602059408137
89,0.562518604527
90,0.484695223471
91,0.342522755853
92,0.562945276579
93,0.0
94,0.100821408081
95,0.373946965559
96,0.0
97,0.124585216702
98,0.48914579531
99,0.104977418418
100,0.600093462708
101,0.14833502449
102,0.0
103,0.541369882362
104,0.0
105,0.124332012654
106,0.110040997401
107,0.380954991174
108,0.0657309902217
109,0.0242864547506
110,0.0
111,0.141756424344
112,0.135512144378
113,0.381038211521
114,0.171408634027
115,0.135952497257
116,0.14329966976
117,0.567318690735
118,0.227685602981
119,0.0
120,0.413623180325
121,0.404376093104
122,0.29992629195
123,0.0411644065564
124,0.502651796464
125,0.427855057004
126,0.0
127,0.0
128,0.0
129,0.134169427518
130,0.40512242987
131,0.0
132,0.158765308418
133,0.0
134,0.00860712620194
135,0.0
136,0.037572239127
137,0.0
138,0.180744271435
139,0.256594189688
140,0.153508706025
141,0.472426009285
142,0.151731128834
143,0.122880786563
144,0.181681710023
145,0.259205377662
146,0.190557910113
147,0.202548144206
148,0.581383344303
149,0.0
150,0.402484183579
151,0.486440340701
152,0.174965078066
153,0.00659982412078
154,0.144559109156
155,0.58712904579
156,0.0
157,0.0
158,0.018759547556
159,0.720041567867
160,0.0782412628673
161,0.371102864477
162,0.305758787806
163,0.00707571717044
164,0.00545013129063
165,0.0655677794656
166,0.0
167,0.203744903296
168,0.400680392682
169,0.382960952681
170,0.173818032834
171,0.365301270614
172,0.575026954169
173,0.494354797937
174,0.428028759709
175,0.222326360574
176,0.256821656983
177,0.0
178,0.0
179,0.501605805838
180,0.374150700547
181,0.0
182,0.235398791778
183,0.01669813343
184,0.498924873276
185,0.0726918892098
186,0.406917401274
187,0.392670219669
188,0.34929302936
189,0.448765545685
190,0.617995732349
191,0.48684405116
192,0.0
193,0.24128834965
194,0.430007425815
195,0.576478351156
196,0.485939743381
197,0.0130492736387
198,0.0
199,0.575664947413
200,0.474817207032
201,0.278168663089
202,0.0431325875332
203,0.100068299956
204,0.263768072613
205,0.680479926108
206,0.685865459982
207,0.208256029572
208,0.122987938507
209,0.256053600381
210,0.0
211,0.0
212,0.0
213,0.0
214,0.106440937378
215,0.278222064171
216,0.00763256967787
217,0.0644165202606
218,0.0116783697571
219,0.0
220,0.0
221,0.0
222,0.0
223,0.0
224,0.0
225,0.0
226,0.0
227,0.0
228,0.241169201754
229,0.0047532048756
230,0.0626086002767
231,0.283968065944
232,0.0
233,0.503267859037
234,0.28413625753
235,0.360933016042
236,0.00957620070031
237,0.591041030583
238,0.419590647297
239,0.12037666414
240,0.56473527664
241,0.0
242,0.0
243,0.225352112676
244,0.115524530093
245,0.0
246,0.0
247,0.0
248,0.0
249,0.0
250,0.498885826345
251,0.0723861228148
252,0.251645915337
253,0.148725694487
254,0.100340875624
255,0.106692010121
256,0.285656785895
257,0.388235340072
258,0.299653548099
259,0.211073159459
260,0.37711525553
261,0.444931516473
262,0.265019896014
263,0.0
264,0.650168084692
265,0.34304186151
266,0.190745618329
267,0.475196088596
268,0.0
269,0.381585362816
270,0.337533121043
271,0.285103830656
272,0.646981403336
273,0.640928710416
274,0.233597000294
275,0.164960445915
276,0.666694246205
277,0.674781415405
278,0.117374511338
279,0.275006563968
280,0.253620387228
281,0.675866075595
282,0.637357010934
283,0.0
284,0.17656268925
285,0.101187620042
286,0.0
287,0.540972602863
288,0.637872718426
289,0.464917369169
290,0.0
291,0.334748454207
292,0.124590250685
293,0.0880796452343
294,0.0969476772175
295,0.328691174293
296,0.0
297,0.128041613087
298,0.0
299,0.143409761495
300,0.213114163187
301,0.248475046676
302,0.0759613348559
303,0.0428685576854
304,0.490526856024
305,0.391788090322
306,0.567435459521
307,0.587424695539
308,0.44835392728
309,0.249057255967
310,0.264668361066
311,0.0609622301587
312,0.148785333524
313,0.14302275118
314,0.438818421651
315,0.330303484382
316,0.302241513276
317,0.0290598495107
318,0.678510896945
319,0.0689655172414
320,0.0495105128971
321,0.0
322,0.0
323,0.0
324,0.636954294652
325,0.0
326,0.192269330744
327,0.289162722804
328,0.53678928321
329,0.659608880337
330,0.0
331,0.0
332,0.0753320445258
333,0.0576307423575
334,0.299914403907
335,0.589890904782
336,0.0531220135375
337,0.143293447207
338,0.539843595771
339,0.142420467815
340,0.232501375368
341,0.587054928244
342,0.711495304669
343,0.490405105386
344,0.342781740924
345,0.0426569035953
346,0.225663976393
347,0.315713801653
348,0.491228237176
349,0.0984210256172
350,0.0
351,0.107494284391
352,0.411932558132
353,0.0456578481658
354,0.323214377908
355,0.394023316951
356,0.26121499565
357,0.501634603186
358,0.248726500699
359,0.0
360,0.25352591277
361,0.280162514084
362,0.545507510766
363,0.3235263532
364,0.439335221582
365,0.471728890689
366,0.190045846643
367,0.536586367984
368,0.177532434708
369,0.0447191729394
370,0.244977313951
371,0.46764050369
372,0.647187262017
373,0.0
374,0.0
375,0.0
376,0.0
377,0.0
378,0.0
379,0.0
380,0.0
381,0.0
382,0.0990210257943
383,0.0775491027295
384,0.0
385,0.0990210257943
386,0.473823142406
387,0.0452772298453
388,0.61369130706
389,0.69989580468
390,0.257352497337
391,0.310110398502
392,0.170212765957
393,0.115786900175
394,0.296730492584
395,0.227634542056
396,0.108848236535
397,0.240917603277
398,0.682550793594
399,0.388629841044
400,0.484726841582
401,0.740009715755
402,0.651024182915
403,0.0
404,0.276872597819
405,0.725285371791
406,0.41038545403
407,0.0172220629452
408,0.42609935981
409,0.606778007986
410,0.183027988483
411,0.0352059289818
412,0.260379790087
413,0.199004146115
414,0.016031253816
415,0.0781218597816
416,0.293381848207
417,0.22572203153
418,0.555144684191
419,0.0441399286244
420,0.109756285611
421,0.0867572262431
422,0.0481139015855
423,0.0
424,0.586746168061
425,0.0
426,0.510622256512
427,0.010612428843
428,0.149487335547
429,0.0574783446953
430,0.0
431,0.427036638427
432,0.377029476286
433,0.0
434,0.369138383598
435,0.347206734519
436,0.0
437,0.361595248728
438,0.0
