"site","dnds"
2,0.15833633012
3,0.662281137645
4,0.286418185103
5,0.232032732646
6,0.0158412332934
7,0.1872326379
8,0.464137334673
9,0.304149265368
10,0.40969991328
11,0.614001847864
12,0.570106721593
14,0.403524211125
15,0.517769501969
16,0.0
17,0.426945851257
18,0.488014174254
19,0.0194670023534
20,0.542349585453
21,0.223536346864
22,0.0
23,0.342035127295
24,0.343732880056
25,0.342559335715
26,0.032460410754
27,0.563358593673
28,0.227008055566
29,0.29114698042
30,0.00139407499285
31,0.428706825717
32,0.382931878826
34,0.344462102295
35,0.479884235703
36,0.102759268737
37,0.0684340673484
38,0.0909981118901
39,0.347514653334
40,0.479790525217
41,0.442247129987
42,0.308720055412
43,0.494249545735
44,0.467717730808
45,0.477348413264
46,0.515946831701
47,0.317962075556
48,0.256167786738
49,0.0
50,0.172862541391
51,0.544010903526
52,0.411153676563
53,0.220440877985
54,0.0
55,0.415531106418
56,0.561921364985
57,0.0668882331405
58,0.222060577997
59,0.326303668127
60,0.131565195449
61,0.399916632064
62,0.462479051507
63,0.276417972221
64,0.0
65,0.425910228914
66,0.136394786449
67,0.109870171341
68,0.468402696518
69,0.226680186821
70,0.130215148213
71,0.0409698271431
72,0.362551320931
73,0.506182708797
74,0.0202396658533
75,0.434244672109
76,0.0
77,0.0997758954486
78,0.366033736156
79,0.108219046311
80,0.0
81,0.218104582877
82,0.378876496104
83,0.241659427429
84,0.264375753372
85,0.572654406563
86,0.347770414618
87,0.272592794585
88,0.647207004132
89,0.426025070226
90,0.627890714148
91,0.434897373668
92,0.606657318194
93,0.492082209968
94,0.0
95,0.357608561334
97,0.614131983807
98,0.417556035465
99,0.687545465905
100,0.531386573563
101,0.588489182169
102,0.0
103,0.373751894749
104,0.0163465963147
105,0.314473135441
106,0.412848859629
107,0.370051031489
108,0.369320001069
109,0.365808344332
110,0.473349098179
111,0.123651864566
112,0.417636744304
113,0.403713991451
114,0.25836632192
115,0.00197575700155
117,0.104501004786
118,0.325323080709
119,0.0694068010849
120,0.491870536991
121,0.399365287596
122,0.426843639647
123,0.118102098856
124,0.373887412963
125,0.436158107359
126,0.0
127,0.00587458005264
128,0.332438911077
129,0.147781745537
