"site","dnds"
7,0.174767980811
8,0.419997368772
9,0.432746774272
10,0.350250859442
11,0.48802842612
12,0.218435273545
13,0.387443424164
14,0.388724105561
15,0.337006644188
16,0.441091001121
17,0.532671018073
18,0.487528591075
19,0.293213846413
20,0.239974582301
21,0.515546319654
22,0.57193215849
24,0.397842523397
25,0.237816034702
26,0.532665328512
27,0.554500742401
28,0.113802751385
29,0.0254726430419
30,0.288754431526
31,0.522625530933
32,0.29403010615
33,0.602025624517
34,0.489353771665
35,0.440866538511
36,0.522506648516
37,0.263822961378
38,0.0705902588054
39,0.330821198393
40,0.340533320369
41,0.327767121799
42,0.132017471291
43,0.30625497216
44,0.496955608242
45,0.609829753289
46,0.366456629578
47,0.036105999708
48,0.403257549255
49,0.425809413169
50,0.00153645554229
51,0.337007985506
52,0.248899456468
53,0.280681833016
54,0.134178491435
55,0.182817577254
56,0.377853607254
57,0.421291491415
58,0.0927042055971
59,0.376429071455
60,0.486943618328
61,0.438570138262
62,0.425943257957
63,0.364561377893
64,0.472695167235
65,0.511251242696
66,0.665806381038
67,0.522073364808
68,0.370598731574
69,0.155937342105
70,0.39880114832
71,0.497850737256
72,0.370177053987
73,0.375100115096
74,0.510487735016
75,0.191400442644
76,0.464512965611
77,0.321755102553
78,0.388462287431
79,0.0326521388193
80,0.518543803634
81,0.471020824488
82,0.427346917585
83,0.107542649588
84,0.271527835751
85,0.339094084046
86,0.0
87,0.648856671629
88,0.655923673164
89,0.480027803078
90,0.17684473586
91,0.232618907105
92,0.359959152997
93,0.154855127732
94,0.331639763718
95,0.18830617239
96,0.0317620817039
97,0.437870171699
98,0.398989719645
99,0.592100599588
100,0.447771799832
101,0.441206537392
102,0.589274844728
103,0.122352326432
104,0.305761484615
105,0.413155302842
106,0.403383806564
107,0.0
108,0.219320720768
109,0.0830681449025
110,0.604907285357
111,0.245136743319
112,0.426922684081
113,0.348925937052
114,0.482673886231
115,0.311595324377
116,0.407501857333
117,0.0239457229669
118,0.398604302198
119,0.301001626497
120,0.462748143546
121,0.292815725438
122,0.335058190617
123,0.294229449831
124,0.416306792879
125,0.423574115238
126,0.41133789198
127,0.507444972295
128,0.538690981859
129,0.259773200247
130,0.429326403737
131,0.435906173235
132,0.0292963883659
133,0.234517603465
134,0.365701951279
135,0.474089586539
136,0.249619402492
137,0.260500121317
138,0.445138693803
139,0.491701861867
140,0.103898483017
141,0.222919295994
