"site","dnds"
17,0.273761590725
18,0.464098187265
19,0.274679497002
20,0.180190462986
21,0.205430026177
22,0.201419265587
23,0.0788448950755
24,0.504635898352
25,0.322931949403
26,0.0843577336708
27,0.410635435118
28,0.399202351003
29,0.410178330072
30,0.467912770005
31,0.0
32,0.133230825388
33,0.458313362549
34,0.379145306247
35,0.0627652180566
36,0.027928820877
37,0.0776061628658
38,0.0653322117502
39,0.23374085276
40,0.338623132252
41,0.0597131770575
42,0.543683896922
43,0.134976839864
44,0.172529202804
45,0.202332816892
46,0.0
47,0.298175497655
48,0.0570054829772
49,0.0
50,0.321409312095
51,0.391555120341
52,0.0045042847783
53,0.0647789375154
54,0.576309224061
55,0.186838139649
56,0.121072519343
57,0.38909846781
58,0.457004212314
59,0.136975741315
60,0.244053245863
61,0.498720900564
62,0.558555812356
63,0.101643971388
64,0.0
65,0.355836252789
66,0.178409011365
67,0.0360732879915
68,0.231520411674
69,0.0569240483566
70,0.155110717678
71,0.023995381682
72,0.0
73,0.314911957659
74,0.0190597126722
75,0.0106172585293
76,0.506937139362
77,0.373083088602
78,0.439329734134
79,0.267422749034
80,0.475376266631
81,0.302575809728
82,0.306765081299
83,0.37891278425
84,0.565084100328
85,0.451421756059
86,0.376889234509
87,0.0871929674514
88,0.498595818383
89,0.0347752951798
90,0.171046144853
91,0.399824130428
92,0.50079955918
93,0.351643098668
94,0.298227696245
95,0.405310307491
96,0.382513076085
97,0.291252534504
98,0.372410366464
99,0.350732244454
100,0.563704743759
101,0.410438331575
102,0.342347456327
103,0.476790169994
104,0.535977965966
105,0.0655891271782
106,0.395713862586
107,0.477589820766
108,0.386940636775
109,0.0
110,0.0618946210471
111,0.0686022546456
112,0.058758058583
113,0.364944795594
114,0.161129563924
115,0.439756276494
116,0.330559279706
117,0.18680467314
118,0.0
119,0.208048850352
120,0.0795076113279
121,0.521850023156
122,0.0
123,0.0106945574525
124,0.258351833609
125,0.297588055604
126,0.288999328166
127,0.229988575342
128,0.436507255403
129,0.267314685921
130,0.442019129077
131,0.241722771033
132,0.60474425634
133,0.0735628220301
134,0.395617063286
135,0.324754784705
136,0.412303271244
137,0.265066093919
138,0.210340017636
139,0.389630060089
140,0.435587368145
141,0.116942359507
142,0.287444156891
143,0.110357455474
144,0.335820819216
145,0.197523866981
146,0.154292405797
147,0.108739039565
148,0.24404073691
149,0.175579104397
150,0.677259850866
151,0.514690651898
152,0.224652320116
153,0.382257747655
154,0.526180786638
155,0.488391054927
156,0.101559941343
157,0.0160806319746
158,0.477388328152
159,0.0766597270809
160,0.119736972921
161,0.0894264568199
162,0.116082095294
163,0.234534665347
164,0.506205244649
165,0.29046168025
166,0.237910264058
167,0.349624286099
168,0.248206363459
169,0.187683187625
170,0.0709831782572
171,0.011756039503
172,0.422619958993
173,0.316514996099
174,0.0
175,0.0327476203507
176,0.368931564687
177,0.490068590335
178,0.0198449991454
179,0.467039212198
180,0.0
181,0.326088094716
182,0.51885428133
183,0.417022415774
184,0.581546515001
185,0.373397445902
186,0.16318755543
187,0.358813047981
188,0.145043350263
189,0.464107766763
190,0.363592699964
191,0.0644240716158
192,0.380969359983
193,0.176380706372
194,0.451900819133
195,0.0969049047906
196,0.452095347625
197,0.325676379209
198,0.359457277877
199,0.259036902925
200,0.225186368583
201,0.343139183896
202,0.07866213875
203,0.206764185952
204,0.382245304046
205,0.499781210343
206,0.282602343707
207,0.625652502056
208,0.556826412729
209,0.448653302252
210,0.493764566085
211,0.713869546861
212,0.0
213,0.486321479777
