"site","dnds"
152,0.123359090727
153,0.400044585888
154,0.464396852636
155,0.380081088405
156,0.5446271776
157,0.375794409572
158,0.367003293267
159,0.367491634674
160,0.450146714962
161,0.362337016592
162,0.381356624837
163,0.380065470069
164,0.0902440573981
165,0.491470724432
166,0.0045422473974
167,0.138771297526
168,0.531308166982
169,0.317789597824
170,0.493881433674
171,0.460679297774
172,0.443972742178
173,0.626696268312
174,0.518633860809
175,0.35583868931
176,0.272202483176
177,0.411343832631
178,0.364177731567
179,0.21045334055
180,0.321283346075
181,0.248843929228
182,0.249127305406
183,0.462671749426
184,0.259163305476
185,0.282788293314
186,0.46529316499
187,0.33373817673
188,0.180187179774
189,0.505953009533
190,0.427159911098
191,0.205129153955
192,0.0746648076069
193,0.0777253051562
194,0.0
195,0.358003404085
196,0.30758143433
197,0.529808832243
198,0.298927163128
199,0.452467473726
200,0.0394177403308
201,0.455232186455
202,0.406636892629
203,0.347194804759
204,0.308354648267
205,0.473589781192
206,0.62343964252
207,0.370222637406
208,0.559927918177
209,0.423180327101
210,0.440539558831
211,0.0754741639564
212,0.149009470904
213,0.284945521893
214,0.111807409539
215,0.341526268792
216,0.21279236497
217,0.0
218,0.513506298507
219,0.494633347779
220,0.271490809908
221,0.328704658492
222,0.267934986348
223,0.0
224,0.198048007604
225,0.248913730997
226,0.0829471785316
227,0.360164977033
228,0.137698431702
229,0.284730052753
230,0.00433011474369
231,0.104707691419
232,0.270849408455
233,0.186876491362
234,0.258332692682
235,0.507845728191
236,0.565083894174
237,0.513692718543
238,0.428518059042
239,0.308914215564
240,0.0
241,0.226505536938
242,0.556931639939
243,0.514364041074
244,0.327245458434
245,0.480359591143
246,0.609073061663
247,0.484243980392
248,0.359241333889
249,0.473862092354
250,0.378433069476
251,0.0
252,0.017860027604
253,0.369792978646
254,0.258855706248
255,0.0
256,0.369097574023
257,0.0392773654362
258,0.00666379570519
259,0.165175649581
260,0.212799596309
261,0.398478020199
262,0.466400869271
263,0.106097321218
264,0.227688251244
265,0.525716803675
266,0.090724733009
267,0.342382349143
268,0.123175607192
269,0.453108953107
270,0.288464857594
271,0.509043888695
272,0.00599840124489
273,0.471815539239
274,0.445380113519
275,0.38320967379
276,0.183696880109
277,0.527665414277
278,0.416318396098
279,0.275050768146
280,0.366548879562
281,0.0954860477723
282,0.0
283,0.458516731592
284,0.0
285,0.244870269354
286,0.0255665438626
287,0.0
288,0.167415263016
289,0.385745836332
290,0.0
291,0.269024874483
292,0.29834564035
293,0.659394617198
294,0.34361068568
295,0.0703723335637
296,0.514264318061
297,0.168423038494
298,0.0
299,0.158935307594
300,0.342262542601
301,0.119623843792
302,0.288928236084
303,0.216771553811
304,0.1776126183
305,0.259175569044
306,0.124894899242
307,0.296799901981
308,0.229570265847
309,0.0662013163588
310,0.299388706462
311,0.298020630361
312,0.170682847777
313,0.139941119975
314,0.0720460224086
315,0.18570791866
316,0.185919683873
317,0.38821436613
318,0.164171462109
319,0.444256240263
320,0.482021442878
321,0.446434263828
322,0.0
323,0.0578387676037
324,0.240587567956
325,0.394144735563
326,0.378484988843
327,0.290244619569
328,0.363539291065
329,0.535650737598
330,0.407079870305
331,0.417289311748
332,0.623776123081
333,0.463864828069
334,0.301588947849
335,0.5071161568
336,0.509152382436
337,0.442972663659
338,0.557028427378
339,0.486682375126
340,0.511343283144
341,0.30176905949
342,0.565437818871
343,0.230743057798
344,0.00153645554229
345,0.142648019368
346,0.495417838492
347,0.428384983016
348,0.324833563951
349,0.146385797252
