"site","dnds"
492,0.137961551561
493,0.166611977106
494,0.585761036609
495,0.427873707585
496,0.0829480102936
497,0.529850681565
498,0.381487501379
499,0.545831071742
500,0.408450029663
501,0.264201066981
502,0.718996945193
503,0.490770306146
504,0.175900244355
505,0.105017675117
506,0.304640269593
507,0.0200435481505
508,0.381465273735
509,0.450585566672
510,0.512821371093
511,0.570880019451
512,0.404672535828
513,0.500061880919
514,0.280006611187
515,0.219722256024
516,0.323605238175
517,0.463475511296
518,0.178615379212
519,0.506702700529
520,0.394873028686
521,0.361089099789
522,0.123107604321
523,0.334459067369
524,0.58133087482
525,0.216480052888
526,0.330452815209
527,0.113141069102
528,0.30981157331
529,0.65163168782
530,0.283952233008
531,0.390749762988
532,0.390501165011
533,0.385873679629
534,0.104318140244
535,0.215897276377
536,0.404475438452
537,0.532432296764
538,0.438326030864
539,0.284485887485
540,0.24124440024
541,0.0199150725668
542,0.286919508004
543,0.499032638601
544,0.309316442466
545,0.23761340076
546,0.0766713703756
547,0.469167057028
548,0.386590699346
549,0.355585213178
550,0.517696626742
551,0.118874555522
552,0.0178764952185
553,0.505886969546
554,0.303120623661
555,0.262994751042
556,0.0115771882512
557,0.0474817835746
558,0.319053632462
559,0.225693509876
560,0.0189801173967
561,0.442931508886
562,0.426133556701
563,0.0574623189829
564,0.258412066373
565,0.285734053475
566,0.453179414143
567,0.0
568,0.141544315304
569,0.28278104078
570,0.418671614705
571,0.370941354826
572,0.585977949093
573,0.378070297944
574,0.506809582452
575,0.285067188206
576,0.245426849036
577,0.198743668513
578,0.588033271952
579,0.332014662913
580,0.283623919293
581,0.324119051921
582,0.00889388854693
583,0.509050810171
584,0.00912325545572
585,0.598690563535
586,0.610692387672
587,0.38399501514
588,0.39933325068
589,0.344020036324
590,0.325599667119
591,0.370690204659
592,0.218129697498
593,0.268767828162
594,0.488105917936
595,0.4430642449
596,0.345478916634
597,0.381840904946
598,0.335117937952
599,0.354583691993
600,0.467296415908
601,0.0252599042785
602,0.21177425807
603,0.173446779378
604,0.471965665558
605,0.591766265529
606,0.623548526747
607,0.291337886899
608,0.0391693650536
609,0.19346842948
610,0.483254406832
611,0.353601743223
612,0.323344872302
613,0.521460226215
614,0.435415949561
615,0.311464924807
616,0.553364483841
617,0.321729497032
618,0.320891974552
619,0.40667671384
620,0.458127608309
621,0.0
622,0.145461745347
623,0.303117130691
624,0.534559419984
625,0.440048224906
626,0.422078490956
627,0.498606712439
628,0.670418675936
629,0.341235897647
630,0.405302768926
631,0.297460330644
632,0.485165547534
633,0.18714598663
634,0.562841508867
635,0.0
636,0.297249285883
637,0.408467265046
638,0.558760273525
639,0.388865512018
640,0.397234746677
641,0.330946144573
642,0.363034276929
643,0.392381993224
644,0.336137698279
645,0.587758254934
646,0.157392431424
647,0.519150682253
648,0.376124077117
649,0.474064433014
650,0.294709694907
651,0.0961257938489
652,0.0266750040989
653,0.390510342009
