"site","dnds"
2,0.228313611209
3,0.243438842248
4,0.387848473516
5,0.527127079992
6,0.308723870667
7,0.449270456342
8,0.176751936132
9,0.173929134319
10,0.1823783842
11,0.0245542323084
12,0.194325329034
13,0.194644860478
14,0.438579162421
15,0.597831315927
16,0.162658636496
17,0.13949164884
18,0.522895248442
19,0.38352289171
20,0.105965275129
21,0.339214097461
22,0.134247266076
23,0.0976331837356
24,0.378776557589
25,0.17465935575
26,0.181140000433
27,0.0279031479778
28,0.397998643731
29,0.183118765565
30,0.58934967371
31,0.276896876249
32,0.523481093496
33,0.555269617302
34,0.466977581692
35,0.0425324079824
36,0.311749547421
37,0.529386653035
38,0.466052899327
39,0.286424857609
40,0.0706294267334
41,0.27081727732
42,0.455112893051
43,0.211016120931
44,0.507622248162
45,0.183147415115
46,0.306486771138
47,0.0247253554353
48,0.433658333902
49,0.479340106639
50,0.302693379427
51,0.597571236998
52,0.330178646453
53,0.32989644185
54,0.0
55,0.319695052376
56,0.380419025207
57,0.150624762115
58,0.175675581597
59,0.24975240979
60,0.548161237658
61,0.254629371491
62,0.370374692691
63,0.394583478844
64,0.452991453613
65,0.0834675419523
66,0.236205291827
67,0.542909782785
68,0.386840154433
69,0.0
70,0.263581386803
71,0.434738913496
72,0.430174809403
73,0.248958795692
74,0.28287272989
75,0.334667052988
76,0.0335951776559
77,0.588368695873
78,0.331203643016
79,0.597180802888
80,0.283167882863
81,0.570020218855
82,0.287348415566
83,0.266001890891
84,0.127272873791
85,0.436577712671
86,0.379428753944
87,0.153727995618
88,0.211324859412
89,0.137281444155
90,0.353895503112
91,0.480907954692
92,0.215451563187
93,0.325020287486
94,0.351208801076
95,0.407835027803
96,0.419441159568
97,0.485458727731
98,0.521130475052
99,0.353798391778
100,0.51539578082
101,0.0964928250321
102,0.427614643965
103,0.433298017591
104,0.422749711029
105,0.528164051979
106,0.372859653885
107,0.202998312252
108,0.00574528613122
109,0.283634730784
110,0.554891715569
111,0.204182447436
112,0.28953704409
113,0.269935055124
114,0.548480925923
115,0.463853099774
116,0.239398730071
117,0.0236800252841
118,0.0723550363665
119,0.318497106687
120,0.228183153216
121,0.479753951373
122,0.145665277495
123,0.311023025799
124,0.0
125,0.590963050077
126,0.331501441284
127,0.568085611578
128,0.531978479895
129,0.518114193014
130,0.319130943615
131,0.565508291383
132,0.246683677093
133,0.465486890662
134,0.386165977562
135,0.213341547193
136,0.00569299787081
137,0.25989448001
138,0.425874088827
139,0.441367361953
140,0.402581033627
141,0.48495521634
142,0.47617394496
143,0.396694865159
144,0.208454222362
145,0.20509292663
146,0.315833032779
147,0.252116327364
148,0.406487689399
149,0.549481809651
150,0.346468764074
151,0.288683204968
152,0.300294471198
153,0.437057488791
154,0.506094858471
155,0.123607424281
156,0.29116548572
157,0.445905559513
158,0.524076506383
159,0.347618913403
160,0.179024170594
