"site","dnds"
1,0.18773600385
2,0.124359437375
3,0.457740903148
4,0.290292797797
5,0.44292088004
6,0.238462243627
7,0.431220630685
8,0.329493027954
9,0.303325060802
10,0.0
11,0.426144811859
12,0.129502338345
13,0.507784458177
14,0.535773801614
15,0.191436028659
16,0.0985440758112
17,0.199247012903
18,0.361600501877
19,0.0
20,0.474920486083
21,0.418970480334
22,0.383955198965
23,0.263574130158
24,0.499903284393
25,0.198615239551
26,0.251873995968
27,0.342438859665
28,0.757249425971
29,0.441622024048
30,0.4467050419
31,0.500292655517
32,0.464820528483
33,0.00480542852379
34,0.414357336961
35,0.470196303773
36,0.540513562961
37,0.532318147292
38,0.292236439931
39,0.359334464545
40,0.420355433662
41,0.476807529725
42,0.47970930703
43,0.0
44,0.386901080513
45,0.279346182451
46,0.408484409646
47,0.399944795848
48,0.187585316386
49,0.581486587772
50,0.348918039717
51,0.0
52,0.436893640354
53,0.270200009756
54,0.324317454517
55,0.245003312288
56,0.462374901545
57,0.345594565245
58,0.0495221379516
59,0.480054401454
60,0.47102303869
61,0.589079546156
62,0.0738367094488
63,0.630771587696
64,0.382281983605
65,0.334494323245
66,0.414166749564
67,0.201430980073
68,0.278870826094
69,0.0
70,0.111753522851
71,0.0990366754415
72,0.249168873247
73,0.430593581168
74,0.363923498522
75,0.33505370873
76,0.180356315769
77,0.130398986341
78,0.178164477708
79,0.293737446852
80,0.483988943285
81,0.216965010919
82,0.312606477247
83,0.00583285993239
84,0.589574155039
85,0.348898689052
86,0.00153479298163
87,0.447745885239
88,0.0320715474017
89,0.0
90,0.512234448361
91,0.439278767802
92,0.288350339921
93,0.0155965846696
94,0.203330022421
95,0.418615026374
96,0.590808476482
97,0.508445077642
98,0.384248175658
99,0.48156603602
100,0.101421296577
101,0.390424349067
102,0.166237148093
103,0.439326535091
104,0.172417181918
105,0.335469090048
106,0.258530568869
107,0.362027992173
