"site","dnds"
4,0.227935013
5,0.221329579089
6,0.341376125285
7,0.2367026944
8,0.600604980654
9,0.30317968889
10,0.111188647902
11,0.199550481752
12,0.314882861272
13,0.0388223295111
14,0.308592157742
15,0.148678698821
16,0.554718078272
17,0.110506020517
18,0.665020401043
19,0.592461916901
20,0.276986794456
21,0.388949578572
22,0.340399161243
23,0.563221155673
24,0.424314819751
25,0.515517406767
26,0.238191582774
27,0.425723848431
28,0.306630263391
29,0.232566627304
30,0.481360512133
31,0.412847481649
32,0.200549120173
33,0.485407260892
34,0.20117695222
35,0.0177358189078
36,0.340487201826
37,0.260535173801
38,0.466257063938
39,0.548559383782
40,0.0654576676578
41,0.0706505872004
42,0.425493535369
43,0.331739437387
44,0.00138961264548
45,0.207689795291
46,0.553497805113
47,0.21476971495
48,0.643099849148
49,0.121633222969
50,0.426266473619
51,0.495890917319
52,0.168795242447
53,0.428000524344
54,0.383065214419
55,0.349036089033
56,0.644237956167
57,0.602970371747
58,0.33664628239
59,0.113960316303
60,0.065028356694
61,0.161020943696
62,0.100357117393
63,0.0679390533465
64,0.555875640531
65,0.313803031207
66,0.39445767853
67,0.521577360708
68,0.00275343654852
69,0.451081845624
70,0.0778890560135
71,0.0273327782475
72,0.600011843289
73,0.00539096493891
74,0.187482164375
75,0.315586592886
76,0.599542746982
77,0.451422930447
78,0.405961224014
79,0.0715331154252
80,0.263082228999
81,0.38507587264
82,0.328770278134
83,0.511529452575
84,0.358647774764
85,0.43793746743
86,0.421695441991
87,0.466135917383
88,0.284126445088
89,0.0256503210378
90,0.368360088709
91,0.385082664064
92,0.302821166297
93,0.202612537547
94,0.272047855262
95,0.0
96,0.246885882268
97,0.47294764259
98,0.295236888178
99,0.364980379501
100,0.398093288368
101,0.183933619748
102,0.198612458255
103,0.37085298088
104,0.366524530429
105,0.500268997721
106,0.519207512043
107,0.467859463255
108,0.168821373603
109,0.187217106282
110,0.340793464272
111,0.00480542852379
112,0.44857155507
113,0.500448692877
114,0.630127665192
115,0.522858825703
116,0.394343727176
117,0.408612374776
118,0.246182029052
119,0.208863691142
120,0.335713449166
121,0.155753696255
122,0.273210553736
123,0.41364604842
124,0.379687426816
125,0.527728541554
126,0.506952444635
127,0.220297456708
128,0.383235032615
129,0.485304342409
130,0.12266555689
131,0.694457306232
132,0.168709417091
133,0.220103941988
134,0.365784657033
135,0.290878663031
136,0.430340678006
138,0.510085553694
139,0.175846285283
140,0.44945723814
141,0.221813959998
142,0.267785444671
143,0.535341221624
144,0.505270221462
145,0.417626041525
146,0.526925563508
147,0.576729827867
148,0.556194941698
149,0.415223285369
150,0.689859106924
151,0.58568822231
152,0.615019910811
153,0.493424370387
154,0.375684484064
155,0.126695766551
156,0.148977641618
157,0.392608298474
158,0.434267946668
159,0.199069718784
160,0.495941900447
161,0.436900333399
163,0.215162551193
165,0.298080340336
166,0.587122408462
167,0.53550470477
168,0.421603546891
169,0.307549915506
170,0.35383058518
171,0.226577091314
172,0.506945898867
173,0.465466914184
174,0.357455554817
175,0.268996431325
176,0.521391928846
177,0.480880022669
178,0.0937536277122
179,0.209433358645
180,0.356135036745
181,0.0963259850775
