"site","dnds"
2,0.330612256827
3,0.324948590429
4,0.519033616968
5,0.0651953699027
6,0.174873774927
7,0.183700190337
8,0.238748574509
9,0.104303618963
10,0.245736901188
11,0.21460087731
12,0.0619451471252
13,0.337028622283
14,0.238658683788
15,0.416162173441
16,0.323812471826
17,0.0264326488735
18,0.0
19,0.0
20,0.434540258452
21,0.335102482255
22,0.212437252522
23,0.130033025957
24,0.247639322044
25,0.121505628517
26,0.116517579067
27,0.359989052481
28,0.408565208578
29,0.256705313702
30,0.310707535739
31,0.145764531374
32,0.227183033293
33,0.304359853607
34,0.449159130465
35,0.139160356677
36,0.291982911643
37,0.167603974312
38,0.347319553968
39,0.346953105004
40,0.125176284041
41,0.303326415741
42,0.445706153294
43,0.466072844515
44,0.0
45,0.41989675034
46,0.529914744504
47,0.151036534888
48,0.191262304718
49,0.31298218072
50,0.443749660825
51,0.457459525854
52,0.43225522668
53,0.0944494153777
54,0.172158081278
55,0.487653091939
56,0.445588684925
57,0.0927901020847
58,0.0
59,0.313278334314
60,0.0417452734329
61,0.0101345350116
62,0.128124843151
63,0.376546755876
64,0.285345021408
65,0.0
66,0.0
67,0.119620332514
68,0.382324941728
69,0.098722208686
70,0.0702925143466
71,0.363035096598
72,0.137245086059
73,0.272515907261
74,0.230736529242
75,0.0627933600172
76,0.396991559658
77,0.163550642116
78,0.429624373918
79,0.13638480922
80,0.376503327209
81,0.455938290824
82,0.292394526197
83,0.332977287596
84,0.352175947233
85,0.43598137374
86,0.132119296495
87,0.141486845142
88,0.201565155499
89,0.289122262593
90,0.344702690854
91,0.436773000973
92,0.229017146956
93,0.412213241036
94,0.451508722183
95,0.151528721081
96,0.0547857385962
97,0.13831031936
98,0.289941462611
99,0.428312443036
100,0.381353281257
101,0.54244162433
102,0.259793819268
103,0.522994428886
104,0.0924045829425
105,0.316262715262
106,0.0668547488389
107,0.381250837128
108,0.0331667036973
109,0.197564248587
110,0.153473444669
111,0.0587831265456
112,0.399926625213
113,0.395989933917
114,0.311592858287
115,0.110369750962
116,0.357181435951
117,0.392049702589
118,0.471816118862
119,0.0107599103679
120,0.018527124302
121,0.233293365229
122,0.458090217514
123,0.152641020146
124,0.164184172766
125,0.264315553156
126,0.187533566847
127,0.0
128,0.175315300044
129,0.213435852069
130,0.458673559264
131,0.0678680210989
132,0.593287821033
133,0.519420884161
134,0.125007207917
135,0.185463658092
136,0.33575478996
137,0.285227255418
138,0.0819969736322
139,0.400604921649
140,0.352757999411
141,0.161509798035
142,0.295135311928
143,0.296851266965
144,0.426672426832
145,0.0
146,0.0313908520008
147,0.466854270765
148,0.0337068861766
149,0.133122344077
150,0.492553417784
151,0.340728863694
152,0.373845270378
153,0.304999946513
154,0.135103275461
155,0.306278270793
156,0.362480435964
157,0.0
158,0.375664196267
159,0.303116839844
160,0.129270777552
161,0.3536830082
162,0.306879902213
163,0.375986550408
164,0.355965138812
165,0.346728608819
166,0.141474127846
167,0.474464688355
168,0.459330167901
169,0.419729929258
170,0.160294349114
171,0.374731015272
172,0.433785435417
173,0.508612479431
174,0.0
175,0.198438910643
176,0.257271415103
177,0.306451035493
178,0.114316266053
179,0.382349755179
180,0.152201827223
