"site","dnds"
1,0.548384603576
2,0.469012874148
3,0.215320641946
4,0.361631312815
5,0.0411853046556
6,0.220792564205
7,0.460510004377
8,0.0402986988069
9,0.595906851813
11,0.56709321902
12,0.460479017377
13,0.238516410181
14,0.0
15,0.269613141138
16,0.112457457826
17,0.206490344258
18,0.525798639537
19,0.598655082257
20,0.469233769564
21,0.492405415312
22,0.197907837799
23,0.1052165144
24,0.533144198783
25,0.178585355075
26,0.386163367705
27,0.44285051837
28,0.331133942098
29,0.538896960238
30,0.598926135547
31,0.503171436073
33,0.390692048267
34,0.231334290942
35,0.506716664251
36,0.560416709492
37,0.303607405773
38,0.27694043558
39,0.192476253703
40,0.525225531973
41,0.20191689835
42,0.325439868247
43,0.613694131418
44,0.0
45,0.302525166367
46,0.293875232643
47,0.229201166551
48,0.324752393471
49,0.51245000924
50,0.337764838993
51,0.356156007315
52,0.428262120257
53,0.567967965129
54,0.0377277442498
55,0.112840870551
56,0.185024820971
57,0.332691665131
58,0.108078300986
59,0.449746934787
60,0.402408178115
61,0.224309891805
62,0.211476005863
63,0.025445426259
64,0.382252377896
65,0.190089091593
66,0.0180079165659
67,0.499406517489
68,0.276924275047
69,0.512824040497
70,0.400733062291
71,0.0
72,0.667277600834
73,0.511797670487
74,0.135600491936
75,0.0
76,0.599889019202
77,0.602830226142
78,0.00930851887852
79,0.345046637174
80,0.401836344128
81,0.521636211997
82,0.433889311192
83,0.449016137147
84,0.511019361837
85,0.243860793031
86,0.511217212594
87,0.538527781498
88,0.273687547748
89,0.351109338366
90,0.512003193106
91,0.240522269538
92,0.264501491934
93,0.374348541509
94,0.473266465284
95,0.180635621527
96,0.316132361769
97,0.462138128002
98,0.244819580738
99,0.0
100,0.122589910548
101,0.254152739388
102,0.230613234049
103,0.142252582948
104,0.055074600908
105,0.269040134062
106,0.456235039025
107,0.517140397154
108,0.5178314974
109,0.561679477187
110,0.117222340919
111,0.276445969653
112,0.46762911469
113,0.687527702967
114,0.00274729672309
115,0.434790826634
116,0.438541135187
117,0.495131250979
118,0.554023903887
119,0.362805519069
120,0.599097873217
121,0.252141849426
122,0.518993261611
123,0.442146977564
124,0.513280063984
125,0.193446057536
126,0.291044427261
127,0.330180092449
128,0.075026696481
129,0.0143931806951
130,0.41364677293
131,0.42848796744
132,0.106690479427
133,0.0613955745652
134,0.12185917534
135,0.265186153866
136,0.0111754256703
137,0.266676661192
138,0.192196526975
139,0.206451804602
140,0.431079794329
141,0.21518556853
142,0.542442385451
143,0.528716455837
144,0.547323362441
145,0.299851313688
146,0.354764267507
147,0.481152253072
148,0.00368695308808
149,0.253075877924
150,0.278457785951
151,0.146950830562
152,0.14325647586
153,0.204275695203
154,0.340887080003
155,0.0170843494679
156,0.551904082865
157,0.313463831393
158,0.11160062861
159,0.113137580304
160,0.530624800734
161,0.235706572541
162,0.207074887003
163,0.132881173284
164,0.140315361753
165,0.396713680961
166,0.403318098249
167,0.0377833780056
168,0.363841103213
169,0.496251790407
170,0.359751633566
171,0.621058620769
172,0.497844826433
173,0.410219340676
174,0.264024574124
175,0.129181290218
176,0.0431401564047
177,0.268361465449
178,0.353821236577
