"site","dnds"
1,0.0704400373055
2,0.297478854727
3,0.628253671198
4,0.284165181898
5,0.436052567398
6,0.151473013951
7,0.442819298754
8,0.506726398142
9,0.118598220528
10,0.567791722264
11,0.249180844723
12,0.463711591184
13,0.3179685547
14,0.493072438497
15,0.0246519455402
16,0.259795352607
17,0.236716594504
18,0.345378712613
19,0.475644967754
20,0.257738168375
21,0.351368225761
22,0.509014468432
23,0.207312353799
24,0.435787166327
25,0.441633569453
26,0.371218798413
27,0.308854884494
28,0.490358695031
29,0.551895679964
30,0.122462270192
31,0.40015774972
32,0.360561270142
33,0.572411020147
34,0.125123369953
35,0.4154054418
36,0.0822885451182
37,0.132078893348
38,0.57835589839
39,0.012470529983
40,0.476170631477
41,0.0891063197687
42,0.237432504442
43,0.206895371033
44,0.421790516152
45,0.520050400264
46,0.219248236711
47,0.606923917762
48,0.227328430529
49,0.0107921619477
50,0.269903271
51,0.40567062387
52,0.42392651272
53,0.552747292542
54,0.480416253735
55,0.271669945179
56,0.0315728032556
57,0.487111880077
58,0.463368903017
59,0.317009144232
60,0.0
61,0.468092466701
62,0.508821692436
63,0.255363757757
64,0.0
65,0.466916466408
66,0.444424682703
67,0.487831879369
68,0.346797305371
69,0.138070151693
70,0.216232301179
71,0.316352414404
72,0.37301893929
73,0.339733730431
74,0.194388043835
75,0.301129657256
76,0.605466723602
77,0.209103465151
78,0.556307543903
79,0.291391475542
80,0.0
81,0.0718911755403
82,0.0980469957517
83,0.0752211825702
84,0.283168827475
85,0.420795102639
86,0.426835963362
87,0.180838218075
88,0.0972149335426
89,0.275759963237
90,0.294114470495
91,0.172258126727
92,0.395355767359
93,0.544072673633
94,0.422144635927
95,0.130870635011
96,0.315158688366
97,0.599084030969
98,0.447149109822
99,0.455752355313
100,0.418808790889
101,0.418579428215
102,0.460044412419
103,0.626599968463
104,0.416852028013
105,0.395161587651
106,0.571878489894
107,0.553939288982
108,0.0857028449626
109,0.265439684197
110,0.438026966888
111,0.29310115367
112,0.362961391257
113,0.0582222402963
114,0.371470057249
115,0.148180397278
116,0.55488023559
117,0.5755525455
118,0.33207001501
119,0.251629583802
120,0.311756904563
121,0.366981235884
122,0.186181011084
123,0.428243664662
124,0.288059460315
125,0.309823460632
126,0.378415173052
127,0.17301020159
128,0.268007621199
129,0.283410670872
130,0.315678993376
131,0.208812677188
132,0.296498717823
133,0.406691206894
134,0.446769924702
135,0.154516738339
136,0.279872813187
137,0.402372040055
138,0.569334807936
139,0.285723122308
140,0.192507837562
141,0.431275789083
142,0.573882600574
143,0.250688316185
144,0.181093313321
145,0.287196257393
146,0.407574604484
147,0.455630327662
148,0.0
149,0.534458018124
150,0.3818435867
151,0.157226289765
152,0.36716635784
153,0.458005854832
154,0.452111326304
155,0.265105231953
156,0.248233075954
157,0.393236699572
158,0.0287777616548
159,0.329228464381
160,0.455413520354
161,0.556634307324
162,0.185433460448
163,0.485409138246
164,0.255847623481
165,0.00771151498634
166,0.210649665167
167,0.264406980924
168,0.191471120363
169,0.360325969714
170,0.468921397266
171,0.483304575288
172,0.370407884086
173,0.566245793438
174,0.526485745318
175,0.419247319272
176,0.34666275345
177,0.0
178,0.34629347407
179,0.0515564391503
180,0.271094063152
181,0.0447994074882
