"site","dnds"
378,0.193778782866
379,0.0696447536008
380,0.458471148627
381,0.20153387894
382,0.363829524161
383,0.369127948197
384,0.3332721431
385,0.385156754521
386,0.250390346417
387,0.39146456868
388,0.38954580315
389,0.654986204691
390,0.17164126602
391,0.236513775829
392,0.378727844153
393,0.445724273788
394,0.334516347553
395,0.255976855262
396,0.49693558969
397,0.5323467475
398,0.421980160474
399,0.514138358523
400,0.489471803818
401,0.491320602962
402,0.299722119006
403,0.545772170224
404,0.383358464159
405,0.354846922384
406,0.137871175785
407,0.251198340807
408,0.361412382018
409,0.40623800021
410,0.133849759318
411,0.130286658958
412,0.418711756019
413,0.459343738967
414,0.173879672447
415,0.0476096303868
416,0.311585701783
417,0.17150433159
418,0.0
419,0.132201454446
420,0.108672238217
421,0.244040329619
422,0.0440659370566
423,0.343661190637
424,0.400903015528
425,0.178141487936
426,0.0
427,0.281927546418
428,0.166498712297
429,0.0917052245149
430,0.03296714217
431,0.238365868121
432,0.146169111417
433,0.198886487705
434,0.366967437138
435,0.2486431416
436,0.0956283313435
437,0.15699027927
438,0.197074689283
439,0.0264812652765
440,0.539885983557
441,0.0
442,0.220432225397
443,0.22814783957
444,0.378064807361
445,0.0437145501158
446,0.497201397948
447,0.236975670897
448,0.0968141197827
449,0.197851914104
450,0.461819998036
451,0.220363291337
452,0.324326995848
453,0.172703196702
454,0.18594017801
455,0.54454719882
456,0.514184318653
457,0.400432397036
458,0.453740326572
459,0.295688840529
460,0.383712551744
461,0.507506081886
462,0.0399557757843
463,0.107516248802
465,0.364083343866
466,0.68212692231
467,0.295082227199
468,0.431817034534
469,0.106447041113
470,0.337865008226
471,0.0857892116861
472,0.537595501427
473,0.426673299075
474,0.264783098158
475,0.258531375448
476,0.267158880887
477,0.170903863368
478,0.0686197833574
479,0.0
480,0.377151214774
481,0.157718486667
482,0.395313891924
483,0.0157170296015
484,0.232283707079
485,0.0
486,0.506830115824
487,0.166753763811
488,0.375827151788
489,0.506306806341
490,0.00153645554229
491,0.0
492,0.121766314008
493,0.374534026535
494,0.15161160836
495,0.435189797743
496,0.187471132663
497,0.426711959732
498,0.122534191148
499,0.496295644242
500,0.295421761664
501,0.0742604987014
502,0.361935836991
503,0.00139885121276
504,0.233070509443
505,0.0957666000385
506,0.339684938723
507,0.329346657154
508,0.594678564346
510,0.515737921567
511,0.474979283248
512,0.377542525397
513,0.0
514,0.301650626854
515,0.319188600309
516,0.399801823248
517,0.318231255266
518,0.547548536111
519,0.280332959674
520,0.464001369443
521,0.15685348519
