"site","dnds"
4,0.335528997484
5,0.364109224459
6,0.145774994421
7,0.0861742658795
8,0.591054270427
9,0.28961008159
10,0.385596641425
11,0.139747337656
12,0.29968667824
13,0.0798960791752
14,0.20627507804
15,0.427213660352
16,0.390134107961
17,0.18315068024
18,0.034237728685
19,0.509322577633
20,0.184418208287
21,0.443974593918
22,0.0544154875894
23,0.503195394472
24,0.0703040679217
25,0.308845438738
26,0.167638281714
27,0.420837830761
28,0.636811393224
29,0.217021059771
30,0.376829126741
31,0.28680425132
32,0.497838244622
33,0.12402012071
34,0.442578598716
35,0.0107188076569
36,0.499392780959
37,0.150717366912
38,0.0
39,0.140902912019
40,0.143118942267
41,0.201062797182
42,0.700825464548
43,0.262619795074
44,0.313693831967
45,0.48015637632
46,0.205850733286
47,0.170236276957
48,0.482607753064
49,0.121048595994
50,0.119422659447
51,0.444550416413
52,0.0259064035079
53,0.061966410057
54,0.373898817988
55,0.290899095542
56,0.523902366387
57,0.349792237957
58,0.278588983611
59,0.207291416991
60,0.281423993994
61,0.176460236232
62,0.507832479872
63,0.0
64,0.399874553083
65,0.376024316873
66,0.393672608506
67,0.32006444346
68,0.210936895766
69,0.240541451028
70,0.64052033686
71,0.514823021156
72,0.0
73,0.387337783044
74,0.461084700632
75,0.299303649468
76,0.19324221189
77,0.115956083376
78,0.214386576801
79,0.200495134
80,0.50247251628
81,0.294744237477
82,0.463623050038
83,0.304867787445
84,0.504678671567
85,0.227277613346
86,0.518838622428
87,0.106629134437
88,0.499668272181
89,0.317666613293
90,0.053612945026
91,0.604659692778
92,0.619024252411
93,0.00511540007076
94,0.0882368758073
95,0.516699184259
96,0.219689243326
97,0.454748459027
98,0.314746110507
99,0.450822314903
100,0.187435216447
101,0.134458145037
102,0.0319543568803
103,0.0055309316967
104,0.146772493776
105,0.356239114848
106,0.31425078224
107,0.0
108,0.0869559852849
109,0.00355605500242
110,0.261121835136
111,0.071178833092
112,0.0622918570134
113,0.396359259878
114,0.463091732446
115,0.463121123519
116,0.275368323842
117,0.182294861132
118,0.168931954695
119,0.154104100259
120,0.392827233868
121,0.398680653981
122,0.0660827076671
123,0.412300890347
124,0.408911783541
