"site","dnds"
1,0.238072635378
6,0.232727668799
7,0.122738657712
8,0.14479198917
9,0.322631542608
10,0.425245767929
11,0.293832505953
12,0.48149129904
13,0.255999478613
14,0.0822941883753
15,0.234872324567
16,0.316909108446
17,0.453614927359
18,0.296132330908
19,0.26869462769
20,0.317662292541
21,0.562287613079
22,0.396246279919
23,0.241323414322
24,0.26661968534
25,0.442800175522
26,0.357725223016
27,0.625378847362
28,0.248446936666
29,0.540284734743
30,0.401182325326
31,0.493056282107
32,0.636022092716
33,0.316003003015
34,0.501250754425
35,0.397114897384
36,0.274383291107
37,0.350927534838
38,0.436353969577
39,0.455049011448
40,0.0
41,0.429191986476
42,0.385287531585
43,0.195864075911
44,0.420591298415
45,0.0220990163463
46,0.47363205184
47,0.0
48,0.153922275231
49,0.316456904565
50,0.0450233232124
51,0.562185550958
52,0.354244938076
53,0.322598608811
54,0.0
55,0.547170166718
56,0.400253861313
57,0.3900896399
58,0.521302827578
59,0.0125729758604
60,0.145478040726
61,0.121136882391
62,0.396462713746
63,0.465574044724
64,0.400579757943
65,0.374394848238
66,0.00787857956287
67,0.420184051378
68,0.0733754220595
69,0.418769319169
70,0.433259842534
71,0.0
72,0.348489910021
73,0.177921272075
74,0.558623507083
75,0.43886592663
76,0.205975877206
77,0.152935213311
78,0.226178260985
79,0.206136129778
80,0.358303160145
81,0.169869269753
82,0.252990297938
83,0.0
84,0.0
85,0.263290561507
86,0.0824602606857
87,0.489504214221
88,0.323831577156
89,0.00511540007076
90,0.488433147421
91,0.428093289596
92,0.532528115209
93,0.126738242673
94,0.205596632414
95,0.128290657174
96,0.312947363278
97,0.111814262749
98,0.402694756649
99,0.0328403728705
100,0.46354359893
101,0.260718266268
102,0.45640335663
103,0.0857388919546
104,0.301711252397
105,0.510178150363
106,0.0481112433569
107,0.243646751685
108,0.406570433478
109,0.436606903703
110,0.058679944794
111,0.294082027115
112,0.482261357284
113,0.51365022424
114,0.277471154779
115,0.194424351911
116,0.0
117,0.0746509631391
118,0.26746843345
119,0.176864566086
120,0.437527486307
121,0.147964143283
122,0.469668399289
123,0.279277256587
124,0.44714969131
125,0.561026885442
126,0.472843392788
127,0.00640291976621
128,0.341974122112
129,0.619714873434
130,0.556326140108
131,0.137425740084
132,0.0108783900438
133,0.0815990884535
134,0.168960168667
135,0.366639729444
136,0.439486892924
137,0.502197223624
138,0.0993192487801
139,0.155465743085
140,0.475966776254
141,0.400498252413
142,0.198213049678
143,0.374791451439
144,0.243489021425
145,0.449018701183
146,0.150754776702
147,0.0159707253128
148,0.456375325826
149,0.289989575441
150,0.0
