"site","dnds"
2,0.0219576764417
3,0.368598153711
4,0.29742432005
5,0.392609699178
6,0.473513989883
7,0.49568322495
8,0.0256180391936
9,0.516034357041
10,0.268912442521
11,0.48915166212
12,0.438082009289
13,0.164909466459
14,0.51263867389
15,0.445255955566
16,0.389630518292
17,0.146895332263
18,0.341004596433
19,0.334768889825
20,0.0094386162885
21,0.315890589513
22,0.210612258203
23,0.261351475476
24,0.20622173854
25,0.470976168876
26,0.341047263961
27,0.199211779617
28,0.15827518196
29,0.103643246196
30,0.470071304655
31,0.481808472261
32,0.143571501073
33,0.458140953618
34,0.240628008889
35,0.333400438353
36,0.19998461971
37,0.44978510336
38,0.164188533025
39,0.759188328713
40,0.4868508173
41,0.603350368017
42,0.681305376635
43,0.0
44,0.299739017714
45,0.32929966965
46,0.0249975695338
47,0.433731206462
48,0.073310527976
49,0.314578591106
50,0.29239839622
51,0.400026105312
52,0.124365860425
53,0.322724690615
54,0.255768259111
55,0.526511320434
56,0.0
57,0.180873028429
58,0.120658268363
59,0.535738734457
60,0.226907266447
61,0.112335583365
62,0.552119993583
63,0.301187097322
64,0.464335733453
65,0.526955358114
66,0.448333303576
67,0.707944400956
68,0.515609771073
69,0.391720207136
70,0.438328046706
71,0.348937592269
72,0.612006632026
73,0.376144969588
74,0.458567510396
75,0.12483205654
76,0.299226226341
77,0.388946629211
78,0.19813517881
79,0.240136121962
80,0.308318111064
81,0.121374003166
82,0.323400955756
83,0.463341874728
84,0.489012266675
85,0.185592245124
86,0.401143930189
87,0.475181265591
88,0.423999213479
89,0.445222879269
90,0.227198787662
91,0.130122115268
92,0.409819313591
93,0.218195447189
94,0.0
95,0.294514905859
96,0.164955580828
97,0.376448000442
98,0.63391948975
99,0.419951859214
100,0.468959766317
101,0.568220115597
102,0.333854186722
103,0.213330839584
104,0.347567391024
105,0.438683633518
106,0.300488428003
107,0.518180458376
108,0.0
109,0.332362600621
110,0.375102367525
111,0.281455352284
112,0.252325718528
113,0.490266510744
114,0.395263571812
115,0.392353949443
116,0.342333178152
117,0.292875363741
118,0.24399028721
119,0.327106090705
120,0.432702608607
121,0.125009644507
122,0.222570059103
123,0.366882147379
124,0.369813526414
125,0.156731061071
126,0.379223216441
127,0.392413441349
128,0.575817541344
129,0.176578459565
130,0.40685022162
131,0.355134554333
