"site","dnds"
3,0.132898825166
4,0.303489383656
5,0.244904339616
6,0.440648482571
7,0.38873808752
8,0.306687645457
9,0.046372286966
10,0.234543173443
11,0.178642401015
12,0.318530697878
13,0.0608169563412
14,0.0838860551878
15,0.267415107023
16,0.601240488514
17,0.306413178341
18,0.208480130326
19,0.436172574388
20,0.466859524121
21,0.457080317289
22,0.399849701333
23,0.520873582626
24,0.278667513716
25,0.498778896528
26,0.355077209011
27,0.0189085271616
28,0.0
29,0.0589367625978
30,0.0535604375143
31,0.400027482851
32,0.468229850362
33,0.277764174833
34,0.451941388588
35,0.264334877908
36,0.0053134353389
37,0.397544817324
38,0.306427267978
39,0.168456801103
40,0.571178663304
41,0.0131626957958
42,0.520671965422
43,0.359771909761
44,0.299644696367
45,0.47784359013
46,0.034546120382
47,0.00718544973669
48,0.469619459257
49,0.514854016279
50,0.466412913504
51,0.562724542631
52,0.0
53,0.327110591015
54,0.162981943273
55,0.178263193923
56,0.507280314633
57,0.142600993732
58,0.610562632392
59,0.210202365329
60,0.655740262861
61,0.488544476277
62,0.497179536679
63,0.323153361627
64,0.584889602662
65,0.297589147295
66,0.428506623473
67,0.598966684486
68,0.00275343654852
69,0.432817267088
70,0.552767788121
71,0.350834737564
72,0.452511586693
73,0.221641146354
74,0.699585673533
75,0.0555474307806
76,0.65358198342
77,0.302206842956
78,0.00242606346369
79,0.384079309797
80,0.496320286917
81,0.0975920157134
82,0.291752743584
83,0.0298064135526
84,0.228499025179
85,0.304739789004
86,0.0947684501848
87,0.169708379475
88,0.43530808739
89,0.446945844432
90,0.0598383275406
91,0.238163198748
92,0.254702195483
93,0.140855470244
94,0.0607176841334
95,0.459149837425
96,0.20094987733
97,0.0546074282444
