"site","dnds"
34,0.264605075237
35,0.536008099316
36,0.361098839262
37,0.175694676464
38,0.338349675767
39,0.221730638124
40,0.210025648047
41,0.473057512529
42,0.686701155009
43,0.669443780237
44,0.00770999424196
45,0.0458442906946
46,0.365723840289
47,0.286526503424
48,0.243439159475
49,0.521777268049
50,0.51660820736
51,0.480979701984
52,0.406028736522
53,0.0792365200751
54,0.509394761954
55,0.398728747933
56,0.603421042826
57,0.0953918561575
58,0.589984122066
59,0.491208634443
60,0.55365420907
61,0.142710459818
62,0.153092006508
63,0.156870909306
64,0.284444743314
65,0.174028621842
66,0.239184701682
67,0.277953546785
68,0.418175022058
69,0.501079745811
70,0.316921569388
71,0.418947888067
72,0.398958423746
73,0.301046610136
74,0.0
75,0.575726341407
76,0.429816500335
77,0.682626229038
78,0.353325474233
79,0.443616031118
80,0.147479219252
81,0.276353093613
82,0.36293176439
83,0.478392552206
84,0.334947405569
85,0.161271864433
86,0.0
87,0.0
88,0.273165726544
89,0.387627224463
90,0.37032843144
91,0.282602267092
92,0.184779521136
93,0.404051401132
94,0.311123232959
95,0.262860828834
96,0.406777430166
97,0.513954839585
98,0.395300560721
99,0.361912388827
100,0.0322010721301
101,0.0489777608798
102,0.502377444454
103,0.195411535421
104,0.213618593034
105,0.309704210573
106,0.448767020424
107,0.0435878180805
108,0.552101367869
109,0.008197003881
110,0.0233424949359
111,0.0591335538936
112,0.404714167042
113,0.344163786528
114,0.160951941462
115,0.499550315413
116,0.357403648898
117,0.319363412915
118,0.27969589104
119,0.358512470317
120,0.384863637982
121,0.559689144131
122,0.305858478848
123,0.00516535766174
124,0.280939273462
125,0.268028029742
126,0.307006000646
127,0.0952592269087
128,0.239363774161
129,0.358354988942
130,0.494664415167
131,0.531903064631
132,0.103722077768
133,0.555048944979
134,0.242362347179
135,0.273891579045
136,0.522973584721
137,0.451252459683
138,0.368957677173
139,0.494594095843
140,0.401519104621
141,0.388881223125
142,0.0540456238301
143,0.653063381755
144,0.376148187876
145,0.431321127373
146,0.0256074079061
147,0.480715791315
148,0.27789490796
149,0.242546617081
150,0.252680773557
151,0.0906781784407
152,0.0
153,0.193172548353
154,0.206726752641
155,0.173391225689
156,0.304311100819
157,0.372938223111
158,0.316040368358
159,0.504441275471
160,0.0922132695719
161,0.336400933135
162,0.193980542292
163,0.456425497105
164,0.0346961896889
165,0.515449791444
166,0.244535674843
167,0.58406669502
168,0.282229872964
169,0.556444475861
170,0.181266367414
171,0.144127404517
172,0.336459940019
173,0.282687317203
174,0.268891003554
175,0.4231810168
176,0.33426833383
177,0.439474580937
178,0.46505196452
179,0.26428925956
180,0.283800888092
181,0.141553358857
182,0.0
183,0.496148621838
184,0.140423089371
185,0.126349075601
186,0.285937204684
187,0.04089265431
188,0.473380851795
189,0.166111453977
190,0.413321883878
191,0.543833555784
192,0.371713228372
193,0.549856331589
194,0.13799471369
195,0.441310175644
196,0.52467702357
197,0.502508776554
198,0.452249149728
199,0.0392350794611
200,0.349645916976
201,0.390944160356
202,0.341515317709
203,0.0970635096365
204,0.45855866322
205,0.294484240457
206,0.0
207,0.0168318855795
208,0.49024305639
209,0.17236036993
210,0.48721164038
211,0.193062336625
212,0.492059812464
213,0.176508375422
214,0.00942740082917
215,0.313483636994
216,0.200744487524
217,0.187585003904
218,0.148326044292
219,0.296470298125
220,0.49190868948
221,0.357561095765
222,0.587617675945
223,0.422464933053
224,0.313300183833
225,0.599459053365
226,0.234289628181
227,0.00695002968411
