"site","dnds"
3,0.293785828107
4,0.351072894215
5,0.126228081394
6,0.174170314769
7,0.2962767926
8,0.150373703973
9,0.239899552168
10,0.0225378736778
11,0.143277683197
12,0.486922714618
13,0.0341197742499
14,0.0302034049955
15,0.339258284718
16,0.560689744762
17,0.48296917507
18,0.379442617319
19,0.0145581535107
20,0.524660410968
21,0.569408626453
22,0.453773048531
23,0.352962701942
24,0.444816149958
25,0.216154787887
26,0.128411553913
27,0.33388258133
28,0.429231746846
29,0.327946659725
30,0.0
31,0.0803086240294
32,0.544519549396
33,0.383154804168
34,0.387483785504
35,0.541548651515
36,0.189989421406
37,0.160704886977
38,0.292606841454
39,0.411631339713
40,0.285112357281
41,0.372931128794
42,0.195553550264
43,0.0200673573564
44,0.358418349441
45,0.305884176972
46,0.191822321296
47,0.45065444615
48,0.761389572768
49,0.289916287632
50,0.230925734042
51,0.306155498524
52,0.343733334602
53,0.28936254002
54,0.37003975005
55,0.307562690011
56,0.396914264056
57,0.389784869411
58,0.201971127115
59,0.378805894679
60,0.495835070841
61,0.318570881084
62,0.21528201739
63,0.249012342224
64,0.466944843141
65,0.509040118417
66,0.326886718205
67,0.0
68,0.362494399597
69,0.344027670861
70,0.358349711996
71,0.14994119149
72,0.224981846474
73,0.319703636213
74,0.282357522463
75,0.250700077237
76,0.231171772481
77,0.0718403251663
78,0.395384341827
79,0.0
80,0.159927707137
81,0.161350100122
82,0.417223223949
83,0.374474106201
84,0.190088776455
85,0.320168344116
86,0.346796974242
87,0.160367767984
88,0.53701871405
89,0.359944304339
90,0.177029669834
91,0.270857931166
92,0.0248896691427
93,0.401516266121
94,0.433306865985
95,0.498747766585
96,0.239088804573
97,0.623225443189
98,0.489663097603
99,0.141397828695
100,0.111991214345
101,0.470434746407
102,0.187573113673
103,0.16509919064
104,0.0913892433888
105,0.35614613048
106,0.0993462771721
107,0.129193295414
108,0.548456131864
109,0.415993123321
110,0.314491778356
111,0.396400602877
112,0.456065761405
113,0.0314981845229
114,0.481713288617
115,0.448887371823
116,0.0
117,0.510537433883
118,0.169931312993
119,0.044367723641
120,0.337556303259
121,0.404279310934
122,0.13482103356
123,0.043900657794
124,0.108688814635
125,0.138746406911
126,0.348141793018
127,0.324221616976
128,0.0557531735834
129,0.144763221755
130,0.0463416504385
131,0.457756574515
132,0.428649099043
133,0.0639911974137
134,0.167287301245
135,0.395458766986
136,0.294665689079
137,0.426067092377
138,0.508032714989
139,0.37141167606
140,0.298484860858
141,0.247124993908
142,0.353125229318
143,0.236117794503
144,0.436852173014
145,0.0
146,0.160555028472
147,0.233296743404
148,0.0921009687409
149,0.279213345957
150,0.349577378994
151,0.377561409453
152,0.350362654401
153,0.0
154,0.415603106442
155,0.406440916688
156,0.207920729017
157,0.233722453119
158,0.20554699183
159,0.235575023016
160,0.187416173545
161,0.544437133231
162,0.145530839347
163,0.41373693993
164,0.410725214619
165,0.1769857754
166,0.337065343433
167,0.402988883281
168,0.231185171459
169,0.0941580491009
170,0.324661077279
171,0.299194779007
172,0.0851998553347
173,0.154265610762
174,0.467023511747
175,0.0265418300093
176,0.0915893002426
177,0.00433011474369
178,0.200306591594
179,0.00849544319281
180,0.264845137423
181,0.252517164098
