"site","dnds"
1,0.266138826637
2,0.469554864651
3,0.0654283258239
4,0.169789780921
5,0.629167982783
6,0.378381202321
7,0.595897047201
8,0.177368633363
9,0.624343155547
10,0.347795765075
11,0.0885592740862
12,0.577463314047
13,0.110259111747
14,0.649877276167
15,0.0486948387396
16,0.246308574778
17,0.669444769778
18,0.136921022228
19,0.36774506315
20,0.218641187235
21,0.0100014814216
22,0.662756219259
23,0.0186268321961
24,0.407803038168
25,0.613857205674
26,0.646641465616
27,0.458920538458
28,0.589109994761
29,0.366600996173
30,0.149539774322
31,0.372243330153
32,0.0960300665933
33,0.580424637858
34,0.585826817548
35,0.427239499724
36,0.546584168277
37,0.619859526684
38,0.0
39,0.310852827638
40,0.256124353908
41,0.552841624004
42,0.224098426921
43,0.424505937683
44,0.582509417978
45,0.522120066516
46,0.555945579182
47,0.348259588959
48,0.319425235217
49,0.726782841918
50,0.469825921708
51,0.227039230658
52,0.497702239645
53,0.576965319608
54,0.664814254474
55,0.365214254204
56,0.615991934046
57,0.392283020994
58,0.481801294804
59,0.646940698207
60,0.417947246939
61,0.369326479948
62,0.552592343888
63,0.696652363763
64,0.385271246899
65,0.520473054003
66,0.278748622107
67,0.647941271243
68,0.547596695097
69,0.449770225992
70,0.600758086239
71,0.132917203985
72,0.447960396027
73,0.59479185437
74,0.678446386622
75,0.297179216598
76,0.548536260248
77,0.511966778224
78,0.628450280955
79,0.609542995207
80,0.652466461347
81,0.622200473738
82,0.673215330637
83,0.385933805839
84,0.528093678637
85,0.456820807367
86,0.463332214348
87,0.521148801117
88,0.516755287109
89,0.0
90,0.301713632603
91,0.478284254793
92,0.306314913479
93,0.361163586551
94,0.354577778709
95,0.122565915102
96,0.363567392368
97,0.172550860438
98,0.740145219283
99,0.553157262153
100,0.216450145934
101,0.421527620763
102,0.600558105205
103,0.625449857024
104,0.543510821601
105,0.521200365034
106,0.538086300883
107,0.569271121705
108,0.578912414407
109,0.556652330334
110,0.409547463745
111,0.482010116844
112,0.586453734664
113,0.635592346943
114,0.35754932527
115,0.304219453781
116,0.407337500224
117,0.249691946244
118,0.339784043774
119,0.578649502109
120,0.395642088651
121,0.726589003837
122,0.373315596134
123,0.141918461269
124,0.0298366298111
125,0.274908047828
126,0.509772068469
127,0.608430929523
128,0.0540081005228
129,0.575251180488
130,0.590732988758
131,0.636424381752
132,0.56115199645
133,0.231436731007
134,0.576448522706
135,0.428408962859
136,0.495790650564
137,0.0909142726637
138,0.516632855535
139,0.498759290474
140,0.250018366856
141,0.327373956643
142,0.438778204866
143,0.392913291147
144,0.15161716467
145,0.268257140162
146,0.391699428482
147,0.440001951136
148,0.0818964083141
149,0.454885691203
150,0.596088401454
151,0.423454919013
152,0.432698863997
153,0.250487862895
154,0.106168302373
155,0.262978065919
