"site","dnds"
1,0.141303280612
2,0.311590908628
3,0.530038127297
4,0.29662540841
5,0.359040887769
6,0.369041546268
7,0.160084258932
8,0.423556613604
9,0.385790677418
10,0.480623353414
11,0.444322860579
12,0.493088800874
13,0.51436955029
14,0.480403724736
15,0.440646289303
16,0.476689148049
17,0.5133610401
18,0.580427569356
19,0.343486032556
20,0.348702725722
21,0.406284372764
22,0.36350712164
23,0.544241979796
24,0.418859616007
25,0.431128902006
26,0.422851522033
27,0.475280115747
28,0.338069378397
29,0.0780351263183
30,0.209648648752
31,0.482543082625
32,0.413984233327
33,0.288446842893
34,0.344769190609
35,0.408898047606
36,0.507612521025
37,0.348287845192
38,0.211079930595
39,0.135376250839
40,0.364217025631
41,0.0492550605111
42,0.143015138687
43,0.175741725412
44,0.27525034563
45,0.12612315855
46,0.278430623307
47,0.0776501458963
48,0.233156667828
49,0.0835162860692
50,0.172530905684
51,0.346067059222
52,0.374303199902
53,0.412123122182
54,0.123618562753
55,0.396768241123
56,0.132879755712
57,0.511706985237
58,0.0579868710255
59,0.362077558095
60,0.32125297885
61,0.376219923416
62,0.176765706083
63,0.288500644007
64,0.375215715003
65,0.0517390432132
66,0.288290421932
67,0.285252874575
68,0.463018740681
69,0.371364387151
70,0.0206069699497
71,0.0898419821459
72,0.370969448466
73,0.493943192676
74,0.0362700893346
75,0.153512964366
76,0.00822575913223
77,0.284768443965
78,0.670259739249
79,0.354795357895
80,0.243105841826
81,0.3092055783
82,0.574816443232
83,0.517288848921
84,0.365738642625
85,0.305770225114
86,0.212159922046
87,0.389221742459
88,0.101644086077
89,0.280117087838
90,0.173084527202
91,0.0615867890166
92,0.37558681451
93,0.363174180387
94,0.188687956182
95,0.489043847635
96,0.472891975273
97,0.362961218235
98,0.256734737646
99,0.0441095784016
100,0.191238018957
101,0.203488869546
102,0.051347454782
103,0.365984028489
104,0.23755719499
105,0.0704417317151
106,0.129172880211
107,0.457100218608
108,0.181041648993
109,0.0727762474776
110,0.0707050230822
111,0.20920176899
112,0.137944565866
113,0.184131287458
114,0.212169303838
115,0.42563728082
116,0.233486561551
117,0.276289186084
118,0.295190350399
119,0.0
120,0.681921048872
121,0.0780707196808
122,0.660829682397
123,0.338704145396
124,0.603252883229
125,0.566629387783
126,0.229166941571
127,0.105051261998
128,0.380545555363
129,0.363754221834
130,0.218522138885
131,0.23447548568
132,0.568075095144
133,0.022863421294
134,0.229000114976
135,0.0674600600707
136,0.311831538341
137,0.185440933872
138,0.582972556845
139,0.23234751646
140,0.135326993968
141,0.227568228338
142,0.490755585258
143,0.389593695612
144,0.0614522307177
145,0.281603705003
146,0.472761418839
147,0.222017899408
148,0.0191153392106
149,0.310276782206
150,0.386228744223
151,0.627744017643
152,0.0425729806156
153,0.19064379079
154,0.45304460219
155,0.249540313796
156,0.255281216371
157,0.051955346237
158,0.179248601679
159,0.510066665563
160,0.0527718626679
161,0.190950152862
162,0.278252088015
163,0.484317010115
164,0.233236516319
