"site","dnds"
123,0.589647010664
124,0.489626157437
125,0.486102956888
126,0.539746548782
127,0.147128029141
128,0.303401343443
129,0.147294182676
130,0.270908450346
131,0.523173725774
132,0.0542700157398
133,0.38772413108
134,0.411215758174
135,0.370804583944
136,0.215178739997
137,0.455891695702
138,0.36997308554
139,0.536011281475
140,0.487626272237
141,0.310742960993
142,0.0
143,0.20007145387
144,0.319571453916
145,0.0351986299825
146,0.245771886208
147,0.180698544328
148,0.503988123062
149,0.391876645235
150,0.046395832311
151,0.130596483752
152,0.086581217184
153,0.093570425003
154,0.598730788738
155,0.0743654370181
156,0.620276020517
157,0.133586338107
158,0.515249675432
159,0.442304021437
160,0.335184189957
161,0.278808287264
162,0.458013182317
163,0.497762385662
164,0.128904107102
165,0.452696840675
166,0.157870903313
167,0.292799116501
168,0.431959536726
169,0.201587882291
170,0.404245419033
171,0.346177412741
172,0.317567937933
173,0.190556945151
174,0.10033930661
175,0.217129734128
176,0.0186418994076
177,0.208058908551
178,0.591205551926
179,0.469576779181
180,0.429241733369
181,0.246024425255
182,0.11794668641
183,0.259453291077
184,0.321174136774
185,0.250176299013
186,0.464013394216
187,0.282620427433
188,0.373692516011
189,0.547051805487
190,0.193021671769
191,0.0
192,0.0746670757592
193,0.344387352797
194,0.206385636123
195,0.307485401036
196,0.298283204714
197,0.209620627962
198,0.43536277765
199,0.214363365945
200,0.123241104795
201,0.521352194036
202,0.319632633878
203,0.144486405364
204,0.393705524194
205,0.30370228583
206,0.225593126239
207,0.426691507047
208,0.362729234449
209,0.520216724903
210,0.499631634545
211,0.581174768589
212,0.396714674068
213,0.555947562913
215,0.463894780278
216,0.375739889742
217,0.364930717255
218,0.308185803931
219,0.384303589325
220,0.0
221,0.483732226496
222,0.388692432783
223,0.136143822629
224,0.502705100018
225,0.284483734802
226,0.288452907176
227,0.472564595131
228,0.311601222792
229,0.20791624889
230,0.54748087158
231,0.0
232,0.572005088182
233,0.526714731086
234,0.40227432604
236,0.33794698755
237,0.578051194519
238,0.597892687226
239,0.597106446253
240,0.502310650176
241,0.428116648859
242,0.166069262352
243,0.339722553969
244,0.427319778488
245,0.331720174865
246,0.258495874547
247,0.0206898252347
248,0.190953802798
249,0.423894110256
250,0.433608982916
251,0.320719358784
252,0.0382313613651
253,0.379684324498
254,0.582042058472
255,0.327001081127
256,0.312786672326
257,0.140309889247
258,0.28441955944
259,0.15115871335
260,0.595364389835
261,0.473575612698
262,0.377886342597
263,0.542045835968
264,0.666337477629
265,0.243307621856
266,0.576450182305
267,0.353163235969
268,0.545677110353
269,0.154336424416
270,0.397301854256
271,0.137838355514
272,0.27458985578
273,0.209035073293
274,0.443407205253
275,0.262959691375
276,0.368523758361
277,0.615802344646
278,0.436551763601
279,0.320142492203
281,0.556479388996
282,0.327621533814
283,0.530402627583
284,0.583282028732
285,0.0724914904987
287,0.0584353618157
288,0.115253212159
289,0.39766838596
290,0.0
291,0.0770531261216
292,0.00980266392822
293,0.149801645165
294,0.324322392206
295,0.0479374309502
296,0.368631784331
297,0.1661464
298,0.406736744394
299,0.0295860722228
300,0.481647117945
301,0.078160883795
302,0.540991344439
303,0.073306180846
304,0.418331368454
305,0.510491935486
306,0.665314271349
307,0.262179160508
308,0.473904023637
310,0.346035438481
311,0.339957253175
312,0.528281778673
313,0.0
314,0.728163148151
315,0.533950634159
316,0.654868216331
317,0.261537962181
318,0.488196573142
319,0.0520355501903
320,0.379841111346
321,0.236110350827
