"site","dnds"
1,0.607222402696
2,0.212475601265
3,0.360527257356
4,0.495738993366
5,0.476119819893
6,0.458857068352
7,0.179896278165
8,0.527384918373
9,0.556463496331
10,0.331379858296
11,0.492504843767
12,0.0
13,0.402010479203
14,0.312431645372
15,0.203488374743
16,0.2183560029
17,0.411754967447
18,0.132386186671
19,0.385966545545
20,0.0323822363752
21,0.460522866342
22,0.549662051781
23,0.0
24,0.272649712053
25,0.15514138214
26,0.346324364273
27,0.133852071866
28,0.0
29,0.343750632974
30,0.00458030829331
31,0.269068780387
32,0.264998792446
33,0.226380843283
34,0.117906925698
35,0.321000626059
36,0.592450940458
37,0.147329187848
38,0.38673168026
39,0.420185700942
40,0.416397125281
41,0.559422558493
42,0.0923709326454
43,0.327748858846
44,0.425612610198
45,0.532281990971
46,0.160088107729
47,0.219383045847
48,0.44289458386
49,0.680264429068
50,0.614682158479
51,0.0
52,0.424751752681
53,0.302698450238
54,0.183495563751
55,0.0710079329398
56,0.0251650394431
57,0.199571677631
58,0.144763332267
59,0.37233497882
60,0.526454221269
61,0.302747607611
62,0.324649252796
63,0.11702946606
64,0.421583706328
65,0.452370700711
66,0.306634590407
67,0.0827478283084
68,0.425186760698
69,0.427716417019
70,0.547750891541
71,0.498172020869
72,0.424515430468
73,0.480512703372
74,0.345159848092
75,0.412698419476
76,0.397894564805
77,0.578114554782
78,0.231791867004
79,0.289885082221
80,0.412214772993
81,0.312743433275
82,0.187251972945
83,0.540943120922
84,0.144294273303
85,0.19169441195
86,0.364184081255
87,0.219751700962
88,0.164319554958
89,0.332150086027
90,0.492378182364
91,0.101850813478
92,0.138464761171
93,0.371275516795
94,0.33633779417
95,0.267640272594
96,0.135784868036
97,0.196718087021
98,0.173203984856
99,0.248799263096
100,0.384038480008
101,0.415378354158
102,0.53032306384
103,0.248378987029
104,0.341567488279
105,0.463860315302
106,0.577047131261
107,0.003852060139
108,0.650935626734
109,0.349711365945
110,0.132432887217
111,0.429471054692
112,0.335352788661
113,0.462623098877
114,0.477404008352
115,0.376735875334
116,0.462270389273
117,0.617327472842
118,0.224578052062
119,0.4295784445
120,0.316637625277
121,0.333101994224
122,0.492557213365
123,0.434177979822
124,0.15012487718
125,0.33763905377
126,0.534096988746
127,0.404748734158
128,0.500978350168
129,0.130802941546
130,0.391091607653
131,0.368386634702
132,0.612382774985
133,0.617204967523
134,0.506363644802
135,0.179227902804
136,0.059058960711
137,0.201707918617
138,0.43449378734
139,0.11285528996
140,0.316730387621
141,0.57720635479
142,0.569028937597
143,0.298337500195
144,0.311428650284
145,0.53110297072
146,0.169113053227
147,0.402521339561
148,0.277154176862
149,0.424219216835
150,0.478464800736
151,0.645676495269
152,0.383403441836
153,0.342306514601
154,0.395113127772
155,0.266111364612
156,0.0
157,0.203872283199
158,0.293399879053
159,0.429523233767
160,0.151596050947
161,0.144573139315
162,0.423786686036
