"site","dnds"
1,0.473911534894
2,0.141461078382
3,0.334048814999
4,0.0251695939365
5,0.212466961804
6,0.0642701986606
7,0.0
8,0.363578697959
9,0.187362305653
10,0.439620971678
11,0.10659173711
12,0.0
13,0.338742728639
14,0.269080232155
15,0.529050020087
16,0.438516099292
17,0.444190470038
18,0.463152496348
19,0.109138007066
20,0.430773753017
21,0.0756769474468
22,0.116401655542
23,0.00770606947022
24,0.197239878017
25,0.132142974474
26,0.10706735531
27,0.160877204608
28,0.446580256278
29,0.616056364033
30,0.315776473148
31,0.115602458054
32,0.44082191946
33,0.602485190333
34,0.552026096588
35,0.0215005423784
36,0.467204718681
37,0.210339755178
38,0.244647421193
39,0.289275904596
40,0.430232098671
41,0.3852674366
42,0.211154145832
43,0.452216756337
44,0.253411276512
45,0.489988764969
46,0.0
47,0.323631571523
48,0.340494812046
49,0.218882444299
50,0.439211185444
51,0.274648579259
52,0.188130202888
53,0.445779697475
54,0.0167388721641
55,0.00545881007738
56,0.418871293693
57,0.481713444637
58,0.153585235912
59,0.148396988429
60,0.118567040318
61,0.0641509686275
62,0.288330664052
63,0.0221490884597
64,0.41912517846
65,0.308430103663
66,0.000694987403353
67,0.516511908003
68,0.446528938732
69,0.314897769295
70,0.174075732701
71,0.0136209806304
72,0.466211565876
73,0.0626234835986
74,0.191605811717
75,0.222370740094
76,0.477673213041
77,0.174508056011
78,0.126759427736
79,0.57792320893
80,0.471449266549
81,0.183023301324
82,0.145098694985
83,0.0971654244745
84,0.504805787636
85,0.162539813333
86,0.288514183271
87,0.199794367457
88,0.1858376024
89,0.109997730965
90,0.142894199873
91,0.0682705275489
92,0.0501728151143
93,0.28373448444
94,0.224577034236
95,0.496861092633
96,0.373385570577
97,0.262717213173
98,0.385376710146
99,0.0363165307772
100,0.0
101,0.344331489637
102,0.180457388795
103,0.411627669348
104,0.323564007629
105,0.423646744309
106,0.292421877876
107,0.00275343654852
108,0.0
109,0.169803654651
110,0.320584379063
111,0.309807446724
112,0.0125508980121
113,0.33008737277
114,0.622852677217
115,0.281566074388
116,0.325751007084
117,0.385498133547
118,0.439826611484
119,0.165005618473
120,0.1912222161
121,0.373660291413
122,0.275188903443
123,0.189836072005
124,0.0
125,0.112100235435
126,0.107359673575
127,0.378149224137
128,0.216437255939
129,0.127431725351
130,0.118319929943
131,0.183532647807
132,0.307538205631
133,0.134240858458
134,0.086072503007
135,0.0
136,0.160476582333
137,0.0
138,0.123719047277
139,0.0893994263787
140,0.0
141,0.503392048714
142,0.324401575315
143,0.360121407489
144,0.435892540599
145,0.545775170398
146,0.336728767852
147,0.291247113611
148,0.0964217404488
149,0.461661100524
150,0.403395368096
151,0.143304290054
152,0.349148322626
153,0.0480402261129
154,0.31223868287
155,0.248425770492
156,0.267351347033
157,0.144069696027
158,0.32907703767
159,0.390489673448
160,0.188244040447
161,0.174395825166
162,0.451520879166
163,0.382898908033
164,0.0412121423708
165,0.234894534189
166,0.448651743261
167,0.654467954561
168,0.117296601555
169,0.528479572971
170,0.508099899237
171,0.352520395504
172,0.44508953235
173,0.518465548581
174,0.590847734528
175,0.191782928753
176,0.135185528632
177,0.496499814388
178,0.445859074851
179,0.0
180,0.535913022641
181,0.296095968304
182,0.56311624416
183,0.0201233625457
184,0.451195475584
185,0.348737898015
186,0.600107642352
187,0.216072100434
188,0.361497011388
189,0.360893301896
190,0.489625881466
191,0.186188839085
192,0.572888948691
193,0.303144384332
